0.000000000000000000e+00
7.111622213780526636e+01
-2.364724302240847820e+01
2.283032040585472799e+01
-1.359042591868166383e+01
1.823724869275040206e+01
-9.606865728303445096e+00
9.425275123728072302e+00
-7.427044270391662373e+00
7.067587626218488239e+00
1.036322025181848384e-02
-1.335316661125715010e+00
2.239333481332241860e+00
-2.755029256520405756e+00
2.318207732747248340e+00
-2.164881328776207425e+00
2.221194411721992168e+00
-1.672800132361760950e+00
2.248250077913400702e+00
-1.242325719235528592e+00
2.329120684070687286e+00
-8.526894977870301817e-01
3.233084036940777395e+00
-6.757515301259247043e-01
3.342755663008631473e+00
-4.311392600770845851e-01
3.670260695197332890e+00
1.010842378236152250e-01
3.921857253060476722e+00
2.451052559051833668e-01
4.138274621399920861e+00
4.423983333578945243e-01
4.466047540342266586e+00
6.850934912019331913e-01
4.799774423196416784e+00
9.547556311377343174e-01
5.156110152880431841e+00
1.246402105005652183e+00
5.528605514634044482e+00
1.556076922470864377e+00
5.915491142225063115e+00
1.881222394728878422e+00
5.192471236548571234e+00
2.240532161564854796e+00
6.863626871130001916e+00
9.097994097884521736e+00
1.068512980803533452e+01
8.133714578814064566e+00
1.181227729084152145e+01
8.729510416954575192e+00
1.225129907738375756e+01
9.119539542049569292e+00
1.267882962572502592e+01
9.503541020733731415e+00
1.308501489912543470e+01
9.868628712276153792e+00
1.348310258428285913e+01
1.022938322422534263e+01
1.387509861814864642e+01
1.058584026901321451e+01
1.426478926801089919e+01
1.094071246271525943e+01
1.465255018617586558e+01
1.129418967925977491e+01
1.503908830414607500e+01
1.164657001018203708e+01
1.542429388136224588e+01
1.199767107559297408e+01
1.580806027695623506e+01
1.234725234051916054e+01
1.619009858392665180e+01
1.269497338030698330e+01
1.657010273181968785e+01
1.304046744233649946e+01
1.694772912758076799e+01
1.338334651941142894e+01
1.748853230063631159e+01
1.993990182767581842e+01
2.291748732146674072e+01
1.915725699637706470e+01
2.386600750741259347e+01
1.957619717984846375e+01
2.422462996805532853e+01
1.992191190867178108e+01
2.456680471176310832e+01
2.025241961978828797e+01
2.489017576185468172e+01
2.056587782932757236e+01
2.519702777149736406e+01
2.086379498998521598e+01
2.485202017021967791e+01
2.117786611568086030e+01
2.517226781469752339e+01
2.148170336128997349e+01
2.545972765119700298e+01
2.175860942987040403e+01
2.572705972114968276e+01
2.201764748391672555e+01
2.612829157033774052e+01
2.898687677751106051e+01
3.035228221775335555e+01
2.993096803691988583e+01
2.930342072483158944e+01
3.139462946807545407e+01
2.916239144595456168e+01
3.128237891226590506e+01
2.935844000814989840e+01
3.168833509743129895e+01
2.957200491409454912e+01
3.179634235480453341e+01
2.901333000460428835e+01
3.184210276220234093e+01
2.918612956694873262e+01
3.189533707329024281e+01
2.935801217830202958e+01
3.194463184126720989e+01
2.952854322861896819e+01
3.250305329438888435e+01
3.634539512130194083e+01
3.903732162916545434e+01
3.595368023970550553e+01
3.912292726056279690e+01
3.607073869113767728e+01
3.905549582986731139e+01
3.580166610781849812e+01
3.896923411942564996e+01
3.593619767416701194e+01
3.898068348837495734e+01
3.567758976760690359e+01
3.902278359677526254e+01
3.588163002952352798e+01
3.900271981307305680e+01
4.199381052347964527e+01
4.384197348501999159e+01
4.134957420286375651e+01
4.381146208063983494e+01
4.115369040419475510e+01
4.257785989152487360e+01
4.085784860370188909e+01
4.465699633968212368e+01
3.978503835710208847e+01
4.525302780674290659e+01
3.924806318249837034e+01
4.405321859440824994e+01
3.896584129188813961e+01
4.424308448668305971e+01
3.876822674843513994e+01
4.416057487799579206e+01
4.442640590730731276e+01
4.915997666330056148e+01
4.263559947195011546e+01
4.954537633466652125e+01
4.199107298665528276e+01
4.984215361793906851e+01
4.129491023567737074e+01
4.930873368880467922e+01
4.270150271980690349e+01
4.678671122653789638e+01
4.054314479924378389e+01
4.807157084909668754e+01
4.892345235327145758e+01
5.424404504555889872e+01
4.702600117999666196e+01
5.345143048723918611e+01
4.558077771504399323e+01
5.279320662483999627e+01
4.521244864292971499e+01
5.231721005459685614e+01
4.464363680376855825e+01
5.147987089098695179e+01
4.443829743093609608e+01
5.130186720264106981e+01
4.385872822212055411e+01
4.992299536997592213e+01
5.150968110843756165e+01
5.432839581945003715e+01
4.820087501811565289e+01
5.413624495578751805e+01
4.772977670609322587e+01
5.368165657005524594e+01
4.761959151488343167e+01
5.376115744795576745e+01
4.671145531752797808e+01
5.289373997350048029e+01
4.651699835780298287e+01
5.239829754624933145e+01
5.550238790231883712e+01
5.150685430717327051e+01
5.608713823979108071e+01
4.975276068107271499e+01
5.559113962877668058e+01
4.885961918170283269e+01
5.463345503455075658e+01
4.900582100213852499e+01
5.418261972403478666e+01
4.772788506669535735e+01
5.336039546303873493e+01
5.714548292464180435e+01
5.320301699883723501e+01
5.718964731477416308e+01
5.097690455400591958e+01
5.644866582197892768e+01
5.023106745457866396e+01
5.555286826155720803e+01
5.033137216998472496e+01
5.502121664700630532e+01
4.857179692604456278e+01
5.391314440300632072e+01
5.750718763857694427e+01
5.310985621521937361e+01
5.764163712279369634e+01
5.136073697738137156e+01
5.649909468855469896e+01
4.977080271985236948e+01
5.543837194337934449e+01
5.033572356108097523e+01
5.481018141956302969e+01
5.802316033003392448e+01
5.435744412561740546e+01
5.887595672204025021e+01
5.348405908019498867e+01
5.787595295554975650e+01
5.140934344946044376e+01
5.666954335108253815e+01
4.941918576716891209e+01
5.575712609155613819e+01
4.909810760045192524e+01
5.440418363705401106e+01
5.744338956682912567e+01
5.263943984355254457e+01
5.746852181801843074e+01
5.063613411414271326e+01
5.644394653630047998e+01
5.013513105095431399e+01
5.495723252949852622e+01
4.813777965274862680e+01
5.387985154803293142e+01
5.526579428557857909e+01
5.857584439233274054e+01
5.273952326936641555e+01
5.679652884600407248e+01
5.118066604015942289e+01
5.529164129651559989e+01
5.011642046002192075e+01
5.386584142173872891e+01
4.824603271233339541e+01
5.230228641688577085e+01
5.467618330570397944e+01
5.600296683118433094e+01
5.236665989462086657e+01
5.473871466105193662e+01
5.098693491400843669e+01
5.305019980599602292e+01
4.970988480877033311e+01
5.173355346745102423e+01
5.396854065507745446e+01
5.635840236034834305e+01
5.180996268935946603e+01
5.449402185585369551e+01
5.107118925494687289e+01
5.410923081981992766e+01
4.880679285583195082e+01
5.131713943675313061e+01
4.827249506976541227e+01
5.064065084816913043e+01
5.290455986484778350e+01
5.400297914194586468e+01
5.107416382043545866e+01
5.365252902388354528e+01
4.776575559933264259e+01
5.152809562442453739e+01
4.648221717156420851e+01
4.951933281771417228e+01
5.128475607454369367e+01
5.310567950873663534e+01
4.847841490039306933e+01
5.123866354579320870e+01
4.668473106863469013e+01
4.961545679792856589e+01
4.536602589805509211e+01
4.799174864828574982e+01
5.010344177210151173e+01
5.145338699142104133e+01
4.921054843012007041e+01
5.085390915166595249e+01
4.548690741203574817e+01
4.839017604057237776e+01
4.514982743116188857e+01
4.691150549880151033e+01
4.938391265968346033e+01
5.011777250240091064e+01
4.842060962537071589e+01
4.929177436409654689e+01
4.567341773303812147e+01
4.704274595060780939e+01
4.465039862199341059e+01
4.606577498285103189e+01
4.904481452880981607e+01
4.885209846287970237e+01
4.685247964453130720e+01
4.718017852278187974e+01
4.571707279913566424e+01
4.597413505466020212e+01
4.311985233448401544e+01
4.608304052217969371e+01
4.644397989964186735e+01
4.956791944237552627e+01
4.395821271291723065e+01
4.769438634774169827e+01
4.286606535170061250e+01
4.661830092329509512e+01
4.030768829149104704e+01
4.428876383474679557e+01
4.533872343580997466e+01
4.707559602166427482e+01
4.284024128350178984e+01
4.691893116995495205e+01
4.018580725599345982e+01
4.457924877579123546e+01
4.751586489829833226e+01
4.495425761038784884e+01
4.475511231908242848e+01
4.343552239702452056e+01
4.302668547743867578e+01
4.169020689951557301e+01
4.164839961155706760e+01
4.019863400322532243e+01
4.328953061919754219e+01
4.698881878118630340e+01
3.957344872673122893e+01
4.362882647417192317e+01
3.998861680136363361e+01
4.276596356719017678e+01
3.654163781721965876e+01
4.046094675221001324e+01
4.340593700040201242e+01
4.168119772431884229e+01
4.157755699215694989e+01
3.926279069561007162e+01
4.038007013458133088e+01
3.788623011082588476e+01
3.776267139599915623e+01
4.122380083842260490e+01
3.990144101292743528e+01
4.177583260973294443e+01
3.851354075245134823e+01
3.887584770658695277e+01
3.637339698753201844e+01
3.820925389800456173e+01
4.142856403332245918e+01
3.699414688807559060e+01
4.100823545255159530e+01
3.349267346435285475e+01
3.889203610492574370e+01
3.125698243788613695e+01
3.676211314705189181e+01
3.921328219059265763e+01
3.876279365150671197e+01
3.601800808146200694e+01
3.911998653709095919e+01
3.166301777805271556e+01
3.628392608404978148e+01
3.852887031113349536e+01
3.902135077233199212e+01
3.620606605285352231e+01
3.851335988429760704e+01
3.210678843113882408e+01
3.602705456334949474e+01
3.035043917086145981e+01
3.420423107839657462e+01
3.663980622348682203e+01
3.708750559833252680e+01
3.414955929987854688e+01
3.646985392290689276e+01
3.203878524258265514e+01
3.355150032009333927e+01
3.588645384199612920e+01
3.698708088731378751e+01
3.497479090298819671e+01
3.647589838099909088e+01
3.201776724221396364e+01
3.399872641330195933e+01
2.986242460881955552e+01
3.198231240267972453e+01
3.381702914808475668e+01
3.543420347183567998e+01
3.253903644132070383e+01
3.462380325126135716e+01
2.957967139944223689e+01
3.206215047061944290e+01
3.349677021084080764e+01
3.549270505815628240e+01
3.272289146602530963e+01
3.516885902861887558e+01
2.942419109197136962e+01
3.245787007447738404e+01
3.317059572603601225e+01
3.555422623758203571e+01
3.230258325313845091e+01
3.523424404193760751e+01
2.911386923641086000e+01
3.285598079334592825e+01
3.303546276207769239e+01
3.592713526983474992e+01
3.092489428760358905e+01
3.476116551778115138e+01
2.844864493311458631e+01
3.266268888015916616e+01
3.272055592918066225e+01
3.591210553242414960e+01
3.143513151328981081e+01
3.550146647865096128e+01
2.792465686639030409e+01
3.311574799097979849e+01
2.690142357463901845e+01
3.166131640114669921e+01
3.112913018009223620e+01
3.470016067070926624e+01
2.744174805157558339e+01
3.295563209359910672e+01
2.662094584517313933e+01
3.172876518616126162e+01
3.343424991300177140e+01
3.264228957578143309e+01
3.177231452918073629e+01
3.102643994850984654e+01
3.051679712608875761e+01
3.363076358666876331e+01
3.270939696354797377e+01
3.545181553851875833e+01
3.029051055000164894e+01
3.339244665904524112e+01
2.921110714348229109e+01
3.234146314949862244e+01
3.534240748266094556e+01
3.208065699160014361e+01
3.341925970037432592e+01
3.171221794713386544e+01
3.103791644039721476e+01
2.953303159363383656e+01
3.273820357256960278e+01
3.469521591317787568e+01
3.089373394187769861e+01
3.519182339835943907e+01
2.881078773451391228e+01
3.278976065289170805e+01
3.571918428507061805e+01
3.161954727268308218e+01
3.481262652277945335e+01
3.004874732605690113e+01
3.432996584456905964e+01
3.658391903589901517e+01
3.523573599639836829e+01
3.370047512315200322e+01
3.580910242801841292e+01
3.199434684116646466e+01
3.287530650406087318e+01
3.611562374088289573e+01
3.769529521743354650e+01
3.126914954746720454e+01
3.593868309349442569e+01
3.110381318417059049e+01
3.423518288312730817e+01
3.702315651859630918e+01
3.662684541883796641e+01
3.487059729818189879e+01
3.749633987162577853e+01
3.236653192495096931e+01
3.439532400609509466e+01
3.657729164211797723e+01
3.889496247564365916e+01
3.322439101073974399e+01
3.702665224088323015e+01
3.100193208645130483e+01
3.493240074958701058e+01
3.692498590925146118e+01
3.842368598494221033e+01
3.449654542997144802e+01
3.741556397395098088e+01
3.242635803821217166e+01
3.537999493400673856e+01
3.726096929041147376e+01
3.884426290151100858e+01
3.631989898183146437e+01
3.824151634231999708e+01
3.380123641909969479e+01
3.607966904555361509e+01
3.805161288028785549e+01
3.952433843005566416e+01
3.603491781566930285e+01
3.855407038726053059e+01
3.373128916661335097e+01
3.644708691682593127e+01
3.880795114423626302e+01
3.980241935283474675e+01
3.824064087140572354e+01
3.946323883537855437e+01
4.223704513547790640e+01
4.251735135915564712e+01
4.002991601266342059e+01
4.090996070698574982e+01
3.849219376581191199e+01
3.943666712898993154e+01
4.252032349136728584e+01
4.298502942420313389e+01
4.027906913944568856e+01
4.078539160480229242e+01
4.130771408654940302e+01
3.918917361270278121e+01
4.272220100662859466e+01
4.386750606505870564e+01
4.009898928562902398e+01
4.108130294751369860e+01
4.109517604620317854e+01
4.480087360194254842e+01
4.356894680808316167e+01
4.633900979922682239e+01
4.032160825978061780e+01
4.477923131644763544e+01
4.773132129215215258e+01
4.536056116697177742e+01
4.541357952564126776e+01
4.432292979950116774e+01
4.343018732080020783e+01
4.244610811011633444e+01
4.643739667123565340e+01
4.835137617298501311e+01
4.282791816150087527e+01
4.755361936687975799e+01
4.041529294276524809e+01
4.547165471050410446e+01
4.874830495308789580e+01
4.488477102533011021e+01
4.687891945976292618e+01
4.458051852515439606e+01
4.497415659771339591e+01
4.813810236285984701e+01
4.927335291377357152e+01
4.594078256660760218e+01
4.785670671044454849e+01
4.528807773013345894e+01
4.841019315555890756e+01
4.900288771956436307e+01
4.840671155498372968e+01
4.972607213416083738e+01
4.670546729712503975e+01
4.745683715679919601e+01
5.050351584186019949e+01
5.186725823713724992e+01
4.654247568693548232e+01
5.022755583172553884e+01
4.452588251960918342e+01
4.886898855407418552e+01
4.986074058939116327e+01
5.286968394439728058e+01
4.729816837921391226e+01
5.061934085301447794e+01
5.210846931628280032e+01
5.371973637804601509e+01
5.024350153840063626e+01
5.253184824025535704e+01
4.822992919643844090e+01
5.111329580524703431e+01
5.226456423565084464e+01
5.429870806562365715e+01
4.930486509814959106e+01
5.226714019610567163e+01
4.790850345846273939e+01
5.043495406280314342e+01
5.250530199458281544e+01
5.378863529472616278e+01
5.065764416413723126e+01
5.295085784219049430e+01
5.528915751867857153e+01
5.661767341899469841e+01
5.152144121929677567e+01
5.430147277433514574e+01
4.877098502653851853e+01
5.187788439388198469e+01
5.410210893675119337e+01
5.503792216574645124e+01
5.329948475956397402e+01
5.474000976415698005e+01
5.754239468575581640e+01
5.772051372045445561e+01
5.375250184347644478e+01
5.548356010040796349e+01
5.310191585506888856e+01
5.511948915919116132e+01
5.597493135039337631e+01
5.876641029712345698e+01
5.364783455100474185e+01
5.755558975537427813e+01
5.824288922517634148e+01
6.117210581259387681e+01
5.400311483609617369e+01
5.856317458185672820e+01
5.499320656537219065e+01
5.876290216126240296e+01
5.917537129406897378e+01
5.883756591182280715e+01
5.795037589327602490e+01
5.573503651227927946e+01
5.989720555434839611e+01
5.782980932572248634e+01
6.149896078834515833e+01
5.427189835567909881e+01
5.932473778684027366e+01
6.256193461310594728e+01
5.980352578790574825e+01
5.991789230851059500e+01
5.812498490083339675e+01
5.810984977201668755e+01
6.208088911075600436e+01
5.912374558639109523e+01
6.224265800042540064e+01
5.467239260925102684e+01
6.020387609744555846e+01
6.304132551778165094e+01
5.952477842365524907e+01
6.285013617948678188e+01
5.498707729088387453e+01
6.049947506065983305e+01
6.223349122340585637e+01
6.492692011060850632e+01
5.684731548687368274e+01
6.163517451215895449e+01
5.781293346582962300e+01
6.068193581466919539e+01
6.142753436495146246e+01
6.123205370355814381e+01
6.030182708652039025e+01
5.765106792825434923e+01
5.945066182351599338e+01
6.171053060666351797e+01
6.252715297462323463e+01
5.852998474792311612e+01
6.091369746296206245e+01
6.266462591989937891e+01
6.368460367003022071e+01
5.947888194572072962e+01
6.210790421001605921e+01
5.540364499439774448e+01
5.934916101008275291e+01
6.039224979110030489e+01
6.247962114870195904e+01
5.648976275710882788e+01
5.985099559114001266e+01
6.120247083256235499e+01
6.280752364825929135e+01
5.952840253007094162e+01
6.121787680944277810e+01
5.621834524982133274e+01
5.853386093112028021e+01
6.017546941513143821e+01
6.135014538218261748e+01
5.872296478020632549e+01
6.020936101800231199e+01
6.216439265754173249e+01
6.275553538620833649e+01
5.818298843382476093e+01
6.013234746379766449e+01
6.255705343529865559e+01
6.270702910445404399e+01
6.346815855094689596e+01
5.839416939983297539e+01
6.138337152306590383e+01
6.242313432987727140e+01
6.439254996789077268e+01
5.806169879013400248e+01
6.118384478695777062e+01
5.950128894937085988e+01
6.253703205331500214e+01
6.248036432682412311e+01
5.947825147056392581e+01
5.947595329769952599e+01
5.818436043107332978e+01
5.906352176975992307e+01
6.193535570618989539e+01
6.011601215806607001e+01
5.896271076442812387e+01
6.210613119579117836e+01
5.975092778166749241e+01
6.330710221488109823e+01
5.803677306902515198e+01
6.104132732455662591e+01
6.367738890393019346e+01
6.062095726707497789e+01
6.019006183729356962e+01
5.802685792944394905e+01
5.924646970147014713e+01
6.252328124602684767e+01
5.929301540723115949e+01
5.999173828880829262e+01
5.728265532631976242e+01
5.734528132850451954e+01
6.074300706136444461e+01
5.795868764903272563e+01
6.070427371630693614e+01
5.571005464362132642e+01
5.887113156099139388e+01
6.097212777519797555e+01
5.733580362993609469e+01
5.966162427347433095e+01
5.579338598674502236e+01
5.822549703321900694e+01
5.872410864017702892e+01
6.010048493902793609e+01
5.397605773992460598e+01
5.693981030457462822e+01
5.892178784149717785e+01
6.008301898488262793e+01
5.579516166676238953e+01
5.691354694617664478e+01
5.897088678610695212e+01
6.039902140973180877e+01
5.446425080935430429e+01
5.778720000174669735e+01
5.186905831988448767e+01
5.474246381174936005e+01
5.567605575927656503e+01
5.723997294594978058e+01
5.366263521749883125e+01
5.529963496286153202e+01
5.668474344639108864e+01
5.761083461063934408e+01
5.364988536525835627e+01
5.507035271972996071e+01
5.654776228045678010e+01
5.731392507803450087e+01
5.604838974236653826e+01
5.329685802038932252e+01
5.570973608480327499e+01
5.590883382584173233e+01
5.813228562626908058e+01
5.128295583824152004e+01
5.461063409769312926e+01
5.488850543785557790e+01
5.728645624474595621e+01
5.478214022699569341e+01
5.403367003461639939e+01
5.373227796595235617e+01
5.624769675898004806e+01
5.544338201311090586e+01
5.228342486958248259e+01
5.224270697920095330e+01
5.485047015113158864e+01
5.430289850047497424e+01
5.443665707970303203e+01
5.324881694153059186e+01
5.015976160029349273e+01
5.302408933390747592e+01
5.119507890986448473e+01
5.422939945969979192e+01
5.028229457422221316e+01
5.282917932537171879e+01
5.518341239723039848e+01
5.218175823543676017e+01
5.208971399621255216e+01
5.008544501920451353e+01
5.319472684293198483e+01
5.422402013970899759e+01
4.996265912758838823e+01
5.238735457198079359e+01
5.497328592330467245e+01
5.061490476671500005e+01
5.368328640098482651e+01
4.574627854588999298e+01
5.065229577565168739e+01
5.298184787890141223e+01
5.048418671154028914e+01
5.158328537600149133e+01
4.828250630884543426e+01
4.792186114870052194e+01
5.029333997808221568e+01
5.231227695176148984e+01
4.777497273333631966e+01
4.900109155294565966e+01
5.118040295167497078e+01
5.273018788392375455e+01
4.489216463071754504e+01
4.942873605967373862e+01
5.122290909452623708e+01
5.167901800239205556e+01
4.778071031404572011e+01
4.935586381731221195e+01
4.474088420244999043e+01
4.595124491351471363e+01
4.768300122127705976e+01
4.857745154271646726e+01
4.581123637119368652e+01
4.757751864619792315e+01
4.872513178149849722e+01
4.981927154261722990e+01
4.512834461747131343e+01
4.689442900404369396e+01
4.826737929244120551e+01
4.913650516445645167e+01
4.760114134220803805e+01
4.539995556237965246e+01
4.705036200176404293e+01
4.821966007726318537e+01
4.889598049181073947e+01
4.405608056832927133e+01
4.551484969650308443e+01
4.725598942231975741e+01
4.762738304653991150e+01
4.648504420949947757e+01
4.678488569082522019e+01
4.898576884556467803e+01
4.875283809835266879e+01
4.479828519707202616e+01
4.560224491364952826e+01
4.798928582787254982e+01
4.747480954928719399e+01
4.856417688114631659e+01
4.488218553477624795e+01
4.726067660460098807e+01
4.766813800883222285e+01
4.987954775568169197e+01
4.135562259900613924e+01
4.649644106692468171e+01
4.772256041571084495e+01
4.671477211303888311e+01
4.868078749616206125e+01
4.165880116343009831e+01
4.663854162848977580e+01
4.801869783996441754e+01
4.650486211133681280e+01
4.544846176157864903e+01
4.393861127342983508e+01
4.718939553186501712e+01
4.937882140047252477e+01
4.294638429310575134e+01
4.642608458938833138e+01
4.911784166539278829e+01
4.611277828556798397e+01
4.659015877245501969e+01
4.444909540266386472e+01
4.392599780519888242e+01
4.757265674196596450e+01
4.530115120234518855e+01
4.745125043780264917e+01
4.211349958445475039e+01
4.480959259248912474e+01
4.713793578801882944e+01
4.810633113479463674e+01
4.384069073230419633e+01
4.631785167460139263e+01
4.727073207170710845e+01
4.928133628990656945e+01
4.118256088142903337e+01
4.619639795336099297e+01
4.809007305449259206e+01
4.825771619079102237e+01
4.410416230018657302e+01
4.668517870048110296e+01
4.811081322851409681e+01
4.876046494547715326e+01
4.520985786180839483e+01
4.765226869907721863e+01
4.873688023992007601e+01
4.981955135435525506e+01
4.552787522458343261e+01
4.782746995838699178e+01
4.876454089737040931e+01
5.034481760766529135e+01
4.662041694286914151e+01
4.904479276998859660e+01
4.325162374982114954e+01
4.570125122081170588e+01
4.690557134785080251e+01
4.853259106605108997e+01
4.595342628946396246e+01
4.838941573971187893e+01
4.893802879586541366e+01
4.944723665567352811e+01
4.712659254632222883e+01
4.986702523024144540e+01
4.985048317751841296e+01
4.904590584258615138e+01
4.915543079979275376e+01
5.183526079625763572e+01
5.112805645787506847e+01
4.769926139240705254e+01
4.814472494204773767e+01
4.723024001983932862e+01
4.725725919881284653e+01
5.008198236438133222e+01
4.906022999141305974e+01
4.697131351965373369e+01
5.039882257014439659e+01
4.858551068939045336e+01
5.180060923322674427e+01
4.630831837651114569e+01
5.025293750106230561e+01
5.259455224088220149e+01
4.970326809339488250e+01
4.944267509988671350e+01
5.304747348555687836e+01
5.034797617297862615e+01
5.357851887655478151e+01
4.553435489251324242e+01
5.063647377295476559e+01
5.330781064935368363e+01
5.032167688093948499e+01
5.049768637838735685e+01
4.806189691630908101e+01
5.164549732963764939e+01
5.148931950349023623e+01
5.315934357312284675e+01
4.562101503814648140e+01
5.011443752876218127e+01
5.253997610396240248e+01
5.439109096661231035e+01
4.709167168303148543e+01
5.144720605874795183e+01
5.367660242442855179e+01
5.431401931216820600e+01
5.034153663196887862e+01
5.108422141256338733e+01
5.343968392197667328e+01
5.526444384059170289e+01
4.799458253965826771e+01
5.234911745828495100e+01
5.392666954408439750e+01
5.473650885166266278e+01
5.165410171691758734e+01
5.381998430555415780e+01
5.495934516730294916e+01
5.604064771460866723e+01
5.136972852858279737e+01
5.312928011568171627e+01
5.478834697858474811e+01
5.580575089421267165e+01
5.170873884691518896e+01
5.334561810322616537e+01
5.492425176568976752e+01
5.587002289251857690e+01
5.488872489298132251e+01
5.313473419260629527e+01
5.568597642581298146e+01
5.617465656276144870e+01
5.587116942708635747e+01
5.434747233971571490e+01
5.703931499956192397e+01
5.700996529426380732e+01
5.313519078699484055e+01
5.417047491443575780e+01
5.659434971335837616e+01
5.622444125262824599e+01
5.732190493429235545e+01
5.528876674327255358e+01
5.189182825792494924e+01
5.286484407410578967e+01
5.568016869046793715e+01
5.447900694671460542e+01
5.417836445270145873e+01
5.674851196603340497e+01
5.481282258605268254e+01
5.775401643862223011e+01
5.161515432678430670e+01
5.544487523348617231e+01
5.783600933327890914e+01
5.526757295656402391e+01
5.477244715724442159e+01
5.817618126205794482e+01
5.538229031492657839e+01
5.871310277618385243e+01
5.243601069461181652e+01
5.581387495822391287e+01
5.839871024836129010e+01
5.511341948450482420e+01
5.530278319156705180e+01
5.856108966584390885e+01
5.784063414861940799e+01
5.845377891342151599e+01
5.493629596263001247e+01
5.548059300704168351e+01
5.865240734439264259e+01
5.502553165910329369e+01
5.616862816121584245e+01
5.283155020890798426e+01
5.524092136537965558e+01
5.600841207271211886e+01
5.784471769939590047e+01
5.176190347246020451e+01
5.490703509035014207e+01
5.675561457293498790e+01
5.741414218141536452e+01
5.309095963085936631e+01
5.526181408454140609e+01
5.601412226423914831e+01
5.787896063666615731e+01
5.223712384858313840e+01
5.483890315091596079e+01
5.568956845593497462e+01
5.719794095305255155e+01
5.332928832980655187e+01
5.549764038704728364e+01
5.684933288778317007e+01
5.791534858947727571e+01
5.329083131730175182e+01
5.466447994941988497e+01
5.609428083789779151e+01
5.682297398806659317e+01
5.657006720397887278e+01
5.840978660015102264e+01
5.848229831677785739e+01
5.772469554423487637e+01
5.552323071207337790e+01
5.834717646901447807e+01
5.800202307866722151e+01
5.679157731352410110e+01
5.679751265297598195e+01
5.942441798881155535e+01
5.849997715814919985e+01
5.535858787438878181e+01
5.566339247104338028e+01
5.827568521242884003e+01
5.753199477005699691e+01
5.784107866313425461e+01
5.652595312523084914e+01
5.928289965345423695e+01
5.979999808349315771e+01
5.376814520592522229e+01
5.755890504160817045e+01
5.996645722466602990e+01
5.760229546875311968e+01
5.863684785412171863e+01
5.623477901523145306e+01
5.386074539073829470e+01
5.740395912811915480e+01
5.467698135272809878e+01
5.781010979809654771e+01
6.022782696017655724e+01
5.690057905909928593e+01
5.783421808150846033e+01
5.479003810459801116e+01
5.419394033308361003e+01
5.740744549624255200e+01
5.472875117600373329e+01
5.772806749833779350e+01
6.000921071661313277e+01
5.620900007965526868e+01
5.918228977522641543e+01
5.337349710339127995e+01
5.687159642437390517e+01
5.810567983251414148e+01
5.518109631924869518e+01
5.720239309314351317e+01
5.894201007745170529e+01
5.999177852569870595e+01
5.401558167842493674e+01
5.716740169935057736e+01
5.012217669190386005e+01
5.374000275011074024e+01
5.525041426779184661e+01
5.612163126475479658e+01
5.194149641347652135e+01
5.346027641026224586e+01
5.443747834388149442e+01
5.570829810003804283e+01
5.338143976410200509e+01
5.524034765917570411e+01
5.609242077626004175e+01
5.685230496829043290e+01
5.145320862238536108e+01
5.359875122777890510e+01
5.439765527832203418e+01
5.593516839707785948e+01
5.728092878691798262e+01
5.760962212135847693e+01
5.497301990960397688e+01
5.583552203392409297e+01
5.065029667623957010e+01
5.374299526246341685e+01
5.379249188299471740e+01
5.588204208762338254e+01
5.447695190234773577e+01
5.711903243791479667e+01
5.638181503505747827e+01
5.381678448269575199e+01
5.381524453634577299e+01
5.639928706677353887e+01
5.560467991642864405e+01
5.503494303349466321e+01
5.405650414700861006e+01
5.675850893721189294e+01
5.777310715636046012e+01
5.102867265365260607e+01
5.544200354865893132e+01
5.792560831053841497e+01
5.570287675735059452e+01
5.618212395010103677e+01
5.923530298177379905e+01
5.646916269676761857e+01
5.808931853024243708e+01
5.301943900233101914e+01
5.691374292618613140e+01
5.924024098920941128e+01
5.338306147851867678e+01
5.651354049171309413e+01
5.889060061272157753e+01
5.759745596437228699e+01
5.739634725994915243e+01
5.408421371991446591e+01
5.747760562548132413e+01
5.662709959143960958e+01
5.535903144670974996e+01
5.713441701060126832e+01
5.888305720312238378e+01
6.005680846374220749e+01
5.215045175123749033e+01
5.655757970832740256e+01
5.847877321015123897e+01
5.961397570033786053e+01
5.513778060601159581e+01
5.609059016055069691e+01
5.788467963276597317e+01
5.931142000351351129e+01
5.338290327304318339e+01
5.630229604775043839e+01
5.757694976570760304e+01
5.872207001378549052e+01
5.561487775825693092e+01
5.743248349073893877e+01
5.847917246570598593e+01
5.997362004572319449e+01
5.407173090252550907e+01
5.592184457545083376e+01
5.758708265333076071e+01
5.826438946803441610e+01
5.714196445629544030e+01
5.366724721750291849e+01
5.627590140308051048e+01
5.665505214788766608e+01
5.869730782186853446e+01
5.281959799695843571e+01
5.586567399917120014e+01
5.588541854962975464e+01
5.822107141136482511e+01
5.564222421334208235e+01
5.852223047446134530e+01
5.777129565056070248e+01
5.694159484483121503e+01
5.646587047141326821e+01
5.929836202010483248e+01
5.802647884656877153e+01
5.521429302427239350e+01
5.484885426197663350e+01
5.776318187965827633e+01
5.893508848303395808e+01
5.699741315470558334e+01
5.552256771801516066e+01
5.881436646012608094e+01
5.656851980672165325e+01
5.964145061632853384e+01
5.214811008893428124e+01
5.677589746821985273e+01
5.914613892185082733e+01
5.609733028484584594e+01
5.667389358405760902e+01
5.982582237905180023e+01
5.667441446844642883e+01
5.831933208828684201e+01
6.120904994422698309e+01
5.967300869615796444e+01
5.917241205194197562e+01
5.616462069902222254e+01
5.943304538227195621e+01
5.940811260228070978e+01
5.745448289452617274e+01
5.810606524700349240e+01
6.035039288998900275e+01
6.196655574262807420e+01
5.765548071589270052e+01
5.875970599258693028e+01
6.060334104643970932e+01
6.208970717651462223e+01
5.534057048563770564e+01
5.888030666282753600e+01
6.042902758178482259e+01
6.132716828163827216e+01
5.649170001735789270e+01
5.879033191701891781e+01
5.975839615234685454e+01
6.090115861424920496e+01
5.697634568900747354e+01
5.912892275599453740e+01
5.989045575089342321e+01
6.149394094653276710e+01
5.638967565837172913e+01
5.833261277616132645e+01
5.954789610195030036e+01
5.993251734321802360e+01
5.763909170587619712e+01
5.856046433783070881e+01
6.039471279242849988e+01
6.064937360943375211e+01
5.606374193302480791e+01
5.898100654103673435e+01
5.869325718724550711e+01
6.084154918477869955e+01
5.841736408049825258e+01
6.125195878929842053e+01
6.053644669954233137e+01
5.780264996787865073e+01
5.785749574418776575e+01
6.042714110526854654e+01
5.991896695994694255e+01
6.187887972820055182e+01
5.570161824437115428e+01
5.888614407953083685e+01
5.903866921566450543e+01
6.025159017508052273e+01
5.650043395578946104e+01
5.977708599015806357e+01
6.231338222650570202e+01
5.737553403781826233e+01
6.021908694877902235e+01
6.263621162788930263e+01
5.923880064813568680e+01
5.879580676301309694e+01
5.636832593834238025e+01
5.949850067979530621e+01
6.162691558259469105e+01
5.545829153838352710e+01
5.854905611870309201e+01
6.084992617117235625e+01
5.934738301048491849e+01
5.921682182705414021e+01
6.228642649947075682e+01
5.844709035912026707e+01
6.026360950616783896e+01
5.616429943399069913e+01
5.904713603643044451e+01
5.834735552943567427e+01
6.029331232890235981e+01
5.624244929558970796e+01
5.848058306953711849e+01
5.876373377396013353e+01
6.032767257028487506e+01
5.507844872305621209e+01
5.725865306780560360e+01
5.836287893553829065e+01
5.951096680393218463e+01
5.406530676276658909e+01
5.641324013986113783e+01
5.754962446371588669e+01
5.871042529738398486e+01
5.495472557793113566e+01
5.653418725241939313e+01
5.735623907931245924e+01
5.879947456562527464e+01
5.930523485308273735e+01
6.107504947961015063e+01
5.747174560672545596e+01
5.947930814984308512e+01
5.961862481488672216e+01
6.163285406745515616e+01
5.607506867376942949e+01
5.778074496907893831e+01
5.916832817756343843e+01
5.865211587848448005e+01
5.652828530900926296e+01
5.658132834330123728e+01
5.906921621900321639e+01
5.808107649005795992e+01
5.867376203093385101e+01
5.630744849003461638e+01
5.905578177918111749e+01
5.787738896394583321e+01
5.613132972164043366e+01
5.522383787176928394e+01
5.782064376846616938e+01
5.846582102733426467e+01
5.507423000906683797e+01
5.816701332412179681e+01
6.034849032115597112e+01
5.657757157644976331e+01
5.810895562684841309e+01
6.079234116061058302e+01
5.760877486718288054e+01
5.689444927312001710e+01
5.449152720674224071e+01
5.746544888660506700e+01
5.955911209838622256e+01
5.270763693661263716e+01
5.641548311870382548e+01
5.863321937962673047e+01
5.733184514666681508e+01
5.730011196636900195e+01
5.415226360085477353e+01
5.681080441920239821e+01
5.578954725317287000e+01
5.559216534261936715e+01
5.828367270422844371e+01
5.890524774435718314e+01
5.431914947412294481e+01
5.495425961584114560e+01
5.687488803261006609e+01
5.856203245399687063e+01
5.282087051317369486e+01
5.614501358713285839e+01
5.745953284874019573e+01
5.816520675035474852e+01
5.336119788643195250e+01
5.555732244918790741e+01
5.713152664939368464e+01
5.747374719902162354e+01
5.368826141633113735e+01
5.530167315993884358e+01
5.640173477815515923e+01
5.739377655102831000e+01
5.235705907152258476e+01
5.361138186792015858e+01
5.475018312840865065e+01
5.536781752352190722e+01
5.566109986909088292e+01
5.736954932520053774e+01
5.753487907622086084e+01
5.308625655468330251e+01
5.389368421540545029e+01
5.585295799354930324e+01
5.565103965446666479e+01
5.708491339196054071e+01
5.137322128930212983e+01
5.421644570719989531e+01
5.362958762350534414e+01
5.599631024281432445e+01
5.346721881523247077e+01
5.607765751620987515e+01
5.511789629779544697e+01
5.404981553985122389e+01
5.658185382916207118e+01
5.457239997111775409e+01
5.748301755676335745e+01
5.099211253260035903e+01
5.495974640769398434e+01
5.719987460209453900e+01
5.462598374866922057e+01
5.449694948194552069e+01
5.759054757793424528e+01
5.474998172541175734e+01
5.737487323629134295e+01
4.838991569671916437e+01
5.394065671221682834e+01
5.633004219710657878e+01
5.306911527290399988e+01
5.368737038291995844e+01
5.668729142849245761e+01
5.487058622917868433e+01
5.461959130707140986e+01
5.789598692001601421e+01
5.434807286264453552e+01
5.742868359323914262e+01
4.852905102384013958e+01
5.311580522978966457e+01
5.516312403610164949e+01
5.691363108282958905e+01
4.971914008876171920e+01
5.393518046661208132e+01
5.573260933754138335e+01
5.634831616078753314e+01
5.171472802596997553e+01
5.377326080657943663e+01
5.454001798059626083e+01
5.593833327322285953e+01
5.103431050430002358e+01
5.377220823180059739e+01
5.494745085868832746e+01
5.590166954080853401e+01
5.724067217821010445e+01
5.805452093384592871e+01
5.612981213122142776e+01
5.631331665178642965e+01
5.804867053154669776e+01
5.861986789146085641e+01
5.346893135488888760e+01
5.619708106695123462e+01
5.652605672097838863e+01
5.850060104969790586e+01
5.551866798379609946e+01
5.638714033997462138e+01
5.836282732807746498e+01
5.727438785564617518e+01
5.385397810064126389e+01
5.461910628591510886e+01
5.705747994043276350e+01
5.626748570728739196e+01
5.721763937680632495e+01
5.656319272632973139e+01
5.933891174644948308e+01
5.699753796781655524e+01
5.474580763279556805e+01
5.650310196115239592e+01
5.730025508998151906e+01
5.622760845424225806e+01
5.933932807496528028e+01
6.169886657103350558e+01
5.504201511131848434e+01
5.895154920274192989e+01
6.164635662668410276e+01
5.859245108449896122e+01
5.873416514791066589e+01
5.630684764522460739e+01
5.949632493592343963e+01
6.031616403348580491e+01
5.683307845315615481e+01
5.656205270203932400e+01
5.983141852977450981e+01
5.748264580242721422e+01
5.933731638122235097e+01
5.591465193102329323e+01
5.904305462463479159e+01
5.796747773122405789e+01
5.761988479845156519e+01
5.977748856827921031e+01
6.162224671843397772e+01
5.593521897711205071e+01
5.969882459475525849e+01
6.150873358107761391e+01
6.191293053920294653e+01
5.765705360702875737e+01
5.907551592504665905e+01
6.053247660007679798e+01
6.151891582465559338e+01
5.656007357306064165e+01
5.843017736186045141e+01
5.959170615633966861e+01
6.082758472779237735e+01
5.668632554241147403e+01
5.857978953805232436e+01
5.948765300740226536e+01
6.102023448728604649e+01
5.575127562446371599e+01
5.759829580259845017e+01
5.829894646397157487e+01
5.984117244750312636e+01
5.944998863618774720e+01
6.135148059667913145e+01
6.158658440722612681e+01
5.733266210663126117e+01
5.930996858748682143e+01
6.009709612033096704e+01
6.100682130247700741e+01
5.786241325517678291e+01
6.096644053590086543e+01
6.099187202541990160e+01
6.229906901510112505e+01
5.802216913224324202e+01
6.041889575954814973e+01
5.987459305490187944e+01
6.240697489953855381e+01
5.629593971753212855e+01
5.948633235735660207e+01
5.954285339919393039e+01
6.130631316083556470e+01
6.353171093420337456e+01
6.120995108246435024e+01
6.124861831339332241e+01
5.910580151899812762e+01
6.223333618781954613e+01
6.422871204108078302e+01
5.749499098831647359e+01
6.097381112613708609e+01
6.338860195493423078e+01
6.007071326188048488e+01
6.041594342747578139e+01
5.749839442796108102e+01
6.050491776107709541e+01
6.138793080545395497e+01
5.871038718000371404e+01
6.185009682959597654e+01
6.121887554740705895e+01
6.124819288558518338e+01
5.746771916004367853e+01
6.094886842133639959e+01
6.078771909060214540e+01
6.168417959262943384e+01
5.659735065849135083e+01
5.887995807185660624e+01
6.061745798417627640e+01
6.052579114836471064e+01
6.215892867182498804e+01
6.341222883126970089e+01
5.866480339280033718e+01
6.110006569421258860e+01
6.251305725685994474e+01
6.305218042264693423e+01
5.787350569206203943e+01
5.931675461593911081e+01
6.062966182747936728e+01
6.179786076628509761e+01
5.878551584685037312e+01
6.075772908078022283e+01
6.140168895485177813e+01
6.256505711062244046e+01
5.701531241439401754e+01
5.893194117277675304e+01
5.910136392390229076e+01
6.075280335010248223e+01
5.999235227196746933e+01
6.250412966485571786e+01
6.175028431484069813e+01
5.761632715988728393e+01
5.810808889389908671e+01
6.066897802490544223e+01
5.967040622791369486e+01
6.141192785191071124e+01
6.193771829955053931e+01
6.208002845945429016e+01
5.885658189896835779e+01
5.859152334249231586e+01
6.111695840667345436e+01
6.322529643668172383e+01
5.727737840661947644e+01
6.011514046166870173e+01
6.227990007776971026e+01
5.976756592325121886e+01
6.002969672938261425e+01
6.282529131198945294e+01
5.994425494892934125e+01
6.210483673099282953e+01
5.611909933087375890e+01
5.937409661727892995e+01
6.164419709401680336e+01
5.835550036673907215e+01
5.828446940330805148e+01
6.107066801975415871e+01
5.894092940811094650e+01
5.973446880509422385e+01
5.651712105687028753e+01
5.916882924930354193e+01
5.878630001423146467e+01
5.708476190487176183e+01
6.000848888474961029e+01
5.986870599913815738e+01
5.817962241571196103e+01
5.892844524365072800e+01
6.063070312163947762e+01
6.189467035616335977e+01
5.494013767285539984e+01
5.824849858148255066e+01
5.964187315489942876e+01
6.047795430956283269e+01
5.579070887053093486e+01
5.757019376628961993e+01
5.833633014866617827e+01
5.955337426637829168e+01
5.346289260880067928e+01
5.608718790752717354e+01
5.702573308605875013e+01
5.796162644787636964e+01
5.925028390958658520e+01
5.986781853231347128e+01
5.918529549601414885e+01
5.900037520504519506e+01
6.090193560209123547e+01
6.106211294615443563e+01
5.541720036137272842e+01
5.650741497032677785e+01
5.832407279197079220e+01
5.820356989093604483e+01
5.851117401496538406e+01
5.745576929341174122e+01
5.982102444552337062e+01
5.898725201103287930e+01
5.590670606500798101e+01
5.677286861952057251e+01
5.910040887687706856e+01
5.779499795053406785e+01
5.885908593581528692e+01
5.916302193528988340e+01
6.121143256744257855e+01
5.449724948961718951e+01
5.827902700257231317e+01
6.057237979626607682e+01
5.812306101144085346e+01
5.957399489072312093e+01
6.220908179672422023e+01
5.914538224503588282e+01
5.874248982976687472e+01
5.646256938446525453e+01
5.937380170629663212e+01
6.077764655236137514e+01
5.447582699574038401e+01
5.864580290521874417e+01
6.081079995155464957e+01
5.699584669170420881e+01
6.003717049364965419e+01
6.209854724231835377e+01
5.720440534922784792e+01
6.014601977671947708e+01
5.166458857149800821e+01
5.695121502480304798e+01
5.811279285758771351e+01
5.971191136037480618e+01
5.249403117452393275e+01
5.654239368806574362e+01
5.827402405142933617e+01
5.888135887190487239e+01
5.422133468832844017e+01
5.618621002559236643e+01
5.693578020329019296e+01
5.824602237661114401e+01
5.944832632918340209e+01
6.074749324079758139e+01
5.620588541191562371e+01
5.789863796384459249e+01
5.915086413881110161e+01
6.031106098124201509e+01
5.667863047432814483e+01
5.854573812057667226e+01
5.979965791248026363e+01
6.029801577252867162e+01
5.503074188127454391e+01
5.771968935623682029e+01
5.806968998167180729e+01
5.984245442800141745e+01
5.384285778655044652e+01
5.656638082393956068e+01
5.664336095473289134e+01
5.877209801274823064e+01
5.795344040982538303e+01
6.044053564302857495e+01
5.955388097502817857e+01
5.620945402242015376e+01
5.750746558530059360e+01
5.980885581840890097e+01
5.835009684074503156e+01
6.009898648088647377e+01
5.941501113561377423e+01
6.203577901105381187e+01
5.796891737558775759e+01
6.037568540525164451e+01
6.273748430558218558e+01
5.967066724848571369e+01
5.873312423475719868e+01
6.212700395419911104e+01
5.913623260473514165e+01
6.232867239354268207e+01
5.468912577776661976e+01
5.905857778908384859e+01
6.146581147345100504e+01
5.797540164140609420e+01
5.871541075702018730e+01
6.161682132920793009e+01
5.916477852273733617e+01
5.941766558941954912e+01
6.264229059981354908e+01
5.912980347437428463e+01
6.221886674943460349e+01
5.376170942992186497e+01
5.871623092500750118e+01
5.990374575753155284e+01
6.166979054702753160e+01
5.471985114550879814e+01
5.842029482567456000e+01
6.018030090981093849e+01
6.099238400819014316e+01
6.258946850357814640e+01
6.376273843060974400e+01
5.788321356077160829e+01
6.055254903086779450e+01
6.162868156702525368e+01
6.269926116676291628e+01
5.903356340684180736e+01
6.082811246556043017e+01
6.194731859372151916e+01
6.269031042136708010e+01
5.777674581991045955e+01
5.990020117257129328e+01
6.043522718270376970e+01
6.199896291569759654e+01
5.657930755349088514e+01
5.882670527243983116e+01
5.901153699366595617e+01
6.079490971773158492e+01
6.065411528311379641e+01
6.271011159273689373e+01
6.243557758716253403e+01
5.873244165131197292e+01
6.048082799159847411e+01
6.105922607318625239e+01
6.174978129936439331e+01
5.811835570231530568e+01
6.140957359480536581e+01
6.189010225366141071e+01
6.175330115539190245e+01
6.435270148525573575e+01
6.330408348199786417e+01
6.148075278389708131e+01
6.018680643151355270e+01
6.313487391037398311e+01
6.470348629811002183e+01
5.787763535848830543e+01
6.132549048965655203e+01
6.377898407777210110e+01
6.075906935061838965e+01
6.251870455686509587e+01
6.513968805619751379e+01
6.188266359822375051e+01
6.172786172389449177e+01
5.884287045713619335e+01
6.184720669172806851e+01
6.369582800384017673e+01
5.780149754221206848e+01
6.136057297839965941e+01
6.344138167839813036e+01
6.220720734772492477e+01
5.959461710944265178e+01
6.339182126670129236e+01
6.340131301751371495e+01
5.969054868758669130e+01
6.134915966492987138e+01
6.278760016830476332e+01
6.431868365216462280e+01
5.909644262224088607e+01
6.074833628812708497e+01
6.198922060253652688e+01
6.273016341333570267e+01
5.852345115679204213e+01
6.018966787278746011e+01
6.131832030971490610e+01
6.216414844804887707e+01
5.767885589385703327e+01
6.004150770588112351e+01
6.098296992728413812e+01
6.172063348517317394e+01
5.742893268033702014e+01
5.900742904279401557e+01
5.960765748809502185e+01
6.100739840689692528e+01
6.187236229015970679e+01
6.225072954225806399e+01
6.185143713728670889e+01
5.664056738117738377e+01
5.875867408711484075e+01
5.854014409198009616e+01
6.072825464876700607e+01
6.089714906330593891e+01
6.280007577187042500e+01
6.146305467120518529e+01
5.768960819301763365e+01
5.827297819946475244e+01
6.063641383139804475e+01
5.926123889666679645e+01
6.075630197011435740e+01
6.281909964745965169e+01
6.065343062790736184e+01
5.989996608934168876e+01
6.246269981595211362e+01
5.999704569927128261e+01
6.280598308112443107e+01
5.646718653290800916e+01
5.955980560635099863e+01
6.164438911406492849e+01
5.860522959057211523e+01
5.925823707454884470e+01
6.195048389399801181e+01
5.866855884723545955e+01
5.992443684290711303e+01
6.241425388267285967e+01
6.064528497503096816e+01
6.008304471866964036e+01
5.705356835734109211e+01
5.973411600408117295e+01
6.148426171810478991e+01
5.418051483999429507e+01
5.842529067593354597e+01
6.025816704900387322e+01
6.041278372841683364e+01
5.597401392606892045e+01
5.795166983716572418e+01
5.876863814809519226e+01
6.021700024837858933e+01
5.414212655500781324e+01
5.721095629288233653e+01
5.855718210834335480e+01
5.936417996620277648e+01
6.093377464344487748e+01
6.166351583123955749e+01
5.720348208536138657e+01
5.843975895998802628e+01
5.962417732474171572e+01
6.066314766955423465e+01
5.793180028761445755e+01
5.858097504524991450e+01
5.966432180956324061e+01
6.069692787747023033e+01
5.499857723761775219e+01
5.679198014061743294e+01
5.727494474835902594e+01
5.890581864354463448e+01
5.867022816795562790e+01
6.069300378767747617e+01
6.030476133805488104e+01
5.596664610455816558e+01
5.708723075798393864e+01
5.917597025771792829e+01
5.834149210085852388e+01
5.944832380133350114e+01
5.955736615440984849e+01
6.172112116375099333e+01
5.634680216863925040e+01
5.932184542645570957e+01
6.026213241578490454e+01
5.881909986494510889e+01
5.706198711468017137e+01
6.008672029716317553e+01
5.792439889284021604e+01
6.064809897919915471e+01
5.570762215139924223e+01
5.927479487586278140e+01
6.114619554992997053e+01
5.547335623267950666e+01
5.913121210041173725e+01
6.139688020479609776e+01
5.670669992612437937e+01
5.927581176114777861e+01
6.166226715719559337e+01
5.758703236397199277e+01
6.077857806868330215e+01
5.268284028176194056e+01
5.810909221312338957e+01
6.014753194727320817e+01
5.378758045977585311e+01
5.812178010384268134e+01
5.899078312745587738e+01
6.050905801322962674e+01
5.507128464879760799e+01
5.761025359298076864e+01
5.802753667179221253e+01
5.968458327295324750e+01
5.418986382050507444e+01
5.707314041288684336e+01
5.774101918804055344e+01
5.905598903947876011e+01
6.026218592927104112e+01
6.147251475259425746e+01
5.715174212784066299e+01
5.879332129168957266e+01
6.003582335951517024e+01
6.106753543414608743e+01
5.698995828234018290e+01
5.887232197560012992e+01
6.006697285118199403e+01
6.036743538944637066e+01
5.699924009070449671e+01
5.793784753523618036e+01
5.975284870074139576e+01
5.984794498534459706e+01
5.645921385600651377e+01
5.926605847087655121e+01
5.901859108372568130e+01
6.085436445667573224e+01
6.036439486853012681e+01
6.281567930625606522e+01
5.957081874998307569e+01
6.021953002853272352e+01
6.043761190012135387e+01
6.287753641636339808e+01
5.780795705342747226e+01
6.093775518956226023e+01
6.161149762802721597e+01
6.045295002647449678e+01
5.789092868218706656e+01
6.103724732434859135e+01
5.860397936360976701e+01
6.163300669975369317e+01
5.809853478508435387e+01
6.120833100996399168e+01
6.348533032001120802e+01
5.580515657225936366e+01
6.012053680649035670e+01
6.253014822544942319e+01
5.911293019907674307e+01
5.996557660800989709e+01
6.280219835250392890e+01
6.134000946992615155e+01
6.222826826129210076e+01
5.854165360011562314e+01
6.139332387017434911e+01
6.044405611132232536e+01
5.863391127145366255e+01
6.194917895759745363e+01
6.269677091673261771e+01
5.896862208335856792e+01
5.954231506260876472e+01
6.144754796076698966e+01
6.316718424294720080e+01
5.754244635005554898e+01
6.073431109767214764e+01
6.203664775719389723e+01
6.278000713140068711e+01
5.731519327336831537e+01
5.970959018008082353e+01
6.088377687933405724e+01
6.204798638124803745e+01
5.777801209481568634e+01
5.949112529799839422e+01
6.072921423119053230e+01
6.157383659487475569e+01
6.225966990555988190e+01
6.317663580330113149e+01
6.256965808956039865e+01
5.750186874403193116e+01
5.993055974886254944e+01
6.006716973146900784e+01
6.171759777764426502e+01
6.201728962987923666e+01
6.387757198523709690e+01
6.332064423817228516e+01
5.843843181301181744e+01
6.142081422269740898e+01
6.082651215151845037e+01
6.296318891861893263e+01
5.938142856485197285e+01
6.229355847218150188e+01
6.188654815983784374e+01
6.337648704130914723e+01
6.416064801187970090e+01
6.365631561736166333e+01
6.155175901747732325e+01
6.038737895192630134e+01
6.331601689368706332e+01
6.481263566139421073e+01
5.798274813447093123e+01
6.139061261719582063e+01
6.382275648880882102e+01
6.078915703948939608e+01
6.265886100150053295e+01
6.522169018170485799e+01
6.190925618944673658e+01
6.170119265104515449e+01
5.880006922276396608e+01
6.177486569434485375e+01
6.363478428877507298e+01
5.770720039328993067e+01
6.122731487456452015e+01
6.328814846260581106e+01
6.213135657670613199e+01
5.926702636772476751e+01
6.313119725163135598e+01
6.376947811623443840e+01
5.947972955266487105e+01
5.995003355246040400e+01
6.174780295680528752e+01
6.337228309979142438e+01
5.872337176929407576e+01
6.089790732360090431e+01
6.194959883249624966e+01
6.293339286945493427e+01
5.733240001818877118e+01
5.952306495921688878e+01
6.060732234035099708e+01
6.167602981785839233e+01
6.294235205159662883e+01
6.390307694794091020e+01
6.168555568047151638e+01
5.962488881331886859e+01
6.190814170033169717e+01
6.232982156836198584e+01
6.224221358260949444e+01
5.771570458246875290e+01
5.852256523681001710e+01
6.036911620780474408e+01
6.024008845246017074e+01
6.236352611621241948e+01
6.175038141564947125e+01
6.088293297855008035e+01
6.050373542831327711e+01
6.311147703025985578e+01
6.191191180269323979e+01
5.931714421716957730e+01
5.973128039373798259e+01
6.205158749752643388e+01
6.059195127931524638e+01
6.098363823505749792e+01
6.178124471763354819e+01
6.183245874552778787e+01
6.082087478583142826e+01
5.686677548395500281e+01
6.059159918540067480e+01
6.148605905569411334e+01
5.920086647163309834e+01
6.205183647906734734e+01
6.344729120796468891e+01
5.778719495076791191e+01
6.093640351589037607e+01
6.315611305734485370e+01
5.981888945980917782e+01
5.991651811329416688e+01
6.261562265992643717e+01
6.136309614985662364e+01
6.234043037943947496e+01
5.749713707060041656e+01
6.043585287063078226e+01
6.116305442741624887e+01
5.829492649028548357e+01
6.082441800084281880e+01
6.012434881796753672e+01
6.170589920923731597e+01
5.724757180359196695e+01
5.957876953874286130e+01
5.967239142897145143e+01
6.092392767472740900e+01
5.572253684388476103e+01
5.782873428620284528e+01
5.845496779777613483e+01
6.022033467909632520e+01
6.084273469381378163e+01
6.205004672723305248e+01
5.656795344073817944e+01
5.843693905980181569e+01
5.925312115198830298e+01
6.038886064583898872e+01
5.680144831095397961e+01
5.811966309749225701e+01
5.929567699654337787e+01
5.992967731005411736e+01
5.539240959445442058e+01
5.637015521067091584e+01
5.784132293765922839e+01
5.809242543314828566e+01
5.994091816826147578e+01
5.976940950335374225e+01
6.148295319320764207e+01
5.544691914534973876e+01
5.798293692261546539e+01
5.745550967702377676e+01
5.973581821337456432e+01
5.825370359396018927e+01
6.078418436209963005e+01
5.958389868990592220e+01
5.683884108235285737e+01
5.958363442406322719e+01
5.760552372959162426e+01
6.047442044027866359e+01
5.745795984498705167e+01
6.028241551973125922e+01
6.192032931791874972e+01
5.420024838245864629e+01
5.847822715142724093e+01
6.084359102872316782e+01
5.794868629807502458e+01
6.001921076347369421e+01
6.246723372632689575e+01
5.831771630486513658e+01
6.003171405576819097e+01
6.254342056874512679e+01
6.096671587391351466e+01
6.097945990785976278e+01
5.784589682893679452e+01
6.056055990806036959e+01
5.960785744518244655e+01
5.806597530950674013e+01
5.980077354660048172e+01
6.155739694870991485e+01
6.133993268020125100e+01
5.736247058998621640e+01
5.895247650818960494e+01
6.035671199585819124e+01
6.108431200020357466e+01
5.659454822535717256e+01
5.806995491310109259e+01
5.906318067651379522e+01
6.010155937484410060e+01
5.487692901917603905e+01
5.783555411801144430e+01
5.832735523395766819e+01
5.971319684316435428e+01
6.070481221508853054e+01
6.167610413723416229e+01
5.706837680849552896e+01
5.843002105793162571e+01
5.986750681736708657e+01
6.019217396938807241e+01
6.037016642872335837e+01
6.216111350497549637e+01
6.224926592252509039e+01
5.841440282432377984e+01
5.923579964150890476e+01
6.124687085973130252e+01
6.090539949881313930e+01
5.736491534422976457e+01
5.801179494330226305e+01
6.029866701406605500e+01
5.946574182271275077e+01
6.105212338011128992e+01
5.995769694889816748e+01
6.264321323502144168e+01
5.942330730996499000e+01
5.993864322297376646e+01
6.059039873004268628e+01
6.241367984795048329e+01
5.642643563374926430e+01
5.986041345997774243e+01
6.247690965886096137e+01
5.998678055019104960e+01
6.040500009871600184e+01
6.329690015031219019e+01
6.022890949102238523e+01
6.213057479077376399e+01
6.476144486657356936e+01
6.105965359248867941e+01
6.124046628491095134e+01
5.838291120435065551e+01
6.140173914851503412e+01
6.218782699076451337e+01
5.918865504982136372e+01
6.212746757896103844e+01
6.119132090779700661e+01
6.292819024323296873e+01
5.911251492813151032e+01
6.119080271001122640e+01
6.154947953190903576e+01
6.260872978394154842e+01
5.659370649444102952e+01
5.938620119824059884e+01
6.106862787545659188e+01
6.170466334100906636e+01
6.333166089241328933e+01
6.464603226564774729e+01
5.871867828709928006e+01
6.123660122172997688e+01
6.239692745726328127e+01
6.358199657589644005e+01
5.918203687914428457e+01
6.082133016173756346e+01
6.213278262064673640e+01
6.306887373454273416e+01
5.910696846659129733e+01
6.131440045649203086e+01
6.160327878373998800e+01
6.313616940798173971e+01
5.820834418737594973e+01
6.033349179086303593e+01
6.068665992958574407e+01
6.196326838842949769e+01
6.348463523148703302e+01
6.322050078088925318e+01
6.367797818493973949e+01
6.381141619748247251e+01
6.598060068483174234e+01
6.221437641178488320e+01
6.407527559093652769e+01
6.343019927926783907e+01
6.577436950332942445e+01
6.037037865152657901e+01
6.330538478635153155e+01
6.498306798748861013e+01
6.252385844826291361e+01
6.087799243266503169e+01
6.366169043614587508e+01
6.114116757452941187e+01
6.413656196195545078e+01
5.970805931934589239e+01
6.305811008485206060e+01
6.526464134563063624e+01
6.001432954768619510e+01
6.273896081403271552e+01
6.501735742492509473e+01
6.125106015581514640e+01
6.135138032703558508e+01
6.421488719794015765e+01
6.282055823198434297e+01
6.479759020489645138e+01
6.684375846477395555e+01
6.124080271799981290e+01
6.472620399613941800e+01
5.878799171809736634e+01
6.189696869346060026e+01
6.355744621242241976e+01
6.081238539359163298e+01
5.974459248432966518e+01
6.189592988842131405e+01
6.349237986353875129e+01
5.848377503751234485e+01
6.097984172042538376e+01
6.208418913458209687e+01
6.318290106434631781e+01
5.859441723766214238e+01
6.064979006745684131e+01
6.172163327041324976e+01
6.276780386816420787e+01
5.826223807311864533e+01
5.952156207381164421e+01
6.052555392541139412e+01
6.142680457115707071e+01
6.202046029242293912e+01
6.342413719787983695e+01
5.963184509921900656e+01
6.190482342444850872e+01
6.194764670393834649e+01
6.386769450415154381e+01
5.878983069784784021e+01
6.121400519572934229e+01
6.085713843897558917e+01
6.239430500226642096e+01
5.747164580315865834e+01
6.016894539197812009e+01
5.958839714828382483e+01
6.190947284120807836e+01
6.335474122201144098e+01
6.174248854389275465e+01
6.315578933446128218e+01
5.913948365987502598e+01
6.158072866023650249e+01
6.155780774880123829e+01
6.192141296575542952e+01
5.613450367921843309e+01
5.911860095175808283e+01
6.133446186224960428e+01
5.878263464679118044e+01
6.157961291875561471e+01
6.373128848549264802e+01
5.796523563054829253e+01
6.111770817098749831e+01
6.333091631694735213e+01
6.007011255563660512e+01
5.998534321279102954e+01
6.268719251117621383e+01
6.139685661553985341e+01
6.259285207645331184e+01
5.680409555621058360e+01
6.006325718207617825e+01
6.190229028197440186e+01
5.478866801681096632e+01
5.899325554248824943e+01
6.079510759966147759e+01
6.087361835859887549e+01
5.642480755190160835e+01
5.886793539765091765e+01
5.870135434510343941e+01
6.030026161636473603e+01
5.613673289993929671e+01
5.797979929965059398e+01
5.888373869040048447e+01
5.962879946783431961e+01
6.115402235972580769e+01
6.189393769780141952e+01
5.725660878847082813e+01
5.842637066496801168e+01
5.952843824983872167e+01
6.056700461610326869e+01
5.849748472812682820e+01
6.030120792623037573e+01
6.090746774060606583e+01
5.761849144608866169e+01
5.852519939038326413e+01
6.004773772924038866e+01
6.023415060929050924e+01
5.637617355117787099e+01
5.744784375408527666e+01
5.922945806796857937e+01
5.893047905139993503e+01
5.890778076904532412e+01
5.942722083165898539e+01
6.140788394940931028e+01
5.809103563979676466e+01
6.058599550171729931e+01
6.014721673395686707e+01
6.204124704128724233e+01
5.506461813498805924e+01
5.841639101029373649e+01
5.866853895930621832e+01
5.885884168350840184e+01
5.748340402202980215e+01
6.020804599753049757e+01
5.999875520070960988e+01
5.683360511628042389e+01
6.064330446908584094e+01
5.820619456173059092e+01
6.114333183056590570e+01
5.343311017667438279e+01
5.790871413872731210e+01
6.020350757698912503e+01
5.686857390697878145e+01
5.968837409380257952e+01
6.055573163812210424e+01
5.909653053639740250e+01
5.828227559323013907e+01
6.140125858645203039e+01
5.772373837338301428e+01
6.019717178424626525e+01
6.211194298578828921e+01
6.081277580270456440e+01
5.766012213454814628e+01
5.954199229145341121e+01
6.103634329017313576e+01
6.164187775186806562e+01
5.725859903140126761e+01
5.902560143810479332e+01
6.002550684669721193e+01
6.087060456995791924e+01
5.608918501572978244e+01
5.816611743399221979e+01
5.892241947828247106e+01
6.019803095581878694e+01
6.111433837148106818e+01
6.235217448185682088e+01
5.751931728713875458e+01
5.910158940045059950e+01
6.047826066869329509e+01
6.082808281506709136e+01
6.172729113994122940e+01
6.319440920440207776e+01
6.314940213303035677e+01
5.920609603047945058e+01
6.002135127132187620e+01
6.203320092888296955e+01
6.168700346162678727e+01
5.835003266918108267e+01
5.868232658037876348e+01
6.102957595677475666e+01
6.020884748289279287e+01
6.145090396400630794e+01
6.062742650514006471e+01
6.328790672821063623e+01
6.105142111492693857e+01
5.899293350621221066e+01
6.160661388587659104e+01
5.942779733445149049e+01
6.219607353558517104e+01
5.603103620048084821e+01
5.972234134755871793e+01
6.174238394097418592e+01
5.898687520693383846e+01
6.190440378732697013e+01
6.427540428305890430e+01
5.669780531659310441e+01
6.094119073054078939e+01
6.332661047472578275e+01
6.001978284898687122e+01
6.074540906313251298e+01
6.358937336895177594e+01
6.222939720574095190e+01
6.259065843792994599e+01
5.916081259244587898e+01
6.204859397082393002e+01
6.135814305982522399e+01
5.906495137430390940e+01
6.241109740431360819e+01
6.296446102524409838e+01
6.016708724925032925e+01
6.101863874533589893e+01
6.293340502117110447e+01
6.454242057450187531e+01
5.942644812254521014e+01
6.151322319064452415e+01
6.224975259532989469e+01
6.361257827104262219e+01
5.859248838665716619e+01
6.032021599969787218e+01
6.141060774886489071e+01
6.275983441468618196e+01
6.369672342727785264e+01
6.459019725118223221e+01
6.208401993715704492e+01
6.200279365603661574e+01
6.281724661776917173e+01
6.431431210685887834e+01
5.954452350182756959e+01
6.170007749874670111e+01
6.208129527286417471e+01
6.384564251893866071e+01
6.183526112665943941e+01
6.435301447326365576e+01
6.410960321737836409e+01
6.216494131820637392e+01
6.214731841121567868e+01
6.428888234887227782e+01
6.371838606943745020e+01
6.023420206455696047e+01
6.108859911547916965e+01
6.343847191783135031e+01
6.201047504385219611e+01
6.174114093352287824e+01
6.171580511165243621e+01
6.432082714775667398e+01
6.207456714308091250e+01
6.501679057363965342e+01
6.622646836487922428e+01
5.929646446375127056e+01
6.260985750319514409e+01
6.503210413932656309e+01
6.199628837535307468e+01
6.398688238651288884e+01
5.952931113608841684e+01
6.236356510851290835e+01
6.453665491256984410e+01
5.874717105437933640e+01
6.173525448832245388e+01
6.389860437133538085e+01
6.098127520299394178e+01
6.420609605408770904e+01
6.442198703172515195e+01
6.204898470234800811e+01
6.242829810289086367e+01
6.516983731947843239e+01
6.174872777515588496e+01
6.408614969433131137e+01
5.848669017035251017e+01
6.058138103243579309e+01
6.196153508976512825e+01
6.260137738341642688e+01
6.411605987213954450e+01
6.534764985017274341e+01
5.981584389102065558e+01
6.198485637358192690e+01
6.305595794156633360e+01
6.414000504368003419e+01
5.997441723925070534e+01
6.133022107655176569e+01
6.249248830686795486e+01
6.332818489287149077e+01
5.970234080555587042e+01
6.152056541683638358e+01
6.179843403072882779e+01
6.345542646077861093e+01
5.795969709822556126e+01
5.974901314606606917e+01
5.981996153118282677e+01
6.081985602507725019e+01
6.264803612716222858e+01
6.218289035128537279e+01
6.348721446406806024e+01
6.496038401854036692e+01
6.387366349744455363e+01
6.035712584128919644e+01
6.028265497197860867e+01
6.294693339551735534e+01
6.142684486596115789e+01
6.348863568510673616e+01
5.829937946482412059e+01
6.091356643359614509e+01
6.051820565784293393e+01
6.254794090972313825e+01
6.473780424290879409e+01
6.218832313258563005e+01
6.176141722175611193e+01
5.964314546578194864e+01
6.243717805167640478e+01
6.404209227224968970e+01
5.744006580168330345e+01
6.048105233480349341e+01
6.274749801572073693e+01
5.943242015150861590e+01
6.026371033166384450e+01
6.282014372438567307e+01
6.103464758998373441e+01
6.075080927112631457e+01
6.366372681712952186e+01
6.013360582414293987e+01
6.265390385905286763e+01
5.483859366545402736e+01
5.893788706563658764e+01
6.075355977529901708e+01
6.088721863995047556e+01
6.227933101673971095e+01
6.368568384505425684e+01
5.860247695266267698e+01
5.954892616357006574e+01
6.100577757585737970e+01
6.226891794536345515e+01
5.869113873168638662e+01
6.069616589643111126e+01
6.145137209430392744e+01
6.223601669339075926e+01
5.665812167620232742e+01
5.844051114423722737e+01
5.927526654414877072e+01
6.034684448154279579e+01
5.582434081110500301e+01
5.698469278461988807e+01
5.813445697456592853e+01
5.881728433640360976e+01
6.027111550201806267e+01
6.056238571630807854e+01
6.081392407686548296e+01
5.682594630367882615e+01
5.931404928172389646e+01
5.911043880972391662e+01
6.093377410196078614e+01
6.072809503080462434e+01
6.282744840505345252e+01
5.986635934145272131e+01
5.901975261514851212e+01
6.151222392303549213e+01
5.996310658030940743e+01
6.045618304411861743e+01
6.122835200296886171e+01
6.153404360028529396e+01
6.046207816037539828e+01
5.745140188029382955e+01
6.093899633829333595e+01
5.877993865859630773e+01
6.144216134581048294e+01
5.464926700397970194e+01
5.872877386657685150e+01
6.076617627331629024e+01
5.770919394453748197e+01
6.055134668956097244e+01
6.227006152852315779e+01
5.498894130760243826e+01
5.940298018314035744e+01
6.157308121456157579e+01
5.999144209657938376e+01
5.974383087107909773e+01
6.270613200787188646e+01
5.916491817229888284e+01
6.009452188469384737e+01
5.616313402601621618e+01
5.913355441690404746e+01
5.833565470621473992e+01
6.016879486344297590e+01
6.191747937919605960e+01
6.321816986384485659e+01
5.634298476085447760e+01
5.988645143003493843e+01
6.114836593415378019e+01
6.227453025533115749e+01
5.715608379177981391e+01
5.843850752641014878e+01
6.008988062037356315e+01
6.084717965822286345e+01
5.721876737273519353e+01
5.888378459004989196e+01
6.019308399515533381e+01
6.068121334166880132e+01
6.152322073422758564e+01
6.288950903898390266e+01
6.114048660184837303e+01
5.698967385876724023e+01
5.835661975319486316e+01
6.006698235959117227e+01
6.010781735258760961e+01
5.937053457107469256e+01
6.089180963090778675e+01
6.113501201337999191e+01
5.982659416912654393e+01
6.228014120347103955e+01
6.131676532464695839e+01
6.076756990198603603e+01
5.999170993495300053e+01
6.269381060655199889e+01
6.130941473008129350e+01
5.832375045109716183e+01
6.137437669787384920e+01
5.935048247407663524e+01
6.236771479874334290e+01
5.961766072682062401e+01
6.279318153268616243e+01
6.317586279940520910e+01
5.639829794442719901e+01
6.100143628982105071e+01
6.366227085097708027e+01
6.049237249075731881e+01
6.074397121433024438e+01
6.389785887092057237e+01
6.050171158370788760e+01
6.249421315436435265e+01
6.511437760817166520e+01
6.094015733610805086e+01
6.446006003908112802e+01
5.964413901845674104e+01
6.281501500546375638e+01
6.253701321096283294e+01
5.973273896535604166e+01
6.155034082078931590e+01
6.404199424712206223e+01
6.073324510516636110e+01
6.277194246626220320e+01
6.460675470393140074e+01
6.518646465338997587e+01
6.064946993313744628e+01
6.227119672405229522e+01
6.364884963037053467e+01
6.454813396713474560e+01
5.931886938341516213e+01
6.160758424191502058e+01
6.282491350357322801e+01
6.346445837353766706e+01
5.884986982477128237e+01
6.061473205478169746e+01
6.211203658754703838e+01
6.305868025410964606e+01
6.372520603485051538e+01
6.542594976903215809e+01
5.974235295811170232e+01
6.218931808323807076e+01
6.243395498695456070e+01
6.437126563940324786e+01
6.395753616513696471e+01
6.620253810483022505e+01
6.595779862596539544e+01
6.156489282027629173e+01
6.212623956364829780e+01
6.447995636593252300e+01
6.399183624849024454e+01
6.434737963103707159e+01
6.433605619879153892e+01
6.689005274123051947e+01
6.357276774739751346e+01
6.286595836628514888e+01
6.283588808279028370e+01
6.575670113825616170e+01
6.343895466774713299e+01
6.664538565824619809e+01
6.781742660165133429e+01
6.063209745743761658e+01
6.423896526049763622e+01
6.690039025554762020e+01
6.375318392967179904e+01
6.425596107163103454e+01
6.149708200365988375e+01
6.479866532463827866e+01
6.604853695993284646e+01
6.155734977586686085e+01
6.459636205916551432e+01
6.648139271416016527e+01
6.047158200019119079e+01
6.419222152155410299e+01
6.646267752823071362e+01
6.293107207420490568e+01
6.523369770934664302e+01
6.759548079101047335e+01
6.359161759025428040e+01
6.598015328376027355e+01
6.133113919852488038e+01
6.391080582931833476e+01
6.402065901537726234e+01
6.539757697076797172e+01
6.694228287584172676e+01
6.785855042750355892e+01
6.279665333361324997e+01
6.461311780351832113e+01
6.573236649018329558e+01
6.699059255381361311e+01
6.197167027140115891e+01
6.369383233375310027e+01
6.488356720037424452e+01
6.608897969958887586e+01
6.074390114090113713e+01
6.254978431892759261e+01
6.331867965465262671e+01
6.474641654870386276e+01
6.656204021749523747e+01
6.663291550778052397e+01
6.499231460370725699e+01
6.341367818375129417e+01
6.627770084244305338e+01
6.588832324711519561e+01
6.368194216308754818e+01
6.380364825143487906e+01
6.652060295974344228e+01
6.514646935510778292e+01
6.147288379101577505e+01
6.246482076086410729e+01
6.540501221635646800e+01
6.385763537429229331e+01
6.407493620363977982e+01
6.395439603626383729e+01
6.679558737098753340e+01
6.380166189267638543e+01
6.704465300642996795e+01
6.767048221309883616e+01
6.151481418456737771e+01
6.509557831260781313e+01
6.778695551277859010e+01
6.470047223305168416e+01
6.434678871266758904e+01
6.773668276843220326e+01
6.432037479039539107e+01
6.738439997449457053e+01
6.033166311160790229e+01
6.399770104287105710e+01
6.656916603059255522e+01
6.274827645577228452e+01
6.309947910965030360e+01
6.614951859889355035e+01
6.407612430406156534e+01
6.437836538697089850e+01
6.759747432819152380e+01
6.337364797918130677e+01
6.602723418833964786e+01
6.703324558371507180e+01
6.825811028013963266e+01
6.157571296440654862e+01
6.520116980816716534e+01
6.696791041835000158e+01
6.796005179059304169e+01
6.278668877596847153e+01
6.500871779299133379e+01
6.650971915592720052e+01
6.575218522363604734e+01
6.411717220590921329e+01
6.619552327304964479e+01
6.755783262147167534e+01
6.219052327535573710e+01
6.392640022174598613e+01
6.545116830723729606e+01
6.639783341343027701e+01
6.127005956770993578e+01
6.295526542788886104e+01
6.508216451131424662e+01
6.523870632871661712e+01
6.474740405418282307e+01
6.726804848431639527e+01
6.714361862540778247e+01
6.283064629987029548e+01
6.355133652083038953e+01
6.621693018385181517e+01
6.569724541969098652e+01
6.358369725555574092e+01
6.371816842754388688e+01
6.667180301121305774e+01
6.547644105659345826e+01
6.855419295348067976e+01
6.943646642849549266e+01
6.236851791471913486e+01
6.659292167653299543e+01
6.967153963258209615e+01
6.710314567590297941e+01
6.581895878376407438e+01
6.911038616342186458e+01
6.604002900917053864e+01
6.952753262254977074e+01
6.151406223487151692e+01
6.631229147121258904e+01
6.935100847812563529e+01
6.549652473456288249e+01
6.577745366029685670e+01
6.937941502173180197e+01
6.561249789512484654e+01
6.734748377579131784e+01
7.039072272352927939e+01
6.573238064306701744e+01
6.990313855269508281e+01
7.194128922085454292e+01
6.463358116434784506e+01
7.008479066192501250e+01
6.109716415887939434e+01
6.676574144386549392e+01
6.903421606722635318e+01
6.634803913033323397e+01
7.018253157757078498e+01
7.097626301417099626e+01
6.761866479369055583e+01
6.987474276927608230e+01
7.218387285967810385e+01
6.619006797507022100e+01
6.966782780007486053e+01
6.349280501151385181e+01
6.640903867498933266e+01
6.774735505515667455e+01
6.941855057135634866e+01
7.129761944169224819e+01
7.204684183115715257e+01
6.670343700704225398e+01
6.900310697974417451e+01
7.142462520428573214e+01
7.190614010656625510e+01
6.701835968837224300e+01
6.847927127953667537e+01
7.120444291056324460e+01
7.128273740084540577e+01
6.647421959081211185e+01
7.039299745345688564e+01
7.006837187898854324e+01
7.275547479072713486e+01
7.468558249118468950e+01
7.042967835476552807e+01
7.411736028242309260e+01
6.678833171346437325e+01
7.104037199443234840e+01
7.093149596628686027e+01
7.397557639539087404e+01
6.659062053138325155e+01
7.121948451334218078e+01
7.105161840327575362e+01
7.384546961055617942e+01
7.680181656250074695e+01
7.208323568508647838e+01
7.537101814321691506e+01
7.823394975857704026e+01
7.152719477286147765e+01
7.605357903985498069e+01
6.879369161149355705e+01
7.366202203351511457e+01
7.652396389425049961e+01
7.071093207780313605e+01
7.481344291344858277e+01
7.735370789722638563e+01
6.974835717563743742e+01
7.463367490001047599e+01
7.733151210566219902e+01
7.395933141385337706e+01
7.724025543604732036e+01
7.936985912739091020e+01
7.281711974080694461e+01
7.715480865994292969e+01
6.896247123569692405e+01
7.404549947263099341e+01
7.619536630655741760e+01
7.437312988123942148e+01
7.380112751517158642e+01
7.592864411578139539e+01
7.796062783305433186e+01
7.259369020560529862e+01
7.480001968107779931e+01
7.701540255938321877e+01
7.577655024306613996e+01
7.658537094435322956e+01
7.878417420520506198e+01
7.600937026475131120e+01
7.744120270862644873e+01
8.027541558619761020e+01
8.004292984928062538e+01
7.411178713037311638e+01
7.662293884685783496e+01
7.987778759429987474e+01
7.953227592679995439e+01
7.360619974072402272e+01
7.586999734327149270e+01
7.936992801064688763e+01
7.854511346170615127e+01
7.451511773217605139e+01
7.554310655648582440e+01
7.880600342348056131e+01
7.802587902728701863e+01
7.532577598733868740e+01
7.556944974285713101e+01
7.897652408777278765e+01
7.779829438080518855e+01
8.105248258440263953e+01
8.334889837199393980e+01
7.575412125532444918e+01
7.987330375429233698e+01
8.275600156583745104e+01
7.922359444584921562e+01
7.863399126866279687e+01
8.127682534843701490e+01
7.833888906060251145e+01
8.179071865032948097e+01
7.713288338576990100e+01
8.150221408663848877e+01
8.136766728779281266e+01
7.753768894093690278e+01
8.174694032274433653e+01
8.255127756699482688e+01
7.834484856504640504e+01
7.963546582113991690e+01
8.321357552964884974e+01
7.918567824375340081e+01
8.139058841174571057e+01
8.459813096867453908e+01
8.047856514548821849e+01
8.271942927618960084e+01
7.766885935333010593e+01
8.127828717931407709e+01
8.219815808296257842e+01
8.165484744824357222e+01
8.438096895557389132e+01
8.465278791228041655e+01
7.946392602553292761e+01
8.244713896779143170e+01
8.375451917616243236e+01
8.586897051290983995e+01
7.983235381027728295e+01
8.258816332124914084e+01
8.451315619927609646e+01
8.034901618286185965e+01
8.419663503398450644e+01
8.495467923071709038e+01
8.583923219480909950e+01
8.061200739562043793e+01
8.469502118732057738e+01
8.497311703993661069e+01
8.440318937481275441e+01
8.286542794868775275e+01
8.661343811195894205e+01
8.518338779905424474e+01
8.148078725366455899e+01
8.248013946048857292e+01
8.637515502668787803e+01
8.495780218784408078e+01
8.169319028834644314e+01
8.218805014959548316e+01
8.632933466313805582e+01
8.437227270667276002e+01
8.191687986553273504e+01
8.294789796164268125e+01
8.710898779739326869e+01
8.331385078250313825e+01
8.748583120861601969e+01
8.873501350511236296e+01
8.133890776081555885e+01
8.596942225295211415e+01
8.945246163352560131e+01
8.500393336177630488e+01
8.611410314514183995e+01
8.934646360352492422e+01
8.523588513115109322e+01
8.658838781232498150e+01
8.287636902479225398e+01
8.699298142178479054e+01
8.803948246579396653e+01
8.382608135236553437e+01
8.761409184934500161e+01
8.864705117006664636e+01
8.391547979928380130e+01
8.697798221166718236e+01
9.006674287358065101e+01
8.380352721143005112e+01
8.822925701092914608e+01
9.082489779148642128e+01
8.501791007085709850e+01
8.960666060271491062e+01
8.299508846116378891e+01
8.691972413470948311e+01
8.883160827155582240e+01
8.507257364621769113e+01
8.849641534870114867e+01
9.068454041632290341e+01
8.413840692478176209e+01
8.794263285979252487e+01
9.035223577783914095e+01
9.145470632735275274e+01
8.579743912557118790e+01
8.893687259134858891e+01
8.998369336266387108e+01
9.159197682577584487e+01
8.443737790385647202e+01
8.912503302648163128e+01
8.972646170747819383e+01
9.066942263788696721e+01
8.486526628353176704e+01
8.911804180928406538e+01
8.901401286632680865e+01
9.038356782687323232e+01
9.020862440953574435e+01
9.431361470750850629e+01
8.654848151734763917e+01
9.077425964797575375e+01
9.342845903539543428e+01
8.824615834014325344e+01
9.335838123499227947e+01
9.537547106908948535e+01
8.792778142130933361e+01
9.335481386918587532e+01
8.829327900392334527e+01
9.328811506834635736e+01
9.411029380128056232e+01
8.728777461665826820e+01
9.226955565443368812e+01
9.627824381350691851e+01
9.119978481334710807e+01
9.450735904630576556e+01
9.753545967818099882e+01
9.046005909773099063e+01
9.521139833816198461e+01
9.902915142476641108e+01
9.213048499285558535e+01
9.672188107996308304e+01
9.014609961146241801e+01
9.496621174373831309e+01
9.815667865465722741e+01
9.062774568315630574e+01
9.565789492849920350e+01
9.886858729205710006e+01
9.112065986796076800e+01
9.633228052088082904e+01
9.944082465949612981e+01
9.205363815271100236e+01
9.722599430653116315e+01
9.996306956185927106e+01
9.481099446313952228e+01
9.848195209110427584e+01
9.246166361445663995e+01
9.603051482393529170e+01
9.852976847156006102e+01
9.206684982242533977e+01
9.676885367645253666e+01
1.004331189043148242e+02
9.566606345929655220e+01
9.938487838199878865e+01
1.023523212804059312e+02
9.593129233599105987e+01
1.001460955149549932e+02
9.396947202032853852e+01
9.850336953535722273e+01
9.957300118665958166e+01
9.432681282296205438e+01
9.703563575732114543e+01
1.018221335104014145e+02
1.005701147133424342e+02
9.674067078269352749e+01
9.994521603963801226e+01
9.997765140441042320e+01
1.029935578084454448e+02
1.020974453002429527e+02
1.025000319189284852e+02
1.016203215806847169e+02
9.920825236434673400e+01
9.918408399767479011e+01
1.048451903239337497e+02
9.966440617010336211e+01
1.047100575172601253e+02
1.076926167708716235e+02
9.972987055554315816e+01
1.046421854428275253e+02
1.092638532523716322e+02
1.025492298973475158e+02
1.064575107532931213e+02
1.110349235127274170e+02
1.032110149425374175e+02
1.079961949754350741e+02
1.022757972861403033e+02
1.076601135242483736e+02
1.078067740593193093e+02
1.036838178226335856e+02
1.076930045667883178e+02
1.105217343152494891e+02
1.034034096143654011e+02
1.084554786250751306e+02
1.120336852343622951e+02
1.052695814546847259e+02
1.103702568061069513e+02
1.039105819661294987e+02
1.086747924103362664e+02
1.115219619970646789e+02
1.054272895972879667e+02
1.094584874055279045e+02
1.123144489030802475e+02
1.060033307333345505e+02
1.104195476894259116e+02
1.140184643582399389e+02
1.073001387391670391e+02
1.119853082018749291e+02
1.138949434982539088e+02
1.100821583756680866e+02
1.138271189050558405e+02
1.078942110662132876e+02
1.119840889404534181e+02
1.137088004418134801e+02
1.086468288761812317e+02
1.118320448662607163e+02
1.163208334966083441e+02
1.131496812120669375e+02
1.120165899202069113e+02
1.168866674184690737e+02
1.131771071617713318e+02
1.179421393862495364e+02
1.175993855516889397e+02
1.168012007642948475e+02
1.168364182130298872e+02
1.124164030149938753e+02
1.174431766157105699e+02
1.168118399821362345e+02
1.168232865464176484e+02
1.199418208359667517e+02
1.184498140280918221e+02
1.179876537599206188e+02
1.167655821443548376e+02
1.224209337085112708e+02
1.161797648512131076e+02
1.220808854344532364e+02
1.257953333281976711e+02
1.177009078985637558e+02
1.239342455433136934e+02
1.174039024534109501e+02
1.230883036162884565e+02
1.205423910141968236e+02
1.223081261034084832e+02
1.247328611866245893e+02
1.223395917586636159e+02
1.248861345240726166e+02
1.206124048605853432e+02
1.256926894053306967e+02
1.236847768312874791e+02
1.207994584109087981e+02
1.254040258733991919e+02
1.280111758751121727e+02
1.231751779755830967e+02
1.269276823345418705e+02
1.300826412683275635e+02
1.237552720357879821e+02
1.286561684870148383e+02
1.223646160764068469e+02
1.270016268646845248e+02
1.307721243420469364e+02
1.234831256659125529e+02
1.291450576482955910e+02
1.315669664149959885e+02
1.253387098205410695e+02
1.297955750640138319e+02
1.346265659835368638e+02
1.256046706354032949e+02
1.330754651931532351e+02
1.339945191733783361e+02
1.305627489328433626e+02
1.332564727114118739e+02
1.283083032281868725e+02
1.314398471980017007e+02
1.363534151623242110e+02
1.281773801494469751e+02
1.351816750957678437e+02
1.355292153362638601e+02
1.331189178192216502e+02
1.344152982356331734e+02
1.399285782688570521e+02
1.323043760930904114e+02
1.396851651565227712e+02
1.389340792431027012e+02
1.377246983929402688e+02
1.376079260586500652e+02
1.363067425263247117e+02
1.383446021707580940e+02
1.413895255318981867e+02
1.343277474546023313e+02
1.419040266840503079e+02
1.418750968307829510e+02
1.412474519752562117e+02
1.399754409629256315e+02
1.449037733617482218e+02
1.410034213313323335e+02
1.446180396663992553e+02
1.489132221554716295e+02
1.426793173522502514e+02
1.474537519860552379e+02
1.413100951062969841e+02
1.472487493321432055e+02
1.464908653743813431e+02
1.461820509708189491e+02
1.512399572396457472e+02
