0.000000000000000000e+00
-4.494563938995522534e+01
1.931915969877066530e+01
-2.626438219237673266e+01
1.155392862796653208e+00
-7.480161935097674686e+00
4.236755316650740788e+00
-1.142625456300774367e+01
3.253495230890463219e+00
-3.438892376808669216e+00
3.098182868274861335e+00
-2.819599558467484446e+00
2.853737075415296420e+00
-2.306321000179246905e+00
2.502717210655517999e+00
-1.842336644332097872e+00
2.393242727914160373e+00
-1.418957663890980880e+00
2.400611020763629977e+00
-1.028068588218786550e+00
2.470455245850100123e+00
-7.081267514713097677e-01
3.269908831421133311e+00
-4.956162636500324181e-01
3.583222839241206881e+00
-2.965488103929371788e-01
3.912161530280428234e+00
2.584864995228320916e-01
4.136818758794965412e+00
4.047619515211974273e-01
4.342316453645651109e+00
6.074598445556009807e-01
4.680078949886209649e+00
8.572440802048265640e-01
5.024127062301444013e+00
1.135533087721505963e+00
5.385845438914972583e+00
1.435031300718628611e+00
5.765178749348544684e+00
1.752329075431679595e+00
6.158005075278638607e+00
2.084562482378541581e+00
5.432006636319541393e+00
2.447920200256368251e+00
7.119227577132217988e+00
9.337883258152448462e+00
1.084722636277926711e+01
8.333978742031467490e+00
1.208898060065685875e+01
8.964277321010476030e+00
1.250956053312228633e+01
9.341608871869299335e+00
1.294482680915075257e+01
9.734225421603127870e+00
1.335461205298399712e+01
1.010238251446643609e+01
1.375738323298256915e+01
1.046757724827009994e+01
1.415353387863401835e+01
1.082809995327954233e+01
1.454764699487774848e+01
1.118695424118480197e+01
1.493947797746501571e+01
1.154405149433189237e+01
1.532986606101298044e+01
1.189970947373564769e+01
1.571859340692128448e+01
1.225370453402860704e+01
1.610557657180946123e+01
1.260579652753214042e+01
1.649051390078365387e+01
1.295563930912787143e+01
1.687310789609539441e+01
1.330286562335212075e+01
1.725301925571763917e+01
1.364708591079317124e+01
1.779859068803652988e+01
2.022267157871937115e+01
2.318679658192449722e+01
1.941415627742447825e+01
2.413377278983297458e+01
1.983532684972846738e+01
2.449420804115383277e+01
2.018282193303571503e+01
2.483785562822860271e+01
2.051444093962895110e+01
2.516230251150324548e+01
2.082863004085939451e+01
2.483330599881568901e+01
2.115897403259286946e+01
2.517024241006937402e+01
2.147739276529431152e+01
2.547255955246210490e+01
2.176735033693391586e+01
2.575330794867119266e+01
2.203834769956824857e+01
2.601233538916021004e+01
2.229059328250331973e+01
2.640976328739562362e+01
2.925117397112832407e+01
3.062291333065183352e+01
3.015959454872728784e+01
2.963442896684701466e+01
3.169562280469112636e+01
2.946791328018383282e+01
3.155791823258399731e+01
2.964379014939231993e+01
3.194645736725204088e+01
2.917687703809285082e+01
3.208631667831905787e+01
2.932306699031958530e+01
3.212007438117588976e+01
2.948709458718408882e+01
3.216309732045512249e+01
2.964236067934631080e+01
3.219507898764396714e+01
2.980390698808386674e+01
3.279027492641126429e+01
3.661093339193485718e+01
3.928047089745874132e+01
3.624003969466931352e+01
3.935935358908776749e+01
3.635001260281157442e+01
3.928166927146210696e+01
3.609270919258614185e+01
3.840670181299207542e+01
3.293544235366579898e+01
3.844305606407906595e+01
3.555695271398921875e+01
3.852504007243606310e+01
3.541057616960154775e+01
3.855084721008213222e+01
4.141706791376842034e+01
4.256217119758940015e+01
4.143356897776737213e+01
4.287219548831789240e+01
4.147778654676990584e+01
4.287869084012272225e+01
4.126284140392910871e+01
4.274620821888801458e+01
4.101068628284658502e+01
4.256006626441198648e+01
4.074568789932049384e+01
4.234863510472298032e+01
4.046272482326564557e+01
4.198715624948864900e+01
4.067997409457647962e+01
4.474273966537484171e+01
4.555252758535677060e+01
4.996998050900855759e+01
4.334305232817195730e+01
5.053129214650579826e+01
4.265154300592411118e+01
5.012439634992804827e+01
4.187252193877214523e+01
4.987536015245469656e+01
4.323939739682489858e+01
4.520038652439895088e+01
4.601030319229118959e+01
4.563583472640281258e+01
4.450934511919076186e+01
5.050207537593443874e+01
4.880902152700194563e+01
5.315242356624558795e+01
4.649125396689803580e+01
5.346258831805489820e+01
4.551506295447423867e+01
5.245641250549548573e+01
4.526838478305236180e+01
5.175148493582264564e+01
4.434691379003538003e+01
5.100024991228850268e+01
4.377771122663391878e+01
4.984789988771552771e+01
5.265395751989416340e+01
5.123203721947660227e+01
5.348887236589325056e+01
5.137175935647877623e+01
5.146682591048369204e+01
5.102608182184635410e+01
5.074214945561117673e+01
5.030840210887447483e+01
5.025315620068744238e+01
4.976526696766388369e+01
4.950274655564584947e+01
5.443707324493540511e+01
5.261728022937806060e+01
5.618703305216696009e+01
5.058814757821113517e+01
5.614646018718075027e+01
4.938387212044538899e+01
5.519016057252584773e+01
4.961394842799523985e+01
5.474591575000854249e+01
4.801588143482351967e+01
5.366807278552217753e+01
5.737090105902444748e+01
5.387819738985033524e+01
5.633705847683580714e+01
5.336430688083448359e+01
5.589099178274663160e+01
5.381132135321542620e+01
5.409686324938248703e+01
5.260229627996515234e+01
5.313114472794820387e+01
5.156680723230157781e+01
5.239602997735752865e+01
5.672426037632886420e+01
5.450491407363600871e+01
5.619989261193133956e+01
5.407256902532311926e+01
5.490813886766000707e+01
5.296862676932424563e+01
5.449064699296960868e+01
5.227055118628744879e+01
5.318596344975688339e+01
5.108492134236765025e+01
5.541710486216686604e+01
5.537161932857000579e+01
5.660854235482560881e+01
5.251419794803177155e+01
5.766297610121510786e+01
5.276009340981901374e+01
5.692011666032271222e+01
5.023705681233803233e+01
5.544688419629864740e+01
4.921012430736134746e+01
5.424352366123294189e+01
5.726081897718504621e+01
5.198157968580802901e+01
5.683829558373745527e+01
5.008705769113466744e+01
5.584943771790469924e+01
4.956370916201959886e+01
5.436029575422946181e+01
4.751982690747547622e+01
5.328481197458933849e+01
5.470692967746669666e+01
5.781040632326465101e+01
5.213574797852498932e+01
5.620233224925983961e+01
5.063989890612716493e+01
5.471424273717821052e+01
4.947400921280549824e+01
5.328608427945292902e+01
4.769599892648116679e+01
5.176062198477486476e+01
5.401752389942213739e+01
5.532912387520390496e+01
5.244547053948598858e+01
5.450471799420451902e+01
5.088384454056577511e+01
5.297931980176652900e+01
4.951772602522509459e+01
5.144227708066057403e+01
5.358310316096915216e+01
5.641090706886226513e+01
5.129451574085920385e+01
5.386399161192512253e+01
5.074239992109900754e+01
5.320986845830712753e+01
4.857767849466669219e+01
5.110801276700765783e+01
4.703685251977665160e+01
4.973363956647131801e+01
5.204617421573952640e+01
5.359468380381043318e+01
5.033956044663584350e+01
5.259687609515939499e+01
4.768558748433096639e+01
5.092265330651012789e+01
4.579156229791613697e+01
4.889539896142103004e+01
5.065970221218228176e+01
5.253620724627378991e+01
4.751316803155336999e+01
5.057428969217240677e+01
4.655894039288352815e+01
4.920916043136624296e+01
4.440459634248904308e+01
4.730656987555357773e+01
4.937557542520496412e+01
5.071714103483472513e+01
4.883390784379496807e+01
5.031434134817538961e+01
4.523143675509855655e+01
4.796012645204654490e+01
4.427325158893351187e+01
4.629813509633467561e+01
4.875121894940585321e+01
4.949074516106206545e+01
4.797812579906055674e+01
4.880621252533700272e+01
4.528988055800955692e+01
4.654820345751062405e+01
4.395217078742447114e+01
4.553363441947107759e+01
4.848268951910836222e+01
4.828885297800411536e+01
4.639762797419420082e+01
4.670883576591914021e+01
4.507465683702029935e+01
4.535535429515232408e+01
4.267744044037954865e+01
4.562802393338515117e+01
4.578767028198149092e+01
4.909027293469215181e+01
4.346793014344332562e+01
4.715347882125731616e+01
4.228907745877364732e+01
4.607872723831192729e+01
3.979582852737233623e+01
4.379302574372194812e+01
4.468460938146987615e+01
4.668359936037473545e+01
4.291895127433640766e+01
4.672216289021076108e+01
4.001331302054213523e+01
4.438978279916127434e+01
4.720774483960664014e+01
4.422861481097794467e+01
4.461721298238391853e+01
4.326187318916474567e+01
4.232373191293505243e+01
4.101545731545025575e+01
4.169658602298171246e+01
4.011096709517642722e+01
4.319717983189048738e+01
4.586919956036702928e+01
3.933451259484596108e+01
4.316269755421139109e+01
3.948552729892423940e+01
4.241813118447636555e+01
3.564295600019221411e+01
3.985164755137799375e+01
4.281477601470641758e+01
4.120079570254402057e+01
4.106692274621373429e+01
3.876384689861030353e+01
4.028652386916791528e+01
3.789143123302618221e+01
3.742020938913140071e+01
4.089987149091894736e+01
3.977173734616148693e+01
4.074278994013916133e+01
3.783050423569197562e+01
3.861161732057858842e+01
3.611295056789618485e+01
3.743724719109669508e+01
4.090713540422498085e+01
3.708356484009092924e+01
4.102383157562250915e+01
3.285504757344777715e+01
3.846374079078625385e+01
3.101044020040475502e+01
3.642699992895006744e+01
3.886934693638461624e+01
3.839848668601739945e+01
3.571288022579460630e+01
3.878579928701921631e+01
3.137086304819994353e+01
3.597180098918919100e+01
3.820379642348595439e+01
3.876102725858957143e+01
3.586976730041700279e+01
3.811022411419119038e+01
3.179223355902254156e+01
3.572579837290608396e+01
3.009280210725827587e+01
3.393063580454676753e+01
3.656276992878982668e+01
3.650278052890618596e+01
3.475522637640305135e+01
3.647765915816094662e+01
3.171080528671373600e+01
3.381160046865969093e+01
3.611039931823769678e+01
3.717898692910225122e+01
3.361904321208292856e+01
3.591410664416843446e+01
3.098492311001121990e+01
3.329062750458739117e+01
3.009966914667466398e+01
3.229469285022832281e+01
3.412290978493432192e+01
3.568893497346608967e+01
3.144550386021778721e+01
3.362335986371653718e+01
2.887405928704738045e+01
3.153999569103100242e+01
3.300737056954906734e+01
3.500906622514905564e+01
3.347006771080754817e+01
3.306162765800508652e+01
3.180372144578541338e+01
3.052816173048406512e+01
3.192774394167334506e+01
3.426286913585592231e+01
3.457095120167185343e+01
3.088160806688178184e+01
3.218049237057161349e+01
2.932760341727668418e+01
3.082060688822853933e+01
3.355529556963392679e+01
3.353710151317375932e+01
3.247149102113851171e+01
3.284392309369492580e+01
2.869363721506111986e+01
3.283338848960736556e+01
3.234617163911421756e+01
3.569564808374406795e+01
2.934933266608291902e+01
3.399307781191780009e+01
2.796983826530549777e+01
3.262525722112152948e+01
3.229730043996357125e+01
3.577212454058215485e+01
2.848122137428541478e+01
3.399782101856531114e+01
2.777119080408567342e+01
3.283440528526393365e+01
3.456760415925187857e+01
3.347770451472431574e+01
3.270523822571506400e+01
3.198722972190113722e+01
3.142607863200653640e+01
3.062157672336128655e+01
3.353317721202424195e+01
3.632702784488122916e+01
3.117176272242614132e+01
3.425760417067252916e+01
3.029779107392061022e+01
3.318609147955045557e+01
3.615420402439198000e+01
3.331877217322287521e+01
3.426957037454810973e+01
3.263256111802242287e+01
3.226899835533455274e+01
3.071806892029117364e+01
3.110104712232956814e+01
3.446577065763007397e+01
3.336499293051198833e+01
3.383667136522973351e+01
3.157818873254589320e+01
3.196375590189447990e+01
2.975684046472484212e+01
3.362132162144573044e+01
3.380406049470816754e+01
3.419421943472836745e+01
3.210918679503402018e+01
3.068745879236161400e+01
3.307701927370756323e+01
3.638623908457429934e+01
3.323022248800912593e+01
3.606074893245578750e+01
3.197128763277101982e+01
3.480586312078008859e+01
3.758901090416096480e+01
3.479201257462209895e+01
3.742020605898958507e+01
3.296459660374977574e+01
3.658499711086162165e+01
2.918803729187117213e+01
3.356781092309945080e+01
3.591402045859819481e+01
3.697790606193634488e+01
3.320870415684321131e+01
3.529623650579706862e+01
3.147926321440331776e+01
3.429249221955387839e+01
3.581038005909113053e+01
3.732107276322329170e+01
3.399432407068487549e+01
3.615526571206367379e+01
3.191324109088856531e+01
3.509007365379458321e+01
3.677582264585739580e+01
3.796395640458172238e+01
3.503553670433410616e+01
3.741632368829279898e+01
3.236660661918350002e+01
3.560077159710374417e+01
3.733477654951722968e+01
3.936551498643230929e+01
3.378867531518936573e+01
3.699433839990395967e+01
3.871288765152479527e+01
4.085874120718701619e+01
3.959862636152391957e+01
3.850575769000509041e+01
3.907882642610155699e+01
3.451336092496300267e+01
3.714463599565571172e+01
3.951986883137558948e+01
4.047354295637252619e+01
3.763690185514936104e+01
3.908800417905047908e+01
4.182193947925951960e+01
4.230486005443317765e+01
4.051900601199141505e+01
4.131429017216372301e+01
3.833290136871458031e+01
3.974225186933957588e+01
4.283222203893605950e+01
4.338261261125141033e+01
4.063965208871454138e+01
4.114991847011332737e+01
4.177015437992844937e+01
3.897103904684730935e+01
4.275795212089474973e+01
4.410566761775557154e+01
4.134748907841145638e+01
4.180520562249250816e+01
4.103404375731915366e+01
4.501778615911393899e+01
4.355258618786670155e+01
4.712961040301439652e+01
4.072009139074476991e+01
4.515183977926323422e+01
4.806194518684933570e+01
4.570519274563797296e+01
4.583013015989788386e+01
4.472598618801971071e+01
4.377550517806061947e+01
4.279958276206875212e+01
4.678952929525276261e+01
4.875420708221315635e+01
4.301668268836223774e+01
4.784175412783157100e+01
4.074774299055117410e+01
4.580285283527705076e+01
4.909067013951836600e+01
4.536305176332768241e+01
4.701219854749922433e+01
4.585219178884700852e+01
4.552683800844265249e+01
4.869276783247146057e+01
4.953545500114371691e+01
4.700780681782992332e+01
4.825793221039340608e+01
4.560645175054927591e+01
4.881181407836216124e+01
5.007567502842292129e+01
5.036729058852026242e+01
4.580366869381835926e+01
5.018077538488459055e+01
4.451986296747271865e+01
4.863816751451754783e+01
5.099046200474485602e+01
4.930490266592314441e+01
4.757627386534474567e+01
4.943126675833471495e+01
5.260379257679447562e+01
5.154365279872948236e+01
4.948580232252698607e+01
5.198957070266121860e+01
4.689517621840094819e+01
5.057768261868470461e+01
5.148814549323830647e+01
5.388551464812537262e+01
4.903679461550378704e+01
5.186189482549071528e+01
5.315935645718518998e+01
5.520224641660625764e+01
5.148777965902711173e+01
5.384114443756534740e+01
4.878611969263144488e+01
5.136932869417289993e+01
5.342723835047412706e+01
5.473903004105224568e+01
5.276254327618413242e+01
5.485026860583112551e+01
4.967898788006411337e+01
5.215516687404353036e+01
5.410266043729128427e+01
5.563307629120344444e+01
5.064646721899997317e+01
5.332457665900545152e+01
5.559858477076468120e+01
5.654853669918465187e+01
5.351574146043084568e+01
5.544630682813039613e+01
5.013248534681940072e+01
5.307612384835277908e+01
5.565893432087232640e+01
5.600325332024948466e+01
5.487224791297130366e+01
5.563055369334567501e+01
5.869848154609176305e+01
5.834516127337428060e+01
5.513512569945314823e+01
5.608517632026484279e+01
5.432645444402034940e+01
5.514569581676072119e+01
5.840745479394302464e+01
5.757172908971736547e+01
5.546239490426167862e+01
5.561832855751281812e+01
5.895350392811921836e+01
6.050548251334788574e+01
5.674762846773045766e+01
6.011903060590361036e+01
5.358951871574343073e+01
5.782825738108802227e+01
6.102777124255020169e+01
5.895666931911623010e+01
5.846301197434572572e+01
5.721352308629050043e+01
6.084955077996272621e+01
6.302679591052371677e+01
5.541511612277031418e+01
6.102289987948790184e+01
5.529579621402628220e+01
5.981015604436125699e+01
6.269281100723529221e+01
5.747886926189966061e+01
6.178805357177984803e+01
5.369744998486372367e+01
5.930866429675469220e+01
6.213766202386766224e+01
5.859636101335752301e+01
6.172793721745695450e+01
5.393977218748420199e+01
5.943014618050786169e+01
6.114483985127529309e+01
6.394157760349472142e+01
5.584089633856355306e+01
6.062179994586073661e+01
6.313125805255989320e+01
6.375131734710716103e+01
5.970092685392341281e+01
6.133555316317639949e+01
5.759695372933688162e+01
6.013144887320515863e+01
6.102116496630716114e+01
6.314141500534196894e+01
5.741190753525602730e+01
6.084935560641483221e+01
6.211139851384403698e+01
6.426268524724851261e+01
5.759867347848671670e+01
6.176551527093030813e+01
5.581567092201874658e+01
5.942555591272873983e+01
6.050499048018919268e+01
6.258111834404596152e+01
5.657147740010696424e+01
5.992008191442847931e+01
6.125914944630584102e+01
6.286565399839270185e+01
5.819883180683840607e+01
6.125351900700567143e+01
5.623906687561523654e+01
5.857608384593668660e+01
6.021592192904179797e+01
6.137921745395174611e+01
5.878331925658310553e+01
6.025281326277022487e+01
6.222535121217598686e+01
6.281331427806402701e+01
5.821563527712473984e+01
6.016805446632744747e+01
6.259046628908222942e+01
6.273966168115443054e+01
6.349474687112976312e+01
5.843485770877273922e+01
6.142432578754892347e+01
6.245849904629007199e+01
6.443181169212479631e+01
5.810435664832474600e+01
6.122335915075094448e+01
5.950431597749758339e+01
6.254613312981561535e+01
6.246777917726165441e+01
5.952448645711434949e+01
5.950531337796142139e+01
5.814272204899216945e+01
5.903537370997216271e+01
6.190498076245393122e+01
6.008805650778418084e+01
5.904160242631642319e+01
6.215736571107333930e+01
5.979781767386624836e+01
6.315900234994448681e+01
5.826157269360869151e+01
6.130463237179396430e+01
6.392463416169334067e+01
6.047416252031011652e+01
6.056409152678088503e+01
5.832861852533294211e+01
5.840450554605127564e+01
6.184759928175385824e+01
5.865689699721590245e+01
6.179784460960042480e+01
5.558959467893171080e+01
5.903973239691576680e+01
6.157541226059634454e+01
5.838530411293939437e+01
5.909495242793913405e+01
5.604951441430718262e+01
5.940954805014087015e+01
5.969387391075872529e+01
5.983349168595025702e+01
5.468709401224047184e+01
5.858691597008481011e+01
6.077817037533341704e+01
6.140779218322363420e+01
5.514004298288619310e+01
5.824713446529846550e+01
5.460165285074889141e+01
5.647037335740750308e+01
5.705181040884248489e+01
5.905698479730574491e+01
5.392233785865822426e+01
5.645732500324272252e+01
5.726162600756057941e+01
5.916924066193895726e+01
5.344174618373038044e+01
5.624468825592369114e+01
5.705249549416220134e+01
5.870749915039572642e+01
5.385845495413785500e+01
5.633648005205441223e+01
5.758968089177133720e+01
5.884501405966367571e+01
5.466533753731524570e+01
5.629052388872469948e+01
5.208255479822313561e+01
5.382302574635185266e+01
5.559327062608145553e+01
5.609344632509020556e+01
5.336921350049443191e+01
5.638988941140464561e+01
5.655175164885139338e+01
5.772843331547123569e+01
5.309483067679263968e+01
5.496197193904683331e+01
5.641121509800693445e+01
5.604912979863780720e+01
5.338633331645105784e+01
5.375595506387858791e+01
5.074131543700967484e+01
5.154095818967893905e+01
5.392376302104035801e+01
5.325500722075947380e+01
5.298417039115246752e+01
5.321121779705463695e+01
5.578519306873075578e+01
5.429732411531509229e+01
5.152025629114792338e+01
5.095579124775875357e+01
5.374165235822799502e+01
5.361232974263987217e+01
5.393415470286191749e+01
5.109659115589110456e+01
5.031313575728943732e+01
5.339948512772121347e+01
5.102945358712711510e+01
5.391201130767494476e+01
4.686957497628401370e+01
5.079171012107129002e+01
5.325182365273470708e+01
5.056482045905168121e+01
5.144375519734386870e+01
4.820209006903729687e+01
5.132933533788305169e+01
5.190434419325590198e+01
4.949735127378164634e+01
4.886365648342407297e+01
5.228839070468445982e+01
4.924429656410845269e+01
5.232076317980209268e+01
4.381353748601480191e+01
4.905663830986692631e+01
5.037918596037426511e+01
5.238068355559229872e+01
4.490123626346845498e+01
4.931449162497564487e+01
5.136756629065690305e+01
5.204237427900049084e+01
4.789516284544408364e+01
4.859250003721064814e+01
5.079475414712631931e+01
5.239602350718261903e+01
4.547485332843995565e+01
4.926807137127614311e+01
4.294392663760877582e+01
4.671075234647030783e+01
4.738998030128826855e+01
4.904683798161020292e+01
4.496069705910716152e+01
4.719073642564770665e+01
4.815036867035613000e+01
4.947027739192360229e+01
4.550980100006704276e+01
4.733382426875474636e+01
4.832436302372217796e+01
4.926971676575791292e+01
4.674126190089381083e+01
4.808052079943906421e+01
4.907274539187699958e+01
5.009575105405116346e+01
4.515360158078430430e+01
4.687748148674000248e+01
4.345526863203388501e+01
4.482398566454419608e+01
4.659706451495586776e+01
4.693274188137139902e+01
4.370065452265431105e+01
4.477536395827483773e+01
4.688142021265173298e+01
4.677360191352426710e+01
4.556100119364303680e+01
4.579651842610366685e+01
4.822573054299127904e+01
4.751325021655213732e+01
4.426352722428093500e+01
4.451881200766219848e+01
4.704854038534827509e+01
4.714774487032016737e+01
4.584627473557764432e+01
4.522149775586245823e+01
4.816314325703308441e+01
4.791346468178174689e+01
4.813513009124598341e+01
4.588105454175536835e+01
4.356727211931007560e+01
4.724929533209850518e+01
4.494338042211078488e+01
4.823261999482936346e+01
4.221309333542471620e+01
4.556116243580304115e+01
4.812964735596224841e+01
4.530603177068685739e+01
4.586081014254614274e+01
4.928157411149432221e+01
4.635478624094820077e+01
4.703762508736609504e+01
4.480545606502546008e+01
4.413464231167373697e+01
4.781588211666023369e+01
4.573533336453141374e+01
4.791365221735321711e+01
4.247095047944667812e+01
4.518025480926061022e+01
4.751537718164408375e+01
4.898632442632915485e+01
4.400913307007049013e+01
4.652704285912945892e+01
4.837572067946236842e+01
4.558521041257728257e+01
4.806603681481537649e+01
4.972759015444895425e+01
4.983215153218474569e+01
4.517975730604484852e+01
4.891062310831382121e+01
4.174098802253062956e+01
4.611828196973552707e+01
4.701920065926529446e+01
4.877190375294414793e+01
4.312290939798869971e+01
4.578368135820239360e+01
4.681653110885139313e+01
4.840211794170365778e+01
4.580657718811828261e+01
4.727173604934959172e+01
4.902638329708663179e+01
4.951512311991857018e+01
4.575729927289814469e+01
4.727767070437511165e+01
4.914906918498309807e+01
5.003363638056453055e+01
4.537762865012635416e+01
4.717375245989094878e+01
4.908699334323848262e+01
4.964049728776668502e+01
4.952406677900987120e+01
4.725410304593822985e+01
4.996918702305099202e+01
4.999316507277431043e+01
5.038308086831268895e+01
4.927865988441801193e+01
5.208178547401411862e+01
5.145216517013442825e+01
4.811870492823498324e+01
4.855913540767637215e+01
4.790542626653017777e+01
4.790977150002793650e+01
5.073693457635624071e+01
4.968553719883957598e+01
4.736936414495022518e+01
5.082688682673190783e+01
4.902508815679785670e+01
5.224966069156814541e+01
4.704977688538398439e+01
5.097382961037764204e+01
5.330490642112859945e+01
5.003993535025653472e+01
5.070764901090832666e+01
5.407979867514388417e+01
5.134795537011427058e+01
5.277790939443359264e+01
4.964220896636278013e+01
4.983323650531551152e+01
5.341960737704466311e+01
5.030458631257116764e+01
5.317818746397507113e+01
4.548043831751479615e+01
5.066520314179110329e+01
5.319117928562165076e+01
5.043896892370707974e+01
5.321044703867061543e+01
5.484394143523263665e+01
5.536283757758396007e+01
5.183178613495879006e+01
5.232074360599003171e+01
5.475245268589962677e+01
5.664403152574713829e+01
4.988502308881766822e+01
5.381923802141871960e+01
4.809474052707034986e+01
5.145593546857039513e+01
5.319539822461679535e+01
5.360907383547171179e+01
4.723891387609642578e+01
5.145837718160898788e+01
5.291339673387498976e+01
5.389505906739675112e+01
5.085224140498366552e+01
5.296399020932560120e+01
5.430118941593866566e+01
5.496933583753870067e+01
5.072158017828228793e+01
5.266735093230798981e+01
5.405679803389485016e+01
5.530248004869348222e+01
5.253422450057518489e+01
5.499011405432192134e+01
5.597849610387888930e+01
5.616346860693781196e+01
5.106100090814440051e+01
5.373978312414524083e+01
5.439551682457702242e+01
5.631312053078829649e+01
5.438751662452666835e+01
5.710304610241995960e+01
5.712499507390707265e+01
5.381084705448099470e+01
5.475471557870232431e+01
5.718040496848600185e+01
5.682946790400924186e+01
5.721929784769043437e+01
5.632333899923997933e+01
5.252224249539144552e+01
5.324675065876810720e+01
5.610833122250311789e+01
5.491837810895561489e+01
5.458964085921225973e+01
5.727882231748355224e+01
5.534714331138830801e+01
5.831737703565714526e+01
5.219956165948356386e+01
5.603606792463205011e+01
5.828819630987617728e+01
5.568210187590351978e+01
5.520136848603968360e+01
5.860199890407407253e+01
5.582686427661936079e+01
5.915621575769555562e+01
5.288645935456415259e+01
5.626659778474173379e+01
5.885303985521887427e+01
5.558697327817555589e+01
5.576120391413781618e+01
5.902010301971955641e+01
5.830239282977326098e+01
5.893090187363081611e+01
5.534184762237349986e+01
5.607625803153653266e+01
5.919229314394276287e+01
5.541246186365759030e+01
5.675504535749593060e+01
5.333489901881641515e+01
5.569775450013496965e+01
5.626155982929797261e+01
5.822165642767954807e+01
5.281755439562163446e+01
5.558000986018392808e+01
5.718839076631495999e+01
5.794701269958178358e+01
5.361128244468663695e+01
5.570249736520601402e+01
5.652544283439682715e+01
5.836340073071105650e+01
5.263462295799634205e+01
5.526373096857809486e+01
5.614253863052525162e+01
5.765077027580189650e+01
5.429463783917537967e+01
5.587504373107512379e+01
5.729171984776148463e+01
5.826890005895599955e+01
5.327909855773106784e+01
5.496807054985637109e+01
5.670774498090170823e+01
5.723740419680306957e+01
5.687139678042282753e+01
5.870945252669490344e+01
5.878920558420504250e+01
5.836323278027218464e+01
5.544989330631410240e+01
5.791528650011285606e+01
5.764027425500607649e+01
5.910533382797775204e+01
5.544339045921269360e+01
5.803483268402869300e+01
5.728899896994898455e+01
5.943212798844535882e+01
5.434774177569273945e+01
5.747925339682845447e+01
5.680519074936610480e+01
5.941062075401671905e+01
5.416065667701749220e+01
5.745227314388640849e+01
5.827726874079355213e+01
5.727263920431061450e+01
5.523821788864542270e+01
5.851470231678558065e+01
5.626693774795449343e+01
5.940208009075995221e+01
5.544278397264969982e+01
5.734398140099572316e+01
5.982299964265332903e+01
5.643117526017130103e+01
5.682092501875692392e+01
5.980511381497941414e+01
5.699508272111913243e+01
5.815893859273943889e+01
5.506030618141850397e+01
5.446699796874671051e+01
5.767512743463614555e+01
5.514901157192893066e+01
5.811731793796185741e+01
6.040936864252100236e+01
5.628238299174871884e+01
5.928992307128905992e+01
5.349099205414620428e+01
5.698666278144808928e+01
5.822057060070012113e+01
5.690429091493030711e+01
5.584322589092648315e+01
5.345311912495490958e+01
5.586075776569243345e+01
5.710827304251859715e+01
5.645419494295481400e+01
5.220778762856512145e+01
5.440209868810325844e+01
5.507697511124379730e+01
5.659810177637699979e+01
5.160418063071242756e+01
5.396714873444612692e+01
5.501940658941701656e+01
5.622512919223635208e+01
5.314671995103854840e+01
5.442680288363559526e+01
5.576166977863617547e+01
5.665581724801035080e+01
5.191626427466284355e+01
5.398001754272561925e+01
5.444599694888685093e+01
5.608380415885476111e+01
5.404160505741486986e+01
5.613394911674013343e+01
5.650265741599186242e+01
5.535854287944729180e+01
5.586958185135315347e+01
5.802262472804468985e+01
5.764271267302553525e+01
5.327833379874195430e+01
5.408053833703512225e+01
5.647900038787852850e+01
5.583213588324161947e+01
5.671380255412184113e+01
5.371767142686391594e+01
5.645879064487440502e+01
5.568369768692422639e+01
5.582141000508921280e+01
5.807396861897564833e+01
5.615878178388378927e+01
5.857681612973380680e+01
5.188400662321635082e+01
5.605068920822269973e+01
5.852820143516324691e+01
5.605413605592310233e+01
5.603110742866869742e+01
5.921568057725316692e+01
5.645202481687744722e+01
5.893887551069169461e+01
5.028760733577549047e+01
5.595897456123370262e+01
5.843292687599579693e+01
5.517081822907159250e+01
5.545857236315365668e+01
5.855888145360108865e+01
5.752097870732588092e+01
5.895139280240657342e+01
5.222808486876593292e+01
5.698993287971343591e+01
5.895572075572846416e+01
5.319099467052068064e+01
5.628653376048478663e+01
5.753016835638210580e+01
5.929170683993024937e+01
5.267451410151945623e+01
5.689490633606563108e+01
5.876238120330200587e+01
5.941713915678666780e+01
5.511058162657997173e+01
5.704429296321738718e+01
5.832184054138677709e+01
5.916978340775730061e+01
5.440171200613081481e+01
5.629259990204839426e+01
5.758742092435906557e+01
5.904309417611953847e+01
5.426698317330118471e+01
5.600115773603648250e+01
5.709029762148312415e+01
5.865016298171117626e+01
5.563876596471798308e+01
5.767839836820655819e+01
5.848155463376986063e+01
5.979111141914849270e+01
5.442287364210331901e+01
5.694378118166410729e+01
5.733833380706742133e+01
5.938428708657251320e+01
5.646590886557223143e+01
5.737612159524523747e+01
5.931569367590066122e+01
5.820714752123249269e+01
5.494247774947103835e+01
5.558974360546685745e+01
5.808768921658722206e+01
5.740855143511406311e+01
5.762877806398179814e+01
5.658130416478215352e+01
5.945818831707568108e+01
5.832086120785749728e+01
5.527269016238535215e+01
5.493010186098252490e+01
5.784552930121890313e+01
5.886354599534777066e+01
5.678279363882499808e+01
5.615103701554453863e+01
5.920454031020445740e+01
5.692380712972992285e+01
5.976191260308749520e+01
5.207304617301530669e+01
5.671187837075397908e+01
5.908882755041896218e+01
5.604223093099943753e+01
5.671203301974362176e+01
5.982910387332538704e+01
5.666941502399618003e+01
5.830547170989310501e+01
6.105001581676461342e+01
5.978886800650868594e+01
5.886021523341196371e+01
5.591021088526846228e+01
5.920110752715297764e+01
5.979617109572095046e+01
5.875337576248053040e+01
5.798810045843296024e+01
6.033451209594251452e+01
6.208871534827774497e+01
5.656061745168081245e+01
5.932753646298316852e+01
6.129933904359437236e+01
5.898020779532016178e+01
6.074645846880096656e+01
5.407004487416575245e+01
5.752908071762774966e+01
5.889380203113907442e+01
5.998019501496654016e+01
5.503210947485717242e+01
5.658987676651155141e+01
5.808886970503419889e+01
5.922400331778734284e+01
5.552667765629776397e+01
5.747431966046801932e+01
5.846697016177344608e+01
5.981382235998474073e+01
5.516185848428703054e+01
5.708457534865831917e+01
5.794970869753134224e+01
5.957258423050914331e+01
5.992700963917967982e+01
6.176560054006671407e+01
6.053764946132499603e+01
5.641884345311238746e+01
5.732812631665003522e+01
5.942421195759667540e+01
5.928955516641356382e+01
5.960421726511467000e+01
6.191073614658074575e+01
6.105727414043347778e+01
5.757402050201167754e+01
5.776456039589996294e+01
6.036868169385923721e+01
5.930583723740294033e+01
6.080442806372079900e+01
5.763927949901254522e+01
6.083445775302295999e+01
6.052865131117818009e+01
5.805555468870237945e+01
5.712529446030811897e+01
6.010518161972638040e+01
6.211042026206395406e+01
5.578548308702355740e+01
5.944747357598203763e+01
6.192571822524726599e+01
5.890318181567816680e+01
5.895717506000841013e+01
5.644854346864314465e+01
5.955275853964789690e+01
6.133528341374115911e+01
5.542085829391133700e+01
5.857624108854062683e+01
6.084937261734392422e+01
5.909455509423241182e+01
5.964122871664179115e+01
6.248918653725524308e+01
5.829175148313949961e+01
5.965943259705478852e+01
5.610754648222779650e+01
5.893245872215827319e+01
5.822689966504601244e+01
6.016543418111389485e+01
5.608784826801711176e+01
5.832697277726122564e+01
5.854928486698652534e+01
6.014473015074358386e+01
5.502485828998268147e+01
5.714162571287791792e+01
5.792023700339047565e+01
5.933063922658794098e+01
5.418599161436905831e+01
5.632882955242655498e+01
5.729998631602733639e+01
5.839714175421465114e+01
5.549367813087906143e+01
5.713800044799556588e+01
5.780574306169116028e+01
5.923625987121750569e+01
5.979764787060221920e+01
6.128180648545902187e+01
5.713673151590187871e+01
5.895610813617371804e+01
6.013617589366257477e+01
5.980190597824572052e+01
5.750063413262597578e+01
5.787965469274655561e+01
6.011748151546106556e+01
5.939640436152281211e+01
5.528659571642942439e+01
5.587678135106438759e+01
5.835268382996939351e+01
5.740968527319121506e+01
5.927877073220169990e+01
5.430235196188557723e+01
5.693196545301610456e+01
5.589121484079962698e+01
5.843143286599302400e+01
5.423475538563796050e+01
5.677026959144892970e+01
5.743372516938238448e+01
5.612848389770829982e+01
5.899381963878352764e+01
6.094138316996087923e+01
5.443924646728912364e+01
5.753879001952395811e+01
5.992519442608406877e+01
5.702328748003558445e+01
5.798384606927171347e+01
5.502186405659369939e+01
5.799453424987422068e+01
5.796782542292770302e+01
5.502403175641389055e+01
5.443978877218407320e+01
5.745692675529237192e+01
5.606969301068789235e+01
5.818236069696071411e+01
6.043745913469467013e+01
5.462937297880340992e+01
5.856296149514783878e+01
5.043808004391797084e+01
5.505188363118644901e+01
5.621063623329941805e+01
5.791480791420857344e+01
5.095538460145108672e+01
5.482033558254375549e+01
5.651940203321208855e+01
5.710076555662420361e+01
5.252820355826926146e+01
5.436709590548434079e+01
5.510596498694698653e+01
5.639445099579425857e+01
5.173325692758891137e+01
5.416949754734827849e+01
5.518277807617806729e+01
5.648955278406225489e+01
5.753614299410811128e+01
5.860548317700681764e+01
5.339310790457813027e+01
5.482848349112225605e+01
5.593688552885087972e+01
5.658406011270106006e+01
5.717073502625055426e+01
5.232721323488441811e+01
5.359805211776281908e+01
5.525123608527303531e+01
5.534322983974474397e+01
5.300320284700619311e+01
5.362006004943015114e+01
5.564394866828801156e+01
5.530781597339660749e+01
5.201017028953213384e+01
5.271284674508135737e+01
5.499277833963370909e+01
5.419564859951326241e+01
5.419190650842931944e+01
5.386822524367703835e+01
5.637189911485040028e+01
5.483366895195573676e+01
5.177479662463021981e+01
5.452626175910452844e+01
5.274103228993985937e+01
5.549257428643078782e+01
5.792521898381414047e+01
5.569857847038981191e+01
5.679546720951605465e+01
5.360069119408318272e+01
5.661936303199067311e+01
5.835774426649432201e+01
4.995150949004015217e+01
5.529961706918465580e+01
5.769276169082321815e+01
5.458196601472159415e+01
5.485896599218955316e+01
5.786506740398782256e+01
5.710700428604628343e+01
5.694507691514383652e+01
5.394019576309444375e+01
5.675656595323784614e+01
5.560368320341284232e+01
5.581411156101466986e+01
5.382219669011465868e+01
5.590115130365145291e+01
5.651811094312723327e+01
5.470109879147911869e+01
5.551076655518641445e+01
5.735127316586859081e+01
5.865508486330097782e+01
5.160867692883702773e+01
5.521261603090566439e+01
5.671595818107532239e+01
5.764419953721188250e+01
5.274588316539765742e+01
5.455275221303295297e+01
5.597063158904636282e+01
5.679860536376607882e+01
5.511007825416869110e+01
5.673560651718527481e+01
5.795471496574064219e+01
5.627981949886056867e+01
5.361143221264195091e+01
5.581587250047300586e+01
5.615273928954862726e+01
5.782204452468567979e+01
5.220639126330704016e+01
5.471762404723385487e+01
5.509871690851058190e+01
5.673047573078618200e+01
5.825885925069735549e+01
5.795930716604967614e+01
5.837722419488051884e+01
5.674086954549808581e+01
5.941684623905319995e+01
5.855255312044486971e+01
5.560746320236980722e+01
5.562839492484734905e+01
5.839058347758565048e+01
5.716217005486053182e+01
5.806492098703111537e+01
5.623331509073681644e+01
5.902323833964163668e+01
5.976749110883194049e+01
5.270238885297454345e+01
5.725568520359897207e+01
5.971087815767649687e+01
5.732792817093399407e+01
5.852034185160804469e+01
6.137117032527577720e+01
5.835416979925329883e+01
5.891983153316108002e+01
5.637294444731305276e+01
5.953262548689740896e+01
5.957942307514133518e+01
5.671763220052428522e+01
5.619641184365403319e+01
5.948041790980816046e+01
5.828083090898920915e+01
6.017012483946466261e+01
5.352603097924302489e+01
5.786375872309082524e+01
5.999370076410007613e+01
5.346651109719261541e+01
5.674509609753364714e+01
5.876930046624004689e+01
6.024063499285693979e+01
5.590961630779590763e+01
5.809043167612485803e+01
5.814346418126678628e+01
5.996150633640369421e+01
5.519631269299910059e+01
5.755839748310206261e+01
5.826486122163356640e+01
5.986038380969019812e+01
5.487307773346219619e+01
5.692113144735253627e+01
5.790307387686994645e+01
5.910623225244922452e+01
6.063562509133542733e+01
6.127642969058020839e+01
6.025359618446549348e+01
5.809436180894137891e+01
6.055708803409044094e+01
6.106479653990297152e+01
5.972915636796118832e+01
5.809109280001182896e+01
5.962095395495531847e+01
6.142480572442418918e+01
6.010434329708958501e+01
6.256098644539709852e+01
6.237191127210392239e+01
5.977397124435590570e+01
6.007745878557523156e+01
6.234422245001799467e+01
6.157059686696496215e+01
5.810580719805678740e+01
5.822558079079288262e+01
6.077568768963529777e+01
6.022660673909773976e+01
6.240229798857978949e+01
5.624818572796915817e+01
5.937743857484782239e+01
5.938992437365739363e+01
6.126460035955577865e+01
6.348316924339762579e+01
6.112169950820825193e+01
6.117098347493768529e+01
5.901822907406558727e+01
6.214318337204967690e+01
6.409145607154404445e+01
5.735076468196762534e+01
6.082130572190940399e+01
6.323312682901303106e+01
5.991240943394981144e+01
6.028149524158246209e+01
5.735722941320708657e+01
6.035662371964565409e+01
6.116068355703312420e+01
5.872365470797667086e+01
6.177030441033781472e+01
6.115222270241822144e+01
6.079438399288173400e+01
5.909029428341544588e+01
6.174764601104072881e+01
6.131678980376255339e+01
5.896117366333916010e+01
6.086359457820661589e+01
6.253410935183963915e+01
6.272546251677717066e+01
5.825861101910904694e+01
6.006949590503577951e+01
6.079535777734600543e+01
6.222101281524113148e+01
5.737069200032561866e+01
5.895119248259322120e+01
5.984841943818921806e+01
6.097825640400046865e+01
5.765839011060897690e+01
5.931411962425398343e+01
6.017198663903545963e+01
6.143437664908393003e+01
6.251644426748746497e+01
6.291586307257598776e+01
5.936204048037846093e+01
6.022629167933288130e+01
6.217300049629467651e+01
6.209085699099079392e+01
5.938262585956687900e+01
5.995670119240166684e+01
6.212917804958918566e+01
6.133311358226050203e+01
5.723826960753159199e+01
5.768471124605667200e+01
6.016791252453653271e+01
5.919627385586444746e+01
6.073816667800338109e+01
6.283350526492921517e+01
6.117962032520534166e+01
6.017405639164396547e+01
5.909041046563969957e+01
6.172265644962900666e+01
6.054834605945161741e+01
5.837924805533026529e+01
5.708904134580070178e+01
5.995384798673269700e+01
6.042368997226016347e+01
5.804864271396905906e+01
6.122466867648229538e+01
6.322454468168120201e+01
5.672911068696253523e+01
5.988377033961417339e+01
6.219980736695303136e+01
5.897907144142975255e+01
5.927098607425267573e+01
5.628640629625782310e+01
5.919468547799371549e+01
5.983375983715407642e+01
5.759750436770426774e+01
6.055889165857991685e+01
5.972392842245359645e+01
5.887169421984582840e+01
5.706216209659600480e+01
6.053492096627008578e+01
6.136471559142042054e+01
5.605014397024159223e+01
5.837786770228537137e+01
5.952989934425055907e+01
6.013642044501427364e+01
5.591328825239834543e+01
5.749253878864560363e+01
5.880598296403650238e+01
6.014646717746749260e+01
5.515855320996422506e+01
5.616052436202254228e+01
5.785465019280260890e+01
5.850724565366164143e+01
5.599040340769278146e+01
5.758906683377854563e+01
5.873779191033190017e+01
5.751964474460011445e+01
5.786317772690369310e+01
5.930321538475794796e+01
5.978106021109057622e+01
5.528081924512552803e+01
5.738933280907586010e+01
5.778418847216686771e+01
5.934393063574747629e+01
5.617328409557854485e+01
5.858977419193099934e+01
5.835811646789085216e+01
5.933747852285970481e+01
5.361906397448633754e+01
5.630580055064123002e+01
5.574316681963417608e+01
5.807931384580705014e+01
5.609414540552153738e+01
5.859753256881073469e+01
5.752682736789779483e+01
5.534835009517197335e+01
5.805113194479819327e+01
5.606886339334569413e+01
5.897205288833647074e+01
5.509086043678239264e+01
5.820221487265452964e+01
6.012194731941401216e+01
5.358732235455522641e+01
5.769066329021999451e+01
6.003934217889640479e+01
5.707043435781810103e+01
5.701421329804963278e+01
6.005015917701025785e+01
5.707338456220197997e+01
5.946200857949590812e+01
5.092058971104098930e+01
5.631119874141997883e+01
5.866578820951407636e+01
5.511635114850440686e+01
5.617769090293214163e+01
5.895805465541683787e+01
5.828160933541372657e+01
5.625631793844115691e+01
5.919902185438253639e+01
6.013657059753477796e+01
5.662462454494087183e+01
5.813413855299650379e+01
5.973640769963502350e+01
6.020136178185543230e+01
5.582961161843575582e+01
5.778965037896640666e+01
5.869171498445737001e+01
5.969689182205613776e+01
5.470831687246448638e+01
5.669191853903235057e+01
5.749726754632494163e+01
5.866711110734556911e+01
5.520300859072163746e+01
5.692002296013837537e+01
5.829825668563798757e+01
5.859766485566482430e+01
5.492819111109233887e+01
5.698056764115855088e+01
5.749761956297900412e+01
5.909120246789944986e+01
5.937936548502764822e+01
6.129528104355944862e+01
5.757631455689162436e+01
5.940942392704121033e+01
6.009314056662653059e+01
6.164975218171330340e+01
5.456972933809350934e+01
5.766911120695812798e+01
5.822509954535579624e+01
5.989380332341558244e+01
5.611438337209148841e+01
5.890858740157224105e+01
6.064487457854623642e+01
5.832990290159794711e+01
5.654244682127417576e+01
5.917261714663118255e+01
5.715908966279781822e+01
6.007515268585246559e+01
5.651169360608868431e+01
5.968440543619087890e+01
6.189850034813892421e+01
5.477362225335863144e+01
5.896989084732904729e+01
6.160623781461052317e+01
5.851485766062656779e+01
5.900493428682029418e+01
6.205096502697240624e+01
5.882062236491778151e+01
6.061280793625237351e+01
5.620877328598868417e+01
5.946478315231495770e+01
6.104280450413884296e+01
5.531734126715169708e+01
5.948559038504225782e+01
6.163005855519778464e+01
5.771408170469229759e+01
5.933260262152688114e+01
6.123480556655535878e+01
6.299858889082498337e+01
5.612421132130386070e+01
5.982108218770360963e+01
6.159427381460341877e+01
6.244512005930332776e+01
5.811120762019871222e+01
5.964381255282484773e+01
6.046529848146996500e+01
6.191372521431901532e+01
5.616957350383836456e+01
5.882982418789747214e+01
5.977619097650264735e+01
6.092205882712601550e+01
5.768107689645267300e+01
5.950586102281420153e+01
6.045019186761615515e+01
6.163620771551785538e+01
6.311234720595047065e+01
6.346399719923811489e+01
5.816892223337440271e+01
5.989659067820259253e+01
6.156673645214338819e+01
6.185217733254058459e+01
6.092235961944123090e+01
6.118157780309002192e+01
6.323756211574024633e+01
6.281818523314899494e+01
5.808128075118251132e+01
6.090058931256551489e+01
5.995766727667996321e+01
6.241513598314803346e+01
6.022487396977598451e+01
6.301826174846641493e+01
6.189801046975330934e+01
5.899670971729261737e+01
6.083414476166736051e+01
6.145211881032775381e+01
6.078753888883630196e+01
6.293817035329733045e+01
6.533859186132418984e+01
6.235071180567829430e+01
6.115697126697241970e+01
5.916122255632510019e+01
6.230320129418237940e+01
6.401663925081473394e+01
5.759308958183612503e+01
6.111365075682316217e+01
6.347426320085437368e+01
6.016617223459120112e+01
6.027565714478904368e+01
6.318495231601917794e+01
6.194722134012866377e+01
6.377271769685940939e+01
6.589044520889845558e+01
6.040850083723866248e+01
6.405256430623927599e+01
5.796192581380064723e+01
6.115070571819278200e+01
6.292706862153729475e+01
5.983510912203438892e+01
6.031992887689880689e+01
6.212039013768063000e+01
6.373128071541384543e+01
5.837287468873613960e+01
6.023287628892803980e+01
6.142646859799086911e+01
6.257253284270304050e+01
5.860735623519423143e+01
6.067120230979708140e+01
6.176296406031536890e+01
6.280786726216854277e+01
5.656997031531034281e+01
5.919582095733051830e+01
6.051241765554948415e+01
6.138843755399278024e+01
6.180061828013712244e+01
6.348515778679068688e+01
6.179558119015761264e+01
5.840082637724247405e+01
5.929103694626189025e+01
6.117667635675518056e+01
6.104908299708883135e+01
5.798709057545429602e+01
6.160663037737891301e+01
6.096406138635335026e+01
5.956301094859061607e+01
5.937273542618645905e+01
6.196059635874054550e+01
6.082059210309931530e+01
5.907475441323472154e+01
5.926731507330625703e+01
6.164821489769480678e+01
6.018549141031504490e+01
5.836267875941863537e+01
5.951721590762991809e+01
6.013831848926634649e+01
5.892667279628216193e+01
6.158105616714394159e+01
6.389820289383393970e+01
5.849905605992618973e+01
6.127631002865203413e+01
6.354192259771490825e+01
6.045190429548946298e+01
5.977186671855131550e+01
5.731296175083127764e+01
6.018765002704793687e+01
6.221243926872435281e+01
5.540864627469209580e+01
5.892083811105693059e+01
6.109178902900089980e+01
5.866410360228192644e+01
5.859813655539321786e+01
6.152456065603632851e+01
5.838252511146028922e+01
6.099233166701758790e+01
6.250782878891312322e+01
6.116267261737186089e+01
5.829024005302927947e+01
6.006972375789791130e+01
6.134423179733545339e+01
6.212727440859310235e+01
5.746324817620192249e+01
5.855467270826273563e+01
5.998966379817348127e+01
6.123179546604693968e+01
5.597039240134992610e+01
5.869711274360930275e+01
5.932079974470668304e+01
6.049579874840123495e+01
5.491830629968541189e+01
5.680357893403718350e+01
5.763941653185348457e+01
5.876842325386460431e+01
5.987035021840782889e+01
6.067125535877220699e+01
5.846589637217805802e+01
5.918663647001490347e+01
6.088191886602848513e+01
6.100496768992449148e+01
5.661131969473587588e+01
5.728280697577773850e+01
5.918755124208819041e+01
5.895878808997823484e+01
6.005656923325126684e+01
6.017299894315330988e+01
6.217699937014172207e+01
5.816381486123773215e+01
6.028516495137044728e+01
6.099459106051855883e+01
6.030367982799917570e+01
5.703836035232581025e+01
5.649182332462553546e+01
5.908264017458002826e+01
5.843535077969350056e+01
5.889068562916031624e+01
6.100388748776090608e+01
5.867849114201871430e+01
6.124904241015143924e+01
5.342907398887206227e+01
5.785558717228300907e+01
6.011764077965314357e+01
5.716935651048315492e+01
5.838848648286310805e+01
6.101730940836306161e+01
5.775494774585540370e+01
5.781174327378246858e+01
6.074799672140979823e+01
5.964711601071648772e+01
6.082498664293218837e+01
5.500801912531886018e+01
5.882902413580180934e+01
6.026865656853117059e+01
5.551339041652175155e+01
5.830858765738800287e+01
5.923987907434288047e+01
6.061841779173402500e+01
5.577408775000669294e+01
5.815684995905843380e+01
5.840105112373023388e+01
5.989564329914296081e+01
5.348537199409251741e+01
5.700642020913837626e+01
5.822819063335073508e+01
5.917605022159406758e+01
6.025814217866783906e+01
6.167758839162181062e+01
5.615847460432186722e+01
5.822540519038690121e+01
5.901568259437561181e+01
6.033048083954595597e+01
5.676386141271488839e+01
5.812889440714097589e+01
5.936279714367813654e+01
5.990930600284564633e+01
5.894205598919841549e+01
6.105059617120924287e+01
6.118698082483027179e+01
5.905838408867082734e+01
5.942275374991244519e+01
6.156189311989181334e+01
6.109321264124918116e+01
5.698149991877112086e+01
5.753912921314069706e+01
5.992974950674946655e+01
5.910093295313112804e+01
6.037988877198664994e+01
5.935697068221315220e+01
6.206979291798395337e+01
5.924259985492221148e+01
5.815454774789749592e+01
5.924835286306679905e+01
6.120562534404246691e+01
5.862539357382747340e+01
6.160697519180602910e+01
6.369452639895045110e+01
5.714671250621390897e+01
6.091056777096692088e+01
6.351191058704952042e+01
6.037186729669998897e+01
6.042401569578488818e+01
6.356160564467250396e+01
6.026784315403819647e+01
6.300111993982950054e+01
5.547366779745404131e+01
5.967683027222442860e+01
6.196800859977009424e+01
5.895238998302396283e+01
5.929418524311331851e+01
6.235146091678192448e+01
6.002319063818158185e+01
6.107531084583304448e+01
6.387471386783274596e+01
6.032194166575526140e+01
6.199381351153909492e+01
5.783580855677801225e+01
5.984054539413152440e+01
6.045918694126708459e+01
6.208536266386816038e+01
5.671641220452207932e+01
5.918315808438902081e+01
6.015702966111880556e+01
6.140980761069231875e+01
6.268276586505549375e+01
6.354693893041139319e+01
5.971461711240804249e+01
6.211126828034984726e+01
6.315047021053273824e+01
6.387511346611226060e+01
5.880511669836409538e+01
6.063084925423096649e+01
6.124058782771535192e+01
6.272275174464762415e+01
5.771015221040840970e+01
6.007575355838041986e+01
6.020468956148007322e+01
6.197988340195471579e+01
6.088855338060571398e+01
6.323565278286584146e+01
6.296474348483663164e+01
5.950890255464405243e+01
6.179444635279821796e+01
6.105115801800739916e+01
6.329341606842462653e+01
5.945451257009315071e+01
6.243477144343262353e+01
6.210216738937454295e+01
6.355474035579342029e+01
6.435358475499216979e+01
6.383014561774879070e+01
6.175127435197053671e+01
6.057418824140513891e+01
6.351030043257532043e+01
6.492107010048907512e+01
5.808533247688338008e+01
6.149046679103219759e+01
6.392834109077066529e+01
6.090896660241767790e+01
6.290395858974392951e+01
6.543610961414135829e+01
6.210046285611529981e+01
6.188658984551752695e+01
5.898523321604810832e+01
6.196419567189460764e+01
6.383899657670275474e+01
5.788510143566388422e+01
6.138728019521219892e+01
6.345042971414058997e+01
6.239524400400190984e+01
5.897752301513801143e+01
6.310600238592648026e+01
6.389194659887071737e+01
5.964500311990693149e+01
6.019170030324718823e+01
6.199274154754911592e+01
6.361893026920439098e+01
5.892699865768683765e+01
6.102878525000917875e+01
6.197700695015995365e+01
6.311270928432071514e+01
5.751146575385751447e+01
5.973007995919680013e+01
6.111450358325646448e+01
6.181709130694169119e+01
6.304488662154244594e+01
6.400343675229403573e+01
6.211459750135932012e+01
5.905672757948342166e+01
6.109982368327545998e+01
6.153818343360406118e+01
6.218135589743801717e+01
5.776403783379551982e+01
5.897435631465432948e+01
6.047123182789589890e+01
6.031538336706613990e+01
6.238778587587662372e+01
6.193403157421861494e+01
6.348576342253138449e+01
5.642785644538653145e+01
6.020690863721915065e+01
5.928848733274400473e+01
6.180954074464793280e+01
6.211373235463495490e+01
6.281935707143845349e+01
6.125011192651722070e+01
5.819488572555713546e+01
5.971061010603757779e+01
6.079695444120247316e+01
5.920702260148076590e+01
6.183947197082517278e+01
6.421774798646897864e+01
6.088816624110950926e+01
6.105016745701099268e+01
6.373375667968651470e+01
6.079994055759525651e+01
6.189005138842113496e+01
5.859219177339192441e+01
6.151642039271396101e+01
6.199089153908106198e+01
5.859116924336717602e+01
6.142693446417852954e+01
6.084359857904039615e+01
6.041782061048842678e+01
5.915813170994178449e+01
6.195017893868072179e+01
6.192600551561852029e+01
5.712083881011812991e+01
6.062332630824955260e+01
6.156936096674186132e+01
6.019091981363358457e+01
5.935384750756715988e+01
6.127240552715279165e+01
6.283407252174300339e+01
5.709461826654274574e+01
5.955086458747874900e+01
6.067138056750938091e+01
6.146777171419671504e+01
5.647165191917932248e+01
5.907607053685867271e+01
5.975150839058703411e+01
6.078632398569580175e+01
5.445817714600859460e+01
5.703640725224921226e+01
5.790750193348269903e+01
5.893707150360703650e+01
6.002279083871717802e+01
6.081316003034667261e+01
5.844504042260849985e+01
5.927385304721079962e+01
6.091989887701401329e+01
6.101384372897150854e+01
5.663418226507769049e+01
5.723968069074243914e+01
5.912173479566789069e+01
5.886822154674428731e+01
6.002898230326978535e+01
5.994965342105599149e+01
6.204934624851975400e+01
5.852416315789263024e+01
5.956161762061101683e+01
6.149489792996924820e+01
5.977863045559748656e+01
5.718941190784662609e+01
5.892462204930440350e+01
5.835082169335893099e+01
6.102466110858561876e+01
5.750154317671976401e+01
6.039331195435484290e+01
6.011525429400308695e+01
5.826371697945641870e+01
6.176561382621437701e+01
5.916858794392478416e+01
6.137860596736351937e+01
5.374960620490505647e+01
5.824841841702954071e+01
6.054566486996608177e+01
5.726375179668406190e+01
5.747941519722760972e+01
6.033849525783824674e+01
5.922778319752795539e+01
6.045335130462385820e+01
6.282331083135787964e+01
5.556526541434905653e+01
6.048721489797712536e+01
5.312724230999470620e+01
5.760709703152894434e+01
5.866707805888256644e+01
6.004434915463083655e+01
6.146887513423034477e+01
6.246443418101117828e+01
5.795757097247354039e+01
5.877430182663221103e+01
6.028192388280016445e+01
6.160587360195414419e+01
5.633151634329105661e+01
5.925555407935362240e+01
5.991414639246451657e+01
6.114997483368471620e+01
5.535758676440360659e+01
5.749019145426331079e+01
5.835929803643242053e+01
5.958490541375738303e+01
6.102470752604072146e+01
6.138684898524602573e+01
6.172586895256230832e+01
5.718316673142270190e+01
5.808438706480374236e+01
5.985920455201753043e+01
5.997609632385523781e+01
5.869636672267621691e+01
6.114796492601549716e+01
6.077736355900886167e+01
5.818988935641890237e+01
5.846235168360764334e+01
6.086183129329123176e+01
5.997161144822327827e+01
5.888712692992023534e+01
5.847808425043461966e+01
6.116635495337833817e+01
5.963798738458092430e+01
6.245859183726675212e+01
6.431314399841127738e+01
5.724236045571014841e+01
6.073240765506471917e+01
6.339730486474798710e+01
6.096787347920713529e+01
6.308866080731871051e+01
5.603739990907610746e+01
6.020206300877259054e+01
6.228672139454478440e+01
5.904178228802835093e+01
6.216743467545641266e+01
6.389600420329389863e+01
5.715727902317333076e+01
6.127172355017125227e+01
6.351931407343264624e+01
6.129670056480242835e+01
6.241556701380461192e+01
6.498866784856214451e+01
6.088140205059909249e+01
6.277939650703091701e+01
5.861390425671324067e+01
6.060875616596186433e+01
6.087596549559238213e+01
6.259712073261434284e+01
5.743866254704333585e+01
5.997940898906694684e+01
6.093645557858597783e+01
6.209331466189009774e+01
6.334386971096840568e+01
6.429153830740996511e+01
5.875244959044249526e+01
6.118309907746337473e+01
6.236065617386035598e+01
6.350941183370603227e+01
5.919663075980157885e+01
6.092863650965323075e+01
6.214446412100768669e+01
6.294658291520433124e+01
5.924185855120951061e+01
6.137458835597421825e+01
6.184277952261199118e+01
6.327878924552793194e+01
5.780363703734131064e+01
6.001608531411982028e+01
6.010902868113456066e+01
6.172660301536824079e+01
6.220047100517158611e+01
6.357723946166256468e+01
5.982904073690303193e+01
6.251807389620628186e+01
6.351955694958446230e+01
6.297416434177668521e+01
6.024296030920041289e+01
6.073431734113253810e+01
6.310549558082976063e+01
6.169431628496522535e+01
5.993581434988811196e+01
6.006547830490859496e+01
6.274258593089398772e+01
6.068601937747392583e+01
6.358903133295992660e+01
6.591458631360339382e+01
6.122880915373158217e+01
6.386273699068490117e+01
6.614509830075814989e+01
6.237002783745202805e+01
6.243395254021420016e+01
5.979026077486332724e+01
6.279240803863225295e+01
6.449963287086795560e+01
5.853149653511207617e+01
6.146295962049768491e+01
6.364748209862154482e+01
6.064915463932467787e+01
6.096120078732695902e+01
6.376804040162572562e+01
6.110138091259592130e+01
6.348888005101937182e+01
6.555917804797533677e+01
6.034298315997978790e+01
6.425220467007802938e+01
5.851555542335277238e+01
6.065461391291724880e+01
6.210041133281530534e+01
6.265898623842524984e+01
6.420471255596358162e+01
6.543588120376981010e+01
5.971223266661043994e+01
6.184638902877431832e+01
6.293256802833612795e+01
6.401167470057512787e+01
5.989508594358724025e+01
6.136290046503110318e+01
6.238877183721083242e+01
6.313295011104492005e+01
5.977212378470275667e+01
6.183800229230346446e+01
6.219229419482471144e+01
6.275129146174921857e+01
5.806836262511037461e+01
5.940862530783133622e+01
6.100575867637532212e+01
6.087509999397592253e+01
6.300301303786572760e+01
6.251892292268872353e+01
6.323433314500886127e+01
5.596176563466153198e+01
5.966211557492784578e+01
5.937001375033096195e+01
6.167978293138470747e+01
6.233124608814006962e+01
6.196548264413393525e+01
6.388525784321043233e+01
5.625930611473071252e+01
6.024603145740729815e+01
6.022395241789839559e+01
6.111144941292538135e+01
5.842995101478017972e+01
6.119659471614119894e+01
6.346496057248283762e+01
5.715960816239940812e+01
6.016463817961552962e+01
6.243388290633062354e+01
5.943362052313486998e+01
6.017804409959596512e+01
6.280745703012693326e+01
5.954217063237125984e+01
6.055514568839947032e+01
6.307602629028648522e+01
6.132650168261765344e+01
6.083410698585585408e+01
5.730057054639136993e+01
6.040726907835016135e+01
6.213409145554751234e+01
5.523839538329654886e+01
5.899977724339141361e+01
6.080645558548870611e+01
6.099143980647552610e+01
5.651323331115212056e+01
5.894544068878420973e+01
5.882418796542556549e+01
6.041747753257251219e+01
5.617065390199882557e+01
5.820323521954227886e+01
5.912065097897540511e+01
5.962492664789745334e+01
6.057901807830345575e+01
6.187230793938466888e+01
5.671278075294119247e+01
5.843847800672116222e+01
5.932663516002034498e+01
6.031045665851632975e+01
5.714844619484136246e+01
5.822824613882447409e+01
5.937203624059123541e+01
6.000728145337936326e+01
6.152426539179485587e+01
6.176968652846621666e+01
5.852288938145651542e+01
5.926626450052649631e+01
6.111784063571733583e+01
6.079340664760461266e+01
5.748715422429437183e+01
5.775687427541127761e+01
5.992071701824752950e+01
5.918450455785502129e+01
6.100865470878344610e+01
5.524025551962166247e+01
5.816043015335989708e+01
5.709531536755012127e+01
5.956985869553062685e+01
6.195028510241604636e+01
5.989518563620121938e+01
6.065714747140872021e+01
6.193198074058972225e+01
6.037078683357255926e+01
6.099530486430217735e+01
5.881236739237528610e+01
6.167364715078412019e+01
6.194350864833489823e+01
5.627319038968334297e+01
5.994448466877829418e+01
6.218364068151444002e+01
5.787120076389643941e+01
6.018946552156106122e+01
6.256055803565497797e+01
5.839140706641107670e+01
6.259916054778567229e+01
5.353796021695077911e+01
5.887609588987223219e+01
6.092345699215159271e+01
5.595828303048634211e+01
5.921607356735334804e+01
5.873588673111188996e+01
6.057089953432317486e+01
5.687737117631410655e+01
5.914492717273765976e+01
5.940479337628716650e+01
6.044020394256315143e+01
5.396319756144168878e+01
5.743079663389364242e+01
5.873607324870841495e+01
5.942026426847839815e+01
6.045629156137484017e+01
6.185878877525995989e+01
5.650067422657092209e+01
5.851955516930649281e+01
5.945161700922297143e+01
6.060036421751432556e+01
5.691378667090521759e+01
5.827275996008532388e+01
5.949269793292993569e+01
6.004835430217725900e+01
5.907283946117879481e+01
6.116075805780839403e+01
6.127381652003852963e+01
5.902658497849766661e+01
5.959206713455574800e+01
6.165960046368434178e+01
6.114887930038978681e+01
5.697218819330299056e+01
5.748019672700330318e+01
5.984971149622646891e+01
5.899350373611060405e+01
6.157751551968880221e+01
6.104051962343890381e+01
6.340627719705209131e+01
5.673506690347804948e+01
6.015216030745965980e+01
5.984535004433843852e+01
6.225455653432773317e+01
6.457192844747522997e+01
6.213291817408742190e+01
6.345438418409010239e+01
5.965510869177822428e+01
6.280600356410339202e+01
6.472068230884849527e+01
5.697524257370823619e+01
6.125553361139611752e+01
6.365744924208232192e+01
6.023237331447061393e+01
6.141528965885665770e+01
6.412706203485213052e+01
6.246553479038425394e+01
6.302408702625596248e+01
5.952033134753455101e+01
6.236836445015686081e+01
6.147730064869642064e+01
5.950226401533247156e+01
6.282261825500005870e+01
6.368124203528358152e+01
5.988672335822407433e+01
6.041493457698089031e+01
6.230420796201882183e+01
6.401300460476349485e+01
5.852622219006450166e+01
6.166314317521097621e+01
6.272841153417417814e+01
6.378578926709246844e+01
5.795931168908137465e+01
6.044067559433305803e+01
6.196190350040031092e+01
6.259277244289075526e+01
5.875810094219340129e+01
6.050801203449800170e+01
6.137191905017539284e+01
6.286551455167472113e+01
6.337365896674403842e+01
6.517111449385795652e+01
6.016745251103745318e+01
6.207948737645008208e+01
6.325394999867523893e+01
6.322129545918750892e+01
6.162831399770286112e+01
6.197358459448565782e+01
6.397667994018225812e+01
6.361408649609537491e+01
5.895937340518825209e+01
6.170795079309198883e+01
6.107176877967016537e+01
6.317413319621358170e+01
6.499031546575486118e+01
6.320240361519132932e+01
6.437784370619500862e+01
6.188299117784283965e+01
6.469161390334819828e+01
6.449042609977610141e+01
5.998706052308568815e+01
6.407150519945004419e+01
6.184277203811687684e+01
6.486981073228297134e+01
6.068576681402347361e+01
6.399266350702439610e+01
6.605794157558099755e+01
5.964248993242708252e+01
6.308523211637885453e+01
6.540207829702953291e+01
6.191759747301957617e+01
6.188721711958929461e+01
6.477002824701165196e+01
6.315921029981243606e+01
6.547407470937740470e+01
6.744509694747846140e+01
6.174139796243262168e+01
6.509514733615846183e+01
5.957383102887975923e+01
6.271267961513489553e+01
6.347495134403701655e+01
6.386830207709857632e+01
5.799642703192391480e+01
6.065381882147460857e+01
6.232651035832579822e+01
6.375970579526725146e+01
6.481962338519753075e+01
6.558028602872255419e+01
6.090979823077829280e+01
6.275561172582989400e+01
6.375268871668542658e+01
6.457235255827970377e+01
5.947774092540979751e+01
6.096430298267398484e+01
6.204723788928553319e+01
6.298712803942498084e+01
6.234152818358367654e+01
6.365107958908022567e+01
6.379069788818667064e+01
6.184210895580778100e+01
6.197743899983327509e+01
6.387585264427888632e+01
6.362500205845706347e+01
5.881202629723568265e+01
6.166924157991435607e+01
6.129312404735570396e+01
6.253145159698328825e+01
6.415602502319759992e+01
6.325795911607582411e+01
6.286470315132555697e+01
6.200589218925287582e+01
6.470816806895531670e+01
6.303617737601389592e+01
6.071462383676762897e+01
6.004532937835634954e+01
6.262329355417021759e+01
6.185542521817172457e+01
6.305292408129992054e+01
6.521623468969104920e+01
6.258535783619495874e+01
6.164069302432060482e+01
5.962794503065453711e+01
6.243536061882149824e+01
6.421814426369492423e+01
5.782047619291454765e+01
6.088984025224995378e+01
6.314561325212559240e+01
5.980302136024759108e+01
6.027815116210830126e+01
6.291982426228438641e+01
6.109528004023439962e+01
6.144526135634258424e+01
6.421296820029928654e+01
6.067723342555569133e+01
6.280613682169370549e+01
5.522317324563096008e+01
5.928006522324481864e+01
6.107644520719052394e+01
6.078464853537889212e+01
6.235381058312919578e+01
6.372373152259691409e+01
5.812159219255091358e+01
6.114706131736792827e+01
6.244652751804402868e+01
6.318007418100671657e+01
5.842398334119771874e+01
6.000390379049019884e+01
6.099954907975792651e+01
6.173550095813954641e+01
5.755485000133901252e+01
5.882555607021706834e+01
5.991670688668540379e+01
6.093567970042084880e+01
5.696677208103109535e+01
5.871794959505228206e+01
5.920632222268146450e+01
6.033578849352310414e+01
6.072952336040275867e+01
6.237048741751284098e+01
6.115345321700309000e+01
5.564487503072859909e+01
5.825245728732775774e+01
5.813289352034730939e+01
5.999359434472021491e+01
5.984713125552909219e+01
6.192892522975976988e+01
6.081109797666007211e+01
5.657317594728333177e+01
5.839442229152731301e+01
5.821356731037916177e+01
6.036416142175096411e+01
6.231278519818054917e+01
6.030831700278077534e+01
6.248754231943794935e+01
5.588249909935382931e+01
5.963606932955264739e+01
5.974750007249312489e+01
5.968882720545057197e+01
5.599647388263969816e+01
5.996028327693782956e+01
5.983057079799095135e+01
5.953437326141541064e+01
6.234926404289166868e+01
6.025961310122875147e+01
5.831746640169086504e+01
6.077814614278801031e+01
6.292121953016295777e+01
5.546492349350194928e+01
6.029448419818375982e+01
6.233459760795103932e+01
6.088380651199064175e+01
5.952891110754590898e+01
5.769066505382911458e+01
6.119577838019812077e+01
5.939136859821565650e+01
6.061517716046771653e+01
6.221561633711606731e+01
6.355742547678874388e+01
5.644201253753803371e+01
5.986404058391333649e+01
6.132636754014715308e+01
6.222665817128596188e+01
5.716699581785526618e+01
5.911092313913715657e+01
6.036591648426850298e+01
6.096352239598354572e+01
5.714509475396106808e+01
5.889054482779015842e+01
6.015612508363947342e+01
6.048304270988786868e+01
5.680253058100938546e+01
5.894575548346139016e+01
5.983262702146617329e+01
5.939737241729433492e+01
5.993144418377448090e+01
6.164421865368140629e+01
6.065477785790243814e+01
6.298191764697894257e+01
6.277798832689257580e+01
6.094618069360222279e+01
6.089208117162373668e+01
6.339959161898394058e+01
6.240024576904999520e+01
5.879136926611975866e+01
5.874371977369611386e+01
6.149004447767489978e+01
6.039511458447468328e+01
5.993741624602857598e+01
6.203044143117598708e+01
6.014821593048512938e+01
6.293748803237152600e+01
5.672960695875851656e+01
6.060106842575397934e+01
6.295608931628324711e+01
5.995219438254384414e+01
6.311946035894217744e+01
6.529392130888413703e+01
5.761145879872444908e+01
6.212822431512686450e+01
6.470531450728427103e+01
6.109104252953081726e+01
6.130367264997165933e+01
6.455018991639303749e+01
6.158949748385550294e+01
6.299446684422872522e+01
5.944132049431732412e+01
6.259877825491985703e+01
6.215255784947105155e+01
6.118868269849239283e+01
6.236509162077393853e+01
6.506368752571898995e+01
5.771108129640713713e+01
6.166861827845696098e+01
6.367533144683556401e+01
6.543063376910899365e+01
6.054363893559805376e+01
6.129969820840554462e+01
6.316001852492134816e+01
6.465808742987394453e+01
5.876604100626121863e+01
6.145828497381966571e+01
6.323759430081364030e+01
6.376645697699066062e+01
5.930377455145361409e+01
6.138595991308699240e+01
6.282928919491998698e+01
6.311248619305386853e+01
6.404132367048937624e+01
6.559304019062845725e+01
5.993963302607483712e+01
6.212615619585603355e+01
6.406804419925552452e+01
6.417490307844275321e+01
6.427130929388913216e+01
6.446058472415788287e+01
6.675890117345261388e+01
6.285375449749548693e+01
6.540859762766122287e+01
6.524256251396900552e+01
6.735344809162076274e+01
6.138666579222458353e+01
6.466389026689282105e+01
6.401455655442710224e+01
6.668492810470922905e+01
6.094245860631415468e+01
6.464964245863482972e+01
6.405031225895673685e+01
6.679183291191050387e+01
5.993671104842329100e+01
6.362816374494335747e+01
6.421667948334996368e+01
6.350324217476843813e+01
6.674320922441002324e+01
6.823524164243858081e+01
6.100039402159760016e+01
6.491946329122764325e+01
6.768458850834932150e+01
6.401633645399202521e+01
6.412755115746854528e+01
6.753314333786462953e+01
6.424154095229995676e+01
6.692421751658667972e+01
6.198104377272201049e+01
6.515962069268556434e+01
6.644030541549881264e+01
6.258358838830034898e+01
6.609500821573429619e+01
6.574582499452974105e+01
6.694381487526328556e+01
6.226787984449185132e+01
6.528211222447124840e+01
6.517235054157532659e+01
6.682116448838546319e+01
6.854490032658571863e+01
6.950296092327782560e+01
6.432020531573670041e+01
6.574019908894773323e+01
6.732491916727114756e+01
6.855700239140476526e+01
6.318710589550823897e+01
6.557098847559193189e+01
6.674238986010338692e+01
6.779087239142398857e+01
6.276841542579401789e+01
6.480967254986367720e+01
6.566085207392413281e+01
6.744021110163467370e+01
6.792687112970675400e+01
7.029611012216295762e+01
6.442442219047806873e+01
6.599899829808150287e+01
6.854245580272180405e+01
6.815094175588127712e+01
6.506490008286303350e+01
6.816617073195276078e+01
6.774676184253473821e+01
6.978001696470863635e+01
6.305198617191123134e+01
6.630190511724555336e+01
6.546801099177650940e+01
6.846244069935684706e+01
6.375272200430192271e+01
6.668582434093688960e+01
6.680172506223820506e+01
6.767558101171702845e+01
7.058888515718085443e+01
6.803029525634615027e+01
6.614107001008562747e+01
6.464911831097674622e+01
6.787108230603526238e+01
7.012639793257409337e+01
6.338380717329518177e+01
6.704536174677622284e+01
6.975939674221861253e+01
6.617983998098631560e+01
6.604214354634186179e+01
6.941749816130906936e+01
6.579975850074519883e+01
6.868252827489155266e+01
7.113330445590420936e+01
6.558602398098963704e+01
7.022017305997880499e+01
6.456498815914959266e+01
6.801736058530906348e+01
6.885408060482740211e+01
6.526787760809679639e+01
6.597649205787585913e+01
6.880247928818477021e+01
6.816506909537064018e+01
6.582459428358362175e+01
6.864197325398896510e+01
6.899311863107608644e+01
6.592117006898726572e+01
6.811845872006455238e+01
6.990540732037057126e+01
6.669727048955063253e+01
6.870876214421224404e+01
7.043840810492075377e+01
6.852991979963904612e+01
6.994353877766762650e+01
7.175113504655436714e+01
7.194070654318478830e+01
6.673183221702750245e+01
6.862392369595592356e+01
6.926459147629130086e+01
7.137946874998637270e+01
6.651435762124700091e+01
6.854753993877488938e+01
7.018499435676537246e+01
6.989297823182823777e+01
6.562094225300320716e+01
6.636286145346642229e+01
6.898455823309572565e+01
6.841345154779695292e+01
6.563800497101117060e+01
6.584369657356009498e+01
6.874118193683096933e+01
6.768374060348372723e+01
7.068998168885616451e+01
7.116584839975874388e+01
6.666303862099579192e+01
6.832130903133226241e+01
7.124871063087684320e+01
7.052409819188602569e+01
6.777579087212320985e+01
7.177248466950035777e+01
6.895815165759665888e+01
7.241756068277867087e+01
6.474411615333045233e+01
6.929482540132710255e+01
7.205441192827974817e+01
6.841358154326016461e+01
6.851780305219692480e+01
7.203419178600722717e+01
6.834264294118764838e+01
7.026851813074750908e+01
7.310843780960992433e+01
6.908136065635805778e+01
7.243893676642761648e+01
7.444387885727721255e+01
6.783738957380563761e+01
7.269716254556902868e+01
6.385005446072141666e+01
6.936789292431063814e+01
7.157153545590962551e+01
6.863573490535631549e+01
7.229056515305124719e+01
7.336123142331068436e+01
7.112883408708971444e+01
7.136595310665121872e+01
7.321344537585711976e+01
7.373520666333079987e+01
6.851006485187937756e+01
7.139941508930935754e+01
7.286948128178153183e+01
7.421169161336646880e+01
6.700329707396605272e+01
7.047364374833466627e+01
7.234506635189424628e+01
7.299652388191718444e+01
6.723748848672941847e+01
7.083253297463733134e+01
7.124814625437805660e+01
7.345424558877158461e+01
7.437208726572423245e+01
7.606766239283042808e+01
6.887935073713646261e+01
7.233782691775986962e+01
7.326161322380903584e+01
7.555087344272293137e+01
6.824722365553188297e+01
7.199328773078718768e+01
7.244146918817520486e+01
7.518492337461759689e+01
6.954796451104836308e+01
7.348985677267204153e+01
7.327874640133430262e+01
7.567699087558861493e+01
7.620031832534257887e+01
7.719639411646919314e+01
7.040356445008303865e+01
7.508314159837712509e+01
7.815967783212434483e+01
7.493590612439965071e+01
7.383663092662742145e+01
7.604170413829211839e+01
7.642096910947068977e+01
7.429466069788831817e+01
7.548648502559574069e+01
7.897875213423490948e+01
7.387967102616119064e+01
7.671827250651732300e+01
7.136414893421903116e+01
7.545443699602634524e+01
7.565943028849342511e+01
7.203273666332445657e+01
7.564705762667875888e+01
7.573765528560056737e+01
7.498322292242363574e+01
7.457530251835991919e+01
7.808363902873999507e+01
7.381141489721247240e+01
7.791130713615663694e+01
8.011313286912185561e+01
7.281955722384122964e+01
7.739311525371894618e+01
7.068416782796352038e+01
7.370092096543032767e+01
7.582013842851216623e+01
7.790995687848804607e+01
7.940950809167364355e+01
8.059843515907569156e+01
7.457007544281046307e+01
7.773936498115621418e+01
7.874251327898403474e+01
8.086199622369591111e+01
7.469844059505915368e+01
7.700769717529972525e+01
7.943239567487901809e+01
7.942631291855474274e+01
7.356118918480865432e+01
7.707865747918944521e+01
7.731540896713353561e+01
8.006287439998749278e+01
7.428307997130806939e+01
7.797854193906985643e+01
7.745713598318879178e+01
8.023297476998251909e+01
7.937124653433225774e+01
8.231683345819430997e+01
7.633498612199112188e+01
7.959277497970683157e+01
8.238850623297808795e+01
7.826840109805871748e+01
7.965943311165081298e+01
7.969247789266626114e+01
8.327155797820873318e+01
7.801174800523114072e+01
8.145660517582759041e+01
8.448383794380239920e+01
7.818011705444097004e+01
8.192298742782269017e+01
8.528218575878065622e+01
7.997594652632247403e+01
8.334317717194956288e+01
7.787013596619708267e+01
8.275167449390252727e+01
8.139261608018513527e+01
7.842118041795011152e+01
8.246753921462858727e+01
8.346674732757182369e+01
7.899114747032953687e+01
8.046626001258277938e+01
8.435626456812475737e+01
7.936426821095069783e+01
8.168895546092082327e+01
8.520251002408264185e+01
8.103179181619768201e+01
8.367290104252272442e+01
7.832317822859396017e+01
8.225172294235535730e+01
8.338236264786843321e+01
8.016902250420250198e+01
8.369173484212673486e+01
8.597669222301611569e+01
7.947343946330481401e+01
8.305165829974134795e+01
8.486708248481482997e+01
8.605325321450587239e+01
8.003856148131968951e+01
8.343858138518406520e+01
8.484054855143270402e+01
8.599871575127274070e+01
7.932954419475176167e+01
8.285970221551451687e+01
8.401380335515001718e+01
8.637738401303005276e+01
8.675408587126740656e+01
8.714757637433429238e+01
8.603594302960695472e+01
8.099028322911762245e+01
8.285745300692518356e+01
8.679758390881966079e+01
8.538901052594714258e+01
8.065811201914442563e+01
8.222365620128940122e+01
8.642409943385520421e+01
8.479639780525587867e+01
8.914844852436637268e+01
8.389982184431742951e+01
8.921496367731118937e+01
8.115964573459021381e+01
8.633466347320131717e+01
8.493773749469247036e+01
8.716640346265893413e+01
9.011654242816423732e+01
8.651677639481704318e+01
8.620937510566055550e+01
8.386821733436217130e+01
8.889172602927003197e+01
8.768094158993393705e+01
8.433141772376089307e+01
9.028534278607483543e+01
8.915410684087413529e+01
8.635949673120572356e+01
8.735275881218458949e+01
9.028984139540746412e+01
8.603237770748228286e+01
8.823864333326559972e+01
9.207872091456671626e+01
8.772208815171657648e+01
9.006537415607121488e+01
8.504222044608549425e+01
8.942483960134229903e+01
9.088782191492914819e+01
8.548470405281639728e+01
8.961820457218183833e+01
9.144089726121897854e+01
8.659926537862750706e+01
9.035657683893117564e+01
9.288838373269406645e+01
8.796390911964532222e+01
9.212290907435266263e+01
9.478552511340549813e+01
8.972678643567067525e+01
9.342747551645730653e+01
8.725728845750241192e+01
9.030874166328011654e+01
9.275263452335937586e+01
8.652647436066412467e+01
9.053034762456098861e+01
9.370289284174097588e+01
9.428585977818079300e+01
8.826902750161744393e+01
9.226156288347614520e+01
9.297010207199718934e+01
9.413746459934544930e+01
9.449608045763478970e+01
9.799754448878201174e+01
8.990297873277182816e+01
9.446024931026832405e+01
9.569839391506154413e+01
9.752593334948115000e+01
8.949307753066655380e+01
9.423560312930159455e+01
9.693692155348144013e+01
9.172057864300514041e+01
9.717383012685175459e+01
9.854514164093696138e+01
9.228156959512853064e+01
9.579538883864940146e+01
8.987850310149879363e+01
9.538611905456698992e+01
9.797751382552830535e+01
9.183452586472085954e+01
9.630892881928289739e+01
1.006031007977624938e+02
9.506832580083344908e+01
9.865729160255487784e+01
1.022348370398455444e+02
9.480579732908390156e+01
9.969409259891254749e+01
1.036575421176266474e+02
9.683593410590945894e+01
1.013995075905763912e+02
9.519158176228232549e+01
9.990423522476187657e+01
1.028391466068035669e+02
9.538896433277008668e+01
1.001660335369766557e+02
1.036472944532281844e+02
9.679407454716391612e+01
1.015902290468858666e+02
1.047709219038067801e+02
9.796385121554583009e+01
1.025054354853799907e+02
9.553492386053154917e+01
1.004463035975914948e+02
1.031920088068083459e+02
9.754187839227819268e+01
1.011929563902154285e+02
1.039140234459480183e+02
9.781222891406905262e+01
1.023422155832999607e+02
1.064381260887443545e+02
1.002336351652144657e+02
1.040951350941412272e+02
1.078098319192460792e+02
1.019717454382517019e+02
1.072835249015839878e+02
9.950304769910147229e+01
1.050228658677776394e+02
1.061161679206435053e+02
1.000616372669378222e+02
1.034440667649302412e+02
1.083731211522213727e+02
1.058441067619027791e+02
1.039321469684024493e+02
1.065695385907102093e+02
1.097987071421810583e+02
1.024825007366033844e+02
1.084445140555646105e+02
1.084964661490436271e+02
1.085789803588374127e+02
1.076972298984960332e+02
1.133950980622258697e+02
1.037420315330881095e+02
1.116573018617115594e+02
1.137645730211088022e+02
1.074824637573555322e+02
1.137699596266199222e+02
1.061711124860391209e+02
1.122852591802609084e+02
1.098469020452790375e+02
1.108496579463449052e+02
1.085192833343357393e+02
1.141164723224827213e+02
1.084879102575344945e+02
1.143850000001082208e+02
1.187197117836679610e+02
1.110701261940833575e+02
1.162668904718287308e+02
1.204565316104370822e+02
1.130590606180527544e+02
1.181491255479616456e+02
1.121413542851689016e+02
1.166870847451426840e+02
1.199796124146626681e+02
1.137749787752470070e+02
1.180031768509592069e+02
1.198595216599245816e+02
1.134495809723424742e+02
1.180385155136461890e+02
1.219237433576412286e+02
1.157695633896241532e+02
1.207846877854953789e+02
1.233335829237748271e+02
1.176026519937571777e+02
1.219572597516362435e+02
1.157833289813864042e+02
1.200839872730046380e+02
1.251221026038027730e+02
1.171279007696061285e+02
1.218888107004818266e+02
1.252133182156789957e+02
1.179522958456506387e+02
1.241299505185461527e+02
1.254176180979618351e+02
1.217571542785934327e+02
1.244443854288238640e+02
1.191929927032863787e+02
1.227502061211428952e+02
1.281205595824530690e+02
1.202400693537004770e+02
1.275641111618885049e+02
1.273076644804898052e+02
1.246089899860728991e+02
1.257396026305034127e+02
1.320211712865858829e+02
1.241575623414481555e+02
1.315308279992003690e+02
1.304134722001953719e+02
1.301574609480315132e+02
1.293392342455449011e+02
1.269397315507086432e+02
1.314639929567026684e+02
1.306260274878918608e+02
1.306717717907919223e+02
1.302737881948017957e+02
1.363454992546532765e+02
1.277834515398900663e+02
1.350391014805684051e+02
1.380693607318129921e+02
1.297373457099995733e+02
1.367652323646810544e+02
1.408921448927520430e+02
1.329618551736189147e+02
1.393752307896110096e+02
1.316346212565549649e+02
1.384475695407601563e+02
1.366395082963176151e+02
1.388089016534493680e+02
1.426136478085225860e+02
1.358668578893732786e+02
1.423090139377778485e+02
1.355420510753820054e+02
1.411870053317272209e+02
1.400592980255954387e+02
1.423330834389750237e+02
1.360239311051388427e+02
1.425538654751734668e+02
1.425914428486798613e+02
1.388431547328585509e+02
1.433939987888088865e+02
1.491845709688623742e+02
1.402893393830499633e+02
1.484509340999429696e+02
1.471978367051065675e+02
1.445243904348263868e+02
1.480431822462310834e+02
1.528759447841398469e+02
