0.000000000000000000e+00
4.498974775565912410e+01
-1.810580033517530296e+01
1.880923547476857749e+01
-1.142373903066912533e+01
1.665984547268569571e+01
-8.412188805670313130e+00
8.945221397752623815e+00
-6.651014776809854645e+00
6.762906107980418469e+00
2.146673405323902550e-01
-2.155154196740961758e+00
3.448073391547759492e+00
-1.721285982610448073e+00
2.773869843242332767e+00
-1.655353343850397785e+00
2.410361536301293572e+00
-1.365328093472701454e+00
2.330059817829751800e+00
-1.045902692049071936e+00
2.354281720624775698e+00
-7.659862801950192424e-01
3.115225171027034445e+00
-5.874735037260693238e-01
3.403853026512173585e+00
-4.138476947701050790e-01
3.712174959304801014e+00
-2.044754238497983601e-01
4.024302366135524167e+00
3.538997893019972807e-01
4.248713066890413614e+00
5.002803065813573591e-01
4.454705538560837397e+00
7.049083857740822134e-01
4.794217104515535510e+00
9.568284475455113292e-01
5.140260752428371660e+00
1.237330672239290941e+00
5.503386935247745804e+00
1.538825837798855956e+00
5.884151768594057863e+00
1.857945197047247810e+00
6.278209657388829967e+00
2.191793259026822760e+00
6.795320008932806743e+00
9.034184517952340343e+00
1.069631600869526444e+01
8.104854035460753892e+00
1.174615029977216452e+01
8.676658199086958234e+00
1.219849803858757831e+01
9.077911501752810253e+00
1.262645565234047318e+01
9.459926379805539298e+00
1.303391961308774505e+01
9.826291568960485279e+00
1.343132782221759136e+01
1.018613958638830930e+01
1.382278966344792082e+01
1.054190573255915275e+01
1.421135920818980836e+01
1.089571611062848611e+01
1.459803428310037887e+01
1.124816170216870859e+01
1.498339120730647700e+01
1.159949356480533922e+01
1.536745629000358981e+01
1.194960000465713712e+01
1.575010704307293175e+01
1.229824396062399572e+01
1.613108282270392024e+01
1.264509958953220803e+01
1.651007692208998634e+01
1.298980395609556737e+01
1.688675121658345546e+01
1.333197341223533172e+01
1.742595925113594646e+01
1.988273318769985210e+01
2.286643830256485899e+01
1.910895477846886692e+01
2.381485014475165940e+01
1.952656300761743324e+01
2.417222342431745474e+01
1.987114174207507844e+01
2.451323810578026752e+01
2.020064281567758258e+01
2.483561827810221345e+01
2.051324157852583596e+01
2.514162457300234266e+01
2.081043479926037776e+01
2.479617739348703864e+01
2.112392239453055254e+01
2.511582057210845775e+01
2.142728304527485150e+01
2.540285872205954831e+01
2.170385102041464265e+01
2.566988017810237466e+01
2.196266057498776547e+01
2.607085718892030357e+01
2.893163637352463624e+01
3.029306873471064421e+01
2.988766602427193675e+01
2.922474166221388359e+01
3.132217395381502101e+01
2.909193850965289840e+01
3.121755423805285190e+01
2.929407310381257545e+01
3.162818984643741160e+01
2.951042244306038853e+01
3.173836123065338555e+01
2.895364984216694282e+01
3.178555080435476654e+01
2.912728716268919271e+01
3.183996467886979431e+01
2.929988377810988354e+01
3.189033918569304049e+01
2.947096010519705445e+01
3.244382360665426290e+01
3.629049990366311107e+01
3.898125352185611092e+01
3.589301617414859891e+01
3.906885713557431927e+01
3.601092761918422980e+01
3.900288983254333175e+01
3.573992525744412063e+01
3.891803005666366033e+01
3.588629653669202924e+01
3.892319777206312637e+01
3.562906203956971751e+01
3.896647577201819956e+01
3.583124719821415738e+01
3.894761722353873523e+01
4.193267865675937145e+01
4.378961237587285638e+01
4.130059057361277297e+01
4.375983763559323592e+01
4.110572690188168110e+01
4.252773849655635274e+01
4.081495565079698906e+01
4.460696242808955247e+01
3.974750939886226320e+01
4.519465492576366472e+01
3.921123532318942040e+01
4.400015627288806996e+01
3.893152475204779250e+01
4.418961954516436919e+01
3.873516055637547595e+01
4.409782646867787292e+01
4.441641851725592005e+01
4.912874655254697842e+01
4.262535807879665128e+01
4.950716403450643099e+01
4.198362894260382205e+01
4.983332432673132928e+01
4.128980852130190016e+01
4.930316647328631774e+01
4.051789471426117473e+01
4.886088153703170889e+01
4.194202793822432795e+01
4.584920399871216290e+01
4.131641084469153924e+01
4.845519817473395818e+01
4.926160126370847792e+01
5.086584696422637819e+01
4.992388631011115052e+01
4.917831537317592705e+01
4.932316804413545697e+01
4.853854581807531332e+01
4.871250352014292417e+01
4.807239407055260472e+01
4.822323186898227476e+01
4.752509155905322302e+01
4.766893664388462071e+01
5.258288488669690963e+01
5.256007895707118394e+01
5.233346072996732090e+01
5.196982602261801532e+01
5.159185314371631392e+01
5.136179181491856127e+01
5.095071233025063151e+01
5.089276572045233138e+01
5.043215686371773643e+01
5.017060107007250025e+01
4.971221214784846865e+01
4.952114583901968814e+01
5.446984541461303309e+01
5.262939860213975862e+01
5.598501123374397537e+01
5.113524273669874276e+01
5.632986950951302418e+01
4.949996098572989212e+01
5.528597038934504582e+01
4.907636445529584535e+01
5.460545775000806401e+01
4.865797192446004260e+01
5.395420870518902490e+01
5.745544259864825420e+01
5.362683939290151613e+01
5.745743824697957081e+01
5.143492783698914650e+01
5.685920336182524437e+01
5.039794575088602357e+01
5.582937611603988159e+01
5.067170119339643719e+01
5.532413490911542908e+01
4.888171246505306300e+01
5.421491048064162044e+01
5.776217735553289145e+01
5.342349636123164203e+01
5.796527718149037156e+01
5.169804130412163801e+01
5.682320909136188192e+01
5.066326377951512683e+01
5.576929420559522299e+01
5.068839049115005224e+01
5.513333036331773229e+01
4.827631029442482458e+01
5.394536821680468108e+01
5.732755881494259143e+01
5.220404341069824738e+01
5.764087536159548364e+01
5.183083626927143683e+01
5.652344994908603582e+01
5.112475516818948762e+01
5.551561855973170623e+01
4.910664628732679660e+01
5.427881000279315060e+01
5.732286078667570450e+01
5.476481753548392817e+01
5.789483855701558923e+01
5.179025307574742243e+01
5.735983404544345632e+01
5.105227054006149245e+01
5.581340897422367675e+01
5.004533065401410141e+01
5.453416486083310133e+01
5.702129748971481860e+01
5.614896663737954441e+01
5.512209188182438879e+01
5.701329828180292481e+01
5.364024357168067780e+01
5.526424269687749558e+01
5.199660391157455308e+01
5.392701552640198770e+01
5.066677378632338247e+01
5.228498774619070133e+01
5.538173772116048355e+01
5.658477531320231435e+01
5.310357727135772876e+01
5.507995529401595292e+01
5.172983869409739555e+01
5.383012508031721666e+01
5.034091841330447181e+01
5.232374787027363539e+01
4.873604381798988783e+01
5.177027308048159426e+01
5.306718482172629336e+01
5.501662902955922618e+01
5.094932352693575695e+01
5.377148698988295195e+01
4.931547759438871736e+01
5.210896862949192609e+01
4.769788365059259405e+01
5.025766560964920870e+01
5.265896983854296565e+01
5.432787733538410180e+01
5.150967846333995226e+01
5.398534286917710290e+01
4.835085176822860831e+01
5.198430369155626352e+01
4.690415919566407865e+01
4.997658180701886721e+01
5.176900452000554509e+01
5.359487544997290343e+01
4.878661522036291842e+01
5.163640496266741309e+01
4.688101342535801308e+01
4.991082603657613248e+01
4.576896117635447325e+01
4.836407550630965346e+01
5.047868571929448223e+01
5.182675743611781627e+01
4.947515006859885034e+01
5.115631924179288603e+01
4.579194950712567902e+01
4.871041641821692281e+01
4.553626709960478536e+01
4.729207776511525907e+01
4.976598361707343798e+01
5.049617712650194079e+01
4.866697628324664038e+01
4.956567322974498779e+01
4.599084291432251348e+01
4.737200873124138667e+01
4.500077848393156899e+01
4.608298662035485904e+01
4.912623975542065580e+01
4.900246269406056143e+01
4.692978005886354254e+01
4.727448601038656051e+01
4.607202099899063086e+01
4.627759527668016659e+01
4.365515310186327014e+01
4.405945774415796734e+01
4.758280847817006531e+01
4.679537206443860953e+01
4.613639707590575512e+01
4.581177678575305379e+01
4.409500516009352822e+01
4.380501564630126410e+01
4.347867067075722503e+01
4.295158370569872375e+01
4.669443708710265639e+01
4.600421224698585121e+01
4.434006444347765097e+01
4.353522245302047367e+01
4.471504624278018269e+01
4.301105910804037791e+01
4.145738734541357218e+01
4.057858013825148902e+01
4.454831044320201272e+01
4.493016674751324757e+01
4.172385756283009783e+01
4.102902630120034644e+01
4.300737521690528098e+01
3.977099085354222296e+01
4.074924158125500639e+01
4.375583339759975132e+01
4.261413502750832549e+01
4.255840739178867693e+01
4.071219471382037369e+01
4.159785272063467687e+01
3.955192955448136871e+01
3.891023703583998383e+01
4.226116088859524922e+01
4.060916876266361442e+01
4.421261286086090792e+01
3.683700819941210369e+01
4.123012654184252312e+01
3.743754112417033753e+01
3.965722720114906963e+01
4.244518696154943882e+01
4.089601361162670656e+01
4.235550989998307614e+01
3.867663486766845438e+01
3.921252185279235647e+01
3.675230506563866584e+01
3.752157749436430834e+01
3.493414511595235439e+01
3.846647918187228044e+01
3.768777835986606561e+01
4.001762639669318844e+01
3.390229204159952303e+01
3.867849625313660056e+01
3.065697490957657578e+01
3.611950383191569358e+01
3.858748132100750894e+01
3.796538902591718312e+01
3.603697927458126316e+01
3.826840659029778635e+01
3.253915511109028813e+01
3.669144439187323314e+01
3.724650163449545204e+01
3.973436932688577627e+01
3.342715839039213677e+01
3.748940320148723515e+01
3.139711094259160618e+01
3.525051636453342496e+01
2.967299524299424718e+01
3.357731698486918503e+01
3.492317413501314149e+01
3.744111599544824287e+01
3.183186602100464313e+01
3.495821851393750279e+01
2.961260542960353703e+01
3.289389593940631329e+01
3.416483828067396189e+01
3.607520268184716628e+01
3.347175602376115933e+01
3.565751007744594148e+01
3.079287584782935383e+01
3.310347698348000733e+01
2.858268611050344887e+01
3.085830207760814758e+01
3.233273125866907804e+01
3.398834461708322152e+01
3.218882512858304779e+01
3.387824977923406777e+01
2.919097233871298513e+01
3.134716536492747707e+01
3.324821033754292188e+01
3.445242773573649231e+01
3.082195245765387881e+01
3.280379425363507551e+01
2.885214400543174307e+01
3.073116979374572821e+01
3.301499989783545175e+01
3.376056743419936623e+01
3.319714135828631640e+01
3.359510259949101396e+01
2.957267484186909101e+01
3.100013721236386743e+01
3.384803476995259075e+01
3.385235716991450516e+01
3.231769202874596658e+01
3.273798220018300498e+01
3.053415628976530272e+01
3.099734697086522672e+01
2.860270617109502922e+01
3.103237236470730309e+01
3.107348322373859517e+01
3.443850424210507555e+01
2.770222850799327219e+01
3.247924020525046984e+01
2.685802497455786408e+01
3.153623759061865073e+01
3.117871756549573803e+01
3.474816755684737046e+01
2.683571900546297329e+01
3.263070951519040364e+01
2.676226810852390869e+01
3.178664515155088566e+01
3.357115296396925430e+01
3.211034305336975336e+01
3.148565460212092404e+01
3.078728700613267222e+01
3.003078274488351695e+01
3.317760724584939425e+01
3.237590642738015845e+01
3.527750486641642169e+01
3.011185352427651196e+01
3.326676494351591629e+01
2.902189463140629400e+01
3.221987622079212343e+01
3.524208969259859003e+01
3.200863187883163619e+01
3.324934531182061193e+01
3.159203668784195074e+01
3.096805294005831755e+01
2.948334484672415101e+01
3.272329548284160694e+01
3.465923127526888692e+01
3.213373953418829387e+01
3.436740017745383113e+01
2.854226527874338615e+01
3.255023622618881518e+01
3.554246678055520192e+01
3.232143801237756264e+01
3.673159934632926849e+01
2.880599064998936143e+01
3.439392949153252488e+01
3.713576243585254133e+01
3.298839792005506411e+01
3.742374072426424902e+01
3.174147221124621154e+01
3.577495564636564040e+01
2.827253982327127346e+01
3.350644682405769004e+01
3.592718375402670716e+01
3.634930876662806298e+01
3.289524204249837425e+01
3.446912801829491002e+01
3.111112296915863240e+01
3.442617211451256054e+01
3.485121481795473386e+01
3.724621503399727374e+01
3.344611449347426202e+01
3.652614233511523167e+01
2.974388306010657246e+01
3.369724616246084281e+01
3.599096879395999338e+01
3.735225118037305947e+01
3.415766593192432055e+01
3.638654090989388123e+01
3.205859747022069683e+01
3.510847142921401343e+01
3.689894060831546341e+01
3.814604454316581439e+01
3.512631533141528450e+01
3.775715243688773626e+01
3.245739722517439674e+01
3.554437440926952263e+01
3.745608638354620012e+01
3.953760647481496449e+01
3.393937131543072638e+01
3.714226068193057984e+01
3.888434198231295369e+01
4.103916238187844812e+01
4.001092370863523229e+01
3.839726836535417220e+01
3.961221346015181410e+01
3.485802831388742362e+01
3.748371657002098800e+01
3.988760339506903563e+01
4.084340159501724798e+01
3.790596754171216531e+01
3.939590828134529943e+01
4.214732583554775402e+01
4.263348936084270946e+01
4.092207787752978732e+01
4.171510312399547615e+01
3.850338431955321994e+01
4.000628075011387352e+01
4.311054252015241417e+01
4.381306182513251457e+01
4.099532271754918611e+01
4.152082867324931215e+01
4.227731913294262966e+01
3.854362017975040544e+01
4.259426200490910475e+01
4.465093609018674670e+01
3.962709912040438098e+01
4.390172604028401082e+01
4.086376784801939976e+01
4.485966796120285238e+01
4.659187813213092966e+01
4.129559426640158648e+01
4.557263057333389611e+01
4.207355482428933158e+01
4.447230228157508947e+01
4.848735414979512370e+01
4.551355080117379259e+01
4.655247665842333760e+01
4.474765373753767506e+01
4.359911324480231798e+01
4.798946253859774913e+01
4.562504890291675252e+01
4.954292524988240132e+01
4.242553596151576301e+01
4.744776015733776120e+01
5.055357016352756006e+01
4.626805978872291547e+01
4.907886810139710576e+01
4.486515527486848498e+01
4.879590291334537966e+01
4.284069955352070735e+01
4.675485288320730604e+01
4.974306459433632455e+01
4.888738568104070481e+01
4.803814592197347366e+01
4.628041253931004206e+01
4.920149078948077914e+01
4.973616536757521800e+01
4.963834530067041584e+01
4.968763519174668630e+01
4.686848040297900297e+01
4.955599329878357651e+01
5.212539205075734117e+01
5.184996201817876482e+01
4.869222300107562518e+01
5.065327005645811198e+01
4.716853907186091277e+01
4.928990254537450255e+01
5.157709179304186620e+01
5.276182873785354843e+01
4.888265927386979826e+01
5.090323061435109508e+01
5.364083406718390989e+01
5.458663622112553782e+01
5.045725161168611805e+01
5.290747014494915845e+01
4.874985947784322349e+01
5.153684546450975290e+01
5.276198653985049702e+01
5.484341010531986882e+01
5.110941746009002173e+01
5.337502273453108614e+01
5.494027896491787288e+01
5.657214989974936969e+01
5.266000508611891462e+01
5.532024162434759518e+01
5.068394140080193466e+01
5.315213719176895069e+01
5.546496860081742852e+01
5.690210594666321953e+01
5.188468937635571621e+01
5.467294313582161180e+01
4.971164135257671290e+01
5.274572472383420774e+01
5.494524990827554234e+01
5.588435103727061914e+01
5.347746668910364320e+01
5.516562516950469330e+01
5.795431568258041466e+01
5.818163691799540516e+01
5.445587483562223952e+01
5.612370589306162572e+01
5.386944517736134230e+01
5.588697663335330645e+01
5.680431024336838419e+01
5.952797775475364261e+01
5.405397464170223287e+01
5.798533455918866508e+01
5.884715526325081925e+01
6.156749208192115930e+01
5.459791842622931313e+01
5.909400891676568790e+01
5.580485404369669311e+01
5.953990619166037135e+01
5.996407609633256186e+01
5.853420906290836712e+01
5.800664419964923724e+01
5.710872399842560299e+01
6.080040364005398601e+01
5.871132864979406207e+01
6.194916292265413915e+01
5.487324067395758931e+01
5.992602398064791913e+01
6.293883509364301432e+01
6.040533243823318088e+01
6.013965083099004971e+01
5.842900478193932656e+01
5.919405084977318410e+01
6.291636592222825186e+01
5.993594224408433746e+01
6.152826054634294195e+01
5.879497231750355013e+01
5.855671003202039060e+01
6.250414855009412918e+01
5.986127380318935565e+01
6.276219357838463964e+01
5.633283388356362309e+01
6.134744948404257769e+01
6.384135049999682820e+01
5.969628317190000644e+01
6.273197577388265955e+01
5.925493698397665554e+01
6.003498869819985373e+01
6.265484736902808294e+01
6.460987361374836269e+01
5.827082309054027576e+01
6.215591388831034436e+01
5.688935924769962327e+01
6.036358193440467801e+01
6.167007069188382218e+01
6.360285821184444899e+01
5.640470700083616862e+01
6.091109674781363026e+01
6.283819126619197704e+01
6.400893005175711892e+01
5.973844415378394501e+01
6.231262704822974996e+01
5.647917838058563689e+01
5.953469875755002505e+01
6.061294554199635343e+01
6.270766297189526028e+01
5.671474389800705751e+01
6.014615391804365174e+01
6.150427580630172741e+01
6.304938494803551663e+01
5.837410673725764809e+01
6.130473188285196784e+01
6.280433868566587563e+01
6.406811707156867897e+01
5.977248423806268107e+01
6.180115373877504226e+01
5.841499087116727651e+01
5.960114164556315330e+01
6.157081564293689269e+01
6.223286769180439393e+01
5.974346550961278268e+01
6.089212106897279142e+01
6.333021467441653130e+01
6.341515890572956948e+01
6.169617414362134866e+01
6.175883407286324456e+01
5.752957831246221332e+01
5.886166186752650020e+01
6.145980389596342519e+01
6.108262959044988349e+01
5.852701953477394881e+01
5.896533016323670751e+01
6.175943380239353786e+01
6.117505424884740961e+01
6.043938894083609625e+01
5.968662493450084128e+01
5.726617563716760628e+01
5.773258848169849244e+01
6.087731812523050934e+01
5.927724019861037874e+01
5.966768408188438144e+01
6.286365909706004373e+01
6.052603871106241940e+01
6.334207595590193307e+01
5.809277729096839948e+01
6.093429700198720411e+01
6.354909594980764354e+01
6.050934833531332657e+01
6.006047299076548995e+01
5.789969040183535753e+01
5.914303097943996335e+01
6.240251863151950573e+01
5.918534868776844604e+01
5.982002209951022564e+01
5.712485312900394518e+01
5.727531842535772455e+01
6.064453185296982696e+01
5.792047658020676693e+01
6.035503584805002220e+01
5.597902601948529622e+01
5.923898478394513489e+01
5.961046834654899129e+01
6.055400287556950190e+01
5.399406145971015292e+01
5.722176705818653630e+01
5.944491544759970481e+01
6.130425328079947178e+01
5.535285859083136017e+01
5.850519300408945611e+01
5.366850745122004440e+01
5.632641895513791752e+01
5.720758207699793019e+01
5.897458059201535718e+01
5.290325380110974862e+01
5.599951114361746818e+01
5.748347219745257775e+01
5.849159741221347986e+01
5.416927694142172101e+01
5.611981279021597402e+01
5.762752226505643449e+01
5.854278890513543843e+01
5.523764913076900740e+01
5.741395941347042253e+01
5.824146564961247208e+01
5.982290437895228052e+01
5.446931003447771502e+01
5.611470902253541482e+01
5.335322424252987616e+01
5.578005969804905106e+01
5.638480514216590223e+01
5.705611073822358748e+01
5.171415213055878723e+01
5.353732103712933110e+01
5.556148375607045864e+01
5.565385867972411660e+01
5.602762388908321611e+01
4.932723766864518922e+01
5.298768585825542488e+01
5.298846650385807777e+01
5.535564147495488641e+01
5.350346800846963902e+01
5.072242736868323476e+01
5.130686231698982880e+01
5.371582318363719821e+01
5.303571344949703104e+01
5.228152480850415174e+01
5.274487541862037432e+01
5.528571147063042446e+01
5.392876088041757043e+01
5.118137282732669746e+01
5.064559631870434941e+01
5.358825667438832596e+01
5.278868087247774810e+01
5.215127626486378887e+01
5.076892270506699845e+01
5.380521966092507569e+01
5.495103940993721636e+01
5.020773899841585575e+01
5.382475233002806192e+01
4.659215052077751551e+01
5.049441531960558649e+01
5.295532419206346475e+01
5.025499296481375211e+01
5.099393756568012748e+01
4.808274451666428462e+01
5.113440102983614821e+01
5.107634135760786620e+01
4.944624612995786350e+01
4.882234478884210915e+01
5.223874147806117918e+01
4.882806602688886954e+01
5.182906714874348353e+01
4.335267697122231567e+01
4.858080312001507650e+01
4.989634686385117845e+01
5.188318199983515910e+01
4.448909138559734799e+01
4.890562909209212705e+01
5.095549417479487175e+01
5.164664335939450979e+01
4.751178202452621946e+01
4.821053336465954686e+01
5.040073819791328447e+01
5.201763565478558604e+01
4.512280453328918384e+01
4.889740805549059388e+01
4.260792444641571564e+01
4.635699696825467697e+01
4.705278580131817989e+01
4.869499033955256806e+01
4.463456385690817285e+01
4.683701264615836379e+01
4.781899337314098375e+01
4.911771486380381191e+01
4.518525044797974033e+01
4.659191569586919712e+01
4.794925450983912185e+01
4.930854801317125435e+01
4.438041595953092866e+01
4.600939545637826456e+01
4.722595982298077644e+01
4.813610070640425675e+01
4.811839030590916622e+01
4.413971278327137071e+01
4.687587978219004725e+01
4.738765606414231968e+01
4.927544531202927658e+01
4.440293011174995286e+01
4.647522931166331261e+01
4.849834535167843796e+01
4.803471906386042178e+01
4.538438109691198008e+01
4.590444690171230491e+01
4.831098391396545821e+01
4.776725591956135020e+01
4.671656757413340699e+01
4.645605633397843093e+01
4.267660347661188780e+01
4.508979303467828714e+01
4.534984820168980235e+01
4.783569420323713928e+01
4.130177552986381784e+01
4.557890798463672155e+01
4.682086043091903349e+01
4.573872400025265961e+01
4.585730840264309904e+01
4.436743399765730089e+01
4.753421873974621548e+01
4.827999195312230540e+01
4.227434623705483574e+01
4.691311475906561412e+01
4.945324079271200191e+01
4.498783235086869325e+01
4.789118188078025895e+01
4.188785832581217505e+01
4.542382478983287086e+01
4.807723727048862372e+01
4.452911134924230652e+01
4.540407170903343825e+01
4.319484433457209605e+01
4.649059448303879805e+01
4.515268197412958529e+01
4.606265977392853017e+01
4.412934027367526824e+01
4.658050419955075938e+01
4.856072418175526195e+01
4.347241934350256543e+01
4.618576782152629079e+01
4.808381458030042666e+01
4.837389786566577499e+01
4.585357312921144057e+01
4.771115317026795566e+01
4.971862081669468836e+01
4.963159321948247538e+01
4.528587179171401544e+01
4.779840215862166275e+01
4.211592995786326554e+01
4.475158041783710416e+01
4.637891910339142498e+01
4.698754956301571184e+01
4.630395602474241201e+01
4.793352193623303492e+01
4.913387165548942903e+01
4.835935992282341545e+01
4.569971092192222528e+01
4.704463052561496994e+01
4.864491892763629011e+01
4.945013772878846936e+01
4.527225238915448813e+01
4.682289201215193231e+01
4.868057870183465496e+01
4.960037118410163259e+01
4.525527811095661690e+01
4.703152770286292395e+01
4.894906091474921084e+01
4.949371066710458678e+01
4.885599124763947998e+01
4.840592974567860551e+01
5.082371032237691111e+01
5.072211986939923634e+01
4.702615904955709425e+01
4.802253772391917863e+01
5.061916316079121714e+01
5.015596802705381663e+01
5.078742320934009769e+01
4.956512834615680418e+01
4.589486343093408038e+01
4.722207426916176587e+01
4.993026200514636059e+01
4.895069615567564369e+01
4.951322048372474427e+01
5.244578736932509599e+01
5.049591944669886345e+01
5.200483874630099024e+01
4.804581035474083706e+01
5.183205259523847275e+01
5.293307093923763773e+01
4.963763533179811560e+01
5.266854178979303924e+01
5.533544337636754307e+01
5.036569876010514690e+01
5.415919721178824631e+01
4.599861482903376952e+01
5.111563275085975988e+01
5.378334304983091840e+01
5.060463577451680806e+01
5.080882411640268259e+01
4.838086162191972051e+01
5.195894575178806463e+01
5.164632232735027628e+01
5.348619165141210630e+01
4.709652844221876222e+01
5.090205658938840827e+01
5.327996857022553456e+01
5.410533910529056811e+01
5.028820131730085308e+01
5.273719104944229485e+01
5.308760887624700331e+01
5.489676020398047740e+01
4.701954486392450860e+01
5.164032509535860527e+01
5.372305415033472542e+01
5.468964753134709156e+01
5.119907187894062162e+01
5.226785857352137299e+01
5.453655951043559469e+01
5.547171055820602703e+01
5.077510015799485643e+01
5.290571643420187087e+01
5.481554671781200483e+01
5.557348980754434109e+01
5.221560249882198690e+01
5.473413078697843304e+01
5.570859265442489772e+01
5.676771156350972802e+01
5.258489366114965691e+01
5.500815631167819930e+01
5.580480449499725637e+01
5.738547901042112898e+01
5.326467478885170692e+01
5.586711275160091361e+01
5.623278923543923469e+01
5.807126003920926394e+01
5.356932855394389037e+01
5.618739636881070965e+01
5.054505925773666775e+01
5.308306207444828573e+01
5.333795555705743396e+01
5.559245376089295831e+01
5.387273305321831174e+01
5.666127228448466724e+01
5.617528496924665404e+01
5.292021810169150342e+01
5.329876706225050498e+01
5.613488918158207497e+01
5.541890914501390597e+01
5.595622406931503434e+01
5.467454983578377181e+01
5.767264557380124756e+01
5.855966500380475281e+01
5.251442713606765267e+01
5.634651662964018470e+01
5.896997029173399341e+01
5.652117437363391161e+01
5.657288301076597037e+01
5.463524636854185701e+01
5.794495156481645637e+01
5.991867167318562082e+01
5.371213655047957758e+01
5.707805863550527192e+01
5.965297628103479610e+01
5.650707661197773746e+01
5.657305494930906775e+01
5.396708632365353253e+01
5.726719913574830656e+01
5.870125317867242387e+01
5.467014992160858355e+01
5.835096823546165012e+01
6.045865772189712573e+01
5.499749463349967726e+01
5.876987256236100876e+01
5.501371429099405219e+01
5.541830734548778992e+01
5.768670441077898658e+01
5.943415678650431744e+01
5.425503096419978277e+01
5.675328692370136707e+01
5.865131904110804584e+01
5.727960541862678667e+01
5.545843501065669301e+01
5.647786041915816213e+01
5.848175375461180181e+01
5.920772574856106729e+01
5.316223050350263435e+01
5.613452258573170184e+01
5.731093609579055226e+01
5.854228598980436971e+01
5.508060134262527185e+01
5.680759757716118230e+01
5.801330032033429518e+01
5.940518819140061879e+01
5.436434475599449456e+01
5.589669256788619123e+01
5.682687625089746319e+01
5.868206103653810857e+01
5.661454959725843850e+01
5.523628923338144858e+01
5.629043628032605540e+01
5.844139857619876466e+01
5.746803485644485221e+01
5.301585811618959809e+01
5.438526030628192842e+01
5.666676440869773046e+01
5.631353390994387809e+01
5.607077488034718726e+01
5.592357889212170363e+01
5.854462429844705440e+01
5.717084919143216837e+01
5.360616051563076923e+01
5.433925861366756749e+01
5.695016733922437169e+01
5.580532547200912319e+01
5.683788046069137323e+01
5.397567118661745411e+01
5.675642587688352592e+01
5.702927427103455216e+01
5.423704833629792432e+01
5.357794643376862354e+01
5.652519384638122091e+01
5.858421802844856785e+01
5.222345196061650796e+01
5.564081315045807941e+01
5.814416366967932248e+01
5.531538014466238451e+01
5.579351227621441467e+01
5.878914871721248403e+01
5.608274076029537980e+01
5.760948246845190823e+01
5.448525634558481556e+01
5.387455548870507727e+01
5.705165902622683660e+01
5.430142392021572562e+01
5.700198331985860989e+01
5.937768771194442508e+01
5.587224128610419172e+01
5.802251172845178928e+01
5.436809216010129830e+01
5.448967991369865160e+01
5.662099062866888488e+01
5.835784754017573306e+01
5.219901089865632571e+01
5.542520847379898186e+01
5.696408384788632162e+01
5.758032939246562165e+01
5.304760213841066019e+01
5.479142890052042247e+01
5.628784168946242517e+01
5.736929900104865965e+01
5.285145927487871376e+01
5.407078235832437940e+01
5.536550374196449553e+01
5.657740465448819123e+01
5.348147009904185722e+01
5.514711933189359172e+01
5.609803851850318068e+01
5.754421170731329482e+01
5.242355161240050165e+01
5.420204370201788180e+01
5.488301084736967539e+01
5.653266401432740196e+01
5.487179605774714020e+01
5.176921065815982814e+01
5.309018431294084905e+01
5.478504532690507034e+01
5.506444426316886620e+01
5.070700035689833385e+01
5.249727833692930545e+01
5.442423236060245273e+01
5.398658945766285910e+01
5.414258834795018061e+01
5.389891672985017124e+01
5.633473367429130008e+01
5.488092534057472704e+01
5.146476189914212540e+01
5.246982196923879371e+01
5.499037739284341342e+01
5.381751911005024169e+01
5.475334954661866504e+01
5.687199729694707884e+01
5.497461855350891113e+01
5.633288394247614406e+01
5.092779125109586857e+01
5.470526755019213994e+01
5.696752565196509011e+01
5.372834960206834154e+01
5.417257349353823059e+01
5.726368502362281276e+01
5.448953540909072046e+01
5.628306227821365582e+01
5.910855878010160325e+01
5.566572906787062180e+01
5.666685963335623200e+01
5.388981396001344137e+01
5.300865832617748197e+01
5.652616490005951277e+01
5.367808084783151656e+01
5.663413000644383999e+01
5.892491165089812455e+01
5.478320223805809519e+01
5.707526917765571284e+01
5.251289330334904548e+01
5.527100977657366343e+01
5.630504834273623516e+01
5.807049497819386374e+01
5.046373156839884899e+01
5.492708201836570225e+01
5.680770718148620801e+01
5.745809636792594688e+01
5.288991783119218582e+01
5.506006263323757111e+01
5.587784212076616797e+01
5.740717292933411642e+01
5.155464409616912747e+01
5.475542937771795948e+01
5.585576913861216042e+01
5.707204024869391645e+01
5.365244222700510335e+01
5.555872074952985429e+01
5.649911230753836122e+01
5.800056528566339864e+01
5.284103699384170483e+01
5.500501542205212502e+01
5.584301390509952512e+01
5.698233478418874398e+01
5.394714266534720792e+01
5.681153968801930176e+01
5.714332442252587185e+01
5.896719269824517085e+01
5.246470672976043659e+01
5.551113710867090134e+01
5.556348935102121089e+01
5.790224366858821980e+01
5.605859273639194384e+01
5.861268797750315684e+01
5.785790187271436480e+01
5.575498081459001298e+01
5.570552247695628267e+01
5.851437282617789037e+01
5.748738740717991647e+01
5.609315098053326665e+01
5.534522292314602510e+01
5.827075372557285249e+01
5.939777247565262996e+01
5.532942299662856556e+01
5.844188056827864131e+01
6.118194963240582496e+01
5.797555440164678942e+01
5.759171977256796282e+01
6.102843032434815029e+01
5.814524771118032476e+01
6.132893406994778474e+01
5.342707361854093051e+01
5.807767510823487811e+01
6.061144510009356878e+01
5.722734686578677099e+01
5.776584237586697412e+01
6.089089885482477627e+01
5.950135776079561367e+01
6.083587417496776339e+01
5.553634374637483972e+01
5.964371390582314802e+01
6.007117284434875160e+01
6.019976016561701471e+01
5.273286286727201855e+01
5.713782627894239141e+01
5.925466964864735075e+01
6.145394532522896469e+01
5.356208165448872904e+01
5.754790625719282815e+01
5.944678332703444568e+01
6.072005366906308410e+01
5.628528231221589806e+01
5.771305747853646295e+01
5.915551781332639791e+01
5.990167075106990069e+01
5.532096404756589436e+01
5.733277052282034703e+01
5.872925386877246723e+01
5.969670387440385895e+01
5.506573803078143214e+01
5.745556436767299147e+01
5.905761068287471716e+01
5.953478618398888500e+01
5.580306139290013334e+01
5.704296441555847963e+01
5.856034961715549514e+01
5.929722500470342794e+01
6.107831924475387098e+01
6.146501309598526319e+01
6.101375918673830512e+01
5.742728419962564601e+01
6.022093232291427967e+01
6.039418510558473940e+01
6.215965244284551972e+01
5.667384626984912899e+01
5.944917722726482623e+01
5.895699280233263551e+01
6.143669486099462773e+01
5.836818509014944567e+01
6.135307405092397914e+01
6.057787709112632513e+01
5.836344928545321409e+01
5.783705984052560467e+01
6.077200249971538426e+01
6.043067698594811787e+01
6.135596293978328930e+01
5.807210104830762987e+01
6.125955176354913334e+01
6.289942768840816711e+01
5.587904997756314174e+01
5.946149814552247648e+01
6.199302063633178506e+01
5.906395459539454862e+01
6.067994320407731124e+01
5.711330233449149318e+01
6.033169677812769294e+01
6.124804752930958074e+01
5.751923034359918319e+01
6.085366734260986021e+01
6.142692849492510732e+01
5.934968995042493844e+01
5.919937940744309657e+01
6.222547810326414464e+01
5.920372235568697050e+01
6.196637251512657230e+01
5.566048965512095492e+01
5.903539008027998136e+01
6.017519131860564130e+01
6.190963478841268142e+01
5.605468172085657130e+01
5.840814903157019700e+01
6.003155289219323265e+01
6.054405290800657014e+01
5.609041957549371205e+01
5.803038499367255554e+01
5.871151151975500682e+01
6.020805457514022407e+01
5.540393824771469156e+01
5.704075631601884311e+01
5.796512914049925769e+01
5.912483319592963937e+01
5.607376736651204396e+01
5.778976358879712905e+01
5.855737024843211458e+01
5.977677909825487745e+01
5.489089548354160542e+01
5.650617070461709801e+01
5.703786779643913718e+01
5.838267380230961834e+01
5.956400888483960898e+01
5.973386491158769473e+01
6.086821058631436898e+01
5.527427957212145770e+01
5.758701967286020817e+01
5.724889166369755600e+01
5.960846911037891971e+01
5.693671554934050505e+01
5.980210637543092389e+01
5.880235156633695937e+01
5.878091381676667737e+01
5.760309922440899300e+01
6.017980665887466785e+01
5.887508840346462335e+01
5.581500766498784571e+01
5.788163917379208101e+01
5.825377141533552106e+01
5.833468029381167241e+01
5.775524158097401539e+01
6.053497083763272002e+01
5.866062239049617233e+01
5.760514974634087793e+01
5.573850706132213162e+01
5.865769313616705460e+01
6.086673464177933823e+01
5.490770929062897920e+01
5.822523052880147532e+01
6.053558539084897205e+01
5.744393389841849995e+01
5.735801003383063090e+01
5.440049864456882744e+01
5.739485679669109430e+01
5.766005915891550160e+01
5.586093906206983206e+01
5.879878733777309208e+01
5.798673021435926245e+01
5.764145300508766212e+01
5.669129246073902095e+01
5.435737336814472087e+01
5.728847260993025259e+01
5.778299369708066280e+01
5.471934010032985185e+01
5.657310565796773716e+01
5.762587989589848547e+01
5.716184564016082703e+01
5.403554140732132538e+01
5.655778437442643281e+01
5.793551156381509060e+01
5.666728990386675235e+01
5.311376989850061392e+01
5.501891415376752548e+01
5.618475359568247995e+01
5.656194921127940489e+01
5.268349779164417157e+01
5.430158200251083400e+01
5.529791650194193409e+01
5.644424615844281590e+01
5.716309936687873261e+01
5.840121208697889443e+01
5.716915854872388536e+01
5.295544697382347721e+01
5.413583735197014590e+01
5.568542113866315901e+01
5.592894958140847450e+01
5.393376255677856079e+01
5.473207301990236573e+01
5.674346639902724831e+01
5.632549372536755072e+01
5.216884178191441634e+01
5.289578029923164593e+01
5.517715170728562413e+01
5.441101491280302582e+01
5.578172264615307085e+01
5.628432532422262824e+01
5.710577654772149003e+01
5.270267037278859590e+01
5.607686093406171324e+01
5.844267907718810307e+01
5.621646228115591271e+01
5.416310951042339639e+01
5.739864613523258896e+01
5.503595646980937772e+01
5.804884126048241200e+01
5.077091884224972063e+01
5.524087770048384272e+01
5.744772345357276322e+01
5.447835710030315681e+01
5.494998625616653953e+01
5.790642192293567803e+01
5.483967108007343683e+01
5.614675789999946431e+01
5.885052483505548793e+01
5.763527072550594710e+01
5.644598470299112591e+01
5.330384478494794820e+01
5.663952426312030752e+01
5.697272395724301219e+01
5.519434875293975296e+01
5.551693515868650053e+01
5.755529468569282869e+01
5.936670372256750738e+01
5.196835460748841484e+01
5.630166279578696020e+01
5.793970308123088842e+01
5.838725476055272168e+01
5.378819094994555883e+01
5.590556130921837052e+01
5.703136591127648813e+01
5.792897641147006738e+01
5.306023610808662028e+01
5.487576386430063025e+01
5.591625123296228850e+01
5.711791850446800112e+01
5.531195233268250888e+01
5.693835545162406220e+01
5.813795357805443587e+01
5.687281016466534567e+01
5.294418847681495066e+01
5.513752683626804441e+01
5.553138850131215776e+01
5.721731062743662477e+01
5.392393114322440084e+01
5.653486459688486576e+01
5.680628810512151006e+01
5.770413431916737323e+01
5.165629683283852813e+01
5.481115371193653374e+01
5.485373740344373061e+01
5.705973852193212537e+01
5.772211968777793345e+01
5.887668944549170646e+01
5.735912596883397185e+01
5.405425021809201525e+01
5.547743424213984298e+01
5.780331220760781719e+01
5.638786826607219638e+01
5.748283966757892927e+01
5.708033951518243754e+01
5.974094121220007736e+01
5.688452752633685350e+01
5.555182083271881055e+01
5.849280868750379625e+01
5.603679289815313069e+01
5.907215308384560615e+01
6.173501437963264493e+01
5.847515585101437807e+01
5.805671967551340629e+01
5.578434254882817811e+01
5.897910192510038740e+01
6.092952068716169833e+01
5.372569616683535543e+01
5.807360111024989635e+01
6.041346254113057057e+01
5.922608116324080640e+01
5.771385505121906334e+01
6.132853349921261099e+01
5.886096337477800944e+01
6.065755260811033622e+01
5.673144272200558902e+01
5.890580496616228601e+01
5.950159960175474083e+01
6.037322177451091676e+01
5.319347399743351446e+01
5.708430705799170823e+01
5.893519805671187584e+01
6.032471428011860581e+01
5.527581626489386224e+01
5.680551544094343086e+01
5.846385394111785416e+01
5.955487931630274545e+01
6.081946024556058461e+01
6.218913522432265495e+01
5.763925305843370950e+01
5.935096318437262397e+01
6.035996809770051641e+01
6.194172947331824730e+01
5.685935285540504935e+01
5.879482718182089940e+01
5.950779220261073021e+01
6.106903390422226607e+01
6.105679559446210192e+01
5.564446125922162167e+01
5.801769671462677280e+01
5.826812148940101821e+01
6.010989768561201885e+01
5.832385803256804024e+01
6.085854549055338936e+01
6.066988980365256623e+01
5.891844324097314711e+01
6.011575162234655778e+01
6.211606993193163362e+01
6.088212897430145176e+01
5.715177098604775807e+01
5.746373288052856054e+01
6.002890983796076085e+01
5.882131747145417933e+01
6.168240493226980448e+01
6.351960936673594205e+01
5.956775070141227246e+01
6.201985722385764888e+01
6.459382035417104362e+01
6.191168182798914188e+01
6.027302827956427222e+01
5.857970125064708355e+01
6.177132026617080385e+01
6.350975176448049098e+01
5.713486543761342062e+01
6.073386803520519095e+01
6.312974362042476173e+01
5.987779056715896076e+01
5.987975952704613292e+01
5.702832181491665153e+01
6.005532778212160139e+01
6.167053779567121552e+01
5.632419475406972253e+01
6.005078891747628234e+01
6.221740402188314789e+01
5.882305726717326877e+01
6.157135559917485068e+01
6.345370162231905908e+01
5.783211593316635657e+01
6.124159637745984242e+01
5.766521140071665741e+01
5.921933653631185024e+01
5.969844592969911901e+01
6.131202867824324443e+01
6.270259695518057441e+01
6.351809420345531265e+01
5.882716351217480621e+01
6.070397410552630646e+01
6.151463719851758327e+01
6.261493756666754962e+01
5.863418806130718508e+01
6.027302618666158907e+01
6.141141254756091428e+01
6.193161885993333726e+01
5.893220998322131265e+01
6.086203644120877243e+01
6.147640806540796632e+01
6.208221207242637263e+01
5.693637156666782317e+01
5.926062015860392052e+01
5.937373649806543341e+01
6.076475423341068449e+01
5.569463626931365496e+01
5.807538963557966838e+01
5.787469669047659693e+01
6.009212803487866950e+01
5.851424737885983518e+01
6.112414823071009096e+01
6.006340403310947806e+01
5.774554854106540347e+01
5.919900451793029106e+01
5.926755031744425395e+01
6.110237130047000420e+01
5.698412251618497493e+01
5.948934038599023211e+01
6.128900605757230835e+01
5.888405037481293647e+01
5.754044823932724739e+01
6.048197147076390934e+01
5.807490137166375632e+01
6.097420342118337544e+01
6.331414020279081001e+01
6.032544348508006493e+01
5.984956216299018905e+01
5.740049492046256319e+01
6.030679826035244417e+01
6.227693036728476983e+01
5.546049532412392580e+01
5.902397813381178793e+01
6.122902660297349797e+01
5.891479594221820548e+01
5.882964669576921324e+01
5.574040264310612969e+01
5.848982674060609810e+01
5.995004073975228209e+01
5.397212685904070639e+01
5.795237101444566719e+01
5.966875309175470932e+01
5.841247612711776327e+01
5.540840767228834807e+01
5.739827249619521155e+01
5.888730874693193584e+01
5.881021627107475069e+01
5.506538105877656619e+01
5.725578007448655882e+01
5.803310328380164407e+01
5.892831759181541429e+01
6.037824949203901781e+01
6.102156262736598080e+01
5.650570203577574091e+01
5.785121846683804847e+01
5.896730366950014002e+01
6.005756498069891336e+01
5.712496354329605452e+01
5.819450154640764339e+01
5.954092489406903610e+01
5.995444436235672470e+01
5.505675668352738938e+01
5.744670139665313258e+01
5.787011308128014520e+01
5.952886941470168125e+01
5.706455503568229659e+01
5.927171123167791222e+01
5.899420446698682952e+01
5.828976499722579518e+01
5.637845814453073245e+01
5.876276558315417020e+01
5.811871824283714716e+01
5.711781567072437582e+01
5.771826673648159556e+01
5.996266292868057235e+01
5.854357682466135770e+01
5.556692068450410460e+01
5.745220383755090410e+01
5.693781511096131709e+01
5.964624433764189604e+01
5.569413869734233913e+01
5.885927827901306131e+01
5.883700965165561314e+01
5.614382093174090471e+01
6.034829502461359141e+01
5.858394293530320596e+01
5.854882930756370740e+01
5.623608683720728862e+01
5.918879158546252484e+01
6.116064160020835061e+01
5.254842440211026400e+01
5.792299777479531286e+01
6.018915591190555148e+01
5.796764179210174461e+01
5.845007322018246043e+01
6.130944256072760368e+01
5.854385660116809476e+01
5.972927867517694267e+01
5.577288194444399494e+01
5.766168400803679361e+01
5.790313073811389444e+01
5.955948297842461869e+01
5.340628396255357302e+01
5.680184814533507165e+01
5.822022525631422951e+01
5.876018477613078517e+01
5.248615130369657322e+01
5.583176312422779830e+01
5.728113240355651214e+01
5.818506259760053467e+01
5.940414129926152498e+01
6.091126511053136738e+01
5.550921067936977238e+01
5.751051353088068652e+01
5.833610770593427475e+01
5.965994348099152944e+01
5.580243979284713163e+01
5.723017047863618956e+01
5.845718951794196272e+01
5.903801943110614303e+01
5.882922402176104271e+01
6.069355173194909980e+01
6.082505212898671942e+01
5.786977615126569674e+01
5.855529720018759576e+01
6.066977753350405322e+01
6.029670402641540505e+01
5.641707227150688198e+01
5.693896274485001641e+01
5.935398064735339574e+01
5.856326382767367988e+01
6.019456573979852720e+01
5.922695050053231824e+01
6.195198739232575491e+01
5.863879164384822928e+01
5.970775118021235528e+01
6.032620461087057606e+01
6.205820120825019615e+01
5.500126519879568576e+01
5.882284966079300403e+01
6.123514355178869550e+01
5.884982330109154702e+01
6.122029905925871418e+01
6.400815865208274147e+01
6.023193828620834012e+01
6.073047161876189648e+01
5.814810326858400202e+01
6.126919019162664881e+01
6.148265350856593159e+01
5.843538066536998343e+01
5.772879228806953478e+01
6.097248504345854059e+01
5.868160436689306181e+01
6.141324197608736313e+01
6.379014289962050555e+01
5.824275222083261383e+01
6.213026468247016965e+01
5.365480031252427295e+01
5.860372752351555903e+01
5.978796686899516288e+01
6.154949709595648244e+01
5.468464203933062606e+01
5.839593556218147796e+01
6.015243342985008468e+01
6.096503944045509371e+01
6.255958614723507338e+01
6.373600016727240813e+01
5.785824896318203514e+01
6.052194783758303487e+01
6.161201934630210530e+01
6.266478813662805436e+01
5.908364859396880320e+01
6.081425479503395337e+01
6.188887013868473019e+01
6.269150508168767999e+01
5.778550539862714430e+01
5.981790951781994892e+01
6.041393197965537354e+01
6.180693248022452480e+01
5.639943140402241539e+01
5.864395361650360172e+01
5.883335718101139378e+01
6.060999702796833333e+01
6.054432053792979218e+01
6.258791430610998674e+01
6.231753977019208435e+01
5.879902244660347321e+01
6.039439947224222038e+01
6.138313116237910805e+01
6.092527467224276450e+01
6.058867132040928993e+01
6.103365006151889816e+01
6.340945632399650123e+01
6.109732223531067774e+01
6.408809670825256433e+01
6.359841741062979992e+01
6.060862196156551107e+01
5.964743245089683654e+01
6.260041435779014307e+01
6.432114272576426117e+01
5.917022458762310322e+01
6.193753027873410844e+01
6.433015107694512835e+01
6.121289870083987239e+01
6.075999327513542170e+01
6.383990881954908758e+01
6.073057596169388717e+01
6.379423313175442445e+01
5.757200079258414860e+01
6.053029108239967826e+01
6.277196137000650111e+01
5.957738047200081155e+01
5.981054500029565446e+01
6.264971211895834813e+01
6.175514037291738134e+01
6.165624305527189364e+01
6.424993111518206490e+01
6.238241249868833904e+01
5.928852121824188259e+01
6.195989517820737547e+01
6.300933199140700935e+01
6.358041310494537157e+01
5.845007600301269690e+01
6.090548141661545856e+01
6.246202685634037977e+01
6.261948442975386797e+01
5.816569688515516390e+01
5.952051939436028505e+01
6.065318937536428479e+01
6.188206003550813961e+01
5.773652970861257927e+01
5.901182854230548713e+01
6.032706761145007590e+01
6.130866703309420274e+01
5.771429846535033192e+01
5.965801523146883056e+01
6.001423478832361269e+01
6.143236606874032191e+01
6.167494358610448302e+01
6.364264662673907935e+01
5.918956519647575476e+01
6.112912641841745653e+01
6.210445283673696792e+01
6.151435716600581571e+01
6.006562269207579163e+01
6.034886133659745155e+01
6.274529075984536775e+01
6.139540603097712790e+01
5.762348623143158477e+01
5.821488262573551964e+01
6.057902631634678414e+01
5.920637031406097606e+01
6.074264002585444189e+01
6.280271599169759611e+01
6.063316173453969071e+01
5.980577087036882489e+01
6.238854282773189652e+01
5.992588060063037858e+01
6.274767226112839325e+01
5.645432179410538254e+01
5.956115347069462729e+01
6.164330882911288256e+01
5.860009600303418864e+01
5.913654879645768148e+01
6.185902475001645229e+01
5.858283345276107212e+01
6.004914393405987738e+01
6.252318656022514887e+01
6.056183073130352312e+01
6.009582628611675403e+01
5.706253067924942712e+01
5.974127304818583184e+01
6.146660180530805917e+01
5.455708256598248340e+01
5.841614170374307946e+01
6.024649550482412508e+01
6.033976891689530220e+01
5.652038576269051617e+01
5.810327967047081188e+01
5.842634754372087258e+01
6.006567891982714258e+01
5.540383387393854520e+01
5.755690046566774498e+01
5.814437843274444617e+01
5.996918005279669472e+01
6.065672466596210910e+01
6.182956252775755246e+01
5.639009799830910197e+01
5.822865646058601641e+01
5.910321628142217776e+01
6.021217752041182791e+01
5.663821857199783949e+01
5.791442349895871899e+01
5.930245126179102044e+01
5.975525271375637004e+01
5.538645081695567285e+01
5.638215617316418360e+01
5.787794975819983279e+01
5.815670027609486681e+01
5.718557864440340666e+01
5.799667775827499128e+01
5.978985803308234637e+01
5.901503134154985730e+01
6.125353601806192927e+01
6.050807648564401120e+01
5.755229777567483040e+01
5.739833677290229730e+01
5.983839509664431944e+01
5.884303136257123157e+01
5.976343602804058008e+01
5.716456334905937098e+01
5.975983598893920856e+01
6.014788651980167344e+01
5.494538224609198807e+01
5.894270094409598926e+01
6.071215058531472408e+01
5.806102197338488935e+01
5.793427295148772060e+01
6.094952841965977797e+01
5.808662508327838481e+01
6.052205838785388181e+01
5.197700226186664452e+01
5.718885081591653119e+01
5.950996073770360795e+01
5.617745419373091664e+01
5.903356353528410239e+01
5.992947911101936143e+01
5.840622985526703559e+01
5.778278865204067927e+01
6.090026359564453884e+01
5.721047859112543676e+01
5.963315718309638669e+01
6.159522464585114676e+01
6.038442233365742595e+01
5.721752000002928185e+01
5.910973168455350191e+01
6.061352467621578199e+01
6.126351720024435821e+01
5.689930210596158844e+01
5.865897616853941088e+01
5.972118098802972952e+01
6.058384936109964514e+01
5.582370987196883050e+01
5.797063733088359072e+01
5.874925898567763483e+01
6.005113232908744436e+01
5.381377960060675036e+01
5.666522104802443494e+01
5.750542745932806810e+01
5.868156991954801072e+01
6.006133630144108793e+01
6.046598638419147420e+01
6.155871156366192309e+01
5.551194580355435448e+01
5.805025937546140824e+01
5.839708631201247613e+01
5.986915428734276645e+01
5.468817260909841593e+01
5.741729961527033765e+01
5.760724275302442976e+01
5.969901270406256089e+01
6.019883255202601191e+01
6.197388318676835439e+01
5.936592359216381709e+01
6.097763927671683604e+01
6.278062143446086907e+01
6.041300920462500557e+01
5.861474436689565692e+01
5.783247856220267380e+01
6.068705121595611018e+01
6.071522464659662432e+01
5.952182620848643779e+01
6.245319058369710064e+01
5.994828789464581575e+01
6.154615970108899603e+01
5.867705800511630088e+01
6.170305921646879455e+01
6.308005478940594202e+01
5.729725626041866349e+01
6.110709830680749377e+01
6.343408898011153951e+01
5.870594726789363449e+01
6.165302487770447470e+01
6.387932946311732252e+01
6.030948924076936635e+01
6.317508946092347344e+01
6.519858394364048593e+01
5.997297392991298182e+01
6.374628167621359154e+01
5.530202263974626220e+01
6.015274149625201972e+01
6.132182828385941775e+01
6.300662268770892638e+01
5.606263365995346959e+01
5.966668840010465402e+01
6.140365260246395707e+01
6.220922916823488436e+01
6.376145804449389232e+01
6.491285675271940647e+01
5.901809482439360721e+01
6.160796531484015759e+01
6.268684548293892078e+01
6.371425234540220828e+01
5.953586267172544666e+01
6.175140299012974765e+01
6.282445975973152485e+01
6.359164127892661611e+01
5.872811748521709774e+01
6.070387987988074485e+01
6.129391449738283626e+01
6.261968516101069326e+01
5.718930454160963706e+01
5.943437982541577469e+01
5.960111852719180092e+01
6.134524297548361460e+01
6.122269970449272591e+01
6.324588769063574745e+01
6.295823966521747650e+01
5.935939174403120688e+01
6.112699828678395164e+01
6.144503086850967577e+01
6.321499340464671235e+01
5.734702975960518501e+01
6.011176421903856948e+01
6.112478727141071033e+01
6.001438250505178473e+01
6.259760280952598066e+01
6.503479050663807470e+01
6.225391845273889402e+01
6.003249703406110171e+01
6.167254825053995404e+01
6.201077452989335370e+01
6.118446483421450921e+01
6.200187782925027591e+01
6.459724619633355758e+01
6.146030445520111130e+01
6.119632391247284176e+01
6.422071159107241556e+01
6.102339419431724110e+01
6.400085938865579749e+01
5.773850069276068098e+01
6.064052755545162654e+01
6.286439741265667891e+01
5.969203559875222709e+01
6.266535592373078600e+01
6.248194348057250380e+01
6.350789131520507880e+01
5.845492768052618260e+01
6.160538152826337921e+01
6.232794386664616582e+01
6.283744716419098353e+01
6.431184815739847238e+01
6.544486516155679112e+01
5.931429435768574621e+01
6.158641800389403897e+01
6.299639160313387976e+01
6.377368221385968639e+01
6.025212963989199721e+01
6.212178492706964050e+01
6.293685975746011252e+01
6.396568182930254665e+01
5.932670914146141428e+01
6.064238556491692833e+01
6.162193235364199495e+01
6.260266885169477291e+01
5.932859915516161209e+01
6.131703803649261175e+01
6.174870785517602201e+01
6.235373093007986256e+01
5.740702779508769993e+01
5.929853717717895023e+01
5.929920933413429651e+01
6.122083667807564211e+01
6.104007903096710663e+01
6.322443247673354705e+01
6.173344853852059799e+01
5.752316100014914468e+01
5.808007686336706143e+01
6.056920067981251066e+01
5.947112399611309286e+01
6.206206269517863916e+01
6.083855241891686916e+01
6.213014820274975136e+01
5.994185472681393634e+01
6.258702848024083210e+01
6.280154888853326867e+01
5.744422808972382199e+01
6.104668294748548618e+01
6.286307475126650957e+01
6.025718914544098936e+01
6.072393294597274860e+01
6.340694522399296318e+01
6.048223229801519807e+01
6.230766267837120154e+01
5.721199883377204287e+01
6.016091683708777538e+01
6.232556421915813871e+01
5.780390172535892646e+01
6.047828044974653494e+01
6.243474141395029164e+01
5.642495640719018724e+01
6.078137890569423263e+01
6.277989517592434510e+01
5.882621659777151990e+01
6.072390604671355874e+01
6.293996652140799597e+01
6.128303888488782292e+01
5.823335501273926695e+01
5.990502001000764665e+01
6.115586941946364874e+01
6.189593973534776694e+01
5.738967471251684316e+01
5.857364075491509681e+01
5.994937002901885847e+01
6.115900853874342857e+01
5.664222624537163853e+01
5.922843606876649858e+01
5.984288915091089933e+01
6.087769100628317887e+01
5.433591042864527765e+01
5.706643487979918916e+01
5.789723923561086849e+01
5.897816011051470753e+01
6.007655880308914931e+01
6.084369691372383215e+01
5.821509168443581927e+01
5.917443616208225166e+01
6.068921197955913982e+01
6.079818161955036260e+01
5.645236700394981000e+01
5.706253757427224826e+01
5.894208508203639951e+01
5.869492115848908043e+01
5.995981636951411531e+01
5.995960560874094369e+01
6.199563543982478819e+01
5.794355307900185892e+01
6.005508631813749076e+01
6.056904177477192519e+01
6.049834735520119722e+01
5.617463960581237359e+01
5.961848468846690707e+01
5.800629589587293111e+01
6.086825106824316123e+01
5.675366249629350790e+01
5.985025786018092475e+01
6.044842686661310438e+01
5.782004470194367229e+01
5.869479325538099346e+01
6.132201432145131292e+01
5.833866190787056638e+01
5.831555572793349285e+01
6.127963161207433274e+01
5.826240879795129501e+01
6.045293632679976525e+01
5.283846790923737302e+01
5.751211509617282758e+01
5.969277144714333616e+01
5.674027142167346938e+01
5.951506572095629366e+01
5.926358750761137628e+01
5.957846765747961371e+01
5.582755000930622202e+01
5.867500274699448681e+01
5.963918171918788858e+01
6.032319145824590834e+01
6.187768738092160703e+01
6.278554804400047118e+01
5.823162731264866210e+01
5.890491355421522712e+01
6.045281137064688437e+01
6.177994160779756072e+01
5.609798409610205283e+01
5.907671287828276263e+01
5.968615381173661660e+01
6.099918243867384859e+01
5.513823972543181640e+01
5.732701515251658009e+01
5.824282363613620817e+01
5.946212685344813309e+01
6.089544510551885281e+01
6.127153659783148498e+01
6.164813233945619686e+01
5.712382187292111979e+01
5.802592892453807139e+01
5.980142256667318890e+01
5.991997211866342354e+01
5.869587562833859096e+01
6.113427491148637927e+01
6.076122888013526335e+01
5.807189355624067417e+01
5.836814837606795692e+01
6.076661314577510353e+01
5.988236262056221193e+01
5.906479802136944102e+01
5.856824242038382522e+01
6.125931844028032458e+01
5.970442892381338140e+01
6.252835542361238907e+01
6.441484781759589850e+01
5.718368898157508085e+01
6.068836143357682289e+01
6.335040177205589629e+01
6.092188635403476837e+01
6.311633859656627976e+01
5.593440859140338972e+01
6.011196031645724247e+01
6.219279423727930833e+01
5.898262389839129582e+01
6.210276261042690038e+01
6.403294233700640348e+01
5.680676742051964823e+01
6.095403886008382699e+01
6.322488126472796921e+01
6.170111476619329238e+01
6.162927594697569589e+01
6.456404743094144294e+01
6.101733156069538211e+01
6.260556208261414923e+01
5.861757201373082182e+01
6.058520486721677401e+01
6.086020726528269620e+01
6.258709887103047009e+01
5.742330793321907834e+01
5.997205303034649404e+01
6.095782997824550620e+01
6.208146623941694031e+01
6.326924682383043574e+01
6.432380782963979016e+01
5.870998629018144754e+01
6.117767535060811923e+01
6.235451416210918296e+01
6.350936583129895752e+01
5.920869838081012659e+01
6.093958240813569915e+01
6.217326278238426340e+01
6.297782101257307374e+01
5.924624397901315831e+01
6.156946486224155990e+01
6.182114409299246205e+01
6.329609662877119547e+01
5.793538440590454996e+01
5.990693284832616428e+01
6.028479498052184482e+01
6.173015089588959370e+01
6.302205414429161578e+01
6.265625755903760563e+01
6.416684856876590004e+01
5.838049663302020775e+01
6.089257309299188847e+01
6.043481104054018971e+01
6.258269751605688214e+01
6.443055802616200367e+01
6.264107566594593379e+01
6.349878675135210671e+01
6.150201367039134936e+01
6.444309863109558023e+01
6.329004651662936709e+01
6.094267851093064081e+01
6.393565070980275067e+01
6.135673730916614943e+01
6.435373375826152653e+01
6.000771479066579417e+01
6.288630404303209076e+01
6.508671231180498751e+01
6.070616763611905498e+01
6.318014418286367118e+01
6.544178340302029540e+01
6.079774972157922264e+01
6.352352173678029601e+01
6.565096606415910685e+01
6.214345895578231449e+01
6.464148271895166431e+01
5.837706317423450031e+01
6.157521431370324194e+01
6.371174036767671822e+01
5.838556001287155794e+01
6.160999444675120174e+01
6.239758836371512274e+01
6.363278170072834428e+01
5.805833316917411224e+01
6.070683334382224672e+01
6.234039917742819625e+01
6.309163343557611370e+01
6.452949570810014279e+01
6.556536148347423421e+01
6.036425432297956206e+01
6.215066817922557618e+01
6.309270329887740303e+01
6.446927654010957554e+01
5.894738471364338039e+01
6.068615067589467316e+01
6.158486101932138013e+01
6.254223271847472887e+01
5.736556331772716533e+01
5.966902259363374128e+01
6.069207018367121265e+01
6.117790410758092889e+01
6.135008741696712065e+01
6.320774952184599016e+01
6.301869875098477536e+01
5.963636334643491921e+01
6.019880509791116907e+01
6.232874831348694755e+01
6.158361062182348888e+01
6.409906361527089302e+01
6.289841526222073043e+01
6.193632981256040182e+01
6.125004552671121161e+01
6.390484717285449534e+01
6.235709268135642702e+01
6.131317048117718116e+01
6.017940022839547254e+01
6.272808433179146448e+01
6.290689576177945241e+01
5.849455379753608497e+01
6.209878831883518302e+01
6.293032009164175378e+01
6.092498262466732939e+01
5.951652092059078569e+01
6.257940612241076650e+01
5.971269370169778057e+01
6.260958202672708950e+01
5.699973004455322467e+01
6.023005895183126057e+01
6.240868122483772140e+01
5.844992903458059885e+01
6.110303718875868384e+01
6.245959031299521769e+01
5.881763227863644516e+01
6.141202504209989854e+01
6.326562171953545999e+01
5.722432692286268008e+01
6.147018469899727933e+01
6.329066584450306010e+01
6.130368069860293190e+01
6.223503388644051171e+01
5.498910332085122832e+01
5.846783175716597469e+01
6.011433849047051581e+01
6.129979385788131907e+01
6.240844987518624265e+01
6.326136855159199257e+01
5.850702990660658287e+01
5.999275642465655523e+01
6.118081920214411440e+01
6.173536736879773201e+01
5.839821747583915368e+01
5.981761353069142473e+01
6.086148751394993184e+01
6.172704403071031010e+01
5.660225610700353371e+01
5.769334625102023750e+01
5.880546467407977218e+01
5.950748995634173610e+01
6.098922992661221798e+01
6.127193543138839971e+01
6.016800350612908233e+01
5.924147485969432125e+01
6.135686007558255284e+01
6.103415391500571729e+01
5.811165258494229136e+01
5.828494270105418451e+01
6.045953122724132811e+01
5.966616963052496203e+01
6.003456795691811720e+01
5.953494288563808112e+01
6.199956913825094063e+01
5.989075849418917841e+01
5.692944478223071769e+01
5.820327119045830955e+01
5.915230753315645273e+01
5.761553921250621357e+01
6.043795395248842084e+01
6.262296490776846269e+01
5.899396012164143599e+01
6.005539924158188825e+01
6.265316703802390919e+01
5.967096385582586038e+01
5.980737790319812319e+01
5.732066729236412783e+01
6.013107592676730206e+01
6.051768479080335084e+01
5.741205226869937661e+01
6.016183556302349444e+01
5.925833268870326265e+01
5.915889837095145509e+01
5.702726648852830493e+01
6.077522269422854606e+01
6.099575593509336358e+01
5.687765877579049345e+01
5.953591959056969785e+01
5.867564046879856932e+01
6.055350260696352649e+01
5.664458695204240968e+01
5.834368662527252525e+01
5.908954691317564567e+01
6.024976849770405352e+01
5.369463237746391826e+01
5.701157259683181877e+01
5.832506395291080281e+01
5.921500015433888819e+01
6.080146808933876912e+01
6.157452584323083755e+01
5.703425960257001037e+01
5.858112362910252813e+01
5.973687802709890349e+01
6.088830182688783310e+01
5.745912296841908073e+01
5.955072459897409232e+01
6.038888542078850463e+01
5.990937927159413334e+01
5.847360345806938398e+01
6.072628389691074347e+01
6.087267196867648522e+01
5.943321261965255786e+01
6.147033662257683773e+01
6.115806500237724208e+01
5.874741996932829124e+01
5.891610160357109294e+01
6.127158640355785479e+01
6.040298333967847810e+01
5.947431996982523827e+01
5.918950605256063824e+01
6.184098886920229887e+01
6.030538756654510024e+01
5.772625455944218231e+01
5.919748499175100420e+01
6.004306033422440692e+01
5.861665416186485800e+01
6.147759241120357387e+01
6.402437661954964199e+01
6.027775832486893393e+01
6.115740140622526866e+01
6.394134255473683481e+01
6.084614583897305096e+01
6.193143049275765577e+01
5.888872491551487087e+01
6.196135742188155859e+01
6.159236571467506138e+01
5.866934189649717979e+01
6.166575188082322256e+01
6.213886944311872895e+01
5.980259508229682552e+01
5.964984473980099011e+01
6.282988659804495768e+01
5.948619859868063742e+01
6.245945042429749350e+01
6.400953888522795410e+01
6.279038425919353017e+01
5.913893945348469572e+01
6.123172952905733268e+01
6.244696038546981498e+01
6.319130831352093480e+01
5.905340548250281074e+01
6.063248722944788938e+01
6.186850902167240207e+01
6.271670692311678152e+01
5.807149316172247921e+01
6.026978033744139651e+01
6.126131735389299138e+01
6.191536023484441387e+01
5.870547351037872374e+01
6.086393195407070777e+01
6.190388907450823552e+01
6.231143439251165717e+01
6.355811214246644170e+01
6.440427644045662703e+01
5.874249706670410376e+01
6.054117416213237135e+01
6.099848981945375925e+01
6.273660331671484158e+01
6.257139553036545010e+01
6.458703107554565293e+01
6.428306389520736275e+01
6.049172238532139545e+01
6.090814435821963002e+01
6.303521438990343739e+01
6.251852625069864899e+01
6.296452122534356022e+01
6.316094188879747406e+01
6.530582085249187685e+01
6.231205082144685292e+01
6.036992992760613674e+01
6.069065942198177055e+01
6.336320995677880319e+01
6.123261343139683532e+01
6.413264929707133888e+01
6.625438934028467486e+01
5.977616980775314204e+01
6.315956720575785255e+01
6.549118658364471912e+01
6.233801942760793935e+01
6.273687675449477297e+01
6.560555652801367899e+01
6.223473272813637180e+01
6.458447782778817725e+01
5.894884066307129444e+01
6.191460511283786872e+01
6.406484299385925851e+01
6.013024627530676014e+01
6.232437628231721760e+01
6.441440298868714365e+01
6.124409568873124243e+01
6.023188025380966337e+01
6.321892228543488557e+01
6.330942116419774379e+01
6.104847661196630071e+01
6.199082880977561416e+01
6.369191418672181015e+01
6.491791425394329451e+01
5.920682296987695281e+01
6.139640237875065054e+01
6.263044439507775962e+01
6.345206703664297265e+01
5.870715857081050615e+01
6.040486790899575453e+01
6.125494566631011395e+01
6.230352582745560852e+01
6.312400181010250577e+01
6.426855317938732526e+01
5.937471243204647209e+01
6.060834652109889475e+01
6.183494769388742895e+01
6.225633290047655066e+01
6.252398139323128134e+01
5.815146065734113279e+01
5.879586732199149424e+01
6.060960430309200575e+01
6.045494907958211428e+01
6.255280963625954627e+01
6.191833015196769452e+01
6.110433948336181942e+01
6.067952539091502473e+01
6.328056833499896072e+01
6.205100904437260567e+01
5.936730274745497127e+01
5.983863666730718478e+01
6.207983273702922844e+01
6.058326009531584333e+01
6.115004456669370825e+01
6.190230885831535801e+01
6.183525297671290133e+01
5.999015283089652684e+01
6.338324506741036402e+01
6.173011233860145808e+01
6.108491996998613160e+01
5.903652093332158302e+01
6.185154113923005781e+01
6.366942439175397794e+01
5.733100960347513109e+01
6.043105994472152531e+01
6.268569450460262260e+01
5.933282114762278070e+01
5.962803509484545827e+01
6.232288417239552558e+01
6.059929410102622427e+01
6.120324386598635158e+01
6.389863147690987688e+01
6.036608205693883633e+01
6.207299731191997694e+01
5.613589779177502237e+01
5.935781341178926596e+01
6.080274768862894774e+01
5.985103874282559389e+01
5.658464679409843967e+01
5.833942150286916473e+01
5.903269691077734649e+01
6.038814444013303984e+01
6.149130565127880743e+01
6.271012126219939375e+01
5.778769203338020333e+01
5.866407692186891154e+01
6.023319542901724333e+01
6.109898981768439086e+01
5.704189885542431426e+01
5.830555159782573327e+01
5.949540584249594843e+01
6.033057066439184268e+01
5.744250496282587903e+01
5.951807881446987381e+01
6.003824798020354336e+01
5.869815084516118731e+01
5.942613245846784054e+01
6.099226257451754662e+01
6.095138258179830615e+01
5.623527572373255623e+01
5.689719566171196163e+01
5.879065473779988338e+01
5.848594023323959590e+01
6.063788621691558944e+01
5.993604706617212941e+01
6.201173853280668880e+01
5.626242998289029629e+01
5.914974283171004288e+01
5.809081759999168781e+01
6.057136683746000472e+01
5.721228384142510492e+01
5.980504205063024159e+01
6.002992472872409735e+01
5.715136384009947790e+01
6.124055525037768177e+01
6.101644894432833155e+01
5.829805362814606440e+01
6.201319284288369005e+01
5.969175920118943424e+01
6.241480293815456548e+01
5.367572108162887901e+01
5.877526566634899297e+01
6.109269292324782441e+01
5.784690130056959134e+01
5.824434183979465729e+01
6.106313043211217462e+01
6.004791088509769281e+01
5.955390069031813738e+01
6.260664736395318641e+01
5.977112579781119450e+01
6.091215688074628076e+01
5.686696401255284172e+01
5.870832346001240154e+01
5.892380707440219823e+01
6.055624190922183203e+01
6.220141918713227369e+01
6.286978251026896913e+01
5.840765103902045041e+01
5.992892584440102155e+01
6.116969551692974960e+01
6.222980207861774460e+01
5.714942932412418486e+01
5.875877081354576603e+01
6.029652813398565314e+01
6.101266917913999777e+01
5.713176185843890664e+01
5.906741560959572013e+01
6.016470138857265226e+01
6.109927224378878918e+01
6.230717917841243292e+01
6.268898968238008251e+01
6.044462702418972810e+01
6.099304678712825734e+01
6.293196643146833935e+01
6.298517838865046770e+01
5.773411561658816282e+01
5.897695126403883847e+01
6.103340987770224757e+01
6.099450328109929842e+01
6.035125173292482970e+01
6.028686399979785193e+01
6.278348923928355418e+01
6.094633254075319684e+01
5.761269960660713707e+01
5.839736501981050054e+01
6.106748167496562019e+01
5.961061440863852567e+01
6.263096060573155199e+01
6.281152004935357525e+01
6.159238702613019711e+01
5.945701399833747303e+01
6.292037911307869535e+01
6.433858729221246620e+01
5.766933139332108027e+01
6.165046404636025557e+01
6.440588139821713298e+01
6.095240862198782850e+01
6.052902001846680236e+01
6.402452391221349615e+01
6.055927800396133875e+01
6.370292583720387114e+01
6.611513441373948297e+01
6.135457411958093843e+01
6.453088165398607146e+01
5.770749430330882745e+01
6.186895997667755864e+01
6.425742492567307806e+01
5.652466484221054088e+01
6.175679868405155304e+01
6.390290434561492816e+01
6.281255141545793919e+01
5.933656218649944947e+01
6.169105358436595310e+01
6.267153847539373857e+01
6.423491159834968300e+01
5.742378224388547636e+01
6.091292248041146706e+01
6.248411625089831034e+01
6.355397510716660747e+01
6.499040839689756410e+01
6.662996014100139064e+01
6.045719909652454049e+01
6.299649444427674894e+01
6.414473256425895897e+01
6.517615374678278783e+01
6.086730902166751633e+01
6.341671136096931605e+01
6.414660212718470689e+01
6.581793711556765913e+01
5.959628978792457588e+01
6.207322960365805642e+01
6.235871511304569026e+01
6.440146377093549290e+01
6.181097409659696496e+01
6.515782668048920812e+01
6.467709968638823170e+01
6.208574296026245065e+01
6.394152871502790703e+01
6.497550339000000008e+01
6.453380186719248002e+01
6.717645738682853107e+01
6.766485725000524099e+01
6.183748134804225316e+01
6.367256277582793444e+01
6.631118126863195528e+01
6.562202108889454166e+01
6.547189996222236630e+01
6.791104057739701716e+01
6.520244621049691602e+01
6.684758747131435541e+01
6.389368634917860845e+01
6.743962450506680284e+01
6.776302397348995044e+01
6.443938748569807728e+01
6.348426942277558993e+01
6.706901246882080159e+01
6.348473790120645077e+01
6.695957935956083418e+01
6.948971573879045138e+01
6.371875540593219966e+01
6.763100014480195910e+01
6.066863029105746108e+01
6.429410735914396469e+01
6.671840945736347805e+01
6.268460450003016859e+01
6.637846510509962172e+01
6.623684068138663861e+01
6.724290328914854342e+01
6.284851516789111514e+01
6.558915133797650299e+01
6.538660366108830146e+01
6.717915145189903114e+01
6.892092562460156557e+01
6.988056721411957994e+01
6.473971263034383128e+01
6.619443361732042774e+01
6.774287820947529326e+01
6.935265702224617712e+01
6.343803125792079811e+01
6.576629991921528529e+01
6.703754912927693965e+01
6.776464792348340893e+01
6.297091998474206775e+01
6.545288054495333085e+01
6.613778305795415235e+01
6.780564699763388603e+01
6.232270775358264814e+01
6.473591045706626801e+01
6.505954682904604169e+01
6.683217644094958132e+01
6.748782744831186164e+01
6.952791507238904956e+01
6.419968919351578052e+01
6.691825728020484121e+01
6.732157418256633719e+01
6.948295756720079908e+01
6.329845824016474154e+01
6.667049541881871733e+01
6.544323370556949726e+01
6.821417691711614850e+01
6.491480548988147348e+01
6.828118323653622213e+01
6.794518888110361843e+01
6.522859774777067798e+01
6.838837030083139723e+01
6.607209086796348174e+01
6.921979814478366677e+01
6.359573789100895880e+01
6.685405092644015212e+01
6.958771852782234646e+01
6.597570826681962330e+01
6.935911109661489604e+01
7.061677705637595182e+01
6.624175939199497520e+01
6.809711822194164199e+01
7.081838357998530853e+01
6.638356558888825987e+01
6.847645873700200525e+01
7.109770062941632318e+01
6.779971702732450467e+01
7.061911561325885600e+01
6.316771717146313847e+01
6.725101821434479632e+01
6.946765785242425295e+01
6.369066405083832905e+01
6.726789331460716426e+01
6.765676088790215204e+01
7.007341608429531732e+01
6.297553989870816338e+01
6.689795847641077842e+01
6.827408881778163163e+01
6.731055907519771608e+01
6.898409946587841546e+01
7.035268112590929945e+01
6.719100330615222560e+01
6.913569603362466864e+01
7.061681439749408185e+01
6.743265799237715896e+01
6.944443687049032121e+01
7.109276310429650891e+01
7.151435067963387837e+01
6.639351447718446764e+01
6.891479145510488991e+01
6.935358613753695067e+01
7.142479622424860963e+01
6.629209221017535469e+01
6.767739419494051845e+01
6.993240609323734702e+01
6.982568665690592979e+01
6.538120056432684635e+01
6.613377169980689985e+01
6.874946031250730982e+01
6.817379991780821058e+01
6.581461733117048141e+01
6.593652917309928796e+01
6.881345192964059265e+01
6.771635736359509394e+01
7.069774956352783590e+01
7.123106992666241410e+01
6.508333084897107312e+01
6.935996484447800015e+01
7.171097939903829399e+01
6.949391789617965287e+01
6.798054724296852669e+01
7.139469987094656744e+01
6.856257518273974938e+01
7.203359003192457521e+01
6.462912769028726245e+01
6.910411338771382361e+01
7.182523079800766652e+01
6.802987196339634579e+01
6.825194828586371898e+01
7.170752982436633260e+01
6.800436792941816577e+01
7.000942017510965343e+01
7.277097820079382018e+01
6.872093749847445565e+01
7.203651842887384760e+01
7.408998825796423660e+01
6.706393837944195013e+01
7.226750039418229221e+01
6.380702726494776300e+01
6.917482650914962505e+01
7.126317960031491339e+01
6.782207766076140842e+01
7.155167844363552376e+01
7.264439858374598202e+01
7.167443490425962693e+01
6.821865531332903743e+01
6.993011423374478852e+01
7.208185823358620326e+01
6.795939936075727417e+01
7.075568040150436389e+01
7.217668917154681196e+01
7.352656686494667326e+01
6.662049292502992159e+01
6.979258812001290835e+01
7.161043540080494552e+01
7.227755718114380556e+01
6.712216207906996601e+01
7.041579980822861273e+01
7.075927771652507658e+01
7.297153396271330905e+01
7.331229252736780211e+01
7.579138231853599450e+01
6.932063021639014266e+01
7.191246653913270848e+01
7.400461331960988787e+01
7.347097000085389595e+01
7.015794287278833963e+01
7.354939814250651864e+01
7.210609461982407709e+01
7.434672663510632162e+01
6.993292112761027113e+01
7.350502945766768903e+01
7.331281048826220115e+01
7.273942808928792658e+01
7.510872222324272229e+01
7.296718966416877095e+01
7.330066556259237132e+01
7.112679576437713536e+01
7.477792175050792878e+01
7.702280848112836509e+01
6.918249062090380619e+01
7.400981298256574803e+01
7.689002514336497995e+01
7.317045011862529691e+01
7.316626069017991085e+01
7.701044002061208005e+01
7.266685030279900559e+01
7.500679010205911368e+01
7.128371876347290481e+01
7.467970240276196137e+01
7.408765481825896870e+01
7.095803269360987997e+01
7.455662365177326478e+01
7.518916511363464394e+01
7.371306211053307322e+01
7.505224778404003416e+01
7.794879718236862232e+01
7.024410604598971020e+01
7.518335765695789519e+01
7.724971659634812227e+01
7.679417598235995968e+01
7.255585940292895941e+01
7.555034620280888191e+01
7.676813599160406909e+01
7.833282966692672744e+01
7.166768104509786497e+01
7.501746751293583770e+01
7.680727253084378958e+01
7.542020930155696590e+01
7.554040164157987647e+01
7.684807682294758990e+01
7.924217853757579633e+01
7.221810890603370581e+01
7.569755343349906695e+01
7.639564045909173728e+01
7.851852409776360275e+01
7.168710469988184286e+01
7.552527803632543169e+01
7.558099029442122685e+01
7.829914184349171080e+01
7.303752261469939810e+01
7.670020614839914685e+01
7.606185571745261598e+01
7.850326903913179422e+01
7.759840713136627244e+01
8.066764237405766380e+01
7.373334744460049706e+01
7.765668476891561056e+01
7.973688071170973046e+01
7.597362742558469506e+01
7.800214784569035942e+01
8.056405741227013095e+01
7.752414325649517934e+01
7.620530741953021447e+01
8.017111387325192595e+01
7.692556744811557223e+01
8.074882177853923793e+01
7.558156532792000348e+01
7.951326752804995124e+01
8.259198263986719724e+01
7.481730292493654133e+01
7.946227748243423150e+01
8.258600754706010605e+01
7.732921238681444720e+01
7.972020017501223776e+01
8.318091282959100852e+01
7.788849138290026985e+01
8.000117347957913694e+01
7.559383311731839683e+01
7.939537849730801611e+01
7.982530924268102979e+01
7.605379807233305200e+01
8.000179276916200877e+01
8.069871814597600235e+01
7.890510420915704515e+01
8.067105351299586857e+01
8.289032133395011215e+01
7.725080009562877592e+01
8.096296170382869661e+01
8.230170622001728020e+01
8.339815378512099642e+01
7.796022032001101820e+01
8.079694997248954280e+01
8.303918071073198348e+01
7.741931281178166557e+01
8.086858211768922899e+01
8.281508801107236195e+01
8.388495661595224817e+01
7.859774890539078740e+01
8.131190084268196472e+01
8.210010999647539620e+01
8.471607162658919776e+01
7.783547431212488732e+01
8.080920383272838592e+01
8.287222788946330354e+01
8.276915571593180232e+01
7.789703362070238768e+01
7.954870740312721011e+01
8.326802266040530753e+01
8.223752987592246200e+01
7.742044352095004456e+01
7.881524881465416854e+01
8.277141915011040396e+01
8.136053734479664001e+01
8.540341570766565837e+01
8.107014329115823159e+01
8.509022056430328007e+01
7.756920484366398227e+01
8.244412070165822115e+01
8.108859221997879274e+01
8.431823614258318855e+01
8.780284067177535690e+01
8.258086838718996603e+01
8.630970645144364539e+01
7.857327740597928312e+01
8.321186060136594165e+01
8.440912532889984732e+01
8.076127223644417086e+01
8.524511866965313800e+01
8.568747400270561343e+01
8.196707915482198814e+01
8.331845320353083650e+01
8.733335217524371785e+01
8.270484348039482825e+01
8.454221483859225827e+01
8.835999260974517711e+01
8.329590337955072243e+01
8.518174532614908401e+01
8.056044551883211113e+01
8.457454360714108077e+01
8.546997096791022841e+01
8.131372261663148038e+01
8.528961344087211671e+01
8.689048129502782558e+01
8.201292490130374802e+01
8.550858097516530165e+01
8.800118823825900449e+01
8.284565014999560617e+01
8.708035537920780200e+01
8.938698597820706482e+01
8.631708324418997336e+01
8.874584625506139446e+01
8.181331775294529507e+01
8.544493186744388424e+01
8.709996291245623468e+01
8.668596754695821005e+01
8.078104013320998433e+01
8.400354807211456887e+01
8.749258076616888502e+01
8.642885008284805792e+01
9.055428344279832231e+01
8.891353604998860760e+01
8.544034018065734415e+01
8.622567274945090787e+01
9.041521084996136892e+01
8.579355252520953456e+01
9.048470039628044503e+01
9.010785863956657238e+01
8.746951715487826107e+01
8.794326031893288587e+01
8.538282182785951591e+01
8.657959313451415539e+01
9.131578886916382487e+01
8.609118179983862262e+01
9.132743768295718212e+01
8.975582213223508177e+01
8.851893556135281926e+01
8.689597618648569721e+01
9.158034660095731283e+01
9.147445791990439545e+01
8.532283284472335083e+01
9.050586478163413062e+01
9.456230076945348628e+01
8.771925503951355552e+01
9.225073089929149717e+01
9.598712867210294064e+01
8.870179636635832310e+01
9.329841676984815990e+01
9.710599041981824087e+01
9.018781338971598416e+01
9.486862473985890176e+01
8.795781613796538068e+01
9.284940708267924947e+01
9.631887014265716118e+01
8.807209479679495701e+01
9.365469369150879686e+01
9.694556490623915579e+01
8.896775529390932036e+01
9.462111250596532841e+01
9.756786146559926465e+01
9.041138916227200184e+01
9.533764204621286353e+01
9.817203145179995261e+01
9.274274680727042153e+01
9.655929614906568759e+01
9.043517969706243775e+01
9.394571035887851451e+01
9.666593458956216978e+01
9.018293996235924226e+01
9.509751686235019008e+01
9.831176128023155059e+01
9.629110917256920743e+01
9.452439836226422187e+01
9.891664542061548104e+01
9.936181028577146890e+01
9.312313816086283680e+01
9.653392148195587197e+01
1.005116810111871217e+02
9.519859777578115256e+01
1.004208926314390595e+02
1.004407741734202517e+02
9.835601044901802936e+01
9.954258054239168985e+01
9.517338992708342005e+01
9.944043305720070691e+01
9.924804731279907344e+01
9.815693621233413069e+01
9.929492475507591109e+01
1.042928464776934447e+02
9.675839080401580361e+01
1.007979365165111147e+02
1.056953472833568810e+02
9.906394218386579098e+01
1.031848149047269914e+02
1.080457514563186692e+02
9.971295336626647554e+01
1.045600569838071721e+02
9.899058967882753279e+01
1.042963883079395657e+02
1.048141104351722106e+02
9.819985158344638876e+01
1.044481987854308187e+02
1.080964827961100099e+02
1.004096133329594807e+02
1.058186199454760015e+02
1.100155394454779270e+02
1.026024066764362175e+02
1.077565284671099306e+02
1.010862518584302165e+02
1.064683865442171538e+02
1.084893388829972878e+02
1.015060171246340275e+02
1.066902263643757038e+02
1.105969218093965623e+02
1.043198105293186302e+02
1.081895420625055948e+02
1.115081619069296863e+02
1.047350968751777600e+02
1.098038546361275394e+02
1.133542210087161379e+02
1.067037494196331409e+02
1.112337077199724149e+02
1.045874499556739607e+02
1.094014731794154613e+02
1.118887872980392757e+02
1.054529126868336277e+02
1.100446878345104835e+02
1.141365954815769186e+02
1.074433588368963797e+02
1.125176563456179224e+02
1.149729172787344851e+02
1.093004636774258245e+02
1.130146933328574619e+02
1.180519321131520627e+02
1.113138547944158177e+02
1.176553135471251039e+02
1.089060987083231566e+02
1.157752885729646835e+02
1.162494866972594139e+02
1.122048278358430764e+02
1.143109119001156273e+02
1.203074301247793869e+02
1.131327011531914906e+02
1.171220417675269232e+02
1.226754359644678374e+02
1.144719698655727171e+02
1.190533455243648149e+02
1.240484136415313969e+02
1.164683306115705790e+02
1.219312200027238191e+02
1.141728363949658558e+02
1.209914561565474287e+02
1.190103172808258591e+02
1.193065158592139170e+02
1.197698924012453574e+02
1.259578595534821659e+02
1.183369503868053840e+02
1.233705252008818292e+02
1.281997091925892676e+02
1.195117598176664728e+02
1.264088548429900101e+02
1.289141595347883822e+02
1.207154943049867626e+02
1.276906782892138210e+02
1.203001959762925139e+02
1.269900997257033453e+02
1.265281942046050858e+02
1.230674524988337453e+02
1.275289293185782640e+02
1.305007798503670244e+02
1.231716829013162737e+02
1.291740725213282133e+02
1.334222723793667740e+02
1.264803959892825134e+02
1.320899904168686305e+02
1.251289166694890440e+02
1.306009351769341720e+02
1.323997536813628813e+02
1.260424134681808539e+02
1.323922823279790748e+02
1.346635102954562910e+02
1.290425643181794157e+02
1.332687420923292905e+02
1.393620468966425108e+02
1.288991339974705284e+02
1.380721327254834989e+02
1.382270993531683416e+02
1.336540957921301356e+02
1.369831153743189702e+02
1.315198373649499786e+02
1.355564237209372322e+02
1.413599171356908357e+02
1.319564740641089884e+02
1.404153009780265222e+02
1.407590672884113872e+02
1.377966270591436739e+02
1.395057825052421379e+02
1.460746071085347069e+02
1.363471234907089809e+02
1.448195343630901846e+02
1.440709837167897263e+02
1.428990129596636507e+02
1.430648500089816366e+02
1.418504818061555284e+02
1.435699464220312223e+02
1.497384666440550234e+02
1.397874705142826031e+02
1.488307656328985331e+02
1.467189053951913422e+02
1.471533425721497110e+02
1.459296554363444329e+02
1.515883967371725305e+02
