0.000000000000000000e+00
-8.089381594537837827e+01
2.609406854193070302e+01
-3.179074576039920430e+01
1.685619485089169034e+00
-8.701790170853263007e+00
4.595017459359278966e+00
-1.279592662169197048e+01
4.432899019707090105e+00
-3.960585475520843168e+00
3.246145350499135773e+00
-3.160608446141818462e+00
2.983100211718798800e+00
-2.539184890364171832e+00
2.672167590848468333e+00
-2.015446435387386881e+00
2.505731285364797500e+00
-1.551403394666257984e+00
2.487264506576199352e+00
-1.131183218726849127e+00
2.542426899659095962e+00
-7.412350357670958179e-01
2.540296468417864606e+00
-3.740970132922697977e-01
2.932073224605707740e+00
-4.856061081539219115e-01
3.241773480105177185e+00
-1.860043037625532802e-01
3.576062829066977589e+00
1.050515814881835402e-01
3.907485462711487223e+00
3.585607778120096234e-01
4.250883089601691367e+00
6.470790592212791736e-01
4.605374616595761417e+00
9.435043689605820960e-01
4.970640573066421375e+00
1.259909176328648295e+00
5.345010451860881417e+00
1.587909013684557280e+00
5.727534259599004862e+00
1.929758639212299620e+00
6.116938933877244189e+00
2.282148269398304841e+00
6.570150034580192866e+00
9.643325019009516552e+00
1.073272989404613043e+01
7.689445166093983985e+00
1.174697581202462260e+01
8.315473899820016612e+00
1.222432969977016626e+01
8.771967837165915327e+00
1.269715094807439648e+01
9.263906944538467414e+00
1.315173498636767135e+01
9.727633268304808567e+00
1.359907443841862040e+01
1.019287711937337093e+01
1.403577769631594663e+01
1.064711859254413362e+01
1.446274736610231493e+01
1.109428119888062270e+01
1.487801582624755170e+01
1.153041471480776003e+01
1.528052789967198954e+01
1.195488967213383624e+01
1.566900446809609804e+01
1.236598554663666150e+01
1.604297282005866165e+01
1.276339776676877591e+01
1.640260236437727670e+01
1.314732270493339961e+01
1.674881151611996444e+01
1.351882940912693520e+01
1.708293665140073969e+01
1.387930508652340400e+01
1.748437192586787603e+01
2.157307957475423876e+01
1.993440656257719823e+01
2.368153947046684138e+01
1.993983508742066491e+01
2.459063794696857741e+01
2.024793021579801078e+01
2.423371577036138902e+01
2.053638983472786350e+01
2.453145623778155837e+01
2.082794459375133300e+01
2.481293808997351391e+01
2.110393448688681062e+01
2.508426303903245724e+01
2.137037580340086151e+01
2.534304326502172700e+01
2.162518286665220657e+01
2.559025773125001280e+01
2.186918160356028196e+01
2.582544099778476721e+01
2.210210732044163251e+01
2.604871595909610349e+01
2.861601429347613035e+01
3.186284676170379981e+01
2.776260048609252351e+01
3.236505450496952108e+01
2.804993200513389695e+01
3.203805426270346857e+01
2.833182198938559537e+01
3.226451862380990576e+01
2.855918487443975451e+01
3.242326841010022775e+01
2.875189655831010072e+01
3.255046690314885183e+01
2.892098681528915094e+01
3.264907069892866076e+01
2.906975224165626415e+01
3.272522511139653290e+01
2.871626414972253016e+01
3.349769681797670984e+01
2.886737767548530798e+01
3.359540429198000311e+01
3.672112987327903966e+01
3.303656817140308988e+01
3.667488639433518216e+01
3.328043067819800882e+01
3.672077140550018726e+01
3.360355495744301635e+01
3.684182108819583590e+01
3.368288674829823748e+01
3.706552814354846959e+01
3.397667682262824229e+01
3.744862073710874029e+01
3.433478671741980293e+01
3.759537882235253647e+01
3.425813500374258069e+01
3.766480295287810520e+01
4.076524841965459700e+01
4.264311086586522492e+01
3.989985076961024646e+01
4.260623195242875738e+01
3.971406776614496437e+01
4.127217347688190330e+01
4.319693698311068175e+01
4.072680583673938060e+01
4.239959246297968321e+01
4.077045629952527861e+01
4.227617802706890160e+01
4.053364489041616281e+01
4.210755707387035329e+01
4.022022037413495354e+01
4.333043357988449173e+01
4.676287808309224658e+01
4.714127450494945748e+01
4.585989123678913870e+01
4.684510849419883982e+01
4.549298750096000532e+01
4.652357542216361708e+01
4.548372920973751121e+01
4.618124881997709963e+01
4.511922654697963964e+01
4.582699722497590500e+01
4.473561109211093623e+01
4.544994493255685342e+01
4.433087544955846937e+01
5.009381114921021805e+01
4.862751438160857020e+01
5.432799782035382918e+01
4.683033297343764190e+01
5.385623586264699014e+01
4.587107367990940077e+01
5.301411755714715923e+01
4.539671977043650486e+01
5.196613066973178263e+01
4.450949007672258517e+01
5.124528910378179347e+01
4.398746719451229126e+01
5.015289120644445120e+01
5.241375077767958146e+01
5.261123505419065793e+01
5.238894537133543139e+01
5.200319064942169689e+01
5.169515010729180915e+01
5.129791344483765414e+01
5.119739575631567874e+01
5.075392699303797173e+01
5.051385256280467217e+01
5.006432794777941808e+01
4.985859284446106443e+01
5.485974189394340783e+01
5.298935552662808135e+01
5.631696620259881314e+01
5.150066421618151935e+01
5.673901249068039476e+01
4.985628157166951979e+01
5.569547045311326627e+01
4.937093478052589290e+01
5.500038218347746977e+01
4.912887199568031349e+01
5.441529110755501364e+01
5.787875466742262631e+01
5.390352217265616730e+01
5.828789863729081588e+01
5.176405837936806620e+01
5.721406296233043776e+01
5.074751505825088316e+01
5.621289824359926968e+01
5.108894158393186302e+01
5.573344774253826017e+01
4.929687223088759396e+01
5.464337946006678948e+01
5.819813160408733665e+01
5.385504010023147714e+01
5.842377058998670947e+01
5.215133778808357334e+01
5.728128418627301244e+01
5.119365373825996102e+01
5.624813777099510759e+01
5.117533892109892690e+01
5.560725497473541878e+01
4.880050361571034756e+01
5.443179004586490066e+01
5.780976532326387485e+01
5.276317412702724141e+01
5.821441630354862440e+01
5.229571206127045713e+01
5.706373962129735133e+01
5.178979378538898004e+01
5.610898536931379965e+01
4.955543861125904925e+01
5.482012311864741605e+01
5.787135191018099789e+01
5.499728336905528892e+01
5.895033154275667897e+01
5.192938258804861107e+01
5.792244700371605148e+01
5.169991772113239392e+01
5.650545941559537511e+01
4.956550150258078702e+01
5.537203081319903220e+01
5.694513197892565159e+01
5.933484596220340990e+01
5.397072996288449076e+01
5.801304034136691712e+01
5.232148480720006489e+01
5.645057516489227822e+01
5.002093822783991328e+01
5.507253914966064201e+01
4.943619400741567205e+01
5.342894774512632239e+01
5.584298490364604817e+01
5.675959906673724475e+01
5.343803108518060441e+01
5.565092912276689674e+01
5.224506224839681323e+01
5.419122698077217848e+01
5.076109764550749759e+01
5.284013593466911374e+01
4.942561578729376492e+01
5.149180471941293291e+01
5.352727984170191888e+01
5.556300770577344394e+01
5.160253812028863507e+01
5.426332253786063831e+01
5.000130081958868544e+01
5.284055641250372304e+01
4.829680692729824187e+01
5.086734223828142376e+01
5.325607295669602337e+01
5.490066119178056425e+01
5.196985344182370170e+01
5.445880882186768446e+01
4.885951664507567926e+01
5.248573134717253907e+01
4.737898975739032181e+01
5.048127416613290563e+01
5.228965378958224619e+01
5.411563011763814757e+01
4.924766374118077294e+01
5.214864067783928192e+01
4.740579178942400063e+01
5.044509492338627865e+01
4.625641191102635474e+01
4.887858148268428948e+01
5.099427053588583192e+01
5.234279218348823548e+01
4.996887283683316383e+01
5.167047107859221455e+01
4.628599441111535384e+01
4.922329205405953445e+01
4.600779982020501535e+01
4.779087243812882946e+01
5.026377575272596943e+01
5.099434541690531830e+01
4.916872055982639722e+01
5.007203522756336866e+01
4.596473224449069050e+01
4.785700314199446836e+01
4.548944385201968998e+01
4.657271401815129508e+01
4.961338978828481316e+01
4.948584553331307490e+01
4.740939874974555579e+01
4.775775883842466385e+01
4.654262350411559623e+01
4.674940167975933036e+01
4.409334991032181250e+01
4.451721737724486871e+01
4.803432041043454603e+01
4.724821418857521138e+01
4.659444456460254003e+01
4.626461887938587836e+01
4.454133784171478538e+01
4.424988191710033192e+01
4.392905873191993749e+01
4.339627632366619991e+01
4.713063213855350853e+01
4.640836914284624726e+01
4.475541278031269599e+01
4.394811282608712588e+01
4.509621412354453440e+01
4.344285796937265332e+01
4.187175327451667783e+01
4.098767194214551068e+01
4.494144225903511369e+01
4.538475694192633370e+01
4.184636474819451735e+01
4.139162417562328500e+01
4.334421479253160214e+01
4.029481006678752664e+01
4.074672046265428804e+01
4.381245379644491322e+01
4.272124953040636086e+01
4.363470308494022731e+01
4.163489739943513257e+01
4.108063383595263929e+01
3.924831482116687909e+01
4.020755164933843417e+01
4.331737157474787381e+01
4.157799900647167846e+01
4.207208527845622115e+01
3.978017209628481510e+01
4.053353778278118824e+01
3.814399276736670430e+01
3.823719486541359913e+01
3.585622413051936519e+01
3.930785770653121602e+01
4.143147417183086390e+01
3.586465759549879095e+01
4.043632065013352417e+01
3.282918494501380735e+01
3.840053278181213869e+01
4.113386500266525303e+01
4.000418198274269344e+01
3.853535991314443976e+01
4.118475680565331487e+01
3.479462021234553504e+01
3.951111424662035176e+01
3.147584909638128892e+01
3.689723955796172561e+01
3.932840102289868156e+01
3.723680179381351962e+01
3.859292058093155475e+01
3.534320164326916824e+01
3.622859676598800149e+01
3.258618629166499403e+01
3.417343738091985728e+01
3.675437383753718734e+01
3.918999808875342694e+01
3.218989004712850033e+01
3.606386503710861291e+01
3.277485554670901280e+01
3.535235708641849328e+01
3.684046707361308393e+01
3.858566780485278258e+01
3.307746142412316459e+01
3.616719965097670553e+01
3.074632029367979769e+01
3.394272167758063574e+01
2.891748969310251027e+01
3.224277811771570867e+01
3.314018344241750924e+01
3.538196307529455709e+01
3.195429997663704569e+01
3.455238167842326646e+01
2.839759628409581893e+01
3.207824557925462727e+01
3.354794076515779011e+01
3.519615544556480558e+01
3.236902771602719753e+01
3.462317777848473099e+01
2.992822732655178086e+01
3.207517860524653486e+01
3.394399601462428961e+01
3.518002624742771900e+01
3.251001623473447921e+01
3.434024996002701613e+01
2.994386017150906198e+01
3.180792783914678523e+01
2.796106086469929508e+01
2.996902487472345200e+01
3.223434788417262098e+01
3.295349642047627015e+01
3.184723132893624253e+01
3.259419213543396410e+01
2.857799080628851840e+01
3.016575373585728670e+01
3.298436829668158765e+01
3.297286231393138678e+01
3.176751449213338319e+01
3.215316673418192295e+01
2.875010185624558545e+01
3.165069098937921055e+01
3.189600097509105581e+01
3.512630635424931569e+01
2.894036139683135289e+01
3.357296950408046854e+01
2.723565472120334618e+01
3.197764574433072937e+01
3.183462279725423372e+01
3.530301986936477476e+01
2.867747060081814681e+01
3.378247699406465898e+01
2.660896996958720351e+01
3.222760527518968132e+01
3.393101165349460757e+01
3.295794393788351329e+01
3.303984724558839758e+01
3.215249340816312440e+01
3.070230881782059384e+01
2.991686949586367206e+01
3.285600031732928272e+01
3.578257253113065417e+01
3.078985147787133414e+01
3.397922180364924571e+01
2.956737959298738261e+01
3.271433498789538419e+01
3.569195956428231398e+01
3.355622234799382397e+01
3.343914987739771050e+01
3.190064832145094442e+01
3.241623589366718505e+01
3.073482764596928263e+01
3.005949145749384499e+01
3.354846674275731999e+01
3.264190252745539311e+01
3.537420806342355206e+01
3.051387200515420517e+01
3.403545738789846098e+01
3.692553768059745778e+01
3.104572863628422041e+01
3.619811557469365226e+01
3.041597430754462650e+01
3.468157947357262572e+01
2.863756980703972488e+01
3.252550587913694358e+01
3.529858526677253394e+01
3.461264394030089164e+01
3.316683430220406592e+01
3.394075541814577690e+01
3.087113762002257644e+01
3.435176750744818008e+01
3.451258282875379990e+01
3.694399752961227534e+01
3.257037328851318847e+01
3.579312942641049489e+01
2.871768825662512725e+01
3.315035947085922885e+01
3.550691002645898209e+01
3.658692313510256611e+01
3.289838807448429492e+01
3.497586178495789966e+01
3.118598358191226083e+01
3.410873097982695157e+01
3.558215098068238547e+01
3.705917368824678704e+01
3.375845741632154784e+01
3.592029493723485700e+01
3.167092192839975695e+01
3.487293221287143297e+01
3.655233563330778424e+01
3.774853447578156107e+01
3.478905894071577620e+01
3.718262451130049584e+01
3.214008432429277917e+01
3.538612821972691336e+01
3.712809240476188677e+01
3.917815439328442295e+01
3.357388476439582092e+01
3.679350041585742304e+01
3.852285030925700227e+01
4.067607104308223853e+01
3.946641970644948572e+01
3.824024745099980294e+01
3.905763760725766787e+01
3.442930762137604006e+01
3.708435062816360528e+01
3.947005919209119185e+01
4.041813505255488082e+01
3.739178262963760346e+01
3.887180186736021170e+01
4.160776663634948136e+01
4.210900675356226941e+01
4.062021006094541775e+01
4.137140977748254045e+01
3.797419330397196546e+01
3.948810526209307170e+01
4.258551025442478277e+01
4.313318938114095857e+01
4.051614242117896225e+01
4.103283211328952262e+01
4.182188233858419579e+01
3.850322365827018700e+01
4.243828708596884525e+01
4.374434618817373632e+01
4.219516968222208675e+01
4.230521240885380507e+01
4.022553331007157595e+01
4.423983388969902819e+01
4.309407462166031877e+01
4.680105002185903373e+01
4.055555876010652838e+01
4.501750487031156212e+01
4.792828499989377633e+01
4.570284886597921314e+01
4.595479078109827498e+01
4.482271364873476216e+01
4.378515898172070564e+01
4.282580477638996541e+01
4.682500708357318331e+01
4.880208112587625635e+01
4.305335566724035345e+01
4.789419856758105709e+01
4.080219631387310386e+01
4.587143989246711584e+01
4.916780715057198847e+01
4.543354294656664649e+01
4.711329290116265156e+01
4.591213282487128566e+01
4.561170750002748520e+01
4.878235013979575996e+01
4.966028756654468168e+01
4.704506637590528584e+01
4.839855460883315175e+01
4.574270230092917444e+01
4.894397072042370667e+01
5.022764535243614858e+01
4.887974626762039776e+01
4.962697038687869622e+01
4.668779496344713920e+01
4.857933765760469669e+01
5.146898241237153115e+01
5.167145797625174453e+01
4.860766471737248651e+01
4.988409271518899146e+01
4.649631172133947388e+01
4.969607210547167142e+01
5.030767288230075707e+01
5.316942713520863606e+01
4.738056665296493009e+01
5.112507662456918212e+01
5.269659380791286196e+01
5.429612102952327035e+01
5.048226406827929225e+01
5.277820671539702602e+01
4.849753760249190293e+01
5.146359650226543181e+01
5.298402626221612621e+01
5.429874708746712741e+01
5.107131712589884387e+01
5.330380326606163521e+01
4.873872915005816964e+01
5.117528521828882759e+01
5.294498008333084726e+01
5.475882483006373747e+01
5.087497398747274957e+01
5.354970635560757586e+01
5.483943263591999084e+01
5.732973261629074102e+01
5.223604480192657462e+01
5.527357387850459958e+01
5.018825791368515610e+01
5.328510809017675598e+01
5.446477987685858579e+01
5.696472344532899257e+01
5.385427602634153033e+01
5.582582895237545273e+01
5.866335138959851747e+01
5.838444924707448536e+01
5.438267995660903154e+01
5.614592567461627226e+01
5.333569218918601251e+01
5.545575100281637049e+01
5.584215312088471705e+01
5.891700896812056953e+01
5.537155896331644556e+01
5.813505757360852755e+01
6.109532330810610290e+01
5.848207247766916339e+01
5.959899193436255160e+01
5.762653920005995190e+01
5.516997414216135809e+01
5.780418701714177132e+01
6.037684012201608397e+01
5.831514824219739523e+01
5.823185383458626774e+01
5.733035537041605068e+01
6.065474432930025728e+01
6.248031371172414339e+01
5.669110759248284381e+01
6.115038650057987724e+01
5.415990226829165266e+01
5.917539485475238337e+01
6.216440606176409744e+01
5.922158865103155279e+01
5.949316287099352252e+01
5.764231320153494664e+01
6.144137443595586490e+01
6.187580545540291155e+01
5.959452855536871141e+01
5.936412611825566898e+01
5.719875114948330008e+01
6.099670888336281394e+01
6.164492638615401177e+01
6.241280396926151752e+01
5.704818046008946908e+01
6.087652686188414464e+01
6.353706299561117277e+01
5.980498158875249715e+01
6.303439828918817511e+01
5.754054965435749125e+01
6.131388104932251792e+01
6.437556917666320544e+01
5.939769255212159749e+01
6.222727506637414052e+01
5.866259357046359213e+01
6.054942068029835411e+01
6.279303808765014594e+01
6.460454734192742876e+01
5.772203018841983635e+01
6.212929035778863351e+01
5.675889478849424563e+01
6.004229071524097350e+01
6.115579755749216417e+01
6.323397350320567512e+01
5.690257825209726406e+01
6.079513223819120071e+01
6.202125711446350209e+01
6.402519540892767225e+01
5.798544456856868123e+01
6.135541575578316298e+01
5.575558941555934922e+01
5.896661735989154352e+01
6.014860774801525167e+01
6.175154691424421571e+01
5.746978032363154654e+01
6.036970349939388569e+01
6.201010699332235987e+01
6.320826030608235868e+01
5.756932641708197451e+01
6.050121493712205734e+01
6.255404956834662755e+01
6.324969762772575166e+01
6.250776496125816806e+01
6.256141415211617840e+01
5.738667387132378650e+01
6.065995681009793827e+01
6.098591708571766645e+01
6.347006974663746348e+01
5.969395777202412745e+01
6.121716340876357521e+01
6.385285557680011692e+01
6.328774536877396173e+01
5.973452268176275481e+01
6.041050402781862516e+01
5.698526545767585816e+01
5.822756413153469168e+01
6.094354253074926930e+01
6.014949780830921355e+01
5.955226620918270442e+01
5.875527121557541221e+01
6.191733644330292918e+01
6.201599886790127414e+01
6.043552225032854608e+01
5.913804690452094093e+01
6.235553072580815126e+01
6.470544052781846744e+01
5.809517141424074538e+01
6.205928597184316686e+01
5.748283995140725011e+01
6.092912826464549880e+01
6.324056285772513775e+01
5.853816789054123859e+01
6.188453367146522055e+01
5.548117972613815141e+01
5.893220947155067080e+01
6.159037974245706692e+01
5.822642494713600314e+01
5.840750759626445898e+01
5.578451171515605722e+01
5.918147039279503474e+01
6.033678370403225699e+01
5.753540813392928044e+01
5.806252886200881136e+01
6.138850913992627056e+01
5.838176252087575335e+01
6.091744707150098748e+01
5.642685163118732561e+01
5.822698190453610323e+01
6.008491188917157189e+01
6.132300837558680229e+01
5.721128662402269072e+01
5.793762410739194024e+01
5.408289047398419314e+01
5.647639844626093719e+01
5.727422563330017624e+01
5.909309748512358595e+01
5.317326953940729339e+01
5.619864925177046189e+01
5.747921352022241592e+01
5.892935833763527143e+01
5.426690849485998314e+01
5.557265434129134007e+01
5.740113266083986332e+01
5.875935505202392761e+01
5.418423131926891756e+01
5.571626791874400197e+01
5.287190024902542262e+01
5.472691461464332718e+01
5.607941406973500875e+01
5.699174597134651066e+01
5.193060204898223731e+01
5.373765012900872762e+01
5.448136178981216204e+01
5.612598410775985514e+01
5.383340560601420322e+01
5.453025311558489108e+01
5.504445080420418890e+01
5.689090139900241638e+01
5.422918499812082160e+01
5.445826807926638935e+01
5.470766476370311437e+01
5.710923026388163493e+01
5.434284607646662835e+01
5.528485738960061013e+01
5.011678148450952364e+01
5.257446422993891844e+01
5.224156806829449806e+01
5.472177603200294982e+01
5.211485602873300849e+01
5.479710969160657186e+01
5.461766884132968869e+01
5.517318549775937697e+01
5.200993747268029921e+01
5.269080431402227305e+01
5.512869101695608975e+01
5.314937393739285909e+01
5.236947429021076061e+01
5.100623676774336701e+01
5.402240186598921667e+01
5.587578508180670411e+01
4.882725926776244307e+01
5.263829554242796149e+01
4.917220474688309650e+01
5.226139042340292917e+01
5.451477524587854617e+01
4.749294313257692579e+01
5.153652394000705073e+01
5.400356306537578632e+01
5.134641216816073239e+01
5.168220401479126025e+01
4.910885255158613205e+01
4.860136028599162472e+01
5.195217000315597744e+01
4.943832214620028509e+01
5.159129160924113933e+01
4.774989411831843711e+01
4.782201301757261547e+01
5.010861000382912067e+01
5.215992768696607840e+01
4.628301357233694802e+01
4.962906703676610931e+01
5.141273913430517695e+01
5.139798307901052254e+01
4.733132302935283064e+01
4.912177875443190089e+01
5.095345189972810118e+01
5.156022541882541077e+01
4.751048546657506222e+01
4.856494239081951747e+01
4.474743227874069618e+01
4.629188422547287018e+01
4.778038069310235869e+01
4.880084936065830448e+01
4.483709542066626597e+01
4.681586453388757008e+01
4.841466506071092368e+01
4.904817197457057887e+01
4.449126859886664676e+01
4.602003685188030602e+01
4.718018469103848389e+01
4.882629721502112119e+01
4.479648160640910248e+01
4.683207184404660239e+01
4.783568206526076239e+01
4.939899031267265173e+01
4.739377912797377235e+01
4.535450594056091234e+01
4.825853776300869669e+01
4.853849569787925589e+01
4.805889434592701548e+01
4.738286735171038799e+01
4.245409277792779790e+01
4.415561729033186822e+01
4.614858227190645579e+01
4.606629313000937742e+01
4.641358494463464979e+01
4.656735747925566216e+01
4.898969033725360589e+01
4.742329128869402410e+01
4.412637266325013741e+01
4.443670085719598717e+01
4.697175186854364171e+01
4.662021417553052061e+01
4.535359313738155151e+01
4.471789348075326131e+01
4.764106983372212056e+01
4.801397081975462555e+01
4.370182568870325923e+01
4.387337984761255427e+01
4.510274061266601109e+01
4.815814916809546276e+01
4.577680780485582090e+01
4.589583569177953848e+01
4.409641277353681943e+01
4.727931519402256555e+01
4.748802640372294803e+01
4.528572625773192328e+01
4.397602310627316058e+01
4.781187213593914720e+01
4.507934122203666760e+01
4.852127383441547437e+01
4.174829487219859203e+01
4.535309164878879074e+01
4.780413806360213869e+01
4.620921900270048610e+01
4.700433467598421799e+01
4.384513879566947026e+01
4.631273974005979710e+01
4.638769102095854890e+01
4.776068497201143970e+01
4.206006492552540976e+01
4.484757761187233172e+01
4.707512685984014666e+01
4.791210597036033647e+01
4.394974293464564852e+01
4.478697980724533778e+01
4.730048415802857420e+01
4.898101676416480643e+01
4.169095223960395913e+01
4.599763150554444735e+01
4.760094833340556164e+01
4.841830566673232994e+01
4.524483800083842766e+01
4.745372566286331306e+01
4.876829989579593416e+01
4.985777787706598474e+01
4.522765808031499546e+01
4.767064728661843276e+01
4.847986675006625745e+01
5.012609826944242286e+01
4.647444226957996705e+01
4.891851479247930712e+01
4.314911751914993943e+01
4.560730696516699822e+01
4.680771342639216215e+01
4.843914465645153911e+01
4.592876535089347101e+01
4.837285602206296176e+01
4.892434650362963566e+01
4.929054853171359696e+01
4.763955348636261533e+01
5.005148009666346098e+01
5.000953007651510518e+01
4.805226105564837980e+01
4.858366451182042312e+01
5.122902922206858989e+01
5.063950680818966532e+01
4.801969650987343385e+01
4.825920356311601722e+01
4.664544699966396735e+01
4.692332077038899740e+01
4.974116431946812611e+01
4.877045302121445758e+01
4.792908406029015111e+01
5.092761851136808815e+01
4.908012999759952777e+01
5.217849302785924692e+01
4.453179663573914837e+01
4.950791405217623264e+01
5.207369998905018349e+01
4.962605246396810088e+01
5.015903969650628369e+01
4.824827078821638793e+01
5.166948757961280592e+01
5.175375763975321064e+01
4.950009643689426753e+01
4.847430471830482190e+01
5.222365630030309802e+01
4.947936268484196631e+01
5.295571839879929854e+01
4.481447302524878040e+01
5.015104289649280389e+01
5.269912484245369910e+01
5.002945346074394450e+01
5.141813522974926087e+01
5.384501614675557590e+01
5.574172351763238709e+01
4.852393934727063396e+01
5.284352010638455965e+01
5.508346778686742340e+01
5.570186985875753294e+01
5.173895494269282125e+01
5.251112040824326499e+01
4.874760289206916042e+01
5.122567517799467396e+01
5.165149851989434637e+01
5.402207137159908257e+01
4.813113070379766611e+01
5.147004137439569860e+01
5.212383286217865930e+01
5.448523663671164030e+01
4.767001559662679000e+01
5.137476091486136909e+01
5.235106083690354239e+01
5.392542599071841636e+01
5.115357501052884714e+01
5.309315173208203475e+01
5.429481949412983255e+01
5.556267079787000540e+01
4.984037500687827560e+01
5.233410467513770925e+01
5.415204008610903230e+01
5.454239039706950365e+01
5.415336482272340390e+01
5.492525186244915147e+01
5.700774647874885659e+01
5.654202945070240816e+01
5.188302789620684052e+01
5.359388309186569899e+01
5.578015828001517207e+01
5.581180780742526082e+01
5.340463961539609272e+01
5.391706548889998629e+01
5.638076659861405915e+01
5.592803578544751986e+01
5.477472101698672446e+01
5.443508918957649456e+01
5.732431137468569915e+01
5.627606554980304310e+01
5.430501177286163283e+01
5.365983786487765883e+01
5.665513416838322769e+01
5.853250421366264078e+01
5.336032511055432792e+01
5.645246491031339531e+01
5.911780357279700837e+01
5.671324416117502665e+01
5.667003398217450894e+01
5.477797514563501124e+01
5.810201454507473073e+01
6.023387208247337554e+01
5.400496642201008513e+01
5.738557900572163106e+01
5.997717274443416358e+01
5.687781717795851222e+01
5.694823716615390197e+01
5.435106561272285575e+01
5.767254393173298865e+01
5.915926885246828704e+01
5.494865641424151903e+01
5.884680155859904005e+01
6.076099460589240664e+01
5.720924665499750006e+01
5.945635978771270658e+01
5.527373629598098148e+01
5.609720038186817703e+01
5.833334140885092722e+01
5.997879494702466019e+01
5.440820903737639469e+01
5.709686448398386460e+01
5.884878548617339078e+01
5.943190708374523012e+01
5.510571382211924174e+01
5.718980663028594336e+01
5.862213239456231406e+01
5.934242758224976910e+01
5.500343887677841792e+01
5.681695750857810623e+01
5.854693238417390688e+01
5.951505358706527460e+01
5.472003242965383407e+01
5.604595932419852033e+01
5.730629962400548294e+01
5.863463595008216345e+01
5.827439048965447910e+01
5.391812080280518416e+01
5.552667046525333916e+01
5.728763131335391989e+01
5.776516358807107565e+01
5.465468837412210235e+01
5.715370821160709625e+01
5.717673388930058564e+01
5.937023632551520791e+01
5.251958193276319520e+01
5.624182413649418777e+01
5.611715312767620389e+01
5.854722508052692831e+01
5.624765823276374022e+01
5.918864931459712153e+01
5.832964194589784057e+01
5.742593564215152213e+01
5.692284170217602934e+01
5.955208272167930517e+01
5.859344050271646864e+01
5.612070629805234034e+01
5.550894045468674420e+01
5.825096034542596612e+01
5.913328617903749773e+01
5.650721582041792601e+01
5.624233760531056703e+01
5.928471965787360176e+01
5.698692177620279864e+01
5.997539989162171992e+01
5.345138717645482984e+01
5.660612191272647209e+01
5.903407765975966726e+01
5.617215566986116215e+01
5.665881195676045934e+01
5.965892671764196820e+01
5.671963180319979614e+01
5.834097315979411036e+01
5.494217742892276135e+01
5.476112788466243586e+01
5.786924459977605295e+01
5.528842468424341661e+01
5.728223218070575484e+01
5.339434659070006717e+01
5.638914684692556989e+01
5.545447320033689209e+01
5.683303767610180302e+01
5.859911187878877570e+01
6.035945716590971699e+01
5.315921762269264406e+01
5.720107358598320246e+01
5.228840413806798182e+01
5.487754035045966106e+01
5.540638609993757768e+01
5.708458205678542896e+01
5.105910664800799736e+01
5.416575372257339183e+01
5.506126089453210426e+01
5.648565399755973715e+01
5.105594954941880559e+01
5.378233108037429133e+01
5.513747739915014989e+01
5.602867536759792699e+01
5.227438176323953911e+01
5.485799532204178064e+01
5.573212246644115453e+01
5.668094281738834894e+01
5.173618574513270829e+01
5.357242411888414324e+01
5.437433844042787712e+01
5.601588008321091650e+01
5.145686885239322095e+01
5.376131145294257152e+01
5.435017726580632313e+01
5.612798243423500111e+01
5.409923761038447765e+01
5.649419838679082062e+01
5.632602786589527000e+01
5.533141647416601927e+01
5.541908057408059562e+01
5.786573011440447800e+01
5.697463094909808490e+01
5.344878028072150045e+01
5.366953849302874602e+01
5.625639301432747885e+01
5.539389585531814220e+01
5.623905244555406568e+01
5.835679484636496994e+01
5.640189345609803695e+01
5.775725545029512631e+01
5.437838415933194369e+01
5.491577362621111291e+01
5.753325119790977737e+01
5.517009868043759724e+01
5.704301266161391482e+01
5.045018247984598503e+01
5.496677870612275285e+01
5.736693641594005300e+01
5.416560386202882427e+01
5.394872235847063990e+01
5.722515816697707436e+01
5.433271308416821199e+01
5.708132018370887550e+01
5.943840975532256721e+01
5.628028088625830350e+01
5.830684078550613236e+01
5.326624479694766734e+01
5.720271030863887063e+01
5.764744994529239364e+01
5.517113320463572279e+01
5.547279317523460662e+01
5.770035225400361867e+01
5.971722973492111208e+01
5.483065750453889819e+01
5.664799689953547102e+01
5.845596819014735956e+01
5.988402671452227821e+01
5.276476758272639245e+01
5.676103510823888598e+01
5.826878164301282226e+01
5.921860961928550182e+01
5.435190340937458586e+01
5.659069936001877466e+01
5.753498056440849240e+01
5.880421832302928919e+01
5.476697411688869011e+01
5.684412775485115077e+01
5.766093350801333628e+01
5.942710149535325570e+01
5.419873158590283424e+01
5.648419469134306325e+01
5.696675702796124341e+01
5.870119576528550454e+01
5.712960637992095059e+01
5.370853611574082009e+01
5.491493487731505496e+01
5.680845973440658270e+01
5.699206074324562366e+01
5.350299531980094514e+01
5.455916788907287440e+01
5.676657847003879453e+01
5.657782384763604711e+01
5.587040307898322311e+01
5.587499596072482433e+01
5.846840480006805052e+01
5.743491508641873367e+01
5.389217489410415141e+01
5.476834357519765462e+01
5.746775545395364304e+01
5.615825999680225067e+01
5.714864413915734787e+01
5.737362694709954525e+01
6.018873735494474886e+01
5.683717818535592414e+01
5.715444005872016930e+01
5.952146811002252491e+01
5.709913723319179013e+01
5.876179261708315238e+01
5.428539823396516795e+01
5.788655595279266208e+01
6.030118924587886653e+01
5.369769541454289907e+01
5.809290186398607148e+01
6.057088919466070820e+01
5.694809142838781924e+01
5.762115483679937000e+01
6.073533484046387798e+01
5.979312115179234866e+01
5.977978051256017267e+01
5.661449316232911855e+01
5.982804870485968252e+01
5.893480255476736573e+01
5.851017614706809411e+01
5.888913468827094988e+01
6.120778569079192977e+01
5.995591782211216270e+01
5.706833235233979451e+01
5.876936248545536756e+01
6.046995297640368960e+01
6.221555379947582054e+01
5.665116606024262325e+01
5.887281065152031090e+01
6.028876483767674443e+01
6.113381561504046147e+01
5.653537134593013747e+01
5.896668393841576972e+01
5.987250015258815949e+01
6.108402091503955944e+01
5.686511679293050037e+01
5.895681415837520234e+01
5.971060452036719113e+01
6.129237521550416545e+01
5.670484791698383020e+01
5.885864513987449698e+01
5.945399775114017160e+01
6.105296365852174034e+01
5.728700396885174229e+01
5.985454330409529433e+01
6.029700408450472082e+01
6.188649180959554741e+01
5.612443175383584304e+01
5.847255718854265893e+01
5.857116339632552382e+01
6.069942086920725899e+01
5.909105660351818301e+01
6.178694937019925959e+01
6.101507935154327811e+01
5.757994884469454178e+01
5.775165076806128894e+01
6.031972352908670842e+01
5.961755744486224273e+01
6.055106176158381714e+01
5.881726902432179571e+01
6.177785640932241762e+01
6.110908321353783634e+01
5.819093526034407660e+01
5.727569335159657271e+01
6.027754614222578766e+01
6.197992110171360736e+01
5.662518808602000320e+01
5.949873250225572718e+01
6.198135353823386140e+01
5.901424795355082153e+01
5.900148402782589585e+01
5.652191254819854294e+01
5.962210269550891439e+01
6.149525387546326982e+01
5.550032162506268918e+01
5.865578728306537215e+01
6.093825322846302583e+01
5.954495048813620883e+01
5.876226292460103195e+01
6.186508322796342441e+01
5.918109352124253775e+01
6.098119083710249555e+01
5.698420742504707448e+01
5.971225439884573660e+01
5.906886125475356408e+01
6.076376356749994301e+01
5.641359745893974065e+01
5.828102449167020893e+01
5.906464215590974476e+01
6.049139005894743804e+01
5.458124822099472340e+01
5.713854003681589688e+01
5.849676783933809077e+01
5.930688000664486736e+01
5.498062030689029456e+01
5.657477048537022313e+01
5.782354406452540019e+01
5.867677883789615834e+01
5.496428929074185987e+01
5.684247149239846664e+01
5.822819095445831294e+01
5.843953912840093778e+01
5.482258569420584848e+01
5.571906477670077606e+01
5.711673289418644828e+01
5.761962639393431829e+01
5.955785061949974590e+01
5.954070468961753448e+01
5.985396472025659875e+01
5.422296442237745850e+01
5.639384179514375717e+01
5.620923436724301325e+01
5.843646866723295119e+01
5.681385405025012147e+01
5.943590760650805294e+01
5.844347515327918074e+01
5.622693563496108027e+01
5.585914517369751309e+01
5.832059133886938440e+01
5.786858691963226420e+01
5.892892373926552807e+01
5.388900344929890451e+01
5.659836842288756742e+01
5.698989293955411739e+01
5.681742577328454047e+01
5.950086081803897287e+01
5.969539147491001074e+01
5.423485411638829845e+01
5.823322110187482537e+01
6.051390705695987293e+01
5.754456247275078340e+01
5.730196263566410408e+01
5.482279896465141888e+01
5.777236180323271242e+01
5.956310185127386347e+01
5.286791901298852991e+01
5.656482872605742784e+01
5.877103984427485273e+01
5.732482447838925310e+01
5.732300665796243777e+01
5.417746393551639983e+01
5.684220769289755282e+01
5.583939031242682205e+01
5.559784700514492783e+01
5.829259493827555616e+01
5.893620785599788547e+01
5.435364298600994459e+01
5.499130821883943554e+01
5.691235555174567651e+01
5.860302766507413708e+01
5.287045917902464964e+01
5.619607474416395831e+01
5.751062599429577915e+01
5.821439879282081620e+01
5.340174454022562145e+01
5.560172243182613983e+01
5.717750930479199667e+01
5.752182094094919762e+01
5.373890400507805509e+01
5.535455952002455859e+01
5.645472693454345858e+01
5.744828134903685424e+01
5.240823150624496662e+01
5.366606589602765354e+01
5.480538034757147869e+01
5.542404764675288220e+01
5.571476286210740625e+01
5.742411236148929277e+01
5.759036742833337286e+01
5.314152064786846097e+01
5.395017351980624198e+01
5.591006843421023831e+01
5.570905350969639613e+01
5.713594967542070435e+01
5.143172869203223030e+01
5.427493542248232217e+01
5.368797545842014074e+01
5.605558436656652788e+01
5.351299179915087478e+01
5.612518573035864478e+01
5.516524318458201037e+01
5.413704418612891800e+01
5.665792826946329797e+01
5.464877073952617081e+01
5.755570333106857817e+01
5.099839489832644546e+01
5.497767543935951551e+01
5.722185758792547716e+01
5.465981185912792029e+01
5.464627620487916460e+01
5.770832069648661644e+01
5.486549014584529971e+01
5.723948255147768549e+01
4.860690799521885452e+01
5.410121520589449062e+01
5.648175257603901400e+01
5.319592636598115831e+01
5.354049168066685382e+01
5.662203237813541534e+01
5.485850533187578293e+01
5.478084644822767046e+01
5.801483617329676434e+01
5.446804262537904862e+01
5.750806037481977029e+01
4.861270836989647393e+01
5.319026191577297880e+01
5.523406431721271304e+01
5.696044398349790328e+01
4.978168750857205538e+01
5.399663022143180058e+01
5.579147632280928093e+01
5.639747457707606770e+01
5.176741933438121634e+01
5.383231751757704586e+01
5.459284304127778142e+01
5.599402910595497218e+01
5.106582574739857705e+01
5.380407778367913352e+01
5.501238507967622837e+01
5.593250603357211759e+01
5.730768818816412136e+01
5.809646530703231804e+01
5.619233132329650715e+01
5.632314833115537311e+01
5.807383937687317399e+01
5.864828224587442662e+01
5.354641964293929846e+01
5.626869827330867935e+01
5.659824612121503407e+01
5.857243733629242399e+01
5.523959236486248159e+01
5.799603282513831459e+01
5.781997670432591718e+01
5.904567640148629692e+01
5.475247913638183661e+01
5.783498291155208193e+01
5.713405621476969287e+01
5.945374220290331380e+01
5.369802276077177083e+01
5.705971771047361329e+01
5.598504709898121234e+01
5.880798004834107928e+01
5.442434977676772689e+01
5.747420454209279228e+01
5.839640804072644187e+01
5.659729703009305268e+01
5.984936003376406433e+01
6.197098599268323937e+01
5.443651379375052812e+01
5.878680096345375006e+01
6.149571387333946149e+01
5.848247917756195591e+01
5.929460922222693853e+01
5.663760375418936377e+01
5.979939175491916359e+01
5.939757332834887649e+01
5.665194158920177614e+01
5.687197422743683006e+01
5.999466892417669328e+01
5.848513318060587807e+01
6.078420337100232729e+01
6.308490459295330055e+01
5.519586153786428895e+01
6.038916324115640322e+01
5.537695817255862352e+01
5.765067007193730575e+01
5.983832441654328704e+01
5.914674862702828761e+01
5.565853941436627395e+01
5.790544283873786924e+01
5.926067865693503478e+01
6.029186431320312067e+01
5.348152999367861327e+01
5.708797666962706074e+01
5.863057242204025954e+01
5.946712397227985747e+01
5.512778117059084337e+01
5.709710445431140613e+01
5.861275933101524771e+01
5.925984794879732931e+01
6.058434137589020452e+01
6.156052463263112884e+01
5.901807367719737130e+01
5.988707067955401442e+01
6.175347775803107453e+01
6.209838216603682781e+01
5.750428315500196419e+01
5.866556909367189121e+01
6.042334219779593951e+01
6.073243635699105880e+01
6.016743111147861356e+01
5.664126396279947073e+01
5.936589861294615389e+01
5.949156876818843642e+01
6.117805438800431261e+01
6.181491473284103222e+01
6.279172594419899411e+01
5.802075061517516730e+01
6.102318477990146306e+01
6.317482473393170039e+01
6.126251025176554066e+01
5.874713652343526604e+01
5.957059799316723314e+01
6.229469054397440431e+01
6.031468111362979556e+01
6.165677146703134071e+01
6.331089599185061445e+01
6.075249555480838382e+01
6.152398352811267301e+01
5.917756299682691434e+01
6.226243803243658448e+01
6.338664020495761520e+01
5.904319314531254292e+01
6.171555201640244803e+01
6.405194908998861081e+01
5.933418976072534434e+01
6.224447652944753173e+01
6.444004640139911544e+01
6.121390541784779060e+01
6.308846235303655448e+01
5.884630645072017074e+01
6.156323369703099502e+01
6.256335287924189714e+01
5.903258058057576818e+01
5.960753568620559406e+01
6.243725286880297176e+01
6.139607082043067265e+01
6.120323656588605132e+01
5.732355070978025680e+01
5.949568834801732464e+01
5.968225159603638019e+01
6.126549966951463944e+01
6.264885590405490490e+01
6.348217114482106638e+01
5.884740797584466065e+01
6.073083564631141229e+01
6.155830032982823496e+01
6.262978305301308524e+01
5.881115300619328679e+01
6.048240625930579029e+01
6.151755562812348899e+01
6.246490208845379755e+01
5.766560976540057482e+01
5.919228278997624670e+01
5.974042625160442554e+01
6.116618978553938035e+01
5.931692263106313590e+01
6.166133466782891759e+01
6.161935832423753823e+01
6.092085189522885003e+01
5.664002762633433719e+01
5.912952005338545547e+01
5.872445072521882992e+01
6.095670245137242205e+01
5.718210702936544010e+01
5.958736755990393164e+01
5.865157158081009214e+01
6.074409475267653136e+01
5.589571210220911013e+01
5.880784571983551245e+01
5.785432736809770660e+01
6.028862087730049524e+01
6.246843396512117152e+01
6.053395409417094442e+01
5.951855589365207777e+01
5.801143151052603741e+01
6.085863966823353621e+01
6.054779942199551357e+01
5.686457305316998401e+01
6.087618341106900743e+01
5.863888604665832105e+01
6.160515132689513962e+01
5.546111844587987605e+01
5.872263648594127972e+01
6.100710662582835653e+01
5.747842027494612438e+01
5.728879929713536256e+01
6.018853567184063280e+01
5.859164390389194210e+01
6.045129542698678193e+01
6.278789435075480441e+01
5.811334666075737942e+01
6.081976401171620950e+01
5.310555986048392896e+01
5.743642697203975445e+01
5.929078435071988906e+01
5.894662118420805541e+01
5.529770410430672456e+01
5.692404608533178134e+01
5.723730138206969542e+01
5.891398429578774909e+01
5.432031213326339980e+01
5.656511533468670194e+01
5.716562462883500473e+01
5.845133854910177718e+01
5.402008543199342228e+01
5.574553769314126583e+01
5.705405035985950235e+01
5.755218221847648152e+01
5.885767488874979136e+01
5.977296677182604157e+01
5.716812706062219007e+01
5.784923447463146573e+01
5.868727959544148121e+01
5.977390894581215974e+01
5.646305219539496534e+01
5.874733182289581634e+01
5.905236706042835948e+01
5.836894950115310365e+01
5.772443113831220529e+01
5.988348520915953799e+01
5.954741747130594121e+01
5.579222303207240685e+01
5.625408472928803860e+01
5.848703858752429596e+01
5.774567783496725326e+01
5.882925182182680146e+01
5.846450541335629225e+01
6.084363644579133279e+01
5.797206364306230597e+01
5.720212248451328207e+01
5.848395354027390880e+01
5.859756944465451767e+01
5.879685429741151381e+01
5.160822837191474122e+01
5.636256836772803069e+01
5.878986819700462263e+01
5.628351827549901287e+01
5.756164740286330783e+01
6.013058382836835847e+01
5.715973976754246877e+01
5.712803139205087888e+01
6.015990165913287058e+01
5.719439111405798570e+01
5.942713455121774047e+01
5.174412549861147426e+01
5.659354615908495134e+01
5.893285927988665662e+01
5.467546416368247719e+01
5.822010259125034537e+01
5.879854795046646387e+01
5.968742585794752387e+01
5.197278824835298394e+01
5.706612861673470860e+01
5.823003410980401640e+01
5.979085209663116274e+01
5.237509419482326223e+01
5.647491826468937859e+01
5.820953869804132097e+01
5.876778057556288104e+01
5.410547747157472998e+01
5.608008030231093954e+01
5.683094081536214048e+01
5.813923506088578819e+01
5.934600068725790578e+01
6.064853790277356183e+01
5.602679777670301320e+01
5.773210079079090917e+01
5.897031022567760772e+01
6.013477128890310297e+01
5.665710258337380623e+01
5.882242267255344359e+01
5.934768843014141027e+01
6.096664749789749038e+01
5.462336786220783580e+01
5.689442122275019642e+01
5.729041556581933747e+01
5.916585134093087106e+01
5.821112195470767858e+01
6.057052923663243149e+01
6.020567693866205872e+01
5.634944731711726007e+01
5.687894070481428344e+01
5.930087524967364487e+01
5.850902828780559162e+01
6.010935292214687564e+01
5.912493822710821689e+01
6.185765929931589113e+01
5.857390549747581332e+01
5.954304606578561732e+01
6.022779556414248958e+01
6.139194688134412559e+01
5.766086031500133657e+01
5.996883678435568754e+01
6.257536230940436894e+01
5.975737898193718678e+01
5.844402866291876819e+01
6.192977020933557952e+01
5.895124424624686554e+01
6.217720432702019195e+01
5.482945946642566781e+01
5.915840844695087952e+01
6.155769625992274996e+01
5.803699126955754650e+01
5.841349665601588015e+01
6.142268045869069937e+01
5.905972032214408785e+01
5.977750025472735018e+01
6.288382112550161196e+01
5.928394951738372498e+01
6.197503021410950197e+01
5.434754397679944304e+01
5.880808684626007476e+01
5.998049944738292538e+01
6.162134623242365450e+01
5.478083861881386696e+01
5.846142200250852028e+01
6.020830061110461884e+01
6.091763251280991653e+01
6.256806604434035535e+01
6.382917249014020200e+01
5.778744768614073024e+01
6.047358874866541356e+01
6.203570112553224902e+01
6.278552373093283023e+01
5.812434299727392784e+01
5.966704150367831971e+01
6.064091328639405276e+01
6.210182121854049342e+01
5.717733155586239491e+01
5.927862439597043931e+01
5.993033245063602976e+01
6.134727861614608457e+01
5.717461847883178905e+01
5.979238099722555688e+01
5.991271302029998225e+01
6.172981422970607923e+01
5.927947400780704612e+01
6.188615252355036489e+01
6.169858554337228185e+01
6.148219863372265337e+01
6.173858462782503409e+01
6.397070729370006603e+01
6.148545964859192026e+01
5.874564055403045870e+01
5.887284801574809023e+01
6.143304688012256065e+01
6.013820525059119859e+01
6.297682107961826858e+01
6.480576287792608525e+01
6.028321341427826496e+01
6.295426159957978030e+01
6.531719771055463752e+01
6.264969547483967460e+01
6.102112723025076235e+01
5.928270401320595084e+01
6.243740481227478512e+01
6.410221680139859757e+01
5.781843411807443545e+01
6.137946379269202168e+01
6.373207388206947144e+01
6.041051623840508000e+01
6.033033937121704327e+01
6.328014757938758095e+01
6.204507488417798555e+01
6.406155426984922485e+01
6.610638070697933699e+01
6.057679854844732859e+01
6.422727414645856925e+01
5.822942575682559152e+01
6.142034085320487691e+01
6.314381400428841573e+01
5.999353167038838563e+01
6.067259976067730065e+01
6.244021729574009072e+01
6.406304311940660057e+01
5.864888150410773449e+01
6.052470617679480824e+01
6.170647286222452976e+01
6.285762079361231969e+01
5.852306957199117932e+01
6.064636636387955093e+01
6.174579968491141102e+01
6.282124841676208149e+01
5.818870359283155835e+01
5.948724165627603355e+01
6.053350732948032942e+01
6.143799088693862132e+01
5.868393105669672849e+01
6.055287782215648917e+01
6.114017648609790712e+01
6.144915014823933319e+01
6.336222994963797106e+01
6.320576300558357730e+01
5.959971733083990841e+01
6.016886030047951550e+01
6.231547730576814104e+01
6.162850323289639221e+01
5.785971563660535111e+01
5.832804912361323346e+01
6.083561267722317467e+01
5.980874780139215119e+01
6.172527556194859244e+01
6.237016569740776362e+01
6.195121983060152360e+01
6.084937438084902794e+01
5.967360466405056485e+01
6.224822996666149777e+01
6.203985849573866318e+01
5.720455747991046991e+01
6.107947799145767931e+01
5.947731949259573270e+01
6.241754933216190437e+01
5.814303494069478262e+01
6.094985680453954302e+01
6.296636207301822452e+01
5.831716457289811473e+01
6.088562843765129173e+01
6.309288452632988964e+01
5.870961588935931275e+01
6.111799104734689081e+01
6.326255441648748246e+01
6.005154525453796310e+01
6.242928434937986282e+01
5.521944454673771929e+01
5.895278639283699817e+01
6.097889938953522204e+01
5.704310904788853520e+01
5.794045510951789879e+01
6.036689699521856056e+01
6.075053923266582245e+01
5.674880829229516621e+01
5.901793224751794753e+01
5.949457650634572303e+01
6.080388157902902435e+01
5.521869074741852756e+01
5.766527811476574072e+01
5.836707528220205887e+01
6.011739079868484481e+01
6.066529808640394350e+01
6.198411742733788543e+01
5.624737294379067265e+01
5.831934690931665699e+01
5.917970198469829768e+01
6.032274064159253868e+01
5.684862868902187927e+01
5.805754720848209871e+01
5.920892250012180824e+01
5.992973449606455461e+01
5.521375394308385864e+01
5.641726113385777808e+01
5.785657460593618140e+01
5.812295065341779576e+01
5.775898051007568768e+01
5.783434822884809279e+01
5.982416369384247190e+01
5.927492508790171399e+01
6.151264225643168970e+01
6.069304552286267551e+01
5.773973852037671151e+01
5.757471617396845431e+01
6.002254441221669623e+01
5.890819471786461037e+01
5.987199167064092364e+01
5.699306831109558402e+01
5.960042344633067302e+01
6.007301522327333032e+01
5.528905645943250136e+01
5.925007934441850921e+01
6.128883088166727333e+01
5.825198755363486214e+01
5.787625487457942342e+01
6.094105886478848078e+01
5.805821854877603982e+01
6.079438228957103973e+01
5.194025248389071692e+01
5.718060897504974349e+01
5.950092585627160702e+01
5.615814269516442181e+01
5.900999563349478905e+01
6.014655438528419040e+01
5.616606098567029193e+01
6.076933473880590242e+01
6.096330931932973130e+01
5.784267066049717698e+01
5.834190996059206924e+01
6.108604864142837698e+01
6.125717018157039462e+01
5.746994973942116758e+01
5.939039932980927006e+01
6.098003075680422569e+01
6.144292433582698720e+01
5.705090428579810435e+01
5.894536646310585581e+01
5.984635610942729755e+01
6.079342315239829730e+01
5.581394011872562544e+01
5.778871667280215263e+01
5.890495201838364636e+01
5.965096832919643077e+01
5.608787749018144098e+01
5.783162494094214168e+01
5.904870760009071518e+01
5.948633152246965494e+01
5.564130838337905516e+01
5.768976451769751890e+01
5.824478092702157994e+01
5.953432642789245932e+01
6.096568519030508781e+01
6.105310557476659028e+01
5.895639225299951391e+01
5.843793679352815218e+01
6.074356932341613202e+01
6.058821479199450977e+01
5.764062958995859276e+01
5.829842028583741609e+01
6.061241917063962603e+01
5.969174168612497056e+01
5.723438461923362297e+01
5.732035637157161290e+01
6.000556456985998466e+01
5.855395785152641253e+01
6.139824063402470955e+01
6.296609151711680852e+01
5.790068627880271634e+01
6.089220639255143652e+01
6.355307681505689743e+01
6.106440434808883566e+01
6.045826929158669572e+01
5.853953533387920061e+01
6.148986744878990152e+01
6.345314056300201599e+01
5.568344596533331270e+01
6.000646886438373429e+01
6.241614956238394996e+01
5.899611678395574188e+01
6.001601381258115708e+01
6.279593104850206231e+01
6.127717330763663028e+01
6.190818923455293543e+01
5.838833410790086020e+01
6.124634660768345640e+01
6.031579816301623964e+01
5.851941547210807926e+01
6.182980092319766641e+01
6.263488135479057917e+01
5.878452848807448561e+01
5.932587974974827461e+01
6.123434863606004797e+01
6.295421798269700986e+01
5.752699186244192475e+01
6.071827212613008840e+01
6.197805981317358004e+01
6.267320657632345160e+01
5.716810988898700430e+01
5.955961203156021355e+01
6.073352064125785432e+01
6.189079665024039656e+01
5.767347582482383217e+01
5.939853665266863203e+01
6.062559733678869378e+01
6.142878071601843715e+01
6.211292825992605060e+01
6.335094017884918571e+01
5.864462104447284929e+01
6.016397393934230564e+01
6.213015582847818763e+01
6.207794164386282176e+01
6.277946098447832668e+01
6.260261774441743654e+01
6.465735386482512581e+01
6.200208764954167151e+01
6.026584429981610214e+01
6.045251709948878016e+01
6.267715615440277332e+01
6.170274709814135861e+01
5.814324378469166277e+01
5.831628989101208305e+01
6.085263252631916231e+01
5.956469763490159863e+01
6.238842548914121267e+01
6.398642599152405808e+01
6.092897601594770407e+01
6.085718270872069269e+01
6.373505774386261180e+01
6.109355667935226109e+01
6.384199824934420064e+01
5.741705729705274308e+01
6.094387528453187031e+01
6.294745659896207712e+01
5.972967364314531125e+01
6.275236559863146368e+01
6.467746324919571066e+01
5.861116998098115971e+01
6.156610422635142754e+01
6.378218397230208581e+01
6.231088806540684999e+01
6.181123374103569290e+01
6.468813066397481748e+01
6.138665176399255330e+01
6.342661677923501173e+01
5.862700250769741217e+01
6.163813028971292596e+01
6.097175504881145258e+01
6.268997659495275343e+01
5.852666880195454979e+01
6.021441156825187591e+01
6.094583910841252106e+01
6.222448840378890367e+01
6.373303250113464458e+01
6.368451785729508430e+01
5.921149886174875121e+01
6.034380879368590200e+01
6.160422311155275565e+01
6.301318226590476712e+01
5.790186304401829176e+01
5.951972697821440050e+01
6.041975285131820073e+01
6.138652227132323702e+01
5.822743522418152651e+01
5.934154954701791951e+01
6.041039285577040374e+01
6.088361425014667816e+01
6.000968717516743567e+01
6.190493899791948706e+01
6.178329597171161680e+01
6.003660684721305074e+01
6.038130188490291772e+01
6.255614266540769819e+01
6.149299377833770563e+01
6.410596198945469837e+01
6.282499854696352770e+01
5.943976838905955873e+01
5.940639665303425687e+01
6.202664340008634269e+01
6.065510869919226167e+01
6.270631686764890844e+01
5.733309204769392409e+01
6.032254933773408823e+01
6.096258743293247306e+01
5.966492953748888795e+01
6.229970937940204578e+01
6.457836233034466034e+01
5.846484396415860374e+01
6.140604112681435822e+01
6.367634138669699695e+01
6.069773083132871960e+01
6.090534441182507663e+01
5.825611832017276015e+01
6.106059933673302709e+01
6.211265140584445277e+01
5.782451705184821833e+01
6.047909184966701446e+01
6.225207525659680385e+01
5.610352472008823099e+01
6.048604172073175533e+01
6.247670762779173970e+01
5.853257058269614532e+01
6.092185013909803359e+01
6.300171226540258118e+01
5.991142466019076096e+01
6.022211646263904328e+01
5.776441573879007763e+01
5.985698068438453845e+01
6.110817171790893809e+01
5.732983529559864877e+01
5.832894075389452837e+01
5.982473212468112678e+01
6.165728100770166975e+01
5.508105551734053051e+01
5.781057243446604588e+01
5.871033384516908171e+01
5.962779333835392492e+01
5.587330624724495465e+01
5.722371829411520139e+01
5.840438572058182842e+01
5.923046627428094979e+01
6.005883385631001659e+01
6.133193847548588451e+01
6.056675586732765737e+01
5.511058732567555296e+01
5.731733143116419171e+01
5.768764393485254516e+01
5.929239330774690586e+01
5.816822769474706689e+01
6.033954334580218415e+01
5.995226654826659995e+01
5.559701528002563009e+01
5.844883556140899827e+01
5.757268356296497558e+01
5.982611292307105089e+01
5.789271518787987958e+01
6.054529007273557539e+01
5.924872116268403488e+01
5.694234029058403479e+01
5.949424412525828387e+01
5.752112741409324315e+01
6.037563485074657166e+01
5.649007697899650537e+01
5.956503590445229435e+01
6.145863951689609195e+01
5.503194745209297167e+01
5.902518822669339471e+01
6.132362375015733136e+01
5.831231895705693802e+01
5.816593096728335155e+01
6.117034846051517150e+01
5.809531017150993648e+01
6.056891332089801949e+01
6.276554938864729394e+01
5.963984521523696714e+01
6.228385794583055457e+01
5.326922762435623326e+01
5.872585102099640864e+01
6.081728354226630984e+01
5.683883269148331152e+01
5.792975683036380730e+01
6.035230133181202916e+01
6.054649916268417087e+01
5.641410236418948188e+01
5.818683711057722974e+01
5.861366386679643625e+01
6.028895757311558867e+01
5.506663585385815907e+01
5.800127277973908235e+01
5.870662689705993387e+01
5.995657038152322116e+01
5.488721747754350133e+01
5.693610560634691353e+01
5.853386757284285835e+01
5.903146404425665850e+01
6.041741556292641491e+01
6.156030556951937882e+01
5.730684472731264378e+01
5.926049592131399635e+01
6.017487888714531863e+01
6.107302573087959985e+01
5.782586832660466314e+01
6.031062545175587530e+01
6.052916012539882473e+01
6.205286122607855503e+01
5.562950996592287112e+01
5.834219789569686299e+01
5.823886793840669185e+01
6.041209927065679608e+01
5.844692260998445477e+01
6.123497345929632019e+01
6.030573324927932077e+01
5.747109655999552302e+01
5.772890465161134443e+01
6.038765502003695929e+01
5.894911999928015689e+01
6.179763514979889294e+01
6.260419661443673078e+01
6.052199742858969955e+01
5.831452388355105398e+01
6.172374462425746344e+01
5.924599277306008105e+01
6.225988589501879744e+01
5.831854877390263425e+01
6.147819721397806347e+01
6.372648829426055528e+01
5.629066110757383967e+01
6.056051210130314644e+01
6.295507306051153762e+01
5.950022864952692458e+01
6.015689954960412678e+01
6.303925295829017728e+01
6.147588485291866789e+01
6.297370893231971678e+01
6.533464792196365067e+01
5.974292028478187433e+01
6.369119804195916146e+01
5.572672437037759607e+01
6.013564611453860209e+01
6.131356494253132183e+01
6.307702522120657562e+01
5.612123561624055412e+01
5.970413463595598813e+01
6.143330566713402874e+01
6.224192822708497630e+01
6.377658547855196502e+01
6.490423238948856977e+01
5.903486958300690191e+01
6.159420316215988578e+01
6.260183131811827906e+01
6.367405463682283084e+01
5.937118137821658337e+01
6.161894758549743756e+01
6.254678480231790161e+01
6.380940679529285831e+01
5.852200389886071008e+01
5.964461292859512298e+01
6.131609110887347924e+01
6.167051267872484033e+01
6.098839509791743296e+01
6.276130071560660184e+01
6.274689407739067804e+01
6.103353933892915961e+01
6.141381916667558016e+01
6.342363849416334887e+01
6.308737809649421990e+01
5.860304536820006405e+01
6.151056927366670379e+01
6.070764317864194481e+01
6.283094647423885704e+01
6.468936802160847321e+01
6.290473657278650421e+01
6.384844509255483302e+01
6.175854495057117788e+01
6.472409922881703892e+01
6.356292609164020746e+01
6.126236597876101797e+01
6.424499086619715627e+01
6.167057396489548893e+01
6.467409665143694042e+01
6.024653306255665086e+01
6.314338093047200573e+01
6.535528962776137973e+01
6.061277495254464753e+01
6.334731975609213350e+01
6.577490792673161479e+01
6.141748825200271256e+01
6.382679624449244926e+01
6.599258654617881348e+01
6.244179668871605315e+01
6.500596908411421282e+01
5.865739540512258543e+01
6.184767177297702290e+01
6.389147937560825596e+01
5.972504132971442203e+01
6.240489630555289580e+01
6.215885721525783936e+01
6.455312465235776642e+01
5.859708794554188671e+01
6.075594764248310753e+01
6.236989491605763902e+01
6.301141965802372624e+01
6.453471143459184134e+01
6.576848504240999205e+01
6.015193710923660575e+01
6.231633495172842174e+01
6.339924604124975360e+01
6.450263096132059104e+01
6.025858185090512364e+01
6.165977679116960530e+01
6.274406768226306497e+01
6.357235877749323549e+01
6.038368792973970045e+01
6.245033346065485347e+01
6.276441102781588199e+01
6.361308030566517857e+01
6.531148061312657660e+01
6.514389665862138656e+01
6.073060645475575114e+01
6.167030735185148416e+01
6.371874653658306897e+01
6.324403566248229680e+01
6.305331812491421317e+01
5.996758801694570451e+01
6.283651468411315477e+01
6.161641850763379580e+01
6.050920333127851336e+01
6.104496023370057856e+01
6.320081183569732275e+01
6.165529728499056006e+01
6.055726637419752478e+01
6.144315675527904830e+01
6.252754463446059674e+01
6.079265936287481509e+01
6.339182247754039423e+01
6.562986368955425576e+01
5.927016919642246506e+01
6.205237827295494668e+01
6.432756692301600765e+01
6.137308005813612510e+01
6.230940991718711075e+01
5.922306743059898082e+01
6.205996126898244114e+01
6.233264621952866946e+01
5.909042072944109947e+01
6.185935623957354323e+01
6.137419128559305648e+01
6.028231575518401542e+01
5.923504854893599259e+01
6.229731525539943959e+01
5.902552430564413299e+01
6.188687771164672569e+01
6.356607008411315007e+01
6.110351847099331479e+01
5.890253812840149550e+01
6.134490017051160748e+01
6.236693162033990490e+01
6.299950192279858641e+01
5.830678717365506003e+01
5.933868886715230673e+01
6.071658209494384550e+01
6.243781180529304464e+01
5.593538641711036519e+01
5.855876553537386542e+01
5.939409009605738987e+01
6.032534001751855612e+01
5.505022649953630065e+01
5.735879187291155290e+01
5.827915605323979520e+01
5.916628709328361424e+01
6.047605849459766603e+01
6.100598533425329606e+01
5.848249578946776239e+01
5.932444401771517306e+01
6.086437601501789629e+01
6.096972652895068023e+01
5.653625518381419823e+01
5.717547324974020029e+01
5.905385729623004210e+01
5.879635532351703375e+01
5.961835817021731287e+01
6.131671517105238678e+01
6.037244487531262394e+01
5.845265369828885582e+01
5.849610276319616275e+01
6.095818397062166838e+01
5.956346812793822920e+01
5.804283530703415295e+01
5.887823874266226909e+01
6.095386657865046942e+01
5.859537934627659439e+01
5.749400806714594125e+01
6.008552718651426261e+01
5.772239252143383936e+01
6.040393414886974455e+01
6.289360952316531694e+01
5.984575956108601957e+01
5.940906901155165087e+01
5.708101523213395723e+01
5.991751992095258572e+01
6.136532805946298907e+01
5.476583404787286469e+01
5.896310400960238240e+01
6.109674086996811582e+01
5.602455717361376486e+01
6.091101125414950701e+01
6.273059523714058372e+01
5.486651088335157311e+01
5.982496238364356600e+01
6.172129199913707254e+01
6.191385936344822483e+01
5.778748748881622532e+01
5.836538600321364356e+01
6.015654735350428695e+01
6.180482157327114123e+01
5.555987445403467717e+01
5.888902502994569943e+01
6.026295594383191201e+01
6.112566626601815756e+01
5.621921746914066631e+01
5.824333998285789704e+01
5.904676250961402673e+01
6.026923626186885485e+01
6.116892466503803405e+01
6.241290854400516253e+01
5.760902562714423425e+01
5.915827248095042279e+01
6.053694408899988844e+01
6.088459662072197176e+01
6.169526148892890660e+01
6.327428048938559613e+01
6.330742724651487663e+01
5.873403402226152537e+01
5.983742559487009771e+01
6.178900755969878844e+01
6.167942600026762534e+01
6.073979481074459841e+01
6.000350070408730829e+01
6.249475503527762044e+01
6.148543700690382963e+01
5.796995330806831959e+01
5.901466081779037154e+01
6.140017602872547542e+01
5.988878070324613390e+01
6.138103146974683710e+01
6.069855121300819434e+01
6.332313356076382860e+01
5.946641329947803456e+01
6.137187786742516238e+01
6.291089858280010105e+01
5.976757042935300746e+01
6.035844575877403173e+01
6.317702555680698850e+01
6.054153121710646701e+01
6.252752435339810688e+01
5.675981368388488590e+01
6.048069431283289532e+01
6.275571762541898124e+01
5.781387355591713373e+01
6.101209761044120938e+01
6.309041432971945795e+01
5.742737251951854915e+01
6.200691955934579624e+01
6.424214762511765286e+01
5.953550434320393236e+01
6.201738768597173390e+01
6.327081468590539259e+01
6.402670359160948976e+01
5.993555307712345126e+01
6.077366124087092203e+01
6.253281629755007032e+01
6.414183806185336323e+01
5.768940713009175880e+01
6.084664889422125356e+01
6.227164041490586754e+01
6.308561954396431304e+01
5.824321364895508424e+01
6.001463728778846729e+01
6.122765661503083123e+01
6.206323030461562240e+01
5.870603074998801674e+01
6.093333064687170975e+01
6.195989491113238046e+01
6.244513930454617423e+01
6.366311068408626284e+01
6.455282351982008038e+01
5.900107180700675258e+01
6.084619004148051857e+01
6.124872708652755904e+01
6.299303275160189486e+01
6.268452697915671479e+01
6.471038775633471118e+01
6.439828395399818817e+01
6.048307084112397547e+01
6.091791998867844171e+01
6.303946098138640508e+01
6.253585869729090518e+01
6.315055674193002488e+01
6.332113265619639719e+01
6.544126739449467323e+01
6.212329719793857663e+01
6.165181615257455405e+01
6.203275102926544804e+01
6.448641519381028786e+01
6.193025047915782721e+01
6.489411410502793842e+01
6.601699319610369798e+01
5.907178291381632107e+01
6.236609867085524428e+01
6.477723001632089961e+01
6.174079046241055835e+01
6.364115968297168990e+01
6.610140841778476783e+01
6.283447399847459991e+01
6.262592468446879224e+01
5.968823038768689315e+01
6.263878283211583664e+01
6.451467125077424214e+01
5.851590051087850242e+01
6.192566825977745992e+01
6.396618338501070866e+01
6.311168775099977069e+01
6.046270620577065813e+01
6.318757474327060208e+01
6.441055461154159900e+01
5.923041641800116253e+01
6.203761138047826051e+01
6.238786974941759667e+01
6.380971716097039348e+01
5.912824262600334180e+01
6.156344182430632372e+01
6.272701697532581733e+01
6.325670402651007862e+01
5.793347843766678551e+01
5.999958551625124414e+01
6.106960539406101418e+01
6.210346209747316948e+01
5.817968031804559814e+01
5.958918838797602291e+01
6.062206420789735262e+01
6.133331021079679601e+01
6.214641262709761094e+01
6.358925777305712757e+01
6.106156363188488712e+01
6.309933240463245596e+01
6.324354435756284687e+01
6.307108158155752164e+01
5.864791208721941018e+01
5.963810206275415737e+01
6.127296920886943354e+01
6.057127527224512420e+01
6.301458134358180985e+01
6.189619391177322427e+01
6.221354461297097060e+01
6.105342594873717132e+01
6.368419304659627045e+01
6.214354897244140119e+01
5.923753617033973029e+01
5.867174753678977339e+01
6.119632473652616511e+01
6.182360070591775525e+01
5.978171412316660138e+01
6.250476312807315793e+01
6.469756105721970130e+01
5.826005963322543124e+01
6.101663554712260407e+01
6.328037145877247127e+01
6.031202768131151970e+01
6.140983275307335987e+01
6.393454070214075813e+01
6.068889994151236777e+01
6.097289522247964300e+01
5.792870855486255977e+01
6.071848463317699185e+01
6.142960210323683157e+01
5.857472004438141511e+01
5.809819119095576667e+01
6.091376507191303347e+01
5.984293957777751416e+01
6.067870448489978941e+01
6.290906714700859936e+01
5.855944936289188263e+01
6.117472594658308793e+01
5.669256535021136045e+01
5.847496442782049542e+01
5.935747530035681052e+01
5.997858184174045704e+01
6.122707984618600108e+01
6.198123630047622612e+01
5.754591092314738887e+01
5.997996506588742704e+01
6.069523162167609343e+01
6.151763169804500109e+01
5.526115825173532414e+01
5.773048525288033517e+01
5.863712342044303227e+01
5.953425639272201408e+01
5.474172097140291271e+01
5.685594576146575463e+01
5.793414526767526240e+01
5.853612203927644941e+01
6.000946337430326594e+01
6.026671794472650845e+01
5.933069545429103897e+01
5.842855186354591268e+01
6.053608585339876669e+01
6.016833388549570572e+01
5.715364816004370851e+01
5.742918249179854939e+01
5.961198506597975921e+01
5.878317161690603854e+01
5.910317079500753579e+01
5.851716330826702261e+01
6.096899638069491090e+01
5.900951750508026805e+01
5.600206219286928189e+01
5.855499914132005301e+01
5.653489413287131526e+01
5.935962545167081572e+01
6.169022505361685660e+01
5.942606354060335860e+01
6.084621428766205753e+01
6.333132113363142679e+01
6.027322716352420429e+01
5.976239129597362876e+01
5.744462335093668059e+01
6.028829017830206993e+01
6.161362141845089724e+01
5.542326255802565527e+01
5.946905630504404883e+01
6.158288394809562760e+01
5.804180134670084357e+01
6.068879712006511795e+01
6.278111307408011754e+01
5.647755387721165476e+01
6.080018593637888813e+01
5.203026712225475592e+01
5.711923820545833763e+01
5.920560489337196231e+01
5.802886359504179126e+01
5.999638553861952062e+01
6.159464988387382789e+01
5.777552295278316308e+01
5.974632129378878176e+01
6.120479301562640018e+01
6.199900954032701605e+01
5.688367592681193230e+01
5.882663316673357912e+01
6.008824374666546930e+01
6.059576644820651126e+01
5.653430158411225648e+01
5.824488973506660017e+01
5.946920072777524524e+01
6.047050587697123092e+01
5.542064283898122312e+01
5.736199739474289316e+01
5.836319044564108083e+01
5.972757999453035893e+01
6.012347907179510997e+01
6.195513289133187840e+01
5.747799218474828109e+01
6.031370129647707756e+01
6.031823328779370996e+01
6.253882369590265000e+01
5.706331345102876895e+01
6.003563884765806336e+01
5.946858530111394714e+01
6.202503135133279955e+01
5.720145306544983299e+01
6.052281710265041426e+01
5.950832285728532867e+01
6.147301353591722517e+01
6.391488808262911192e+01
6.186091919247039073e+01
6.019451941704639353e+01
5.882592248190631068e+01
6.224329631646203609e+01
6.161089337620743578e+01
6.049559627723077426e+01
6.406262436849975472e+01
6.099130472931481250e+01
6.404151776410812147e+01
5.613116921469664078e+01
6.074567917552842999e+01
6.331659286903999373e+01
5.959727795478384138e+01
5.970808238556708858e+01
6.304016064256747853e+01
6.004598575479290901e+01
6.215134277281109121e+01
6.477217316177940631e+01
5.970513611589534264e+01
6.484117069250123677e+01
6.589895313830047030e+01
6.256284019683247521e+01
6.334930259299606803e+01
5.923139914342906565e+01
6.154855836972541994e+01
6.273471556659659143e+01
6.387969551325739559e+01
5.680423234356806717e+01
6.047433765368050018e+01
6.220862881052544680e+01
6.321754264792482303e+01
6.472940103580209836e+01
6.643779165958289923e+01
6.049477239236970405e+01
6.283011340633130715e+01
6.412661381063844601e+01
6.503100455876531782e+01
6.057742652722029675e+01
6.324501602799358579e+01
6.400477774715577084e+01
6.570074379249122387e+01
5.935389076130569919e+01
6.189373194564199565e+01
6.222536721362862266e+01
6.434771092972994211e+01
6.138081059885360702e+01
6.487229337362487058e+01
6.444326172750919568e+01
6.268014732469307404e+01
6.308944707265717255e+01
6.572173057200994606e+01
6.462015069717044469e+01
6.766110378619126209e+01
6.755320859084598339e+01
6.287811707808665318e+01
6.294036660164504582e+01
6.630418479326036163e+01
6.678299245452481614e+01
6.169565218234210136e+01
6.631604754809497138e+01
6.536001776411686137e+01
6.849021123448149240e+01
6.141673785462597834e+01
6.564464079589346568e+01
6.749217483609893975e+01
6.350862481055649766e+01
6.453500779885374072e+01
6.797871725084473837e+01
6.441348485340597563e+01
6.508514444456746162e+01
6.858889741026534637e+01
6.513427055509717434e+01
6.696828833924672608e+01
6.312806102205598791e+01
6.654146579339551693e+01
6.594152347383233348e+01
6.498735247406517601e+01
6.826162687960544417e+01
6.863315196921854522e+01
6.430307841463357477e+01
6.607431412818563388e+01
6.903163556899380637e+01
6.465836321976942713e+01
6.811210766045444132e+01
7.033753473346061469e+01
6.588806592371967952e+01
6.898863546554278514e+01
6.271582894752403803e+01
6.561249133831111635e+01
6.718754053067772247e+01
6.871809115878072305e+01
7.056031465515157208e+01
6.690137365216232013e+01
6.877477125553473059e+01
6.429710022474054654e+01
6.700162180726516681e+01
6.800743185389917755e+01
6.953074504366232134e+01
7.036332241576572244e+01
7.225450994330226706e+01
6.612209022105865586e+01
6.856266634764156720e+01
7.029499451029970203e+01
7.018509859836478881e+01
6.583527304809872760e+01
6.697593377310855089e+01
7.022264599133131924e+01
6.943303913965773688e+01
6.675857393246641891e+01
6.857253617917088206e+01
7.058931275605577582e+01
6.634444041293481575e+01
6.977100378622967014e+01
7.284050147990689084e+01
6.903402373520621893e+01
6.968781717466596604e+01
7.003898761283855379e+01
7.316294939305738865e+01
6.768278803069087246e+01
7.058694146298009287e+01
7.335007979990980687e+01
6.895073132839273455e+01
7.141566542281680086e+01
7.474716444077547806e+01
6.951274758187001623e+01
7.311094194867733620e+01
6.558217142144542322e+01
6.976855736690782805e+01
7.272839146947468691e+01
6.769810195040068379e+01
7.143715193454995926e+01
7.214560384976765306e+01
6.854609082183428370e+01
6.942185676906592562e+01
7.302661299015952068e+01
6.964766870456973891e+01
7.126866724296601774e+01
6.652366601000895230e+01
7.041622475334641251e+01
7.057573639984856584e+01
6.994103336440873875e+01
7.311837188100197693e+01
7.281648413889455185e+01
6.847033237263944727e+01
7.152890950899166000e+01
7.251045544496835760e+01
7.455498851348815492e+01
6.794963090796746030e+01
7.119120618188613037e+01
7.273109522727509102e+01
7.368288355561554681e+01
6.790525957336770091e+01
7.076440180466521213e+01
7.198863752936432547e+01
7.403449059083145301e+01
7.594126553601654450e+01
7.426972103391224778e+01
7.066179366488790947e+01
7.217183413244045198e+01
7.510812587369292714e+01
7.535522092464894683e+01
6.881360511638298760e+01
7.364750679573612047e+01
7.368603795042223226e+01
7.629826612249038931e+01
6.910559561779535898e+01
7.282246779894389022e+01
7.329959252144774950e+01
7.630356090336898944e+01
7.874312037967416700e+01
7.220599890888522054e+01
7.667695464856896592e+01
7.205139358121611792e+01
7.608491742042589578e+01
7.679259865775560456e+01
7.019923008119866381e+01
7.651535688702503535e+01
7.584362217718557986e+01
7.905028992476354688e+01
7.081159208972758279e+01
7.597304231392855911e+01
7.937594553154617927e+01
7.332318853407080894e+01
7.782998466453800290e+01
8.105029579431922571e+01
7.251509929916028341e+01
7.813558786636833986e+01
8.179659911382925941e+01
7.424457696942069163e+01
7.952385015042105465e+01
8.259888445874622676e+01
7.396264788670504231e+01
8.002966276224348974e+01
7.327320229897138404e+01
7.809273973833187199e+01
7.913486947282278550e+01
7.641122351864063944e+01
8.037992526559612827e+01
8.250275983543085090e+01
7.623452329030818930e+01
7.899767239474167013e+01
8.228961529982315426e+01
7.947765860433530349e+01
8.256598954367200349e+01
8.455675288659331557e+01
8.116777679362793663e+01
8.422509516719719613e+01
7.773088551859957818e+01
8.083839912160961205e+01
8.239757034962252646e+01
8.161562268306727219e+01
7.787946170431996507e+01
8.197063783157408068e+01
8.288302801240955375e+01
7.890455192038390919e+01
8.138893933711801765e+01
8.502670315938921419e+01
8.284906002592526875e+01
7.854950842732500860e+01
8.095224949887577282e+01
8.486766396191791273e+01
8.424760209092430330e+01
7.752609292264301644e+01
8.360149246152381863e+01
8.326754929450390819e+01
8.625247418086063078e+01
8.613479718032176891e+01
8.565068499516897305e+01
8.436318036392313502e+01
8.909769396153915011e+01
8.570221278929291486e+01
8.643432741787491125e+01
8.457842766792599321e+01
8.937922568092348286e+01
8.599383571725479669e+01
8.958066858861626258e+01
9.175633610107543348e+01
8.353215454782124993e+01
8.934797734490607013e+01
8.503676066383418686e+01
8.998127079435558073e+01
9.013786914185760679e+01
8.625939082098197730e+01
8.856151132467782361e+01
9.239335826592612477e+01
8.724566953696715643e+01
8.940762277714436834e+01
9.384029758204292193e+01
8.845132196884698317e+01
9.104935358541192159e+01
8.606006793723956605e+01
9.076644422811772017e+01
9.229199417039620812e+01
8.669817054321170247e+01
9.118907033018027164e+01
9.320953793892063288e+01
8.800549120518056156e+01
9.187402489998579824e+01
9.477631999856005507e+01
8.941615943422696944e+01
9.426560752888964601e+01
9.718542779494221406e+01
9.164308795928849349e+01
9.563894594711466368e+01
8.878178681533560734e+01
9.277477665381938721e+01
9.568994652992005001e+01
9.365239591434398392e+01
9.785216634708628192e+01
9.823006292650936189e+01
9.182961864514209083e+01
9.468396134474157577e+01
9.896137337075492724e+01
9.502756945638107311e+01
9.813842231467178578e+01
9.832991599720926956e+01
1.008761873615112563e+02
9.498639918302976071e+01
9.871761796397807132e+01
1.018658182007220319e+02
9.586260209014078271e+01
1.005566202323799985e+02
9.375796393470577073e+01
9.922633850211768447e+01
9.769807573255998534e+01
9.673226413158207038e+01
1.003589932353493737e+02
9.827858200965334845e+01
1.016369603977506841e+02
9.876472929887148666e+01
1.033621162146912127e+02
9.816376169553183217e+01
1.024925808699724996e+02
1.064781493208280807e+02
1.003695414088605702e+02
1.047138058926063451e+02
9.777027014889532097e+01
1.025234849835192819e+02
1.055068329519747152e+02
9.819474857859601968e+01
1.031509091814150310e+02
1.071693657315250476e+02
1.008159245370683692e+02
1.056002910920728368e+02
1.089695929078752386e+02
1.022780058828512182e+02
1.070420263523725595e+02
1.100668968668066583e+02
1.040894300694510264e+02
1.081749375079479165e+02
1.012810281326655684e+02
1.062148494032513497e+02
1.094418560413184309e+02
1.025025458963636567e+02
1.074079795274936799e+02
1.103355488178822981e+02
1.040143310679193860e+02
1.085496881110892957e+02
1.113314259763923815e+02
1.053882197135187369e+02
1.095918193973953407e+02
1.132190019672361672e+02
1.096256678437059406e+02
1.125413739295191249e+02
1.066198119851322588e+02
1.101340429935954859e+02
1.139253522159616239e+02
1.063311095827148023e+02
1.122930308246363182e+02
1.137141719011840877e+02
1.087951059162711971e+02
1.109825676706318234e+02
1.162009403856736043e+02
1.129956114609876323e+02
1.127269200752528349e+02
1.132573223539790632e+02
1.187229082800695039e+02
1.103329404311568425e+02
1.154064180959367576e+02
1.184909186436535009e+02
1.115775766015908346e+02
1.186752132111485452e+02
1.101346446763995175e+02
1.170116754873461957e+02
1.153676461992829729e+02
1.149217884170339516e+02
1.154305289027250296e+02
1.211133413091739328e+02
1.133651700307154186e+02
1.200800027926838141e+02
1.215665092862708150e+02
1.154982617076952636e+02
1.208486624328588590e+02
1.252183087096054379e+02
1.186404126926955485e+02
1.224609085075899060e+02
1.157530181047937816e+02
1.210447685757047509e+02
1.247603224561670316e+02
1.171718416295900482e+02
1.230933129762124736e+02
1.267669579209033515e+02
1.195633449270769120e+02
1.247442790963152675e+02
1.286341955738460570e+02
1.216301760585010356e+02
1.266738132849043126e+02
1.304134814652902037e+02
1.239089325496803866e+02
1.286560852664860022e+02
1.222798881010731407e+02
1.272324349628537306e+02
1.306188879901230848e+02
1.231114864350722513e+02
1.291523723208437389e+02
1.311375439000242693e+02
1.260075420071196106e+02
1.296620682781509686e+02
1.353171381223736489e+02
1.265602998953473701e+02
1.336436164272510609e+02
1.343715277581792975e+02
1.305259778450277111e+02
1.333539302828043560e+02
1.281990303642945719e+02
1.320326845393536814e+02
1.370066813046696268e+02
1.286062248534906303e+02
1.358271016336141770e+02
1.361842338948368933e+02
1.333163987163910917e+02
1.350486749786801681e+02
1.413991531443597580e+02
1.325514531613401061e+02
1.403176694352222569e+02
1.313545751337124727e+02
1.393163436172581271e+02
1.382605031600225516e+02
1.368786043957637162e+02
1.393701418766143547e+02
1.451186409854134354e+02
1.360008289243312731e+02
1.433746327556367817e+02
1.431301422928171405e+02
1.427107947745240608e+02
1.412504641931534195e+02
1.478545864404883901e+02
1.399492551172159267e+02
1.461643602785111682e+02
1.397022271995183189e+02
1.459734712945916613e+02
1.496700394452540195e+02
1.413363001882888170e+02
1.480156522372572283e+02
1.533399725958876729e+02
