0.000000000000000000e+00
5.723969633484958308e+01
-2.417349662941042965e+01
1.869698904987314236e+01
-1.439162325803662057e+01
1.633872835867004270e+01
-1.030493568134093607e+01
8.131660062887684504e+00
-8.016332492821309330e+00
6.112958787636803670e+00
-6.993420820099164326e-01
6.541767478919465750e-01
-2.958560222539543094e+00
2.816512280296459281e+00
-2.045031173614669129e+00
2.500098262634254720e+00
-1.666299345117784769e+00
2.379203543188775249e+00
-1.294262943715283720e+00
2.379193732863404076e+00
-9.362357119636447456e-01
2.444391833887785026e+00
-5.669456086642472581e-01
2.657143329800023324e+00
-6.538882325105467297e-01
2.940319915442448639e+00
-3.704360153048507076e-01
3.247384516006538657e+00
-1.506960217932571122e-01
3.563339624964902974e+00
9.576042878321917862e-02
3.892695177758867420e+00
3.572059684266575830e-01
4.235000339605497821e+00
6.392230691982516699e-01
4.588871506277802048e+00
9.370117966833823031e-01
4.953199842231362560e+00
1.250760015431594541e+00
5.326737062372226994e+00
1.578186173114315194e+00
5.708348225352816385e+00
1.918355614187848168e+00
6.096902975384792533e+00
9.101754114210036661e+00
1.072865446105032206e+01
7.712016299351654780e+00
1.145139194935674887e+01
7.973282128005354963e+00
1.195026351990104274e+01
8.528956977837260922e+00
1.240334613851340251e+01
9.007739196825767181e+00
1.283328227952293688e+01
9.440809147665486734e+00
1.326009114837648184e+01
9.883572301852550979e+00
1.367608227774376140e+01
1.031273355238534073e+01
1.408352837015483239e+01
1.073690368089819636e+01
1.447983227276176166e+01
1.115019270091801040e+01
1.486473025799923420e+01
1.155360860835322967e+01
1.523736162955883167e+01
1.194558857410523878e+01
1.559791693540795166e+01
1.232669269232708231e+01
1.594688057604682641e+01
1.269729930941014118e+01
1.628524446254351687e+01
1.305852353403198940e+01
1.661409465035143995e+01
1.341140289983237999e+01
1.693451015532764004e+01
2.097628109756157500e+01
2.006617305014208696e+01
2.246319643911360586e+01
1.884224381173212137e+01
2.355583870878917097e+01
1.929226925939943627e+01
2.390032354240494428e+01
1.963085852194462788e+01
2.426450113715262091e+01
1.997558788148346309e+01
2.459095144445467085e+01
2.029262247155330812e+01
2.490552094005997930e+01
2.059607799164463771e+01
2.519967026800928878e+01
2.088205738393734023e+01
2.547783391929614893e+01
2.115288768205740411e+01
2.510504198960238753e+01
2.145160022909395892e+01
2.541501869836021044e+01
2.174236639146148775e+01
2.583411486141089952e+01
2.868809535840232527e+01
3.034033996010825263e+01
2.877558393656038760e+01
3.212940222349998010e+01
2.801611166163858258e+01
3.188838417177916185e+01
2.814339857131286493e+01
3.270300185602826559e+01
2.831095478361974571e+01
3.215268218072181838e+01
2.849098215278071677e+01
3.230846208810802977e+01
2.867375063931974921e+01
3.239721473795247420e+01
2.881939661296051014e+01
3.248085867628213208e+01
2.895430771234884659e+01
3.253137051856901962e+01
3.562028074436588554e+01
3.754222720523593182e+01
3.556953681132848288e+01
3.879414669129695881e+01
3.570868957492866969e+01
3.873382177004150151e+01
3.583148093305346293e+01
3.863793631820884400e+01
3.557087334279734847e+01
3.862218177965943511e+01
3.539402916177976977e+01
3.868535595077594991e+01
3.559982814420442310e+01
3.869015285915870805e+01
3.538590404481460183e+01
3.863653068215290887e+01
4.180841076133430079e+01
4.345977091398749792e+01
4.087479501275375071e+01
4.226623306980773975e+01
4.050376766937929318e+01
4.354444470555525015e+01
3.996490048460304223e+01
4.444741526031108947e+01
3.918470296942230391e+01
4.378325042318417104e+01
3.895795526474883985e+01
4.403402636245301238e+01
3.875390247845856351e+01
4.290044987270776744e+01
4.715570311932036418e+01
4.646111024392624955e+01
4.554087727592100521e+01
4.646653135252289246e+01
4.552061990568653016e+01
4.620893912900205436e+01
4.517372190859909864e+01
4.587361169388950088e+01
4.481195619934435115e+01
4.551998316056969429e+01
4.442811749862669757e+01
4.514229966031808772e+01
4.402316851061972613e+01
4.466696599008576385e+01
5.069637241034916997e+01
4.504072482164951907e+01
5.208113251284252243e+01
4.484695798799108246e+01
5.133416897794683109e+01
4.395823291291791435e+01
5.030977971445668828e+01
4.448976141511190008e+01
5.037895159873588113e+01
4.366705363876324952e+01
4.973721940962244759e+01
4.359500177748413563e+01
5.009056663500017237e+01
5.283352412047733537e+01
5.033670175192417418e+01
5.412631745585277798e+01
4.748369755882700360e+01
5.337816666114573394e+01
4.692265565065537913e+01
5.321489617683901230e+01
4.629098800057240481e+01
5.253437080307699603e+01
4.655068567876318042e+01
5.225941336196422071e+01
5.619558396657365051e+01
5.150810792488395151e+01
5.647086940035386959e+01
4.955308205385782827e+01
5.546006840817241113e+01
4.902775376869645640e+01
5.480538853950047695e+01
4.906393317908630536e+01
5.433340652485667022e+01
4.777292461360117670e+01
5.347611038079643464e+01
5.719708005347266777e+01
5.326031743695376264e+01
5.725072242404295508e+01
5.101228625856043664e+01
5.651811668237841246e+01
5.023605543075206725e+01
5.562414115216090238e+01
5.038736455481410559e+01
5.510938325514665337e+01
4.862825397618117762e+01
5.400839369720199556e+01
5.756111364730870861e+01
5.315107810369925545e+01
5.773268755932317475e+01
5.142932778547753969e+01
5.659476987187908748e+01
4.984702694663810973e+01
5.554603527006871388e+01
5.041980590086171787e+01
5.492302993185059989e+01
4.801094926104718041e+01
5.374171437590174349e+01
5.712167947435195003e+01
5.193146739299584880e+01
5.737711250597813262e+01
5.163577084470276901e+01
5.629725137727663764e+01
5.078429547652505960e+01
5.525890146895088151e+01
4.896223567044710023e+01
5.408161550079781676e+01
5.712548773289022819e+01
5.472646177989906136e+01
5.736398950929058316e+01
5.185159461823003824e+01
5.719831193161883220e+01
5.090460707127252959e+01
5.563609042412321060e+01
4.934574748148767043e+01
5.415188166256177738e+01
5.685163049537292324e+01
5.607774541903037857e+01
5.474081551917552702e+01
5.696239500136432810e+01
5.331284016442197782e+01
5.513134110490687334e+01
5.187962204316324488e+01
5.390182803256568178e+01
5.056137912231267251e+01
5.214469759147995376e+01
5.525616509590527414e+01
5.644215568255507520e+01
5.302547422306667357e+01
5.498753241846333850e+01
5.161983223875975568e+01
5.371094714497856160e+01
5.023497234844782611e+01
5.222399486162867532e+01
4.863386065674334446e+01
5.167163587939687375e+01
5.296567729067622565e+01
5.492250551399142466e+01
5.085623245730091924e+01
5.367916186732136907e+01
4.922882256658509448e+01
5.202628198665370718e+01
4.761679332310711033e+01
5.017920635568880527e+01
5.258380945517671989e+01
5.425739394135226235e+01
5.143031201033895883e+01
5.391215075553782299e+01
4.827496436094762089e+01
5.191579992754066097e+01
4.684028649920337273e+01
4.991450129016919135e+01
5.170858464233305796e+01
5.353813447101961742e+01
4.874322841323029820e+01
5.159177534573460377e+01
4.684021415978790515e+01
4.987310697678378091e+01
4.573066864491588035e+01
4.832985418823886903e+01
5.044733924756771160e+01
5.179876405347843615e+01
4.944480309172725896e+01
5.112877220100077835e+01
4.576830662712736597e+01
4.869078441047080474e+01
4.552285518853405222e+01
4.727961183049109195e+01
4.975645530820028739e+01
5.048977136245122921e+01
4.865012888149525594e+01
4.955430628017521144e+01
4.599860222139905375e+01
4.737532645192518999e+01
4.499569113509350871e+01
4.608457192709570194e+01
4.913095123071058623e+01
4.901072367536945507e+01
4.694100315611539287e+01
4.728910130875574680e+01
4.608355964970853336e+01
4.629333211097794276e+01
4.367993242335639792e+01
4.408561518799703549e+01
4.761316232894476741e+01
4.682600043521763666e+01
4.615897502738597069e+01
4.583940383922228534e+01
4.413052050480692401e+01
4.384391234931591441e+01
4.351088108378185382e+01
4.298808655107683308e+01
4.673515403660494627e+01
4.604861590848150854e+01
4.438586276316856072e+01
4.358432164326199398e+01
4.475804742556503868e+01
4.307122449556186439e+01
4.151654798643816946e+01
4.064016024318906517e+01
4.461365636489269804e+01
4.498730027042039126e+01
4.180888534778504351e+01
4.109946155973652537e+01
4.307453367079924078e+01
3.985313502779414563e+01
4.078871179008133652e+01
4.380618391778988752e+01
4.265860496428572901e+01
4.267984166273243574e+01
4.082436817893764669e+01
4.154834927352075624e+01
3.955415984181708922e+01
3.896165023258748050e+01
4.231603951796613217e+01
4.067036324589224705e+01
4.345518435060441220e+01
3.783281355133245683e+01
4.189680648875716429e+01
3.533712114095335721e+01
3.979210166030885887e+01
3.430066823259721787e+01
3.842396637991599562e+01
4.118773705484776571e+01
3.723288400612893412e+01
4.098891731039825714e+01
3.406986614961504500e+01
3.905073486179038866e+01
4.181944049296403421e+01
3.728738300749649426e+01
4.126983083399559860e+01
3.444106659083946909e+01
3.933562037053854255e+01
3.134081393393786641e+01
3.696758176595737666e+01
3.945177720605726535e+01
3.916291113235086385e+01
3.712873809612298004e+01
3.930018425867019971e+01
3.376356403379676152e+01
3.810263706671235440e+01
3.069636167834281082e+01
3.511451775750118287e+01
3.770758678552043364e+01
3.690389913605249461e+01
3.653384867182221996e+01
3.357419264713573881e+01
3.663693369878684081e+01
3.050928265026318087e+01
3.430160806840157051e+01
3.601091492357142698e+01
3.790176018283911930e+01
3.251864132844998778e+01
3.571762875873091048e+01
3.017635336282753755e+01
3.323760053319525554e+01
3.456973624318030858e+01
3.642084605629114691e+01
3.298420669138604921e+01
3.551586472248560256e+01
3.067901791222133312e+01
3.304164016250125968e+01
2.879475310771058361e+01
3.115683371047837724e+01
3.264208806296598908e+01
3.428625723895851962e+01
3.207277299440154650e+01
3.394411729449793569e+01
2.923534942532399583e+01
3.139934970772728562e+01
3.328876736682588700e+01
3.451195582777804560e+01
3.136499521113703892e+01
3.327457227714618426e+01
2.900767655041391535e+01
3.089825043796223980e+01
3.317865950988957024e+01
3.392992557278126498e+01
3.350929419615260230e+01
3.373517368510492531e+01
2.976742512141378327e+01
3.118762704547628317e+01
3.403686042580764592e+01
3.404416960921035695e+01
3.260367203029117178e+01
3.305976709204585973e+01
2.988294392144270262e+01
3.074962105727397699e+01
3.008145492403852117e+01
3.343521981230878737e+01
3.278980415886177013e+01
3.514423922633086050e+01
2.775156059184282142e+01
3.298791419499993793e+01
2.665940731387407325e+01
3.149060403833211907e+01
3.087911408533130242e+01
3.448263448979017909e+01
2.729207173047015900e+01
3.282423833723437667e+01
2.632704020082113061e+01
3.152315188251256828e+01
3.327156402872065399e+01
3.253075518149539391e+01
3.182578692874607285e+01
3.107997291951015484e+01
3.026704075170094654e+01
3.341844285416218696e+01
3.251065002538198456e+01
3.543063449533235598e+01
3.026451584161224062e+01
3.340901395950825759e+01
2.921373917084068594e+01
3.238177167299959791e+01
3.539928846801991114e+01
3.211188072544126015e+01
3.353867277409204206e+01
3.181559258838941773e+01
3.113658830908990893e+01
2.964532134315481215e+01
3.287497695819962473e+01
3.560170018113755219e+01
2.946388255288211155e+01
3.331214285361831884e+01
2.873105155083655404e+01
3.299360721993375023e+01
3.584414175199912478e+01
3.296619372068139597e+01
3.502309783295339685e+01
2.933700954200647715e+01
3.365287207079716580e+01
3.643950674849601512e+01
3.606001070208183279e+01
3.432125997280986951e+01
3.501398224751084598e+01
3.216856758541420902e+01
3.373445241921978521e+01
3.674351091383970669e+01
3.784292996152696276e+01
3.398821824535572489e+01
3.614843515895108084e+01
3.194132829474725099e+01
3.332116445052509590e+01
3.598812069880226261e+01
3.836043930619086240e+01
3.260584573781331130e+01
3.640969668195951670e+01
3.299627431920917786e+01
3.541076663569752725e+01
3.693050881742226466e+01
3.942237915116668034e+01
3.338726905002760503e+01
3.728017266966313059e+01
3.130044798632048852e+01
3.535379843077605244e+01
3.658412942356864761e+01
3.886522852578104192e+01
3.490227813050245231e+01
3.795597297487983468e+01
3.293259161205202901e+01
3.590633622349459841e+01
3.779532327614730747e+01
3.939554523696105548e+01
3.673372195795236905e+01
3.867724044053512955e+01
3.426982663800459505e+01
3.656513914402539456e+01
3.854647585664690723e+01
4.003124158678669176e+01
3.673042502224895145e+01
3.920527811475039925e+01
3.434521913790371173e+01
3.707320974491484122e+01
3.945000566418570287e+01
4.044393171226946748e+01
3.864379314434675194e+01
3.993495105177451165e+01
4.271229516428468997e+01
4.302458997681355868e+01
4.077412860409724971e+01
4.163233638107149659e+01
3.845854955169085798e+01
3.991133381193079543e+01
4.301416305156124054e+01
4.350543041823992496e+01
4.086229523025713917e+01
4.137481902657983568e+01
4.209840181106692825e+01
3.905226429952679013e+01
4.291029131592931378e+01
4.414437431319058902e+01
4.242265009960525646e+01
4.244901844035333482e+01
4.051962053730804314e+01
4.451327427257760405e+01
4.336234041891385260e+01
4.706817953112222597e+01
4.086759241947709143e+01
4.531476394658478313e+01
4.820812916634464784e+01
4.597994642787480757e+01
4.624287181181170325e+01
4.510388936469117738e+01
4.405817398371547000e+01
4.309482188114516532e+01
4.708651904369667562e+01
4.907410767087575465e+01
4.329543796030752389e+01
4.812282509402224662e+01
4.107260353686127274e+01
4.610961103397702487e+01
4.940639699868020784e+01
4.570104474896334068e+01
4.729520735830619316e+01
4.620541264895900468e+01
4.585469431817519137e+01
4.902124456517702100e+01
4.986098747645137763e+01
4.728911450645058068e+01
4.864625653597463639e+01
4.598105144288821577e+01
4.917604593844836103e+01
5.025061871280065162e+01
5.097131400065309492e+01
4.657864667236024303e+01
5.008532857188316001e+01
4.449675796084908797e+01
4.854727980300857126e+01
5.099647297350161068e+01
5.070140869986998666e+01
4.753533529830691862e+01
4.949646012037155174e+01
5.261277865420236566e+01
5.269760211315839626e+01
4.909680551528854409e+01
5.166840074003174266e+01
4.692803923657809406e+01
5.058619125755316048e+01
5.151963442779562996e+01
5.406804233374989366e+01
4.718029655638172670e+01
5.197849205846817711e+01
5.419148199780185138e+01
5.524922890093524330e+01
5.149852612102603189e+01
5.411555037482343522e+01
4.912695563153886980e+01
5.199434788657924855e+01
5.383827709478509860e+01
5.541456539766543443e+01
5.156248700877928570e+01
5.430168932164025364e+01
4.966403257683392525e+01
5.205883438807941133e+01
5.435810703484249018e+01
5.579507967350595976e+01
5.080767541934981324e+01
5.355702497009239949e+01
5.585518332094610372e+01
5.682040201935928536e+01
5.497544865947621417e+01
5.603713370752503664e+01
5.088559917255309983e+01
5.346389013978033233e+01
5.617513809672191627e+01
5.649269206476358107e+01
5.447100590172409795e+01
5.554394698016857035e+01
5.859963982737085786e+01
5.834049639648485197e+01
5.545843347367262766e+01
5.632679780589249674e+01
5.486590638470303816e+01
5.556557306859716761e+01
5.883824293928082483e+01
5.797310990415751064e+01
5.565429802217008870e+01
5.587139062315532811e+01
5.921232302370584932e+01
6.074906556093649357e+01
5.707649442127402750e+01
6.044978101547147276e+01
5.387823625166401342e+01
5.812109109957753361e+01
6.130410442897168366e+01
5.922698490053910803e+01
5.872145166871016642e+01
5.747494231605353576e+01
6.110985021696556885e+01
6.329214356459036850e+01
5.566828404324799351e+01
6.127524466279118798e+01
5.557115125959605706e+01
6.008333587530601250e+01
6.296169519038511453e+01
5.768036131559977520e+01
6.201644405882321109e+01
5.393596484584325168e+01
5.953762393595979319e+01
6.236838528429196060e+01
5.890505527334482139e+01
6.168236468748632007e+01
5.443830280157013135e+01
5.977861262305493995e+01
6.148045082357786129e+01
6.395995703133604593e+01
5.682817172941354755e+01
6.097967406082172914e+01
6.345842622038745873e+01
6.376416136453771344e+01
6.015429555260649863e+01
6.120737775363853217e+01
5.760049877237919702e+01
6.024150904418808494e+01
6.121972765877304568e+01
6.329192894710325135e+01
5.747152634760115575e+01
6.096975001019141871e+01
6.284184735279873735e+01
6.408801397296082314e+01
5.747407587901182779e+01
6.165689519426913989e+01
5.545945590878412901e+01
5.945087477153046507e+01
6.058412209539655180e+01
6.265195561181484862e+01
5.662960357622223029e+01
6.004798352569456199e+01
6.136673991351189983e+01
6.299496413487402435e+01
5.975063760979482197e+01
6.147047325328615131e+01
6.306716448864477798e+01
6.431523235455988186e+01
5.968469567403293752e+01
6.180100239609510027e+01
5.744004642077752720e+01
6.061219641489300614e+01
6.124150599331071732e+01
6.346379530255058654e+01
6.047869065234399244e+01
6.173772455103271284e+01
6.419152492305228463e+01
6.407460398447250327e+01
5.942360296007690579e+01
6.100619904152194550e+01
5.680599014715108552e+01
5.819748308777648305e+01
6.077760530313216236e+01
6.051642557063943428e+01
6.018098105273014653e+01
5.980346944658936081e+01
6.259647805051422154e+01
6.246260978366978378e+01
5.974782043981069535e+01
5.965261325616231147e+01
5.802240932827877629e+01
5.926076951415365102e+01
6.194917303781890894e+01
6.017277721117024214e+01
5.945220590697731211e+01
6.227440911604744400e+01
5.990660050872349274e+01
6.319188746038233262e+01
5.790433591529104973e+01
6.100451389278391900e+01
6.368132660400367939e+01
6.068815860966453357e+01
6.024615546611314443e+01
5.807729383635943066e+01
5.934671020039605338e+01
6.260731777236679108e+01
5.936475548655084111e+01
5.996686258679049786e+01
5.727311846263922490e+01
5.748767877429398965e+01
6.084941255497589907e+01
5.803236761663303866e+01
6.041705876069283221e+01
5.617930492022837541e+01
5.940124093693363960e+01
5.952445102854029102e+01
6.045738537795475054e+01
5.395478681446483904e+01
5.725119633964863652e+01
5.949606024521471426e+01
6.146837551788458143e+01
5.549116047921164352e+01
5.864004164155701204e+01
5.386603739248099743e+01
5.651609955810135943e+01
5.728198942703205887e+01
5.913949313974104172e+01
5.355675038109874464e+01
5.630874158575933563e+01
5.794937669516531997e+01
5.863528955791161934e+01
5.405060456673656688e+01
5.688603238899787584e+01
5.769510405430820299e+01
5.928962331716245870e+01
5.409675146365525222e+01
5.611505469579300609e+01
5.736860253405926358e+01
5.863880654377411616e+01
5.499258124676096315e+01
5.658207486054262603e+01
5.175938723734171987e+01
5.348314177983436224e+01
5.523283146903074936e+01
5.575817506683187474e+01
5.534857189129252930e+01
5.145927985895390577e+01
5.401210276552701117e+01
5.422799390680506093e+01
5.642109791769952665e+01
5.129289625150520493e+01
5.364255410335845653e+01
5.354961104322082832e+01
5.598048631941940556e+01
5.346062008008925659e+01
5.193867269746314008e+01
5.304445554708664190e+01
5.538517116344380042e+01
5.439531539104029179e+01
5.039007505037987045e+01
5.145627079218295563e+01
5.407159777548358193e+01
5.293464795456872451e+01
5.396553084429339009e+01
5.104093446824192881e+01
5.386971778616190676e+01
5.419877354393377544e+01
5.138622306168134912e+01
5.073815614740505708e+01
5.372838782122331480e+01
5.591341343756093352e+01
4.960406593224829663e+01
5.318096733689089461e+01
4.846838710103838110e+01
5.184452131246153073e+01
5.421701279391700723e+01
4.946010261533527341e+01
5.267453319347982443e+01
5.508380076313618190e+01
4.944682778550614444e+01
5.341337473056673701e+01
4.550865151033404743e+01
5.040765000980587018e+01
5.275137396244860355e+01
5.009912456728590513e+01
5.038245151828249391e+01
4.744525693665067934e+01
5.012966775969926658e+01
5.144015191899330119e+01
5.187523193516656050e+01
4.794061023962328250e+01
4.833667571817225195e+01
5.066001471074009288e+01
5.240558732610234927e+01
4.616291697492561497e+01
4.972086364338665732e+01
5.129967463956776186e+01
5.125071106186113212e+01
4.790571140147066131e+01
4.973045921710112083e+01
4.553771681617210731e+01
4.724987709621565557e+01
4.788900325526029889e+01
4.951766864259643341e+01
4.429137038210625832e+01
4.656919216259409211e+01
4.746454062409937080e+01
4.882600304290050275e+01
4.641559142571450280e+01
4.763010704735665968e+01
4.880042622929857288e+01
5.010777436914310101e+01
4.501385968440154528e+01
4.665734741846152644e+01
4.791883326277346811e+01
4.877592997858388202e+01
4.616345272778886510e+01
4.754037256407889345e+01
4.808911799289767686e+01
4.998464670561785539e+01
4.744345693873498959e+01
4.818966871201791946e+01
4.243362107287663321e+01
4.551395945588409120e+01
4.563353126600734555e+01
4.785144600639967649e+01
4.570032223246730751e+01
4.831996016687265438e+01
4.779382972582596523e+01
4.700093418349653973e+01
4.665151619744190015e+01
4.271931302718238754e+01
4.510974705261913442e+01
4.548300101050637068e+01
4.773534188281008284e+01
4.082411265921497545e+01
4.518369772218292724e+01
4.745104832175582033e+01
4.549553601051321294e+01
4.716276713016732458e+01
4.086751224867600740e+01
4.558764688946910582e+01
4.780972216226233229e+01
4.479424143034580652e+01
4.518841868564025788e+01
4.847433095256987912e+01
4.581258644895737575e+01
4.697746374804243885e+01
4.359907332141953873e+01
4.766304239025544121e+01
4.777340467662443757e+01
4.712642357162393836e+01
4.466769123933666208e+01
4.884314080905149780e+01
4.585665610702032779e+01
4.834299849752490275e+01
4.382202859538568873e+01
4.657698513667908458e+01
4.887112973880084610e+01
4.900044298221754246e+01
4.502776568791458089e+01
4.565461096433544697e+01
4.816060791566005150e+01
5.029316874011943383e+01
4.476984087366376031e+01
4.745339583726362775e+01
4.926170957675324047e+01
4.961053041256600693e+01
4.550246856203659007e+01
4.798954619769401830e+01
4.265464825876789234e+01
4.445632939325018640e+01
4.645995898955325032e+01
4.721585257197914842e+01
4.453126037721075647e+01
4.656599328335038734e+01
4.799929603021713120e+01
4.913420418324756156e+01
4.412819727649291934e+01
4.618088904028486041e+01
4.733895691270168982e+01
4.898203334114851515e+01
4.545552720228965882e+01
4.786790464995360850e+01
4.895193763967566269e+01
5.043034716617857782e+01
4.568857449353157563e+01
4.795798500561509314e+01
4.982284465921306804e+01
5.011559664144493098e+01
4.593560319720307916e+01
4.741041251476066520e+01
4.969004266337702092e+01
4.971018372405601582e+01
5.026575487220267746e+01
4.888194697065228667e+01
4.365414704220806641e+01
4.784783781992094021e+01
4.760239725921966425e+01
5.025405840754874021e+01
4.565013280325185718e+01
4.884341760070771699e+01
4.965435488564369848e+01
5.056980761307235639e+01
4.566209508850875665e+01
4.927619653495118968e+01
5.190633383087416775e+01
4.969575166624863272e+01
4.842905047180342848e+01
5.211599639837761089e+01
4.980879394647322300e+01
5.328830491051738960e+01
4.548078237947977698e+01
5.051391123730671495e+01
5.319493412155105005e+01
5.028949055440533300e+01
5.093257420984952688e+01
4.862852274640645334e+01
5.204629187751695696e+01
5.148972623871929244e+01
4.931671056428694300e+01
4.995605419504572353e+01
5.353287416181511560e+01
5.149440850944733228e+01
5.177945816225376063e+01
4.881345334244065981e+01
5.144749063008264756e+01
5.369584957399401048e+01
5.307183412773482445e+01
4.978696861221629888e+01
5.232420180143637367e+01
5.330791018789111035e+01
5.511256427030912874e+01
4.723029809746743268e+01
5.192958717221181786e+01
5.396867479110516541e+01
5.477636426241664935e+01
5.072333558375135709e+01
5.266778904553243024e+01
5.432964860210969960e+01
5.499316138235991502e+01
5.142462734217278353e+01
5.318055952513435614e+01
5.448570121561452595e+01
5.570687654463127103e+01
5.265887862087243576e+01
5.449984853853118949e+01
5.566564730782686610e+01
5.707012795473288236e+01
5.123138644575901424e+01
5.362860172723582508e+01
5.512159975835127312e+01
5.606643457359753313e+01
5.483178293578826867e+01
5.518698452459657489e+01
5.732334801005747948e+01
5.768164364645062392e+01
5.260712469890288645e+01
5.426961209629460114e+01
5.189895547780072604e+01
5.277306919506450811e+01
5.499303054767992194e+01
5.492992250595148107e+01
5.732348094244793657e+01
5.764873558740024606e+01
5.533303768137836443e+01
5.528550687604797531e+01
5.194599255490196299e+01
5.257153600741899169e+01
5.542977748830376328e+01
5.429036987701097416e+01
5.525445785842484980e+01
5.823682353927848965e+01
5.627840057056814516e+01
5.744706635250162918e+01
5.509872653340928395e+01
5.850185964961610097e+01
5.812833418088722937e+01
5.332063714090090656e+01
5.365055493834950795e+01
5.696047315251724541e+01
5.947981797071081189e+01
5.417925154763920403e+01
5.736447652356019944e+01
5.990336790949619683e+01
5.650657917034769184e+01
5.705143443147809990e+01
5.434739456881258945e+01
5.762527973839188888e+01
5.811412204275048765e+01
5.819399797944758745e+01
5.247633530677857294e+01
5.697918567287390346e+01
5.925275167867717840e+01
5.472830473396079753e+01
5.704431246804723799e+01
5.194907575845461878e+01
5.581161596369233280e+01
5.788949485897020963e+01
5.643752059194663673e+01
5.417213990696175330e+01
5.586662165657445200e+01
5.767989723442087069e+01
5.742189377270239703e+01
5.318776416604410429e+01
5.543286451688470606e+01
5.612650631508905263e+01
5.797437206447293789e+01
5.242535965596873382e+01
5.494327125133737866e+01
5.579975602312079275e+01
5.726042582412133441e+01
5.329842179791606327e+01
5.577306725169646029e+01
5.676148709446881924e+01
5.826533659358582184e+01
5.347639751937288111e+01
5.514250439206912091e+01
5.600058105880017223e+01
5.752823566644966746e+01
5.569397296782088347e+01
5.824758070825485845e+01
5.831066063153974000e+01
5.823883629464986456e+01
5.350103286989996576e+01
5.614061008715879098e+01
5.603615035777654185e+01
5.842693098597032275e+01
5.454607887866851712e+01
5.707604321198052588e+01
5.643949458953808573e+01
5.899925767379972541e+01
5.360308652732615542e+01
5.626717851550745308e+01
5.638410338727290849e+01
5.880174748145752517e+01
5.453086789856828176e+01
5.673716745150792917e+01
5.895102250401641442e+01
5.685312145784362059e+01
5.512208948229719851e+01
5.837283002838594115e+01
5.611116814753769688e+01
5.922349474918327417e+01
5.403649966165941265e+01
5.699179873406255581e+01
5.936463376595241925e+01
5.630965099595441359e+01
5.611370415752540453e+01
5.370307257605570328e+01
5.679919817596727682e+01
5.754505374682445762e+01
5.459149056445955495e+01
5.414224378269636873e+01
5.731087852309418196e+01
5.504289118805494496e+01
5.760017959728119763e+01
6.002344521822196555e+01
5.562579426538361105e+01
5.872343287888847385e+01
5.159562602570886014e+01
5.580824041334631147e+01
5.699916096629775808e+01
5.896243569672770946e+01
5.138075944354960711e+01
5.535662020888965884e+01
5.716930436893462542e+01
5.781523076442284292e+01
5.329672087219409349e+01
5.505399953448793582e+01
5.657099739635994951e+01
5.759191232951386752e+01
5.330832492818954904e+01
5.453958400698373765e+01
5.587310112725318589e+01
5.714379565274007433e+01
5.347587027359013234e+01
5.510258272507915223e+01
5.610677087364364013e+01
5.755749425379909923e+01
5.290251649505302112e+01
5.471999923689430290e+01
5.549261989325523103e+01
5.712408629757863565e+01
5.424368603403860334e+01
5.578712571717675672e+01
5.627747268518688628e+01
5.770133213817270956e+01
5.421536342375766537e+01
5.540955543070761991e+01
5.749243922177558375e+01
5.714303192168404166e+01
5.281840314326703378e+01
5.362559982203771369e+01
5.601141715988786274e+01
5.537847067350084984e+01
5.648812041355362368e+01
5.244878745017302180e+01
5.561837381861335672e+01
5.494293688707405465e+01
5.655792227806721684e+01
5.214446352010025976e+01
5.540888348569507826e+01
5.643772982395918092e+01
5.449623888200618893e+01
5.273666801777510926e+01
5.605461565579269489e+01
5.394587847709937733e+01
5.710441492268411423e+01
5.960052337456442473e+01
5.670620889837056922e+01
5.648456686328939469e+01
5.433166691405635618e+01
5.380045474396311533e+01
5.714936957624911429e+01
5.407510997872127234e+01
5.700661857466096905e+01
5.931712518248372135e+01
5.597389743354872849e+01
5.802123805480122343e+01
5.373300257330630814e+01
5.733740545713373393e+01
5.657386100310225174e+01
5.538577009642269644e+01
5.722582524242157831e+01
4.920634661098119267e+01
5.394936709873441316e+01
5.602083083142808562e+01
5.680879657996625554e+01
5.856359287516303169e+01
5.947407090000514529e+01
5.505700212039802466e+01
5.610031093060620577e+01
5.785920991150205595e+01
5.924013270062601322e+01
5.323765759922893892e+01
5.619676097673274739e+01
5.790775882677704800e+01
5.888723068143576711e+01
5.321800948357385863e+01
5.558709967401908614e+01
5.653885646769868600e+01
5.780160853890047434e+01
5.810400646222442589e+01
5.352148178544602786e+01
5.478374805147146276e+01
5.643451306695063607e+01
5.699561883014435892e+01
5.490902428878724351e+01
5.657394950673615597e+01
5.836908657504935860e+01
5.650629484156270621e+01
5.717200483145911960e+01
5.718162398111464739e+01
5.942986862523792269e+01
5.551905978231902594e+01
5.831295916463396622e+01
5.816104588441626078e+01
6.061778952690756483e+01
5.419655425392495118e+01
5.720132081619428277e+01
5.834794936542088806e+01
5.753450458669563261e+01
5.650540854375297783e+01
5.562742876073398435e+01
5.856359478301035892e+01
5.898411213417652732e+01
5.403520963255793674e+01
5.856309503029991959e+01
5.803007989503264952e+01
6.099209930941749036e+01
5.434795529790898172e+01
5.840227181304980064e+01
6.068527023118491570e+01
5.758351449243188114e+01
5.763860098331497994e+01
6.094449449092689264e+01
5.780048586395307808e+01
6.062418642747673658e+01
5.311427603361252636e+01
5.760509208756160149e+01
6.001098990869220984e+01
5.692899585875036905e+01
5.733865194991359715e+01
6.070718078357649716e+01
5.764205983193682670e+01
6.054398432487099058e+01
5.472040523376629295e+01
5.772071186144428623e+01
6.006197269791444882e+01
5.713594282455721896e+01
5.719296200211322656e+01
5.921330704294655334e+01
6.059254894397829361e+01
5.680783468795439717e+01
5.775510941238038498e+01
5.964987783050094095e+01
6.112645699719533354e+01
5.564764739166249541e+01
5.850134975975893070e+01
5.969529233689276282e+01
6.118129158590427608e+01
5.620000307268570339e+01
5.769831197585222782e+01
5.881794840349364506e+01
6.040096820959546875e+01
5.663589679536827504e+01
5.901465826286921867e+01
5.970863937223668927e+01
6.129483921777662658e+01
5.700965040868688050e+01
5.878771802295265303e+01
6.049742570552537302e+01
6.057129930005578444e+01
5.662667071306591282e+01
5.768417477514111624e+01
5.975496328511317046e+01
5.962212553716747721e+01
5.960771083995015118e+01
6.010736828119365782e+01
6.235512139766562711e+01
5.934090831572038383e+01
5.896695708365449207e+01
5.884858288134991255e+01
6.127934076699711596e+01
5.977420758977210369e+01
5.677606317259120772e+01
5.816317830620379681e+01
6.072032467188851257e+01
5.853469348209797829e+01
5.936385071778745726e+01
6.137055048590986672e+01
5.880745143085643889e+01
6.043891115638914613e+01
5.673098264964925619e+01
6.009482581859813166e+01
6.229748362481669943e+01
5.562366258235964267e+01
5.916930317076550949e+01
6.160177314200275589e+01
5.841078468257199319e+01
5.859991330703625323e+01
6.160653547045772171e+01
6.058618240838756464e+01
6.201392125155253154e+01
5.589036504812472117e+01
5.931092442357601158e+01
6.153182993912128040e+01
5.602812436600799373e+01
5.960379424573143581e+01
6.136149010899784884e+01
6.057335151602824652e+01
5.719468171571845261e+01
5.919545838726178033e+01
6.086831870194357919e+01
6.143804610029210522e+01
5.705944658631607780e+01
5.901283789418444314e+01
6.018405341431385125e+01
6.092416010040480501e+01
5.653982031316163415e+01
5.814317469267710692e+01
5.968246521226187440e+01
6.041070924865137926e+01
5.614466031290029235e+01
5.753456027753881585e+01
5.841784926344534057e+01
5.971981271271224756e+01
5.657342111485105818e+01
5.872904974072964990e+01
5.924598808499982994e+01
6.062692031193545006e+01
5.499474884113197248e+01
5.683528895179826179e+01
5.700417731458801995e+01
5.869952834037378153e+01
5.805703756246650471e+01
6.048490235908737134e+01
5.975688330777160218e+01
5.562929035897474961e+01
5.622818133750755720e+01
5.872226976918137353e+01
5.777469881560609366e+01
5.959942130662052051e+01
5.460254317928473000e+01
5.723814106258757306e+01
5.617416821756786049e+01
5.872262726827489132e+01
5.456528880676739846e+01
5.710786028533885172e+01
5.770751983743954838e+01
5.651375203454262675e+01
5.939589138764776521e+01
6.121791620485129215e+01
5.467401269938483210e+01
5.776755865288094327e+01
6.016365444608655366e+01
5.727646846440035233e+01
5.841570858204064365e+01
5.561211054931720810e+01
5.825573379031037291e+01
5.840525479208563553e+01
5.538800124199367048e+01
5.470850212071109553e+01
5.773207721700529049e+01
5.641895892241016952e+01
5.794464100382823091e+01
5.362922459666519615e+01
5.668173472204792063e+01
5.647127229653195712e+01
5.470353092598946176e+01
5.766227189994128111e+01
5.721363663422741297e+01
5.704472899161032018e+01
5.453589721009655733e+01
5.636680836254293325e+01
5.704470718946510743e+01
5.722208697930057753e+01
5.146004828495158279e+01
5.471308839214173503e+01
5.594424000952228226e+01
5.699835657831687996e+01
5.220516200719060862e+01
5.347428298650248735e+01
5.511170173733284372e+01
5.565474110682892217e+01
5.320324884518193898e+01
5.499243741318930034e+01
5.601064055961550281e+01
5.429564897186563144e+01
5.527495859557843971e+01
5.657280766164933539e+01
5.727922618465541404e+01
5.171435696658309666e+01
5.343841717868545516e+01
5.481866314953999364e+01
5.508738842658274848e+01
5.528695462003512517e+01
5.594276640427270308e+01
5.779566920275829034e+01
5.396114258669823727e+01
5.638267119417816531e+01
5.630708235166729025e+01
5.848172602703377976e+01
5.256141092210602039e+01
5.542220806298464453e+01
5.586899798249004334e+01
5.638631071357481517e+01
5.178690662153017144e+01
5.670323108611029994e+01
5.727942230467098739e+01
5.575327426272543363e+01
5.426252653349764188e+01
5.743419227843453712e+01
5.505172119639313877e+01
5.802926088996441933e+01
4.944050401626972047e+01
5.468730701155744356e+01
5.694095318636431813e+01
5.401781959206056172e+01
5.533508856257980568e+01
5.816069839180048007e+01
5.483503949122277987e+01
5.484502905509744863e+01
5.792374486628539643e+01
5.719678333768700185e+01
5.743440151824468387e+01
5.305071990811505600e+01
5.659528585607962015e+01
5.589636815359379085e+01
5.592433543152427688e+01
5.325573391341148266e+01
5.649270101693985424e+01
5.777969719678602445e+01
5.373869747280765097e+01
5.415071609287415555e+01
5.617794475070503069e+01
5.793665299856699846e+01
5.183198236906986978e+01
5.538728559338778723e+01
5.677071567728663126e+01
5.779568908072450739e+01
5.285649058080387164e+01
5.495887958564475895e+01
5.579223466573372292e+01
5.701199839676791470e+01
5.362339243330391270e+01
5.543938850371775828e+01
5.687917888246548870e+01
5.705100333931682144e+01
5.385967970727514853e+01
5.583775014667710224e+01
5.661566431037409330e+01
5.785993053205320535e+01
5.232612014763735431e+01
5.480263159801236839e+01
5.517320027405624216e+01
5.703264654381031562e+01
5.729024462003879847e+01
5.946764741857056435e+01
5.826620492756612180e+01
5.405149397454904658e+01
5.484910108537145845e+01
5.733255896697242093e+01
5.652335616506120175e+01
5.695787750475265199e+01
5.632343280029645172e+01
5.910958008589717139e+01
5.711359943676096407e+01
5.428055665557526055e+01
5.631991436263267303e+01
5.638620093262691313e+01
5.850796716227190331e+01
6.084633245931848933e+01
5.854420614663152378e+01
6.018845017546198761e+01
5.557773178445181372e+01
5.913855636372657898e+01
6.136036724391923514e+01
5.524785676443246984e+01
5.919753062843947333e+01
6.162426800894851908e+01
5.769808382918154877e+01
5.875205915556086467e+01
5.577709417825014526e+01
5.884069844305611952e+01
5.785275380124430455e+01
5.783312618156581664e+01
6.089940615309828331e+01
6.176240622286032078e+01
5.742365409833301726e+01
5.796417185247332071e+01
6.007939022754818836e+01
6.207380697376940049e+01
5.685201165768467746e+01
5.950262697060169614e+01
6.142652717012285990e+01
5.985722839576682475e+01
5.755304452427913020e+01
5.899602787542206528e+01
6.060372588361695989e+01
6.213552803569745464e+01
5.569017122000160214e+01
5.845362333172562330e+01
5.939679572385805528e+01
6.063172642176231619e+01
5.737026153367227721e+01
5.934499165320663394e+01
6.032350997018441063e+01
6.164169424081273263e+01
5.605796872094551730e+01
5.805642910354700348e+01
5.869923041895687987e+01
6.029155384092783976e+01
6.079106171077451393e+01
6.245908266394538799e+01
6.177760807827505829e+01
5.747342604541719879e+01
5.860978681635911158e+01
6.062999410968992464e+01
6.046205416111340014e+01
6.019565167510540249e+01
6.241725817714965530e+01
6.152887692884331017e+01
5.899356287970837798e+01
5.896664120037491585e+01
6.157619422760527783e+01
6.038415298548009957e+01
6.066755256375584082e+01
5.921172173406885975e+01
6.211570706403535524e+01
6.132682295656348259e+01
5.864225636937585762e+01
6.181272473600432704e+01
5.931002027998580672e+01
6.252977264160107751e+01
5.808789680734968641e+01
6.107680062945063781e+01
6.339223410922635793e+01
5.914250560005473289e+01
6.161424974846723046e+01
6.396587619498522059e+01
5.932475581355573269e+01
6.222159607659650504e+01
6.441432683770636913e+01
6.106523045996249266e+01
6.292156162702686117e+01
5.906897943951021546e+01
6.172490154457502598e+01
6.168436276616144909e+01
5.947340751072072607e+01
6.025793497819922351e+01
6.303105600890697957e+01
5.945189806727584880e+01
6.112703907647197354e+01
5.690326050775188094e+01
5.906727243788201775e+01
5.911830819583923358e+01
6.081436266314578631e+01
6.227656002909218103e+01
6.310080066267345700e+01
5.881370679404252400e+01
6.075643057130891123e+01
6.160707398976936844e+01
6.266070318921219240e+01
5.872136497171636194e+01
6.036101429542060259e+01
6.146764834091847263e+01
6.190374201021655409e+01
5.862142250109246078e+01
5.949219727969403237e+01
6.088517515449232320e+01
6.134632692536877130e+01
5.750566770207261413e+01
5.885443190824885562e+01
6.045156923201258792e+01
6.033310319537240929e+01
5.846712351243216688e+01
5.903517285038377338e+01
6.126497039011474044e+01
6.023837637953676705e+01
5.597129708855604946e+01
5.654340135019019442e+01
5.905630258201684768e+01
5.803044390102422057e+01
6.047781874896737264e+01
6.026133372109664776e+01
6.224214705894708999e+01
5.605548135316033864e+01
5.879128278851383982e+01
5.905838410049189946e+01
5.932325085596568215e+01
5.777092580380910647e+01
6.052965181470047895e+01
6.086015087876905483e+01
5.612631820198320298e+01
5.989933246932890398e+01
6.212583629587278011e+01
5.886025655116488053e+01
5.821322678114562876e+01
6.123537645912848149e+01
5.802295984522825734e+01
6.094462441994429724e+01
5.397522265018383791e+01
5.757194656610437278e+01
5.977293543480312366e+01
5.677027773726695870e+01
5.985497661015305226e+01
5.934230055874245124e+01
6.045054523665631763e+01
5.549869390275856773e+01
5.869486158198087367e+01
5.876862022183559731e+01
6.008470486334930882e+01
5.421914620346269942e+01
5.709600110419766850e+01
5.846057295592985525e+01
5.913146269942582478e+01
5.457439063249621825e+01
5.635933878053084811e+01
5.711421212335415021e+01
5.834885777326166334e+01
5.367082835564808363e+01
5.655382564905760745e+01
5.696200083242646173e+01
5.828685070665635237e+01
5.915608765319657891e+01
6.023641995398720894e+01
5.395059555645650562e+01
5.659197943970441003e+01
5.770535975536149920e+01
5.843748191276099391e+01
5.630011942401602454e+01
5.711494261637125192e+01
5.881731020040945168e+01
5.892962976132371011e+01
5.439030760189360336e+01
5.517623302311685052e+01
5.711419082021201632e+01
5.688920108520878216e+01
5.801842916510378956e+01
5.866828528477330451e+01
5.906259618653609778e+01
5.608825633515926512e+01
5.936214315109408091e+01
5.818789582408980010e+01
6.051927948462404316e+01
5.399475878923147576e+01
5.747534410857609544e+01
5.770357143712909931e+01
5.826587657964144995e+01
5.426319623093849742e+01
5.799420980482234711e+01
6.025020066591181234e+01
5.559860553772509206e+01
5.913266925216117187e+01
6.137239084153022617e+01
5.554466516115326158e+01
5.930720356023947204e+01
6.160946788710742794e+01
5.696838880544387962e+01
5.956224556826808225e+01
5.230492460519811715e+01
5.693241346796658320e+01
5.925741980766097328e+01
5.403882458335986172e+01
5.817080468056513354e+01
5.984316003863057887e+01
5.708367255618362179e+01
5.527921633315457939e+01
5.833829899415984244e+01
5.806134848900879319e+01
5.930106121511671091e+01
5.439041130915067868e+01
5.695270115769346830e+01
5.745585542051971828e+01
5.906095425512805974e+01
5.313245552742814226e+01
5.623763197195388130e+01
5.701328053858944145e+01
5.832672159102066445e+01
5.953401749484545036e+01
6.085726094295134914e+01
5.622603772537713951e+01
5.789707049629377877e+01
5.918713984330961608e+01
6.036188291856838362e+01
5.690130838122403389e+01
5.906663767785686048e+01
5.957204705908888798e+01
6.082903785177164480e+01
5.543365353255169481e+01
5.781185945183811015e+01
5.816512477153076333e+01
5.997828451519069404e+01
5.648219637081011513e+01
5.915341586737891788e+01
5.895108167493459206e+01
6.036092718703222459e+01
5.603288505402831987e+01
5.902991792181379793e+01
5.828888895052008223e+01
6.052680694333947997e+01
6.090667579628431838e+01
6.205068656565668306e+01
5.740626804167386155e+01
6.074407386499584760e+01
6.295119597467693495e+01
6.057552949337843273e+01
5.881554498456761593e+01
6.184687418560177719e+01
5.940228439392318904e+01
6.242846037338536291e+01
5.622176314459527902e+01
6.002979346790758086e+01
6.257120280065059603e+01
5.925592440138329664e+01
5.888178944805051884e+01
6.216370483916629297e+01
5.882822060470552117e+01
6.187744750241967751e+01
6.412830178037479811e+01
6.056262731087060303e+01
6.354495465507478968e+01
5.621342401535349609e+01
6.035859106492531367e+01
6.264027620346261926e+01
5.793474220515400219e+01
6.031504065657319558e+01
6.169017166164073274e+01
6.258662964113255356e+01
5.852129421085327010e+01
5.920857123796758259e+01
6.109173052627645006e+01
6.278755059574592678e+01
5.645285446169006605e+01
5.973077137075855347e+01
6.110033934696463120e+01
6.205359656951299741e+01
5.721758089681637216e+01
5.937404045399096475e+01
6.053539771181606710e+01
6.124014232364515919e+01
5.747225262438887228e+01
5.938841202567654420e+01
6.022801699972635703e+01
6.175401879937500382e+01
6.223871154733184596e+01
6.380930847649610627e+01
6.053891541302602519e+01
6.224563621965204874e+01
6.233195904772814089e+01
6.410721268108031268e+01
5.911400201137899302e+01
6.122099699319056754e+01
6.249388959781758501e+01
6.177815879483783590e+01
6.044300793561029650e+01
6.081926278898881577e+01
6.305322788984455684e+01
6.202745692018289247e+01
5.832422801161626325e+01
5.854380980462343587e+01
6.110254404627839619e+01
5.982971021118884636e+01
6.267699067242516264e+01
6.430131195765522989e+01
6.071739398501537721e+01
6.256935727634125044e+01
6.503702941031451701e+01
6.230095057360497890e+01
6.153358194732131636e+01
5.946906180121739283e+01
6.259067389637365153e+01
6.450866290653426915e+01
5.796518386163151604e+01
6.145224695226242062e+01
6.381723856095857172e+01
6.043311747973373826e+01
6.066431549197275785e+01
6.354239569507612373e+01
6.216571063588095569e+01
6.406086261814796501e+01
6.619153535597938287e+01
6.061457171110060926e+01
6.417191572918494558e+01
5.809356718666688835e+01
6.127646320058515528e+01
6.304981149972507382e+01
6.048644256136340402e+01
5.895922622045033989e+01
6.118252704122406271e+01
6.279879303533829926e+01
5.984748096190232758e+01
6.143528955542593195e+01
6.266091540725058451e+01
6.330769412951358532e+01
5.781712106480856761e+01
6.004736969297776028e+01
6.115764527876415713e+01
6.224050252240462555e+01
5.835092649998851755e+01
5.986852582034294556e+01
6.098597524122244096e+01
6.161483689363955563e+01
5.819545883638181039e+01
6.019079708691295139e+01
6.044005473143553786e+01
6.180975116511498868e+01
6.212384126434460541e+01
6.409712090249749394e+01
5.901824260949850753e+01
6.053768609161510028e+01
6.202909709206146260e+01
6.163772497512110959e+01
5.805165963492224535e+01
5.847681077299466779e+01
6.102433398083653060e+01
5.997802318723928039e+01
6.166220322381417418e+01
6.220907522533347134e+01
6.208779149737004843e+01
5.989980588995762645e+01
5.911113715835877969e+01
6.163653475963799622e+01
6.318951240911092526e+01
5.667666978488707485e+01
5.935473840965552483e+01
6.184043300199268600e+01
5.934411916611686166e+01
6.134991111616879778e+01
6.378090856593561853e+01
6.057745980985904311e+01
5.983969841200541140e+01
5.738113985410477369e+01
6.025719536746698424e+01
6.229046437466389108e+01
5.549776774823995140e+01
5.900362782897326497e+01
6.117023192260882070e+01
5.854489946635916198e+01
5.854185267269700432e+01
6.144754461387000788e+01
5.827210208433712069e+01
6.105266872397096733e+01
6.281586472264094567e+01
6.014629678404315172e+01
5.857089142702488971e+01
6.033586388299705305e+01
6.195391666652159302e+01
6.221505879340096357e+01
5.759150003244446481e+01
5.898112731043424617e+01
6.026145928911640226e+01
6.167795531594929059e+01
5.585975108807189571e+01
5.772476152149752693e+01
5.875452184954325219e+01
6.000526399083163653e+01
5.416530860209316245e+01
5.668748721522558753e+01
5.760889933237780980e+01
5.850510233634879143e+01
5.967355878568695005e+01
6.035787040397429593e+01
5.953090710726159784e+01
5.941655500598474759e+01
6.126534420247127599e+01
6.138446912401169442e+01
5.575868648335366373e+01
5.675583735247123940e+01
5.854744039138860501e+01
5.838528529324850780e+01
5.874162938366600173e+01
5.839071035240300489e+01
6.062894100452076884e+01
5.959521409993924834e+01
5.594876087221771854e+01
5.667827554687623604e+01
5.900962836385820509e+01
5.767898924870392818e+01
5.894932335794282352e+01
5.968239109479973337e+01
5.931638478361857381e+01
5.792161503233719344e+01
6.101923113157787526e+01
5.882467158976407262e+01
6.132677979609101726e+01
5.344504914828012687e+01
5.790198177303715710e+01
5.999768018104787615e+01
5.703386814064890586e+01
5.826401315429405514e+01
6.088556526782608813e+01
5.760516267668940316e+01
5.765336269548638626e+01
6.058886879066345443e+01
5.948993230499804241e+01
6.066531375973447382e+01
5.481131506828893407e+01
5.864967593544513136e+01
6.012008073895148641e+01
5.525189431025103204e+01
5.809593132270514815e+01
5.909316250190849473e+01
6.045897762725973479e+01
5.598056031449330305e+01
5.787859425516185752e+01
5.869017726204974394e+01
5.965600407723957233e+01
5.350652170367440164e+01
5.670182472285989661e+01
5.814424451972373475e+01
5.907014798317981530e+01
6.070662240382537789e+01
6.142484753862474633e+01
5.680583337019149326e+01
5.849629947074028280e+01
5.955956362935104664e+01
6.081412458085279837e+01
5.714823280883570789e+01
5.926758196744697926e+01
5.989597835964649875e+01
6.056264217019836593e+01
5.648052511048571489e+01
5.745279997428362861e+01
5.925146967755321725e+01
5.937877179414289941e+01
5.730517967510773758e+01
6.020197309188704793e+01
5.981171008898539299e+01
5.836240172363403644e+01
5.838204653488047313e+01
6.080894101923141193e+01
5.986748045177138522e+01
5.681234823858658700e+01
5.710044186634920038e+01
5.977804042714007693e+01
5.834823554317345184e+01
6.120545496629067372e+01
6.209147727451277632e+01
6.011632534923296589e+01
5.781281740698523919e+01
6.113330047014443380e+01
5.883551547279765259e+01
6.186005072773235014e+01
5.783045782517650935e+01
6.101471102497529131e+01
6.328843915813202869e+01
5.594779909425759712e+01
6.022694876909589112e+01
6.262802928222210852e+01
5.917473977397477114e+01
5.966357511515742118e+01
6.260939817823903297e+01
6.112769509233744003e+01
6.279702020402987017e+01
6.516044599462064468e+01
5.869473076007154333e+01
6.315015369972514492e+01
5.615293419005647735e+01
6.005831942384298117e+01
6.121155085816289443e+01
6.327649878598709421e+01
5.557805303147661391e+01
5.921847826654332181e+01
6.099251948569281723e+01
6.230015526686290883e+01
6.359297506050121740e+01
6.451807529857816803e+01
5.948186842406159514e+01
6.143396136404248153e+01
6.242133209256763848e+01
6.356691879925948996e+01
5.937627917774734954e+01
6.129813040708702232e+01
6.198075817716687652e+01
6.349580629268143639e+01
5.860399274186425345e+01
6.061794709704869177e+01
6.115510545021410138e+01
6.241444350811729436e+01
5.700628439689193527e+01
5.942990125097457366e+01
5.960673910432673495e+01
6.120131379027586860e+01
6.072481337428549608e+01
6.272324193043318985e+01
6.248356413701557699e+01
6.016796031025975111e+01
6.054824953831801082e+01
6.277544357830390709e+01
6.182651621069697256e+01
6.439096497958668408e+01
6.407890754560605728e+01
6.290608032450174392e+01
6.174474631130365054e+01
6.463695397852832514e+01
6.375528804678376815e+01
6.132076169748738437e+01
6.014576251000907803e+01
6.309497510477952886e+01
6.391571270252136117e+01
6.012452430645117829e+01
6.353377700399988015e+01
6.578273966288118402e+01
5.946155073939249291e+01
6.295956681209109718e+01
6.528996602935410465e+01
6.192327186319047883e+01
6.175293747214429629e+01
5.884396078999318291e+01
6.181033863598263167e+01
6.362018019566997395e+01
5.774428581496324142e+01
6.127549677072906320e+01
6.332932140577803182e+01
6.202701454343579002e+01
5.976815637705637130e+01
6.333096072805604848e+01
6.322752009148928920e+01
5.944489691615199689e+01
6.118001527589814970e+01
6.257843890659737696e+01
6.368435018632173694e+01
5.903690671268110890e+01
6.035736914149393328e+01
6.166324825430204015e+01
6.235834066639270645e+01
5.816423249793633232e+01
5.980127402610746401e+01
6.088235672649765462e+01
6.207715386341639885e+01
6.294093396834644238e+01
6.410926613196373580e+01
5.850370097152581650e+01
6.016942593622513868e+01
6.137730283472036064e+01
6.183462207633003516e+01
6.221407999733271055e+01
5.775100146530556344e+01
5.848158953616648148e+01
6.032397753895383374e+01
6.019007455681701657e+01
6.231068467189711413e+01
6.169346707683108377e+01
6.081072156646880700e+01
6.043211999628703524e+01
6.303689934215076818e+01
6.183616759547551567e+01
5.926183498550800266e+01
5.967459535638911916e+01
6.199009502657880688e+01
6.052635153247187105e+01
6.086323753345446619e+01
6.167685577710877709e+01
6.171426999728824825e+01
6.084341866304428947e+01
5.663716002185972798e+01
6.027156751245725985e+01
6.183886421803848066e+01
5.852874541615860693e+01
6.116341380531115135e+01
6.333367753542214729e+01
5.734025178127399158e+01
6.047944742456056844e+01
6.271889514376748309e+01
5.952312750974687106e+01
5.921809640553271237e+01
6.206937157702919450e+01
6.046163140214441256e+01
6.245625794447137480e+01
5.702138549500948983e+01
6.026804268126688413e+01
6.175326357079412531e+01
5.550064269151706497e+01
5.925488591868452204e+01
6.099829590254602607e+01
6.011107147765586944e+01
5.672529735408874529e+01
5.853853260839962047e+01
5.989610246157506879e+01
6.044110649638408006e+01
5.443693246084380633e+01
5.751615885663462535e+01
5.876383137697146708e+01
5.956694746428513554e+01
6.109696339674054855e+01
6.182120655286493616e+01
5.744646328146354364e+01
5.867200838654127182e+01
5.977257719799801094e+01
6.087225056527089606e+01
5.778653213017297219e+01
5.964956670188701082e+01
6.036774254188554067e+01
5.981951341425389046e+01
5.826383454055769562e+01
6.031548555518057242e+01
6.049750937564844122e+01
5.639005395062065418e+01
5.712546469041072328e+01
5.899805735472560286e+01
5.874009348669524400e+01
6.001194135869878465e+01
5.944509949332845622e+01
6.168238391338763904e+01
5.860680895293109671e+01
5.898688619472250849e+01
5.924776595461689510e+01
6.156217615699125645e+01
5.653804446838073972e+01
5.960934016359444598e+01
5.990561161596765771e+01
5.974397013262884570e+01
5.543049860988590893e+01
5.923083381278992476e+01
5.712640216051647002e+01
6.010769460064929604e+01
6.263438225727643527e+01
5.974388069587902805e+01
5.997017491053867388e+01
5.750267601452417665e+01
6.032060123263872242e+01
6.059296728071911531e+01
5.765353223430332008e+01
5.671318280208957674e+01
5.982555027716448137e+01
5.866577744234740521e+01
6.032254043795055765e+01
6.301770914209153318e+01
5.524099543884266694e+01
6.017156062044371367e+01
5.483075675121936854e+01
5.810583826809549635e+01
5.781320648098660797e+01
5.956083649725301399e+01
5.512092572239516386e+01
5.735433312600915201e+01
5.794161933381389673e+01
5.930186678970829206e+01
6.066380659771734685e+01
6.156529840309482182e+01
5.664667830112833258e+01
5.858101738043163920e+01
5.981643320240089423e+01
6.043179300942807686e+01
5.717198554912356911e+01
5.892382233255685975e+01
6.013184943792923320e+01
5.966737876116960138e+01
5.833415292737220881e+01
6.030499859214262415e+01
6.082989235502370207e+01
5.841821345924834219e+01
6.089891971146026606e+01
6.107959936980552129e+01
6.189117998862914050e+01
5.558364180051093228e+01
5.830695264789532217e+01
5.821356291311137454e+01
6.037661032811232076e+01
5.886152107132807032e+01
6.152449897379430865e+01
6.056642074902168815e+01
5.735774921801854731e+01
5.765602578300911318e+01
6.031668720485486546e+01
5.888810876775699654e+01
6.173619882180791052e+01
6.249065601041245088e+01
6.068548401074905030e+01
5.835768612867444460e+01
6.171697274904084196e+01
5.924379748906977738e+01
6.225756694293409765e+01
5.841190655471360316e+01
6.155702355865450670e+01
6.379836527916540234e+01
5.627359933480026655e+01
6.055149206775074333e+01
6.294774369528875013e+01
5.949856565758905447e+01
6.028184421991421971e+01
6.312467528369227665e+01
6.154259695306733136e+01
6.276426465119819653e+01
6.524480736155518912e+01
6.018366364204567276e+01
6.376486028032613262e+01
5.547118646225613503e+01
6.028356973100887473e+01
6.144406587967121425e+01
6.309625824775682190e+01
5.614538126476957558e+01
5.971678110009731455e+01
6.144078280632071909e+01
6.222249918948343606e+01
6.376613273962585282e+01
6.490755096774978483e+01
5.899684868838739504e+01
6.155661861622809283e+01
6.267332880331615286e+01
6.364566398202860853e+01
6.012488194747336223e+01
6.175432993450331765e+01
6.280597906229115068e+01
6.355927598437610015e+01
5.866386072722564649e+01
6.056305701303055145e+01
6.114599346046190220e+01
6.255276956240803088e+01
6.369037490851344785e+01
6.370990418400733546e+01
6.434567186915717230e+01
5.932651850847140906e+01
6.183128373372789355e+01
6.176969971817416649e+01
6.358779486409558501e+01
5.823073158270383232e+01
6.088926528842740282e+01
6.060461424991696333e+01
6.282148765199280405e+01
6.476478673540835018e+01
6.296303673894498587e+01
6.364086759471263832e+01
6.183917407876525374e+01
6.476851138028577282e+01
6.308621787434809391e+01
6.061682764414892688e+01
6.390273346669157917e+01
6.132474997462269073e+01
6.437102248998712639e+01
6.098549322284033281e+01
6.415908101366252936e+01
6.591963721901761630e+01
5.914929536256717313e+01
6.247869151081135186e+01
6.482582311797057173e+01
6.143005043969874635e+01
6.204673565229543186e+01
6.479810348763032835e+01
6.323769895200010893e+01
6.470858119572467615e+01
6.008635702341101847e+01
6.269060799092038394e+01
6.374811504355055547e+01
6.013390720309472925e+01
6.282389800627536403e+01
6.218279405437812812e+01
6.392585497442779285e+01
5.981906110215440009e+01
6.197460191640819716e+01
6.194928990458819840e+01
6.343284967253018891e+01
6.483078972054893541e+01
6.567785125535402813e+01
6.084128303779027647e+01
6.238502740407674452e+01
6.332028068263905851e+01
6.437417293173501776e+01
6.029671644775427097e+01
6.181706913388253355e+01
6.277282633919322308e+01
6.380931626245081389e+01
5.906501928575499250e+01
6.064531781214087403e+01
6.115969971318928344e+01
6.187647284241231205e+01
6.129376177581524132e+01
6.198989383701168521e+01
6.358809330480963240e+01
6.097297100455433849e+01
6.359891983539395000e+01
6.310101368998297033e+01
6.385801965878134467e+01
5.648140468536394110e+01
6.013545571564962700e+01
5.928853045203779715e+01
6.183479671959098312e+01
6.324240321524650454e+01
6.167229319480603777e+01
6.372300379522100400e+01
5.823806928375027070e+01
6.120505834834703052e+01
6.131370044540800990e+01
6.161523488129024884e+01
5.698682156536460042e+01
6.036930920574896220e+01
6.250911701934771969e+01
5.973811874887924489e+01
6.254414942058766513e+01
6.447318615169417910e+01
5.799608400514561879e+01
6.100392841176848435e+01
6.326425663483298223e+01
5.996562247719152339e+01
6.040867072164886764e+01
6.307294721309580865e+01
6.134550394098410209e+01
6.162909312023568731e+01
5.800813196071760558e+01
6.102951289479407393e+01
6.161160678521918044e+01
5.827881005505195589e+01
6.068600822922326898e+01
5.991296590709428216e+01
6.248519164164049755e+01
5.652278587891309769e+01
5.882430778376354397e+01
6.020192088100304062e+01
6.074612082701725768e+01
5.619001393677507394e+01
5.795761017190071129e+01
5.860411217502718983e+01
6.034860485638377270e+01
6.090547259755898324e+01
6.216040205050936152e+01
5.666763501518180135e+01
5.862266123937203588e+01
5.940699709859009658e+01
6.051887704164930426e+01
5.717857287850559800e+01
5.832833793810180367e+01
5.971770718058524352e+01
6.012535397414323768e+01
6.163848394189858482e+01
6.188052169256523882e+01
5.880549210214520883e+01
5.946925296058665822e+01
6.134076974367649626e+01
6.102791424599404024e+01
5.909778775119532668e+01
5.907863158611882426e+01
6.127975325576165488e+01
6.042965311466951306e+01
5.816993236859435967e+01
5.844775684137574956e+01
6.078715470445848723e+01
5.940646123150951752e+01
5.881246583846302656e+01
5.938076566259627498e+01
6.154205710816665231e+01
5.892610343928593153e+01
5.781759275971452894e+01
6.057823693358434269e+01
5.818351105763063913e+01
6.079026114575095363e+01
6.325348412897095329e+01
5.980112128650403491e+01
5.970463244787873691e+01
5.730586610114401935e+01
6.012773163210545846e+01
6.106590037033787155e+01
5.692297488922540794e+01
5.997836873318949813e+01
6.070885532870673273e+01
5.869821175093424159e+01
5.813164253164566730e+01
6.116896822689690794e+01
5.867865916448356245e+01
6.116095161628624055e+01
6.253419884399971096e+01
6.054564480087285716e+01
6.138702260433294811e+01
5.395079670225207025e+01
5.788404395728660035e+01
5.959838596513281317e+01
6.052249317595404676e+01
6.186171983529489893e+01
6.337639441976173771e+01
5.733438203986677451e+01
5.949324116857629718e+01
6.089772899568292530e+01
6.153829107817307431e+01
5.808441758469524530e+01
5.985014745956652860e+01
6.095874260447376969e+01
6.192073001022398415e+01
5.663814428946317747e+01
5.797942914971264372e+01
5.918486608392810666e+01
5.973821354952003304e+01
5.945671805579004854e+01
6.124387383490392978e+01
6.132452739222749472e+01
5.821064658938360026e+01
5.891027218692400425e+01
6.095326043723842702e+01
6.052661439363465234e+01
5.674115387769455765e+01
5.719916294678792212e+01
5.955926887346419818e+01
5.870058979052475223e+01
6.127484974287195030e+01
6.075182320468924502e+01
6.313467402350669033e+01
5.652922035262800904e+01
5.993641177383680940e+01
5.961462449617565795e+01
6.202218784526149875e+01
6.432844372630290763e+01
6.188125307654415508e+01
6.315283007195679943e+01
5.947498984060968752e+01
6.260178566201162909e+01
6.446999803456846223e+01
5.670649539057668420e+01
6.097327467110272892e+01
6.336674266809761491e+01
5.993743680295314391e+01
6.109695876468086340e+01
6.380607533949152099e+01
6.217386088376403563e+01
6.270750701002099703e+01
5.920386819701781178e+01
6.204630066385065135e+01
6.115115402839583680e+01
5.918885489546459411e+01
6.249796660058177622e+01
6.335740697401255517e+01
5.953063883397618383e+01
6.004630596545661092e+01
6.193168290169116830e+01
6.363366566733072460e+01
5.820633504775542377e+01
6.133592865978884845e+01
6.240768042833025930e+01
6.341326050857175289e+01
5.763616004278772920e+01
6.007014531789915424e+01
6.158918850309874671e+01
6.220586295578265634e+01
5.847781272039433986e+01
6.024967437551455873e+01
6.108581588456516442e+01
6.256600477604150257e+01
6.308817996425629104e+01
6.460133353936804212e+01
6.055065350688867198e+01
6.276118694894146444e+01
6.279122148161265216e+01
6.453863539648862968e+01
5.946376987089641375e+01
6.187183827176711048e+01
6.180016410359057488e+01
6.368753632594729908e+01
5.948491584729812587e+01
6.236996048958302197e+01
6.182770683621333063e+01
6.390788070320263614e+01
6.572463996654973073e+01
6.367365252145946641e+01
6.120016273648358407e+01
6.051348758460164845e+01
6.338936128043369678e+01
6.240049353935059884e+01
6.422570733869464732e+01
6.673358470033564060e+01
6.402246962510027117e+01
6.234753165282413789e+01
6.057061401356939712e+01
6.370243488083819727e+01
6.454091646217888467e+01
6.068271220496352214e+01
6.400640913735595916e+01
6.600570153118620453e+01
5.990498238261110231e+01
6.280840844480299268e+01
6.501433269330536291e+01
6.339904655807943357e+01
6.322373764231259230e+01
5.978628164752248608e+01
6.260579768755630425e+01
6.293339682504392130e+01
5.995053375356819458e+01
6.274037806070359125e+01
6.211835803785773180e+01
6.374365484664172499e+01
5.954177088243475424e+01
6.120552873124395887e+01
6.193394652112563392e+01
6.313777134741642527e+01
6.462611579273470852e+01
6.456099441419479490e+01
6.007280915501949181e+01
6.117808155327064412e+01
6.241137649032059898e+01
6.379447627301305346e+01
5.870762007841732810e+01
6.026277085847264914e+01
6.114935467954871484e+01
6.207676163298045680e+01
5.796416419644055651e+01
5.996601125671647736e+01
6.101646275084649318e+01
6.148151306029323848e+01
6.065913497556545764e+01
6.251578598824951172e+01
6.237086231086470178e+01
6.032517188704268563e+01
6.068928636988132297e+01
6.282899878144841210e+01
6.187652394054267546e+01
6.443275645102099247e+01
6.314316491025626021e+01
5.987805015353735172e+01
5.979324606500561146e+01
6.240556081548179179e+01
6.096988001247576960e+01
6.302999857299686681e+01
5.760633505456947745e+01
6.055974365075932297e+01
6.101182732567693279e+01
6.028287991849302330e+01
6.266035990337960015e+01
6.470573869688547575e+01
5.853641174240528500e+01
6.143020503195441506e+01
6.368298301047855148e+01
6.069800536153320536e+01
6.122625144837166999e+01
6.389925862736645712e+01
6.067148448890459633e+01
6.221406636882139196e+01
5.839684413519471207e+01
6.100362939793171080e+01
6.146466046135706307e+01
5.873088490704004272e+01
6.158617041180138330e+01
6.065532422969011606e+01
6.182486981035740570e+01
5.801339699374919689e+01
6.042826299458291572e+01
5.967864690275677475e+01
6.124002606086198597e+01
5.678330995085065069e+01
5.908734490271135797e+01
5.906255825590862685e+01
6.036823707999464972e+01
6.170370905753823365e+01
6.250828653161319437e+01
5.779557914315530809e+01
5.932561082285958776e+01
6.045079024310192750e+01
6.100308223615653702e+01
5.777862467094806220e+01
5.934405534266476678e+01
6.021766386248782510e+01
6.101779410121609004e+01
5.590015728657476046e+01
5.726746495544981741e+01
5.804138384185491617e+01
5.929317010342867889e+01
5.971972320660883327e+01
6.134226020782103461e+01
6.106582008068134115e+01
5.556600448684636717e+01
5.797944087121140910e+01
5.745388027777510587e+01
5.942433807339607910e+01
5.823029771986681880e+01
6.054744350195100822e+01
5.964683682291098421e+01
5.661555217265308926e+01
5.720798686650449838e+01
5.949902099688044643e+01
5.812806095482496715e+01
6.067112569274851097e+01
6.090011625474372892e+01
6.039748386987839979e+01
5.560849768426686524e+01
5.945263261945382993e+01
5.758524224170210459e+01
6.054271473115699820e+01
5.580058598870859043e+01
5.926720005464452612e+01
6.132328000351723318e+01
5.541681259872189003e+01
5.910489696675865900e+01
6.133874680706908578e+01
5.695368853591684655e+01
5.884909110734891158e+01
6.130315923096878095e+01
5.849999442810373296e+01
5.912079207025337979e+01
6.211976224976670125e+01
5.890568401916788588e+01
5.997320278949568007e+01
5.595644672543559039e+01
5.891176249922509811e+01
5.811302238023861122e+01
5.989361064659706102e+01
6.162269164395384280e+01
6.291926320462448530e+01
5.602772681776482244e+01
5.955177547186997344e+01
6.081751566242501639e+01
6.193621723471149210e+01
5.681103159258630342e+01
5.811328358785370796e+01
5.974603019253248704e+01
6.050298735260751926e+01
5.682997929264310955e+01
5.849372210636516201e+01
5.979869765452544073e+01
6.024465869948444663e+01
5.614522278966099833e+01
5.814536277383631102e+01
5.907646012221547238e+01
6.005955285987327841e+01
6.014513259116879595e+01
6.199342532713144038e+01
6.023004149575881172e+01
6.277108524863113814e+01
6.242375452724255069e+01
5.885195886131324983e+01
5.924221674756814338e+01
6.165204871873761050e+01
6.084800912760545089e+01
6.164776235890248302e+01
5.934386258247704404e+01
6.219594192519934239e+01
6.081079373073736605e+01
5.809109098463793686e+01
6.114073582990558720e+01
5.899120413404305197e+01
6.201480536676833566e+01
5.899816463085713281e+01
6.221439637064344907e+01
6.390331368128116196e+01
5.586384535041091937e+01
6.018078361601582316e+01
6.293772993656130410e+01
5.984273241505786700e+01
6.097100103841864183e+01
6.392984793875539395e+01
6.062451880580314167e+01
6.078559174683589816e+01
6.398071008387992720e+01
6.251408237192229933e+01
6.463105987219871906e+01
5.720718834193998958e+01
6.144954938443880366e+01
6.382449436876247262e+01
5.761319815584901249e+01
6.153426701455604331e+01
6.291140435041515389e+01
6.352021579403293572e+01
5.894207403920673016e+01
6.114683891012124661e+01
6.149900804984797986e+01
6.322221737524909457e+01
5.701851026010370305e+01
6.040077930108571991e+01
6.187356678596042769e+01
6.253280555048775824e+01
6.368441357410235781e+01
6.539613310932584511e+01
5.941208369083951624e+01
6.175358951055464019e+01
6.287096460839762102e+01
6.381440937984927331e+01
6.202199131044195468e+01
6.441715471640549140e+01
6.497621470299873181e+01
6.211762881903719347e+01
6.312079075366267489e+01
6.542345852360976721e+01
6.500110322990305178e+01
6.070554123562850890e+01
6.157712823983293760e+01
6.380079843202787515e+01
6.371195624808729008e+01
6.185724909538611627e+01
6.301617362543287726e+01
6.538602200693304667e+01
6.382964189886773454e+01
6.684590140575157591e+01
6.603951120009392639e+01
6.277743916545819047e+01
6.227658422180986975e+01
6.553142144115895462e+01
6.489501357836451234e+01
6.304032682985818070e+01
6.447497558181511579e+01
6.709719256402958365e+01
6.405009053779630790e+01
6.298297816972902297e+01
6.647217596086333913e+01
6.324948155793152438e+01
6.686672208494582037e+01
5.975214624301145960e+01
6.377530324298723485e+01
6.634409881344900839e+01
6.235122961127471086e+01
6.584617843045609220e+01
6.584499165751010707e+01
6.271257736938372318e+01
6.338814510946222214e+01
6.664121286488303042e+01
6.387876099257069029e+01
6.502131742597501329e+01
6.825556204811871908e+01
6.381636824229668292e+01
6.554497451883086967e+01
6.143706289800633868e+01
6.412514186373863367e+01
6.462120474359711864e+01
6.629424171238221675e+01
6.790010563822214351e+01
6.898879504944991936e+01
6.375126345425383079e+01
6.560968080562970783e+01
6.703647982919864035e+01
6.853511376979407999e+01
6.303788278284704205e+01
6.475843963064791353e+01
6.654086763594598608e+01
6.651581142385199996e+01
6.426048680494201903e+01
6.665131400413017104e+01
6.740478943043821403e+01
6.437021014730139257e+01
6.670145694907230904e+01
6.819947357480893402e+01
6.437096229719408313e+01
6.758053698828337019e+01
6.754344968990001519e+01
6.990157514263985661e+01
6.190494200244303613e+01
6.659921231988845136e+01
6.605255274549894295e+01
6.866228543076380220e+01
6.442570946339085936e+01
6.776600922454429110e+01
6.633720449774335748e+01
6.509901904036122744e+01
6.432698735788001443e+01
6.762752139578350352e+01
6.764527315712564359e+01
6.424318788251810020e+01
6.839824703068073575e+01
6.615988812174545330e+01
6.951182218132788648e+01
6.269764705761083690e+01
6.652679672978761971e+01
6.916689248643194787e+01
6.528387967283896387e+01
6.911314040415946636e+01
7.028082762035211317e+01
6.623949885350816658e+01
6.597058804450863079e+01
6.980291500767850721e+01
6.589121551834611523e+01
6.880198536619907657e+01
7.175454816137079206e+01
6.505397910521463700e+01
6.994660818591100337e+01
6.452827333024190182e+01
6.798703811005812270e+01
6.837712119561206237e+01
6.614115449200717478e+01
6.949740152748448452e+01
7.002784849264941158e+01
6.685850690623800574e+01
6.944528321928851256e+01
7.155297029895959326e+01
6.499653463902626527e+01
6.860568032181215870e+01
6.553488868338938289e+01
6.750172051696630149e+01
6.987557073785536943e+01
6.371119755120690087e+01
6.696755211298169286e+01
6.846048456458733256e+01
7.029553875614477931e+01
7.231010161381163925e+01
7.303080290305153710e+01
6.752253562261067543e+01
6.992665889535895474e+01
7.083393403572088687e+01
7.329405964487752101e+01
6.741005829793553517e+01
6.888866975727241027e+01
7.159933274897261413e+01
7.178315496451487832e+01
6.672215253436360172e+01
7.029164771801350753e+01
6.979832508427858784e+01
7.278917457130206969e+01
6.616426683664046493e+01
6.982093059050737338e+01
6.938301576770732026e+01
7.199559028334489597e+01
7.199296545057838159e+01
7.530105373419218040e+01
6.871809828990635083e+01
7.242198395707501390e+01
7.511132967582267383e+01
7.152509483075871799e+01
7.126094552812310212e+01
7.437507853648831713e+01
7.148079757511207788e+01
7.453372534187700182e+01
6.820889650582604702e+01
7.286179470250276324e+01
7.592294755979342824e+01
6.814217882999342635e+01
7.335186805892099926e+01
7.679511491336398876e+01
7.045559398765968240e+01
7.510508431213420977e+01
7.758295008461625741e+01
6.988397331650645583e+01
7.529252016799317460e+01
7.810225046309081165e+01
7.052203464655123355e+01
7.641129104123639593e+01
6.975650258560861516e+01
7.437819684460147585e+01
7.501447383218945220e+01
7.301890154125229060e+01
7.662632564475315178e+01
7.805977530063628933e+01
7.248808935385108043e+01
7.506892142923499023e+01
7.809910828375795688e+01
7.404721634984748846e+01
7.785598833012616637e+01
7.950629112076887850e+01
7.984436728187969834e+01
7.448958658354277418e+01
7.726139513768629286e+01
7.851341812335888903e+01
8.098267760474163879e+01
7.456293800398765370e+01
7.719358275430074912e+01
7.910956179724544768e+01
7.628941593187293790e+01
7.962329784154364631e+01
7.974307684978911936e+01
8.132893347639988235e+01
7.636903867373419530e+01
7.896011155716888652e+01
8.159546059599816203e+01
8.006416274440096004e+01
7.623534407102036425e+01
7.719361782593708199e+01
8.081774093916179424e+01
8.008296485432030920e+01
7.574514155164834506e+01
8.038767319962420288e+01
7.890208863605087686e+01
8.158537719520380449e+01
8.159240197737281619e+01
8.498291136184620598e+01
7.797458450851063105e+01
8.234929667940900799e+01
8.512640027619862337e+01
8.017846777381701884e+01
8.384605025113103238e+01
7.606319621321824798e+01
8.115345170923083629e+01
8.391746805297992751e+01
7.815076222771273251e+01
8.261237163190297395e+01
8.583118174396010147e+01
7.818524129075404971e+01
8.311505139518204999e+01
8.661702215561257390e+01
8.038148711998088913e+01
8.473928356613390633e+01
8.731273830548998660e+01
8.043410714697247954e+01
8.550293427839972082e+01
7.827019587885540375e+01
8.319313589624292149e+01
8.549075459253184306e+01
7.949241796559559248e+01
8.412104191455927094e+01
8.551218536607032661e+01
8.412175018106577795e+01
8.481968223164517440e+01
8.746620901945833282e+01
8.516251628072141955e+01
8.734047758059452349e+01
8.963020729142827747e+01
8.319040103381300355e+01
8.727840412943459114e+01
8.051231501140435398e+01
8.326371848718129343e+01
8.611328993147795074e+01
8.736916157229265423e+01
9.068471388986519344e+01
9.016350061414443928e+01
8.451376999854740291e+01
8.666942529199079104e+01
9.022626065732305278e+01
8.974728057713123519e+01
8.474144802597139403e+01
8.696751553741991358e+01
9.042686826921533338e+01
9.018593435077323761e+01
8.527602839975008919e+01
8.681353178211742261e+01
9.111114950327237239e+01
8.900708990009989918e+01
8.681920464959547701e+01
8.908085845384086099e+01
8.807146806236957559e+01
9.104868334581584577e+01
9.119284022805483403e+01
9.433560518990296373e+01
8.798909985244036136e+01
9.033308437579725592e+01
9.350791507137780911e+01
9.011489098860228353e+01
9.001070362737485198e+01
9.099218829610911996e+01
9.484558590501026742e+01
9.036759874684842941e+01
9.490046702200520201e+01
9.551821778377315297e+01
9.158146958776700330e+01
9.288536203766234678e+01
9.399833376840761900e+01
9.486136997275875160e+01
9.002015099659513453e+01
9.343264980810140230e+01
9.676590151713649846e+01
9.124225126924967810e+01
9.508552866355863387e+01
9.680998140176495781e+01
9.259096059660450351e+01
9.551402063823670119e+01
9.002888155218121824e+01
9.404153319137563471e+01
9.579872661063865280e+01
9.039617829123639581e+01
9.405097243332342316e+01
9.601947556743428436e+01
9.505018732942596671e+01
9.307789697360630043e+01
9.577351040484815314e+01
9.804804667261018380e+01
9.182925676373315582e+01
9.519821072929150318e+01
9.648370671334808435e+01
9.893629968141465270e+01
9.239598152399339881e+01
9.604903194626319873e+01
9.706856457144372996e+01
9.739688346664493679e+01
1.001575976761659916e+02
9.868863843002928604e+01
9.538083929567957853e+01
9.672121318297652692e+01
1.005394373881982943e+02
9.984687194305962521e+01
9.504204497429033438e+01
9.591020110757688144e+01
9.986391646892256801e+01
9.811155121987881955e+01
9.564017524589571906e+01
9.680846108460319499e+01
1.008978408788506016e+02
9.865786123563506749e+01
1.032590088499048022e+02
9.841206510468414592e+01
1.027903603519994391e+02
9.564766840774267109e+01
1.005201629842898114e+02
9.895216380489246433e+01
1.000262658011827455e+02
9.794155823707438913e+01
1.021341489919852137e+02
9.717962772690711404e+01
1.030441356258273089e+02
1.063408151503069945e+02
9.944473397728337716e+01
1.031495191769324720e+02
9.810351147905643643e+01
1.015713700451080115e+02
1.044190454114624913e+02
9.796058896020304019e+01
1.019793375971932221e+02
1.051907101694834950e+02
9.970002834155026505e+01
1.026989885541818808e+02
1.053487003594704277e+02
9.958495714279942490e+01
1.032893193013913162e+02
1.057610599390918793e+02
1.019316392437560950e+02
1.053204254341793984e+02
9.991282613144349511e+01
1.029739025845885578e+02
1.049727826876779488e+02
9.979674689370085616e+01
1.026478681776247583e+02
1.048390818430340516e+02
1.043024814305613432e+02
9.962377248417483599e+01
1.033010188516339696e+02
1.047386171195901738e+02
1.022393482195884644e+02
1.038131741929953336e+02
1.065861870826416435e+02
1.044036812645308459e+02
1.034035967613636728e+02
1.048133685788922236e+02
1.079329579662451977e+02
1.021186522884607655e+02
1.039629751889437017e+02
1.072378147896675102e+02
1.061549972682852854e+02
1.028312318174001803e+02
1.038001464994187160e+02
1.076654316842089116e+02
1.059093323925439449e+02
1.096293423441890837e+02
1.078676005645099139e+02
1.059278589986284231e+02
1.055495081465065113e+02
1.092806409509994978e+02
1.075334110512412877e+02
1.062729435118870356e+02
1.050740535922880383e+02
1.088795364244092951e+02
1.074473698866033118e+02
1.064032712808231622e+02
1.078852254210615484e+02
1.100776965773079468e+02
1.062417374846937719e+02
1.070950532835513940e+02
1.110513354689392287e+02
1.070187408549947463e+02
1.084646017139144476e+02
1.106404752150519215e+02
1.071348240493563537e+02
1.100307910861808409e+02
1.058751570002173850e+02
1.093425347989686855e+02
1.114504935972379656e+02
1.071002156159023713e+02
1.097416649134262485e+02
1.119649371057262357e+02
1.067390248668765054e+02
1.098254621401773363e+02
1.121861438667298927e+02
1.084043133876200642e+02
1.115383530931368767e+02
1.136978408748006899e+02
1.087875680652709462e+02
1.118222202983183138e+02
1.064487801893230028e+02
1.093147828360397824e+02
1.115837915816018580e+02
1.078492547448614971e+02
1.119445967196179623e+02
1.131945090471550799e+02
1.081504832779582301e+02
1.116793526557567446e+02
1.123177841493369868e+02
1.141969389336936871e+02
1.080274690393026873e+02
1.102070104472819168e+02
1.132045846673840686e+02
1.128948606873803868e+02
1.087851899826984550e+02
1.104523203924325259e+02
1.140712178941400055e+02
1.122507959014724008e+02
1.076362511022951765e+02
1.121543498336697553e+02
1.113337648655942900e+02
1.119544420867579078e+02
1.125015643306042534e+02
1.150479932338378433e+02
1.104659341532256462e+02
1.148340017778953381e+02
1.143919403508773627e+02
1.145720418806567693e+02
1.125527103555133976e+02
1.164206806152094771e+02
1.127869008573194947e+02
1.142844910936257463e+02
1.093123097018271181e+02
1.139132862648743583e+02
1.148883720349179072e+02
1.094488701135626201e+02
1.136556338497989884e+02
1.168868009907492649e+02
1.118289659373130007e+02
1.156247810099742992e+02
1.185127477767939439e+02
1.124362605863095581e+02
1.162435633385987614e+02
1.191006977182589139e+02
1.136333330549787348e+02
1.171842634919951962e+02
1.116296094468311679e+02
1.151095433928903731e+02
1.177088823224265752e+02
1.118512264650090344e+02
1.152625968676836550e+02
1.177393971892262527e+02
1.123201237862772217e+02
1.157133819867691642e+02
1.179146443024306308e+02
1.153718454962325239e+02
1.174372484987243439e+02
1.199482007634159970e+02
1.149948992535663166e+02
1.180209783278115196e+02
1.125746623950858947e+02
1.158932405220300410e+02
1.171415437442872047e+02
1.149611452977357402e+02
1.164116022239123822e+02
1.198787207632750125e+02
1.140934595414071850e+02
1.173252822739760290e+02
1.197546197684247602e+02
1.181284765987253280e+02
1.151838531530956260e+02
1.165445632302815540e+02
1.201661139359587480e+02
1.180940490889909427e+02
1.144061308107328330e+02
1.171485705354195517e+02
1.185530256217794403e+02
1.159573532014338468e+02
1.204893326089437977e+02
1.198966779734841595e+02
1.179246178678097152e+02
1.176371639041871333e+02
1.217656912561855762e+02
1.166451324250266453e+02
1.213706576171781961e+02
1.149349867106270580e+02
1.191033381273975920e+02
1.175360624679242960e+02
1.202718095597762016e+02
1.225114820254822661e+02
1.188085160321661675e+02
1.217584474468146567e+02
1.157064947762150382e+02
1.197237334911119007e+02
1.215221425674573084e+02
1.160880376553347162e+02
1.199311057224320933e+02
1.229336274671111795e+02
1.173313728424273705e+02
1.208495409539660841e+02
1.237009401386380745e+02
1.183082442356492834e+02
1.217491450637476476e+02
1.243763884586528405e+02
1.192962311456757050e+02
1.227256186383008583e+02
1.170077722593866412e+02
1.209884298669778104e+02
1.228843605139754231e+02
1.169242672954731859e+02
1.210789144883592883e+02
1.231641418687814280e+02
1.190744054580660958e+02
1.221592429515958429e+02
1.248296749626937583e+02
1.188808251848350181e+02
1.235688388208654800e+02
1.247967758469757769e+02
1.237799426889388457e+02
1.237638696135382048e+02
1.195995905549769134e+02
1.216295338015699770e+02
1.252278172882775351e+02
1.185097476457707160e+02
1.220570073093547308e+02
1.251546885470766881e+02
1.242478503172018094e+02
1.199955977009710892e+02
1.243292148332487841e+02
1.242225362440713496e+02
1.219772901805727230e+02
1.228021784279277142e+02
1.268536885140517541e+02
1.232516910851340413e+02
1.239674064947339502e+02
1.257603955467309049e+02
1.256025258333902173e+02
1.236993529176404252e+02
1.233149665527589889e+02
1.276574469458957708e+02
1.235847942323326691e+02
1.245975390350275802e+02
1.262688648150116109e+02
1.282791737838855397e+02
1.219145798360816286e+02
1.265080610952779807e+02
1.306007329754332318e+02
1.244924106789346894e+02
1.292797306307614917e+02
1.320602174501096897e+02
1.255248094720850816e+02
1.297128682099694004e+02
1.235147499334779724e+02
1.283958117198436923e+02
1.295698422582067622e+02
1.235182072012540146e+02
1.279248973344461433e+02
1.310303072578391266e+02
1.251796829138957605e+02
1.293751680031807894e+02
1.321911645902121109e+02
1.266922748484949324e+02
1.305115014925131902e+02
1.250377695295763658e+02
1.290214188050692030e+02
1.313285844098861901e+02
1.251436099702833644e+02
1.294798683783055253e+02
1.318109246914443133e+02
1.265201122031771916e+02
1.307333812045967534e+02
1.329557497323560824e+02
1.287511728840050296e+02
1.319570801931415929e+02
1.357729113754685955e+02
1.282074037831777957e+02
1.343197095012577904e+02
1.348143699130302480e+02
1.361365366672615664e+02
1.301055151433300523e+02
1.346010161571549304e+02
1.354550207787251566e+02
1.348180087560785410e+02
1.352982847673943354e+02
1.313856044062344210e+02
1.343641863361708886e+02
1.351236530318603002e+02
1.325610359663940301e+02
1.352045559619926678e+02
1.361136334895415416e+02
1.349276814993755522e+02
1.351765875720822407e+02
1.398664983587329402e+02
1.332120762976729225e+02
1.387196421649797742e+02
1.401862188258637900e+02
1.359710534657428127e+02
1.417569232095016787e+02
1.347574143024443458e+02
1.401679579565303300e+02
1.378172015561915771e+02
1.377661664206649448e+02
1.421048216935592166e+02
1.397235719692041300e+02
1.406544533059502555e+02
1.380893588628931070e+02
1.426685828751444944e+02
1.413896540798253341e+02
1.398828898533570282e+02
1.441810274544722574e+02
1.435647543890186171e+02
1.409110291487516520e+02
1.425152706655055397e+02
1.465741715476540890e+02
1.423807128989934654e+02
1.458312512710274405e+02
1.483081888488286211e+02
1.435554842446018426e+02
1.471428881527500039e+02
1.419929751864752063e+02
1.459319575228772976e+02
1.488185138215475547e+02
1.433135961408563901e+02
1.470371331546349438e+02
1.496924654262843433e+02
1.454707301120512284e+02
1.485758644865991585e+02
1.519732946786743923e+02
