0.000000000000000000e+00
1.357079351917066958e+02
-4.558990361671551739e+01
4.400375418713276332e+01
-1.924931198379639596e+01
2.400972068145581773e+01
-1.212940961010133911e+01
1.157520828103727339e+01
-1.098644167925719867e-01
-2.963022645885273754e+00
4.394222419456140116e+00
-2.802030750236505607e+00
3.581418822786586187e+00
-2.549165237283806285e+00
3.141858671583154905e+00
-2.123758927540424057e+00
2.710951917293016766e+00
-1.698362504199703249e+00
2.569698045186592950e+00
-1.294186562143176511e+00
2.557386550478229825e+00
-9.118270836705132387e-01
2.616115947504411565e+00
-5.996972632757430199e-01
3.422796909714212354e+00
-3.777495886329205743e-01
3.738853447749954206e+00
1.481671406617811049e-01
3.962119699834280695e+00
2.723249762877597568e-01
4.152132816272493088e+00
4.613685688166193621e-01
4.480053064618038761e+00
6.996534180392163238e-01
4.816001181529618869e+00
9.679935754985140584e-01
5.169547319584169465e+00
1.258415291069978625e+00
5.541740966386753620e+00
1.567487812252742696e+00
5.927920608484187781e+00
1.892205880619411529e+00
5.204435519239583918e+00
2.251119575326195221e+00
6.875847179774106088e+00
9.109324140186043195e+00
1.069308065731820001e+01
8.142871706923346053e+00
1.182416948025543491e+01
8.740013586191434314e+00
1.226257660001902750e+01
9.129555379800047277e+00
1.269031248815131541e+01
9.513836221856815101e+00
1.309654182938857403e+01
9.878954562857705568e+00
1.349474630662662911e+01
1.023982114588688219e+01
1.388681409488057561e+01
1.059635329844465979e+01
1.427658777543751789e+01
1.095129910833722597e+01
1.466441092205803010e+01
1.130483170102768753e+01
1.505100210285977269e+01
1.165725406900569006e+01
1.543624579759954862e+01
1.200838164493926641e+01
1.582003771836865624e+01
1.235797485864218359e+01
1.620208859327392403e+01
1.270569322376287680e+01
1.658209285449177983e+01
1.305117034107502327e+01
1.695970697019054541e+01
1.339401829021609025e+01
1.750055726931908495e+01
1.995088356830032694e+01
2.292872036716035922e+01
1.916806015356371162e+01
2.387710232475723515e+01
1.958690652459568327e+01
2.423561567371522685e+01
1.993253378826798183e+01
2.457767354096795742e+01
2.026292726585804616e+01
2.490092916514369747e+01
2.057627006110324075e+01
2.520765320704420276e+01
2.087406181346490186e+01
2.486247995187356707e+01
2.118798940168674605e+01
2.518257989416081699e+01
2.149168804909485786e+01
2.546988745375841745e+01
2.176845442970628497e+01
2.573706829214217606e+01
2.202734926416657046e+01
2.613818659490878815e+01
2.899596940264350664e+01
3.036467138634163732e+01
2.992989940442696906e+01
2.933121085798236649e+01
3.141734877178732077e+01
2.918329135538248664e+01
3.129864035136346345e+01
2.937433308461411485e+01
3.170104797084612969e+01
2.958563751913630924e+01
3.180746869349338013e+01
2.902537043050088883e+01
3.185224337165872299e+01
2.919738113248622469e+01
3.190464663723161109e+01
2.936861329068650761e+01
3.195323908825475101e+01
2.953860728444217898e+01
3.251387670154468879e+01
3.635540486161470142e+01
3.904552246766854751e+01
3.596440371705476480e+01
3.913090519447183624e+01
3.608106222312218847e+01
3.906294259574638517e+01
3.581257731649317577e+01
3.897618565462425266e+01
3.594213571954909980e+01
3.899005613285829241e+01
3.568324382333690181e+01
3.903159643389703604e+01
3.588809943746445441e+01
3.901096700967158171e+01
4.200456308193458455e+01
4.384925231581072325e+01
4.135569168499102943e+01
4.381849798823323283e+01
4.115949508724067840e+01
4.258437526110859750e+01
4.040860398736577253e+01
4.545402780667547660e+01
4.013781005200063134e+01
4.417322611092663465e+01
3.966511453771953200e+01
4.411660170330926434e+01
3.906540297171471821e+01
4.427334702319870985e+01
3.887199290913042660e+01
4.423895564146712900e+01
4.455012889691627009e+01
4.924649907786945846e+01
4.270158778589002679e+01
4.963011819792329504e+01
4.205083107314246149e+01
4.990697050970462811e+01
4.134844665814203779e+01
4.937133302635645293e+01
4.057184641967568695e+01
4.892656248827036336e+01
4.200250181853190412e+01
4.582246158886479748e+01
4.144077719470537602e+01
4.853986126348286945e+01
4.934395488154186893e+01
5.061089175164536869e+01
5.006834623309304533e+01
4.927015892935192198e+01
4.940573116780359442e+01
4.857247072029475277e+01
4.874201698471963340e+01
4.808972055986772176e+01
4.824100899567044820e+01
4.754404192546018493e+01
4.768672674582599313e+01
5.257229972026372167e+01
5.269798362521244428e+01
5.217381721516006365e+01
5.187592716490706124e+01
5.150752991763244637e+01
5.133188434241712628e+01
5.091928658023231691e+01
5.088953635898318595e+01
5.042515755585233705e+01
5.017962634068211969e+01
4.971733002787787825e+01
4.952520440476602914e+01
5.446372324146217636e+01
5.263039528045463555e+01
5.599399096877632331e+01
5.112540586500751516e+01
5.631650349160561575e+01
4.949663380950065061e+01
5.527363161337022746e+01
4.911521645327704277e+01
5.460284060582095833e+01
4.861443951269686181e+01
5.391940407293407844e+01
5.744108378071688747e+01
5.368812477025073093e+01
5.740676568127053514e+01
5.143390638507732149e+01
5.685305402692279841e+01
5.039806801946434689e+01
5.582429080475809968e+01
5.067876461566531532e+01
5.531923855555283609e+01
4.886987366229043062e+01
5.419783561078965306e+01
5.774291678837126085e+01
5.342295542334041869e+01
5.794729331425195085e+01
5.168859297409018438e+01
5.680635408619853877e+01
5.063590195673747019e+01
5.574492758056864261e+01
5.067593527488362071e+01
5.511063953547787264e+01
4.825258875060119124e+01
5.391754318332847618e+01
5.729826917126676022e+01
5.218373508344721756e+01
5.761691538441671412e+01
5.179914897979371347e+01
5.649399690854480127e+01
5.110815000886203308e+01
5.548849341962556991e+01
4.906731233445701434e+01
5.424398722408849949e+01
5.728730518683199335e+01
5.472524661187861028e+01
5.786649088093418669e+01
5.174503590395004693e+01
5.732004717572020525e+01
5.101274840180055037e+01
5.577258577837659459e+01
5.002520909591057574e+01
5.449964819875133770e+01
5.693802834684636593e+01
5.631019040508211049e+01
5.458302791670684684e+01
5.673759487277533253e+01
5.341861674441325647e+01
5.504443820646306307e+01
5.184309783204057709e+01
5.380647983863349992e+01
5.056309932076120361e+01
5.218094990877116146e+01
5.528250722639833015e+01
5.653567592988072477e+01
5.307131161808133868e+01
5.505212199850644339e+01
5.168108944868914278e+01
5.378509869968448953e+01
5.028622754459543387e+01
5.226406922169996960e+01
4.868491296388537393e+01
5.171680977956943792e+01
5.301255172110044356e+01
5.496384762172639427e+01
5.089907457194346563e+01
5.371737034406039868e+01
4.926485960808179243e+01
5.205636722700477037e+01
4.764620431806235246e+01
5.020196113471092048e+01
5.260443868618241225e+01
5.427312516785603691e+01
5.145589380630676857e+01
5.393102669039561903e+01
4.829680027858006497e+01
5.192790718155060858e+01
4.684997466473036809e+01
4.991913919020574752e+01
5.170931595309932050e+01
5.353562909714729301e+01
4.873291013765769009e+01
5.157847141970750471e+01
4.683003709458827757e+01
4.985561362256654405e+01
4.571306036406017625e+01
4.830587010889891530e+01
5.041993245129491186e+01
5.176774007605109063e+01
4.942626130772032411e+01
5.110287468453627469e+01
4.573914776717606401e+01
4.865473466740125019e+01
4.547733682915235676e+01
4.723186049448665358e+01
4.970538773224054552e+01
5.043548650434287595e+01
4.861730431030387933e+01
4.951296979841625046e+01
4.593650573467916587e+01
4.731440645391469246e+01
4.494413862079633759e+01
4.602531056399811149e+01
4.906852326994798830e+01
4.894473795491217061e+01
4.687186801381942303e+01
4.721578161697371456e+01
4.601550226159386625e+01
4.622040325841616237e+01
4.360037386372278689e+01
4.400237043092367628e+01
4.752596776754064223e+01
4.673839222714948960e+01
4.607970950456444825e+01
4.575511994827018469e+01
4.403821991377421341e+01
4.374801900887207040e+01
4.342175393856283705e+01
4.289484164329536497e+01
4.663821985509610357e+01
4.595140862425770933e+01
4.428568725404109330e+01
4.348076069806538868e+01
4.466511318042468304e+01
4.295271310113160013e+01
4.140147817932416530e+01
4.052302962823004862e+01
4.449423940682271450e+01
4.486969678282012808e+01
4.169798915497668901e+01
4.098180844837204972e+01
4.295868021034890916e+01
3.971879571087449534e+01
4.070627353157124872e+01
4.371268518879602993e+01
4.256277350070413235e+01
4.249786098930361078e+01
4.065390193442858902e+01
4.155448430311348318e+01
3.950427690745766540e+01
3.886127382624680848e+01
4.221366755981502195e+01
4.056601128987725247e+01
4.415479931613371889e+01
3.679538345977725555e+01
4.119101759143647001e+01
3.737435691845970354e+01
3.969232715418068835e+01
4.244453118227499999e+01
4.053655409413814681e+01
4.297016196707200208e+01
3.650158153716157727e+01
4.112565438459407119e+01
3.325766941719988523e+01
3.887110763088143983e+01
4.165027229746777238e+01
3.702182709418539730e+01
4.108957058428531894e+01
3.295881892800587565e+01
3.872786659452072655e+01
3.245275716749539185e+01
3.712811485629593022e+01
3.848313702916897938e+01
4.051953741487384519e+01
3.576417421625553317e+01
3.737613320880228684e+01
3.555323193580796470e+01
3.648273077562255651e+01
3.270110987151914372e+01
3.463215935025191072e+01
3.707578963101057212e+01
3.874888141325721591e+01
3.412929527445349720e+01
3.559468081250201266e+01
3.267424500880743210e+01
3.449227391945117915e+01
3.629654177174512597e+01
3.775433153275318432e+01
3.395034110223284785e+01
3.585902117997505201e+01
3.203382325395214991e+01
3.364533369918969186e+01
3.042717599489441582e+01
3.280350219142936652e+01
3.456823710661518589e+01
3.563350359391042588e+01
3.215450576681676154e+01
3.434446912423235432e+01
2.985579940698304213e+01
3.216323160008590065e+01
3.374749915127796385e+01
3.531214407688812429e+01
3.368654686989200542e+01
3.401122689024797552e+01
2.977693432445008170e+01
3.230965996242747451e+01
3.372136523912994477e+01
3.572932498506118293e+01
3.280743280329454592e+01
3.533550130777412335e+01
2.953242254681256895e+01
3.240041222892575945e+01
2.774953694255992431e+01
3.075733673924097644e+01
3.167629526817927754e+01
3.412306557968830134e+01
3.059259677065538696e+01
3.374969534176798192e+01
2.725135430504032641e+01
3.111385526898668630e+01
3.136411168322734611e+01
3.432522217320419600e+01
2.964008878308068518e+01
3.350886823314331053e+01
2.683697054453298492e+01
3.121674173878291114e+01
3.099406156607156859e+01
3.431194344103965932e+01
2.967678577460630152e+01
3.382762917427200478e+01
2.617631847666595846e+01
3.148579905783686428e+01
3.198168727774478626e+01
3.547292882535018066e+01
2.782607501880560363e+01
3.346895029761668638e+01
2.834627485783864032e+01
3.298504897362538912e+01
3.304860764369861670e+01
3.574688831605525507e+01
2.834172037180872650e+01
3.461116201495247680e+01
2.610748249433882862e+01
3.138899461036958627e+01
3.446913496655329823e+01
3.322258791454996896e+01
3.378447622790650939e+01
3.230768212018631402e+01
3.118466222725063730e+01
2.996402562505286582e+01
3.306398278798613433e+01
3.582736730893329025e+01
3.055357207543437070e+01
3.398243463551556687e+01
2.932061876033307968e+01
3.287615387774731346e+01
3.584888533780753050e+01
3.260543156846021162e+01
3.673168633286321949e+01
3.051656902284079109e+01
3.443228337094512881e+01
2.843940800774473843e+01
3.260236117480741314e+01
3.557076029362379899e+01
3.126610878566084040e+01
3.537783649908015349e+01
2.759275521100368778e+01
3.309727081470485643e+01
3.583626993777015457e+01
3.526316612935702466e+01
3.281230565673047295e+01
3.538626484322227128e+01
3.085756004335959446e+01
3.208745769305414797e+01
3.532442169048930225e+01
3.751580521686058489e+01
3.085511404833102844e+01
3.556249243313247632e+01
3.087636569939930808e+01
3.401951299631076608e+01
3.613163570606290165e+01
3.744205494879471985e+01
3.361222724195733491e+01
3.530624670027118128e+01
3.195064188185322251e+01
3.402561529409338448e+01
3.611762943519387647e+01
3.892478410167353786e+01
3.258943574921435271e+01
3.650158460698186502e+01
3.067751880523907815e+01
3.469173747497899996e+01
3.632958318360312688e+01
3.822261425019970460e+01
3.496467007686444362e+01
3.745984684212687199e+01
3.234163717840139185e+01
3.536246538342638956e+01
3.706207648505392882e+01
3.885323941829182814e+01
3.607780174126717299e+01
3.800535777256066439e+01
3.361379635607769245e+01
3.592237556230278983e+01
3.789936637676110109e+01
3.939245267809987183e+01
3.719205275653671094e+01
3.875124013325628169e+01
3.384233952267459244e+01
3.658012569357284605e+01
3.896240244919385987e+01
3.995068772778409283e+01
3.787222683804947820e+01
3.922499576039941616e+01
4.199608941207980450e+01
4.233793217805612841e+01
4.049581871127169563e+01
4.129451572046158248e+01
3.769802576588479326e+01
3.924779635862834226e+01
4.234385652772714081e+01
4.286460365041395448e+01
4.033454075201052547e+01
4.084806044819660542e+01
4.159125224562387757e+01
3.856286626467622369e+01
4.242144636563898530e+01
4.364592401907680852e+01
4.199102632171999261e+01
4.199624540622235003e+01
4.002645779320205577e+01
4.403201066624449567e+01
4.288499351240817248e+01
4.682312366230897993e+01
4.027022893513618129e+01
4.473437765688839818e+01
4.765504302298910488e+01
4.549997665427177651e+01
4.597434908606658155e+01
4.477094155805676223e+01
4.365111698163664755e+01
4.269823323144911598e+01
4.669942490872814034e+01
4.859032159172978282e+01
4.334597985282472621e+01
4.790829005219242021e+01
4.075635163792462379e+01
4.582137718688310457e+01
4.910687638074177386e+01
4.501481615710485329e+01
4.746429903175845055e+01
4.382866317962307789e+01
4.773155635971058786e+01
5.060832072590051922e+01
4.784602065221208989e+01
5.006184798819507620e+01
4.366492982020602653e+01
4.754993361303680643e+01
5.046574444707783158e+01
5.255998400530320680e+01
4.667947988675309290e+01
5.042488628666441031e+01
4.558336128663855646e+01
4.914967459818572593e+01
5.130697530978840604e+01
5.179653088638680458e+01
4.853727167367146222e+01
5.012881085928904668e+01
4.674971722391157414e+01
4.942080038672312270e+01
5.048218921682283167e+01
5.307439307179519261e+01
4.738409702020323522e+01
5.095079312665390603e+01
5.300490581658292655e+01
5.385303858328514082e+01
5.040378738708384532e+01
5.346649680764162582e+01
4.776808993037598583e+01
5.034012490854356514e+01
5.263671076085392286e+01
5.415312817968606396e+01
5.114497160112026819e+01
5.345778839251290293e+01
4.865940995536601577e+01
5.141656035857827334e+01
5.288261496146903085e+01
5.473700810192779898e+01
5.090577688609452167e+01
5.370774770815410193e+01
5.480469171720286425e+01
5.728232847035390307e+01
5.217848912482543966e+01
5.521656488950031161e+01
5.007734759433916594e+01
5.317810119164490601e+01
5.436047850748573040e+01
5.686149753607401180e+01
5.383251498539495117e+01
5.577390144107639713e+01
5.810061333570948960e+01
5.856154286761909589e+01
5.447005549681435355e+01
5.622051235898813815e+01
5.175285476786520888e+01
5.400450679623003936e+01
5.697492311794969311e+01
5.678664631410216401e+01
5.578630520376313484e+01
5.604470637855018822e+01
5.932706568352028142e+01
5.924101167962838588e+01
5.642982313066567457e+01
5.668722878377459296e+01
5.653592082310775169e+01
5.749261352444554518e+01
6.070656224207291274e+01
5.923025128281734197e+01
5.720436379128361182e+01
5.683704642658525330e+01
6.020605238941849535e+01
6.288789650968071498e+01
5.508078421896107102e+01
6.021412600958339567e+01
5.642170813417888553e+01
6.038712617033610286e+01
6.337640798606196313e+01
5.543695089220631189e+01
6.109407180590747544e+01
5.599774642612427300e+01
6.038440544739162874e+01
6.321722457482480451e+01
5.598134611810824879e+01
6.135143608465158849e+01
5.496203340834303219e+01
5.981959917314085828e+01
6.261165288960133779e+01
5.676994620661893265e+01
6.193619656850840727e+01
5.400259156692633411e+01
5.952635318343995863e+01
6.126414304429645341e+01
6.355069767916363332e+01
5.632525693965369129e+01
6.104281104281913883e+01
6.352627246054221644e+01
6.369159084137191229e+01
6.013407374807574968e+01
6.120400952160985497e+01
5.760764552442294217e+01
6.025510564016406079e+01
6.123303238697135953e+01
6.333229165990093179e+01
5.756060836839183992e+01
6.104502070911161127e+01
6.238331498246134288e+01
6.445258878513978118e+01
5.786181641915951701e+01
6.201703004860062407e+01
5.570196158225706284e+01
5.966860202362904886e+01
6.080875625720865685e+01
6.284787043364759995e+01
5.684153506886594442e+01
6.019987305310936421e+01
6.154740387503372290e+01
6.315979552029947541e+01
5.977503782336997773e+01
6.147254913725836190e+01
5.649316862677135731e+01
5.883211756414638671e+01
6.045731614346050264e+01
6.164847280641950533e+01
5.904768778439554922e+01
6.057203665795606184e+01
6.249655118405208754e+01
6.308565952297281143e+01
5.848126957673632376e+01
6.044833301905728007e+01
6.287195504179129557e+01
6.302438049256534214e+01
6.373294969800757315e+01
5.940006907581675222e+01
6.173092855605355567e+01
6.354828663921806253e+01
6.273023243250049319e+01
5.931195204734462578e+01
5.999819354041063235e+01
5.908072282892699434e+01
5.913921840004202579e+01
6.192120623714668426e+01
6.101188414996517650e+01
5.844432940887757866e+01
5.993020864056513375e+01
6.281287820265043109e+01
6.114973300251406130e+01
6.183651919083121840e+01
6.020685999688099344e+01
6.351192850683258939e+01
6.334952752002686083e+01
5.813464610234047569e+01
6.020218025790847349e+01
5.666321182767832454e+01
6.024485038496936085e+01
6.099165835387870516e+01
5.970691224614806458e+01
5.975204755125106715e+01
5.747231208524295454e+01
6.098294598714686288e+01
6.325807640946090515e+01
5.701225017112702886e+01
6.049797008898689654e+01
6.305441637825634871e+01
6.009202418603327800e+01
6.059618995065997638e+01
5.755752520380866599e+01
5.976334571831765885e+01
6.251852896546435545e+01
5.866085104559698493e+01
6.105420886115687296e+01
5.653518280724358647e+01
5.964201906680368381e+01
6.116739785618809577e+01
5.821133150244178012e+01
6.062878272084972764e+01
5.415983103333308435e+01
5.723262551499431794e+01
5.917916989569725672e+01
6.013102212852122364e+01
5.582895123373075563e+01
5.730277784645461736e+01
5.921163447618229725e+01
6.069477185391888696e+01
5.577638656899583935e+01
5.709902230620132002e+01
5.388088694616555330e+01
5.620503296009100325e+01
5.730382697096005273e+01
5.822417856498266531e+01
5.380498471987623788e+01
5.526147930439861966e+01
5.657733664675586027e+01
5.779417448712651151e+01
5.366631303538753173e+01
5.514316503745777709e+01
5.661597769603501717e+01
5.738629171742297075e+01
5.658756300796446226e+01
5.376448531143076792e+01
5.542225610595488661e+01
5.592267346610936585e+01
5.812169501505298541e+01
5.283139878623658348e+01
5.404134390036479374e+01
5.631675767412720290e+01
5.598675021126776130e+01
5.531521743595238405e+01
5.508813219671890948e+01
4.956392012613153497e+01
5.323149763820683233e+01
5.247877532993329908e+01
5.498824028111101114e+01
5.265698100930251258e+01
5.555683791307841091e+01
5.476711050825826277e+01
5.294715748265547717e+01
5.222866897297461009e+01
5.187166115729884552e+01
5.327787378778996441e+01
5.293550289354252669e+01
5.421737810968888027e+01
5.174397630399953840e+01
4.899375489803413330e+01
5.273587566571500673e+01
5.046930329849865160e+01
5.357381691115808309e+01
4.680643100066557594e+01
5.072639471354791851e+01
5.322542126115263272e+01
5.056017174852944862e+01
5.114294055996611377e+01
4.850794532104811907e+01
5.150533759462343397e+01
5.114301447437085812e+01
4.930385936474520037e+01
4.931379629139395604e+01
5.258912348354909483e+01
4.970044850469520270e+01
5.177342784932649522e+01
4.579618756121453771e+01
4.995861966208798322e+01
5.154974635661006488e+01
4.931992643467877002e+01
4.892092699898185515e+01
4.791379637645235334e+01
5.044875880374234356e+01
5.238368941442312376e+01
4.738814502894734204e+01
4.950066840172193849e+01
5.123636234449354987e+01
5.165656517403891002e+01
4.777037814832392115e+01
4.951185375245349007e+01
4.467099150856926570e+01
4.593365700425066933e+01
4.765899293435604989e+01
4.850961727698415160e+01
4.600275807337326484e+01
4.784374379293196711e+01
4.895028876406437490e+01
4.996338897794699108e+01
4.518251523225706023e+01
4.694013504996674868e+01
4.826029793143259639e+01
4.925250211902104525e+01
4.681474396133852167e+01
4.768758752983296745e+01
4.875028584778000607e+01
4.993285409702934885e+01
4.676997503609631224e+01
4.866473848543242298e+01
4.899771092754079405e+01
5.091198534043285662e+01
4.542392462183382662e+01
4.817708371933638034e+01
4.211352573047127379e+01
4.516803083033502730e+01
4.532893126431626030e+01
4.753175074442708592e+01
4.648880401782572136e+01
4.896381584745208215e+01
4.838259232782471742e+01
4.544589629612259785e+01
4.556605081806092272e+01
4.466022728215324378e+01
4.485149033154340970e+01
4.768714630453703762e+01
4.626938692800085562e+01
4.402664837785125940e+01
4.713922341568651575e+01
4.531563820216118188e+01
4.850336604478950164e+01
4.149179275106430254e+01
4.630185658267240711e+01
4.871056538243716716e+01
4.623849713356121782e+01
4.616210514166814960e+01
4.441046100694633481e+01
4.761717601935387023e+01
4.798284336615220980e+01
4.582141009542562671e+01
4.467322762420139526e+01
4.854013036584937169e+01
4.535985508707288716e+01
4.870238040169008542e+01
4.193218117015329938e+01
4.552267005584131709e+01
4.796961874603943699e+01
4.675313921565698649e+01
4.648399258304632298e+01
4.356402986169945279e+01
4.605979219586677686e+01
4.721059155223618120e+01
4.855700794606869408e+01
4.301433586064801062e+01
4.576623356328721570e+01
4.792970456017778247e+01
4.791549836911230642e+01
4.387618557087208160e+01
4.535636178875014934e+01
4.778525920384163328e+01
4.851124170035232197e+01
4.455870668547711233e+01
4.584519055008890120e+01
4.805077853947386757e+01
4.948108495672335039e+01
4.411078969198386091e+01
4.677736355868557183e+01
4.837680603939713109e+01
4.935202090927761276e+01
4.658833061733707837e+01
4.811692599205031229e+01
4.970549000569572939e+01
5.052033027348907268e+01
4.648249029323328330e+01
4.803081982574957465e+01
4.380121393331582169e+01
4.573425727868495017e+01
4.744283796640110751e+01
4.832388080401920405e+01
4.383430039010676182e+01
4.559653468013662803e+01
4.748211413698864192e+01
4.803888644101895267e+01
4.790650783581809691e+01
4.831424226618568696e+01
5.068019638774845959e+01
4.984311792077927095e+01
4.587806274292069730e+01
4.703334024793319657e+01
4.961454134411376060e+01
4.907990296600200963e+01
4.882155487367791835e+01
4.831384569486439062e+01
5.116777396388653187e+01
5.087243320564170546e+01
4.780638590569898128e+01
4.766696089400610958e+01
5.080472295852563747e+01
5.089063355453350113e+01
5.075776581070658722e+01
4.933283805027852509e+01
5.272061561940553531e+01
5.275345598271523784e+01
4.997402220164693176e+01
5.140601307393440322e+01
5.461912822505367870e+01
5.158031962915952562e+01
5.130998041159556777e+01
4.926981224713318142e+01
4.953022103976380919e+01
5.302291967512074677e+01
5.001618053376272144e+01
5.232574978208354821e+01
4.644996381571323951e+01
5.108923484242512103e+01
5.242997448588473475e+01
5.320213461302101621e+01
4.978253527733117068e+01
5.239471425898835832e+01
5.280508730947993712e+01
5.161412345203156349e+01
5.184671292049436175e+01
5.439998357640163107e+01
5.584313468655088286e+01
4.961361518795122549e+01
5.307482916862104361e+01
4.758069034174069856e+01
5.092496155396401747e+01
5.189251547089305205e+01
5.402159346314765287e+01
4.692879786877892911e+01
5.119545158363710158e+01
5.255880153925770770e+01
5.374759429247298925e+01
4.952271246047888553e+01
5.124859376430350011e+01
5.333865075550534129e+01
5.403927622341873160e+01
5.163440287743885193e+01
5.420585236790063277e+01
5.514519643742877264e+01
5.399157870059144670e+01
5.443538335902280778e+01
5.628286817610665338e+01
5.695546947382427305e+01
5.225513586904786933e+01
5.390721075195556011e+01
5.587014855754239306e+01
5.633656265338043312e+01
5.640016445899158981e+01
5.306646187213611654e+01
5.507342459716312533e+01
5.649320553500768938e+01
5.530752519996460848e+01
5.213558160980365130e+01
5.303495699259245555e+01
5.540042733658776797e+01
5.545960250434988126e+01
5.697422152430232245e+01
5.150955590014175556e+01
5.482986959355731926e+01
5.441873376034322263e+01
5.715705194560239022e+01
5.309712171553294269e+01
5.607729051956838617e+01
5.696200986084577522e+01
5.536370506205133779e+01
5.384438565865920623e+01
5.726072563425969264e+01
5.491048102360983307e+01
5.833611975567056618e+01
5.380160412853872742e+01
5.711996794463461669e+01
5.941828987106537596e+01
5.464692784415085924e+01
5.788010477690260558e+01
6.039287881538194824e+01
5.570899678235105767e+01
5.898632545596233001e+01
5.225553279069306711e+01
5.587041293633222949e+01
5.832475045937126623e+01
5.582044804552216277e+01
5.613300745415087079e+01
5.299018958494738740e+01
5.641037562395489147e+01
5.719795699443096737e+01
5.554591844692517810e+01
5.789442564593857554e+01
5.964579248612091789e+01
5.367799004044073996e+01
5.706061656050005126e+01
5.314118042278990117e+01
5.582347604494616888e+01
5.636984256829025242e+01
5.823564436670362454e+01
5.295076190283596418e+01
5.543459405205276624e+01
5.628488427880572686e+01
5.800697555847087727e+01
5.184481041929061007e+01
5.485933794572378730e+01
5.606366643907335146e+01
5.726810976432299327e+01
5.304098071503415213e+01
5.543781312563851316e+01
5.696612463493989509e+01
5.756868945270662863e+01
5.348230661597892777e+01
5.478332531204401334e+01
5.623233930518640733e+01
5.699206117598446752e+01
5.617678798370832283e+01
5.802517987367750862e+01
5.839266245165298841e+01
5.813761344737178405e+01
5.356594625172973423e+01
5.626917899303967374e+01
5.616952946970386762e+01
5.856585434927702494e+01
5.383156358688435716e+01
5.688625588879256867e+01
5.627719167513198784e+01
5.889441974305873373e+01
5.352487720719135922e+01
5.662285672956034688e+01
5.672018943107268285e+01
5.913295019545210351e+01
5.379610942741247470e+01
5.632724322684064333e+01
5.848384911890018145e+01
5.654981583638328857e+01
5.613104991125779009e+01
5.911727357842551100e+01
5.681282114049911058e+01
5.975744332635314038e+01
5.318461421501997677e+01
5.636598516037911821e+01
5.880167748252464577e+01
5.594037578193073301e+01
5.644090780511634620e+01
5.944739146307604472e+01
5.651351435817635860e+01
5.811089127690772926e+01
5.479475206185325220e+01
5.447286356163869669e+01
5.761564640758764000e+01
5.505982377084195178e+01
5.738765551722877944e+01
5.988978685879668973e+01
5.625676146940615752e+01
5.945699725312704231e+01
5.126558910658832957e+01
5.615993715424143318e+01
5.738424615556763797e+01
5.902570267182891683e+01
5.162390200082618463e+01
5.575278454011371565e+01
5.757832377915060107e+01
5.815581784232198714e+01
5.360425845500498099e+01
5.508355746106188633e+01
5.679050158397945580e+01
5.820061846397422300e+01
5.319993115191408606e+01
5.440946770411005673e+01
5.581826143751873559e+01
5.698674879224486034e+01
5.553088807268306226e+01
5.362949585683912801e+01
5.544833534835899513e+01
5.643707915029319366e+01
5.658837048296240368e+01
5.210834244187235242e+01
5.325226573874949310e+01
5.480916021880612021e+01
5.562004449490974878e+01
5.723606863596287297e+01
5.767673178155836666e+01
5.527943933321228087e+01
5.610786315368628152e+01
5.049450983988562314e+01
5.360934627705611888e+01
5.368019359901665410e+01
5.585121159929615686e+01
5.477371075470436779e+01
5.734925213489606932e+01
5.658957560204436277e+01
5.366984227325474421e+01
5.376263180619861259e+01
5.635054389973000610e+01
5.553302426628398081e+01
5.570962999996820031e+01
5.801346545862126902e+01
5.608541047879484154e+01
5.846110868486933043e+01
5.180897790275142256e+01
5.597916507663265406e+01
5.844126472222258428e+01
5.596219252265164101e+01
5.585968493638416277e+01
5.907510941891606393e+01
5.631771887999133241e+01
5.888603399261377547e+01
5.015808272970802761e+01
5.586231297300452070e+01
5.834313694001982498e+01
5.509429553774314314e+01
5.541535734543078462e+01
5.851364769367171448e+01
5.749362490854372965e+01
5.883603222420720869e+01
5.263688896246871707e+01
5.713351139808862911e+01
5.857249059416475490e+01
5.296407649339949586e+01
5.630323724443851319e+01
5.235699272787631742e+01
5.459160101111495322e+01
5.666393173447122678e+01
5.614070070845139071e+01
5.824434937670267232e+01
5.945838476197518929e+01
5.500298379876363697e+01
5.597285443893402146e+01
5.777830359329344390e+01
5.922519995029610840e+01
5.363233297681890832e+01
5.653714649661588965e+01
5.781040090457710079e+01
5.897828854687937650e+01
5.541968049348150060e+01
5.734919708963240481e+01
5.837220789486344330e+01
5.998218954816275783e+01
5.363864398696201619e+01
5.625777394591964509e+01
5.712283262848463750e+01
5.883687070137865760e+01
5.711484915834223131e+01
5.417576887560695553e+01
5.536976690680535995e+01
5.729244487597477331e+01
5.746620156036921401e+01
5.324187991904317840e+01
5.440653996155628391e+01
5.659954478350076101e+01
5.644633798784012413e+01
5.721444294916765472e+01
5.674634835401842281e+01
5.935791261306831501e+01
5.757351903193136877e+01
5.513162778530666230e+01
5.649038779670404153e+01
5.898329330884882182e+01
5.749223408722166795e+01
5.457751464135783692e+01
5.548918298037329322e+01
5.826309513832062947e+01
5.664690702753484430e+01
5.815483241332531605e+01
6.117940002671302580e+01
5.867174026852352142e+01
5.742937180352833337e+01
6.100389598143696901e+01
5.811563571820142471e+01
6.143808355407738020e+01
5.376667614266467154e+01
5.838133615054447745e+01
6.090422836862934730e+01
5.748897488854743898e+01
5.806206264410233331e+01
6.117482465163006111e+01
5.904193140627521785e+01
5.942210290689357777e+01
5.625610479269470687e+01
5.959727474512113332e+01
6.104204403848553540e+01
5.573196623520016857e+01
5.879755236508828631e+01
6.069890248309192771e+01
6.112395107614710099e+01
5.728539886720639629e+01
5.925032323808706991e+01
6.078301020116802533e+01
6.172226778892611776e+01
5.744131230007763378e+01
5.890933945273074812e+01
6.046253160001562321e+01
6.165234238890319318e+01
5.665821506812608277e+01
5.831096933801990900e+01
5.978488320909031728e+01
6.135744604247183531e+01
5.611487009052407160e+01
5.786480391000335999e+01
5.883684506814409332e+01
6.038154575332490026e+01
6.007745158671773567e+01
5.523433179003504989e+01
5.690037483784087158e+01
5.843736984259741263e+01
5.917297333732327758e+01
6.093690328296165148e+01
6.132879951739803914e+01
6.145510511225445072e+01
5.703874175490032883e+01
5.969620978193310634e+01
5.977776346920955319e+01
6.192314389970823640e+01
5.691385847850484225e+01
5.980695450513550071e+01
5.927848963167188145e+01
6.169669903711430692e+01
5.799032773356690029e+01
6.057472256348400919e+01
6.007206255280782159e+01
6.226434929057941048e+01
5.611591514194314101e+01
5.930004046076154367e+01
5.942570369637277850e+01
6.117616776857335026e+01
5.474161658918776396e+01
5.809407821366324498e+01
6.076948423947737865e+01
5.820118491903378555e+01
5.986811721767355010e+01
6.274440250442855671e+01
5.968084782113196241e+01
5.946078616617667478e+01
5.698934101702658239e+01
6.013092721423259945e+01
6.217215219158664752e+01
5.599301167896074105e+01
5.908298511619351245e+01
6.139099501912850343e+01
5.912488008000030959e+01
5.913882495481546187e+01
6.218486055684773106e+01
5.882087091801325585e+01
6.180764747198429632e+01
5.519007006973394169e+01
5.856856537647953331e+01
5.974313586821881472e+01
6.139861541099696751e+01
5.537458414870510381e+01
5.813792465356356587e+01
5.986636285661091250e+01
6.057727326125267098e+01
5.606971333607072694e+01
5.781501405155596984e+01
5.871603357395320444e+01
6.011987203013865866e+01
5.444275517714773827e+01
5.692338466227501215e+01
5.812652402571404053e+01
5.904022448489755703e+01
5.568982505016293771e+01
5.751285978866098958e+01
5.891033941765984849e+01
5.878819535660874607e+01
6.044494430658848927e+01
6.088075930917500500e+01
5.887174427830812817e+01
5.932959643389315829e+01
6.136346454491452107e+01
6.118454762643650469e+01
5.672551513640364362e+01
5.769783111467601344e+01
5.985593534910671565e+01
5.933390028270060412e+01
5.554228814770800682e+01
5.613227130636473561e+01
5.855070331059142319e+01
5.768023942926417647e+01
5.965457990041484493e+01
5.457898077046601770e+01
5.750002634314697758e+01
5.706048667768872207e+01
5.937405303599008022e+01
5.427129222083141258e+01
5.702798997854372942e+01
5.745425017021412373e+01
5.719506756790342195e+01
5.988262372263459810e+01
6.036897427445879316e+01
5.519870477602052716e+01
5.879800102643535809e+01
6.115014063627872076e+01
5.813337806195799118e+01
5.758483718892296110e+01
5.516025380711168680e+01
5.812313965553803996e+01
6.014377243722131539e+01
5.327165362658819703e+01
5.695814546361931718e+01
5.918216759988531095e+01
5.736579075704614894e+01
5.693697907781866263e+01
5.389077005305541235e+01
5.671502039333770995e+01
5.840736313166698324e+01
5.113500951415041129e+01
5.566163271336964868e+01
5.766688240823957301e+01
5.673834453074246653e+01
5.381763494525186076e+01
5.588216116170057290e+01
5.719903752212437098e+01
5.773395259687833914e+01
5.173433099305208316e+01
5.487009859818827096e+01
5.628348338149905317e+01
5.714115852520509975e+01
5.257735326953025634e+01
5.443287134220936707e+01
5.522537889396136990e+01
5.648665249126480603e+01
5.738908253317172381e+01
5.859843403118458838e+01
5.439299234532381178e+01
5.583369359597504200e+01
5.697047733512715695e+01
5.760423467661652808e+01
5.777114585947578718e+01
5.306850021750737767e+01
5.411088503845912356e+01
5.582851730778065047e+01
5.602744636029491687e+01
5.346303659311505641e+01
5.415567414780493749e+01
5.616228072232831892e+01
5.583735265608594034e+01
5.275038808030196691e+01
5.329113331898822992e+01
5.559275131290436178e+01
5.478881174672351051e+01
5.457891007190249866e+01
5.434418584996900137e+01
5.684613597104948468e+01
5.523605340729131541e+01
5.788051343493625467e+01
5.979549237820279473e+01
5.196451462643462804e+01
5.609618341635329841e+01
5.860123278549909998e+01
5.616830779745957614e+01
5.837938392395567178e+01
5.052466350339402368e+01
5.527154867336127353e+01
5.735828611346681072e+01
5.440003036354181631e+01
5.526123920020941682e+01
5.809926482843087570e+01
5.501816702754781829e+01
5.556095761492223062e+01
5.847835413984423525e+01
5.763756379163520904e+01
5.705188333119436805e+01
5.377172645288220565e+01
5.702042058634074806e+01
5.602134107455093925e+01
5.620988495420473896e+01
5.428028062686399124e+01
5.637029368142444241e+01
5.702401931895635556e+01
5.496033022854079064e+01
5.579474711494280825e+01
5.760422035278445207e+01
5.901839308161193998e+01
5.196584601523672831e+01
5.557074213017067166e+01
5.706595198367905653e+01
5.798861196229410808e+01
5.310270973962344243e+01
5.490381963047520486e+01
5.631467918391881966e+01
5.713751448941611955e+01
5.544479518148963848e+01
5.705622275356203943e+01
5.826613194232668036e+01
5.662564782256187357e+01
5.379474649339802284e+01
5.600169922065365569e+01
5.633652670187748868e+01
5.801626935120135897e+01
5.253903910732339710e+01
5.504669058631451861e+01
5.542080240993082896e+01
5.700409071346727075e+01
5.857364489139449404e+01
5.828764103509937655e+01
5.844124477983817911e+01
5.720815169935256961e+01
5.995304734986544304e+01
5.903760847391760791e+01
5.565469907470387767e+01
5.574076218116032777e+01
5.850074336313388557e+01
5.725457263453563428e+01
5.869732471203104751e+01
5.554012679404725361e+01
5.851343912972892980e+01
5.932067030764851978e+01
5.416151289634724009e+01
5.822577998760926477e+01
6.058704250651661738e+01
5.798964137270542096e+01
5.680398012742603697e+01
6.031571038529076390e+01
5.737805583869309345e+01
6.063726701914500694e+01
5.308803042033742514e+01
5.753710905941136389e+01
5.999600792991077469e+01
5.655612289278834481e+01
5.708290359279759940e+01
6.011245541650695401e+01
5.870379823003981556e+01
5.993100187402340140e+01
5.472962994616253951e+01
5.866864810454357126e+01
5.919536182625348886e+01
5.597446032881974531e+01
5.817611001505341761e+01
5.860331559418992242e+01
6.047082110454215353e+01
5.512897799928619236e+01
5.796489901509100662e+01
5.968005345506524861e+01
5.930387270353433848e+01
5.616506038748003249e+01
5.860491788997191520e+01
5.974041269354243866e+01
5.924836299924317728e+01
6.057198543330984819e+01
6.173924004084888395e+01
5.976321639864475799e+01
5.924134418588362649e+01
6.094169414065848400e+01
6.189125724661677452e+01
5.759538192209461727e+01
6.014837978154717035e+01
6.138698561712008228e+01
6.134744512868427790e+01
5.789127730738645994e+01
5.887484829183587465e+01
6.063630979211020389e+01
6.090940226914764821e+01
5.853557083425375396e+01
6.014997454141226285e+01
6.171099413164319714e+01
5.979349515059819709e+01
5.815653159672039862e+01
5.869347664781361118e+01
6.096549157586292012e+01
6.009110588676637832e+01
5.694744178744559804e+01
5.712643914548513635e+01
5.968258397355182154e+01
5.850441197697905693e+01
6.135198775371354429e+01
6.334176761418446233e+01
6.017354262522069774e+01
6.002873533883684587e+01
6.289156281997389186e+01
6.029443925295418438e+01
6.310883917780838459e+01
5.667476325689815297e+01
6.030841849799371346e+01
6.243079003734821697e+01
5.925612981680961155e+01
5.922213486632713852e+01
6.227585762588519458e+01
5.900614585248864330e+01
6.187993722401867558e+01
6.412832731495720395e+01
6.100550921723030484e+01
6.370807933616114127e+01
5.695666824777821091e+01
6.021817638742202661e+01
6.247195703610525896e+01
5.800982528915302794e+01
5.934972292370004254e+01
6.189467995925983956e+01
6.259506027103341808e+01
5.772260505957933674e+01
5.874025262140098391e+01
6.054347329195809380e+01
6.217574045699415564e+01
5.660682899006847180e+01
5.956740465374171833e+01
6.092285853496006354e+01
6.172900908596800207e+01
5.714306335885402888e+01
5.869312309120642368e+01
5.982408380473410148e+01
6.075750420164878562e+01
5.686594656188042762e+01
5.926395464670904545e+01
6.016926523326411314e+01
6.090827614838384818e+01
5.620406864691878468e+01
5.777172996280123840e+01
5.832227098490481865e+01
5.980498476093351456e+01
6.019014709860367418e+01
6.179533496118840219e+01
6.125064554135553152e+01
5.621028137853718221e+01
5.878653812521254451e+01
5.866531410754804909e+01
6.101195359909424809e+01
5.753791781058157540e+01
6.055694101859590717e+01
5.953712947188508764e+01
6.078826167897458532e+01
6.132151390790099299e+01
6.162024961574427095e+01
5.949290075578058179e+01
5.934079746304850289e+01
6.177448304788176614e+01
6.117324452455134320e+01
5.793208015476588457e+01
5.717309941377695282e+01
6.001191963187969236e+01
6.093890811419426257e+01
5.796276248575806278e+01
5.780358306381852884e+01
6.068850836483378686e+01
5.781268680444604513e+01
6.029236269341475207e+01
6.259194058222446699e+01
5.883453753104632966e+01
6.017746077955288797e+01
5.664044063372633531e+01
5.931767221795637113e+01
5.902844674211811338e+01
5.766484571680570070e+01
6.063290654655290979e+01
6.045430912032325210e+01
5.785542053267366924e+01
5.914173994203853368e+01
6.148320901873655231e+01
5.915814090447856444e+01
6.048603893212379745e+01
5.443792995780088972e+01
5.730040539966783797e+01
5.876694817582890096e+01
5.924673582572916075e+01
5.466720709771151121e+01
5.653118578994675403e+01
5.719650691691074229e+01
5.845618972974727967e+01
5.372433419858406722e+01
5.600652466424497788e+01
5.700431659544501173e+01
5.784352680365015686e+01
5.886823488670042082e+01
5.979969278393624421e+01
5.580348054098101329e+01
5.698793384081155011e+01
5.813607234501240839e+01
5.892074546677847735e+01
5.469925648719529931e+01
5.590622994741218577e+01
5.739326367256929728e+01
5.767360045257574086e+01
5.632687468938630815e+01
5.670269861621549268e+01
5.870569670850528610e+01
5.832046001198241925e+01
5.384362699472763580e+01
5.557456365703919232e+01
5.634289564258820349e+01
5.641563218027514637e+01
5.791296955090435716e+01
5.874303472304180218e+01
5.817497587384976043e+01
5.503141952564138961e+01
5.672186214669452653e+01
5.700675533456350053e+01
5.741310383923390503e+01
5.629031956018257432e+01
5.927925677163216989e+01
6.011258689695740998e+01
5.351985500259186068e+01
5.791548849311475777e+01
6.027431637570801826e+01
5.729368220079651053e+01
5.707940647651696509e+01
6.016334075881073318e+01
5.722899201829306293e+01
5.981232567179146997e+01
5.096352918557643363e+01
5.645311700071140848e+01
5.883442907987276982e+01
5.543458271792173520e+01
5.602222643392259016e+01
5.895939684552959648e+01
5.858779294015485561e+01
5.626091358277408716e+01
5.926603260636019144e+01
6.020296611436531009e+01
5.727289015033716169e+01
5.891081272957018911e+01
6.024302330474139922e+01
6.089150631700687910e+01
5.644357859201165439e+01
5.723169372892380125e+01
5.882053073301059243e+01
6.017428613538361759e+01
5.447051043517911495e+01
5.695640265875780273e+01
5.815477682603834353e+01
5.943663555260800990e+01
5.471038511508363911e+01
5.636815210219343442e+01
5.765346649218349739e+01
5.884760764578081904e+01
5.507266842320414924e+01
5.718403778295461848e+01
5.771492281148183423e+01
5.899851735843407141e+01
5.989666504543527736e+01
6.144801712325302390e+01
5.510582607675051747e+01
5.781328072795788131e+01
5.814745749203098768e+01
6.025283130991283542e+01
5.963956446745559958e+01
6.210682752493151781e+01
6.124573804217089901e+01
5.798184996668579316e+01
5.799299711539431712e+01
6.068150857057995751e+01
5.954503659232180013e+01
6.085339838117108968e+01
5.808198077928479108e+01
6.103529482595354949e+01
6.139408275627586420e+01
5.597841391713985360e+01
6.043834214544499872e+01
6.070701689280953417e+01
6.066249219250912716e+01
5.698378254571047563e+01
6.107303653504289542e+01
6.051076152564257171e+01
6.251190379111351092e+01
5.466746118519847641e+01
5.909407735537406126e+01
6.153047779381842730e+01
5.807887561529209819e+01
5.955876883473894168e+01
6.222352995647042917e+01
5.948684834960531731e+01
5.965796959464621096e+01
6.292408775137266730e+01
5.936117105793336890e+01
6.247946160111217750e+01
5.402521443339907847e+01
5.899230042607909752e+01
6.018446346629372812e+01
6.196359504325870660e+01
5.502645310340505347e+01
5.873187637775712489e+01
6.049770270446601472e+01
6.132026819918760197e+01
6.291730596404644160e+01
6.409691796136930009e+01
5.821308782977252605e+01
6.089350541190709265e+01
6.196989462082157729e+01
6.304917492737039453e+01
5.880874977780171520e+01
6.118125406412841016e+01
6.226587320598196840e+01
6.297344174655052740e+01
5.829675638509792890e+01
6.043778087985295144e+01
6.095349760698884722e+01
6.240269303010944668e+01
5.678692760045775145e+01
5.896051311123164851e+01
5.916394558626740263e+01
6.094612987494378586e+01
6.092220759975641187e+01
6.297027618756455780e+01
6.271053845863166742e+01
5.925048816921621864e+01
6.069475786112596438e+01
6.260021627115161635e+01
6.125818974561992292e+01
5.861747824233462012e+01
5.891700976198207940e+01
6.128178978356845619e+01
6.003793080967643903e+01
6.266922051598407251e+01
6.505569981479433750e+01
6.227085968516985304e+01
6.015582756347667015e+01
6.172780498891500400e+01
6.252802308026190303e+01
6.058690427015908142e+01
6.085770239999500575e+01
6.381951302271443183e+01
6.080711842230456909e+01
6.371291394694013377e+01
6.605226299960818892e+01
6.189187342440621364e+01
6.339262391347269698e+01
5.998091435368229440e+01
6.291700187181281478e+01
6.223700641289138247e+01
6.086110971066696607e+01
6.391482895167559519e+01
6.505286551325316680e+01
6.097403035296262175e+01
6.217596179540063162e+01
6.457330083791140396e+01
6.366128340080252457e+01
6.011244093395187349e+01
6.104193032191479773e+01
6.277700912390954358e+01
6.437778259124139879e+01
5.894753185568776388e+01
6.134661015903036230e+01
6.269158603548454067e+01
6.350016863654438026e+01
5.890353161771210466e+01
6.046354716245917871e+01
6.160790568378477161e+01
6.247194603770096677e+01
5.856668555847615920e+01
6.081289456666902282e+01
6.178700858926441697e+01
6.246231694943066515e+01
5.775871760551609668e+01
5.926939455501170073e+01
5.980558191445344107e+01
6.120285472896094348e+01
6.214904249338003694e+01
6.230055301646765287e+01
6.322827865905860989e+01
5.779351023459191339e+01
6.005592550334905866e+01
5.963228630160129740e+01
6.197702873661062739e+01
6.112364787672866129e+01
6.375329323645141244e+01
6.191625784751069972e+01
5.818833589583366006e+01
5.892474345565659632e+01
6.130964088712438809e+01
5.991732386206656003e+01
6.114705076979733889e+01
6.204497358628686499e+01
6.085571786228940994e+01
5.987039114606962897e+01
6.261081870469178767e+01
6.017729980849013316e+01
6.305681768367071527e+01
5.764712832886260685e+01
6.061840722316423324e+01
6.257375752946098402e+01
5.928834802550052530e+01
5.881086304128169928e+01
6.175631809904864866e+01
5.851940124196568149e+01
6.134782803515756200e+01
6.347132327274680108e+01
5.878855441780569180e+01
6.322272377409544930e+01
5.578014039648451927e+01
5.950664062829548584e+01
6.152504167018022230e+01
5.731222690979440415e+01
5.836727610321933213e+01
6.071555763471220502e+01
6.108839860790643428e+01
5.649108689849953890e+01
5.866012459549764202e+01
5.943883416468656122e+01
6.065441806188296425e+01
5.469895045571936976e+01
5.770116664826498720e+01
5.906584114906568317e+01
5.991310577493245404e+01
6.154256587468223216e+01
6.191947902877095800e+01
5.812464138319674589e+01
5.967367428210932445e+01
6.068032475609331300e+01
6.168910611081414430e+01
5.654590824246502478e+01
5.775264756474206962e+01
5.886667467663474440e+01
5.964614571334559656e+01
5.682601671368939833e+01
5.803163440205050705e+01
5.951501789119363650e+01
5.966197270547493048e+01
5.508082947570200361e+01
5.587715788200517864e+01
5.775901889642361908e+01
5.752335824821413013e+01
5.968513115955210679e+01
5.905800476609052652e+01
6.132868548753931037e+01
5.633086319548613830e+01
5.930766430345896367e+01
5.827104880355840066e+01
6.072873809592918093e+01
5.524372802489799739e+01
5.836359006587567677e+01
5.887256596035102518e+01
5.808945850832341762e+01
6.091154524672005977e+01
6.257928802381386646e+01
5.488345825622612750e+01
5.898802738883232877e+01
6.156516855830705026e+01
5.868299721828979187e+01
6.072728591332224823e+01
5.343818253908307270e+01
5.787469524642172303e+01
6.016769716480524721e+01
5.666095675008476462e+01
5.952419071359117453e+01
5.995664977517892424e+01
5.821986437282432547e+01
5.779865531922455801e+01
6.095704935916165113e+01
5.729081036493027312e+01
6.021253018690929082e+01
6.114838227000088011e+01
6.256556925072845843e+01
5.804289308610068332e+01
5.840566114127168618e+01
6.029542347154411175e+01
6.198287636757236641e+01
5.518648288293852744e+01
5.881764736549833827e+01
6.047853835140984557e+01
6.061155634323639418e+01
5.595294024247943554e+01
5.734017151904370735e+01
5.900917557252392953e+01
5.987462248839345591e+01
5.619113100246753589e+01
5.802364877450681746e+01
5.922169849607251280e+01
6.011671667119990303e+01
5.539118949762689681e+01
5.742875008186456398e+01
5.778578342620659924e+01
5.940263531501896210e+01
5.976319318560732796e+01
6.163113100881568585e+01
6.061315501544287088e+01
5.612372930165869889e+01
5.700699493214825253e+01
5.906466601319626619e+01
5.873619164534068915e+01
6.107603714223944280e+01
6.035838503107011377e+01
6.207700592889157321e+01
5.739465762204882537e+01
6.056840595863976517e+01
5.947361884617972549e+01
6.180297493211465110e+01
5.626714907722377745e+01
5.966025666373733571e+01
5.994120321943265850e+01
6.029157493387632627e+01
6.306626173786756340e+01
6.121072654174054861e+01
5.948926905650909447e+01
5.792026261215767136e+01
6.092037219750544352e+01
6.330072287808589238e+01
5.828867458293215265e+01
6.170938680712681190e+01
6.400122872694305443e+01
5.765746436174593015e+01
6.168936819883852962e+01
6.392453951228675635e+01
5.895902774904774191e+01
6.388903514942472128e+01
5.572440865735879356e+01
6.041057488578848478e+01
6.252224846563067473e+01
5.773799771715805207e+01
6.075349730031662432e+01
6.056711644285478258e+01
6.238377380998684174e+01
5.806834690838181245e+01
6.051367577808199627e+01
6.123932209367927015e+01
6.258505497049294064e+01
5.608759785471627168e+01
5.926781707338381722e+01
6.055968462297465749e+01
6.156725136646435459e+01
6.279505179591895825e+01
6.423434792138036187e+01
5.908123745713198360e+01
6.041016337134560388e+01
6.182788221529524719e+01
6.291974204934185622e+01
6.147457711636672428e+01
6.368844873361354075e+01
6.400314698916315592e+01
6.101969004460686108e+01
6.300285578512909979e+01
6.314934897768547017e+01
6.491272957477208649e+01
5.980338787795871269e+01
6.115780002365713131e+01
6.308438145855500778e+01
6.283170008645593896e+01
6.067508518170857457e+01
6.204338215094495013e+01
6.372136791188450644e+01
6.158539553834182811e+01
5.923385626629467282e+01
5.959263319656490410e+01
6.194902768955373062e+01
6.061113071791590556e+01
6.323276920150876634e+01
6.548274379450263893e+01
6.184103602353889784e+01
6.254977087567782945e+01
6.444960442566352299e+01
6.179929570150243734e+01
6.302788335214897586e+01
6.574377989549324752e+01
6.274037304962641315e+01
6.378395839510044141e+01
6.088976042260767230e+01
6.388179353337569921e+01
6.423684946439294663e+01
6.106164887346374570e+01
6.037881730352159337e+01
6.336077691604772610e+01
6.130434287034598384e+01
6.398167607871980067e+01
6.609477554674883493e+01
6.107473152436682540e+01
6.444408841348568728e+01
5.767707289398695281e+01
6.077620790606448509e+01
6.264074115303396439e+01
6.168948436237496935e+01
6.345159646184368540e+01
6.515144070743144766e+01
5.952654761963528074e+01
6.157588187600914154e+01
6.284655858712294929e+01
6.372383365497500307e+01
6.065251750248570062e+01
6.213679903886576028e+01
6.321403584673000609e+01
6.440557269256278516e+01
5.879781437870234839e+01
6.061176731888316027e+01
6.152078597330597631e+01
6.263225950253214336e+01
5.755157635405095817e+01
5.880181783339249080e+01
6.004224092980756211e+01
6.046016193821376561e+01
6.075200128729719751e+01
6.260137509215948626e+01
6.243413751678810542e+01
5.942208798043707674e+01
5.993483000392434690e+01
6.208013784935090484e+01
6.131314666215197207e+01
6.383946647495479709e+01
6.262476747681554201e+01
6.090389986579813097e+01
6.037370604795452778e+01
6.301526796838678024e+01
6.153704428807556326e+01
6.231854782811921467e+01
5.976673025284406293e+01
6.247832555781977248e+01
6.278816159217036841e+01
5.774602116141792152e+01
6.109811684180188252e+01
6.320859554408701086e+01
6.058364934991938355e+01
6.031630923810237732e+01
6.312972319584404346e+01
6.019765725119887634e+01
6.284978207190803090e+01
5.619027443260584675e+01
5.931554433997886377e+01
6.155724221809839491e+01
5.805735062581887007e+01
6.089152660674266571e+01
6.223584984726826264e+01
5.734777407233227109e+01
6.109157536985511427e+01
6.289957473054262493e+01
5.737895003936291261e+01
6.149494346137494460e+01
6.332426925973415877e+01
5.877103677636249301e+01
6.289403541993316793e+01
5.472283858709897686e+01
5.829424528996669608e+01
5.997009208686572634e+01
6.105480714643377382e+01
5.521183462425479860e+01
5.774390010846355636e+01
5.890158173952233511e+01
6.001748818964581034e+01
6.045792636163852762e+01
6.186206550093127277e+01
5.653349424668078882e+01
5.827153990045064802e+01
5.919672530790001730e+01
6.016895089427013943e+01
5.617788186620376933e+01
5.815540674996486814e+01
5.928153865163947245e+01
5.986066858843226868e+01
5.509913055809249016e+01
5.622172584127782358e+01
5.764930504033391401e+01
5.788822245809723199e+01
5.971573354991073046e+01
5.953802541516789404e+01
6.135089353458126737e+01
5.615608029259387024e+01
5.882233727406300972e+01
5.817726101889155643e+01
6.044237903452247451e+01
5.666855767300614133e+01
5.948569049524098062e+01
5.831058671487613765e+01
6.000719798010911177e+01
6.238237989909594461e+01
6.028148147554925629e+01
5.911315569239211953e+01
5.761237205277852524e+01
6.051987700397940984e+01
6.009937342391172166e+01
5.747042809678107034e+01
6.116078163023751557e+01
5.840928995491619702e+01
6.133632544420873245e+01
5.330150261407211332e+01
5.791751640090165409e+01
6.023422775842439592e+01
5.698877689649578571e+01
5.784314182372207824e+01
6.051464034807815295e+01
5.926363577067244393e+01
5.934635267799080083e+01
6.219309770526012215e+01
5.840306050504360513e+01
5.942151285516326453e+01
5.549466498637232093e+01
5.768901785580561636e+01
5.807548445543874749e+01
5.975155935033426147e+01
5.294827526351677704e+01
5.688843694146148522e+01
5.831225700569704173e+01
5.893851603915332049e+01
6.043099290059355866e+01
6.172271342358102686e+01
5.602421762375922043e+01
5.899391227598109566e+01
5.964160818535804509e+01
6.091871316659109681e+01
5.515429062449157982e+01
5.731125536157456679e+01
5.817302246264713261e+01
5.940725398991300921e+01
6.084405658443250786e+01
6.121511735162122392e+01
6.159782875551608328e+01
5.707471910916744662e+01
5.798217476534003367e+01
5.976008126190289005e+01
5.988082534140279733e+01
5.867467231368198810e+01
6.111258373639873298e+01
6.074089022734604271e+01
5.801617015023660429e+01
5.832402723399825106e+01
6.072405135067234028e+01
5.984360800715697337e+01
5.911826112722086890e+01
5.859941361138282190e+01
6.129359399622833848e+01
5.972795245232845218e+01
6.255687964167174187e+01
6.443313558311324130e+01
5.715520455165919600e+01
6.066880276388550897e+01
6.333513055796420588e+01
6.090945057803150320e+01
6.311921817192018125e+01
5.592422774594351154e+01
6.010719650908160361e+01
6.219560451691435077e+01
5.898940321620438709e+01
6.211200450489767633e+01
6.404714338522538242e+01
5.681580657838807724e+01
6.096826053031018233e+01
6.324160891378972593e+01
6.171550946295691631e+01
6.165825449417249615e+01
6.459181884188276968e+01
6.104123540317768715e+01
6.261007892588987289e+01
5.864176990729394845e+01
6.061339773489725502e+01
6.089015224631896928e+01
6.261872693122933953e+01
5.745585053557855559e+01
6.000771736770366260e+01
6.099420194510016557e+01
6.212124777684154964e+01
6.331043949974036877e+01
6.436709296151141757e+01
5.873996716997658751e+01
6.121751917962097878e+01
6.239643030177079197e+01
6.355325080420934825e+01
5.925381922526590728e+01
6.099068292144752945e+01
6.222780249223501414e+01
6.302881886888606999e+01
5.930086416173872266e+01
6.163181350150711779e+01
6.188390393037403214e+01
6.335885458982213692e+01
5.799361581008135147e+01
5.996792486496413233e+01
6.034819095434683334e+01
6.179894952144549336e+01
6.308560683559021243e+01
6.271808372231490125e+01
6.422714341307593600e+01
5.845261263372906058e+01
6.097159454392845390e+01
6.051475810891540874e+01
6.266567024271586206e+01
6.450997360083515275e+01
6.272128710308069799e+01
6.352678157540634629e+01
6.159788834198528207e+01
6.453251828226484577e+01
6.337685257956087526e+01
6.100989528805417450e+01
6.401113977403453248e+01
6.143235571216422386e+01
6.443353575946024137e+01
6.012257080883557592e+01
6.299675523399078259e+01
6.519371637406590025e+01
6.072519512470928760e+01
6.328193586906277801e+01
6.554023734442800730e+01
6.088110328403706006e+01
6.361626763305377352e+01
6.574486342585397836e+01
6.222372507257592389e+01
6.473914316827713833e+01
5.847076976308899532e+01
6.167021277077012797e+01
6.370176283438458142e+01
5.937148113182249176e+01
6.206003540855559919e+01
6.220923978019008160e+01
6.375206788014630632e+01
5.890860426655534354e+01
6.109852263244162174e+01
6.256365753788091411e+01
6.234815903612582133e+01
6.370227596440867757e+01
6.450896092302116358e+01
6.117335129815847949e+01
6.291571903135034205e+01
6.381483434884087558e+01
6.485695863268099970e+01
6.008535028005405820e+01
6.133006176508371254e+01
6.226900669610071049e+01
6.335049335223902034e+01
5.953489071567524604e+01
6.148495800234125142e+01
6.192167145704451769e+01
6.251471459655134311e+01
5.877389286059466400e+01
5.959838960289350496e+01
6.145038978983857447e+01
6.128529780882330869e+01
6.340819468498695954e+01
6.291122192567934235e+01
6.373848785699628650e+01
5.639743599937395402e+01
6.005788042811954597e+01
5.920055753723082148e+01
6.174775585499495634e+01
6.315612818197647726e+01
6.158275185346510483e+01
6.357752500556100728e+01
5.810973749288415036e+01
6.108208884887790902e+01
6.120724184604644336e+01
6.145584581439143790e+01
5.684372560786930961e+01
6.044808318032354322e+01
6.189106873452769975e+01
5.901059544394078671e+01
6.181689519995265414e+01
6.391191370024562701e+01
5.760405214141318453e+01
6.067067391183483238e+01
6.292027407573238662e+01
5.990114898004543420e+01
5.997865177463484798e+01
6.273790493366747256e+01
6.093740487605482059e+01
6.248075388412365072e+01
5.882611140499348323e+01
6.135140125274572398e+01
6.038087640311307780e+01
5.856212113500252059e+01
6.148633175652049232e+01
6.248876589994686270e+01
5.829896916248625161e+01
5.911453604703064002e+01
6.079227050996770032e+01
6.234698618258702396e+01
5.640539430449180713e+01
5.949486428508447489e+01
6.078959575368173063e+01
6.155629571355349583e+01
5.689020357279325424e+01
5.865633814976111182e+01
5.916919123402706049e+01
6.044965259284694525e+01
6.137398222346202914e+01
6.232207214685902130e+01
5.690155636399099137e+01
5.924982128587050312e+01
6.033938900602820610e+01
6.099547544442803115e+01
5.809650636963126402e+01
5.901756639533927284e+01
6.053444958926733221e+01
6.066470059454790942e+01
5.646095164235761388e+01
5.709047343449325496e+01
5.897223246843363853e+01
5.871844482466751458e+01
5.953612556833986247e+01
6.128140260545878704e+01
6.034063575658912981e+01
5.837565360808716264e+01
5.844768464621073178e+01
6.091301103949063389e+01
5.951949929983169341e+01
5.799826301568469944e+01
5.883665623514549736e+01
6.092539119704685646e+01
5.856693765342083680e+01
5.744384578958130305e+01
6.003982301561745771e+01
5.767964908909490163e+01
6.036678837697560596e+01
6.286065460083197109e+01
5.982062498392954808e+01
5.939462159400319052e+01
5.706858865706888650e+01
5.990848550906937930e+01
6.134485360469466997e+01
5.480421482620069895e+01
5.898479760295460039e+01
6.111769201264771567e+01
5.594804903842794630e+01
6.086823449290894672e+01
6.274628664099152076e+01
5.488442314992071402e+01
5.984941192707685786e+01
6.175284667461537680e+01
6.199572857447576979e+01
5.783348466192447290e+01
5.830930340969523940e+01
6.013196684123306568e+01
6.179993777246070863e+01
5.561743439214303919e+01
5.898590533700018312e+01
6.030572718102158802e+01
6.122351294041053649e+01
5.626763982153713783e+01
5.821444933484304585e+01
5.926958229718833593e+01
6.018122721797996633e+01
5.570250484603449337e+01
5.720330054152706367e+01
5.843731449128154765e+01
5.942485072351569642e+01
6.030639875490930280e+01
6.163633215781707264e+01
6.145437706232367958e+01
5.568583319717345859e+01
5.826027393908902496e+01
5.857532533159845656e+01
5.991188776451582498e+01
6.163184159429729192e+01
6.092855832374848291e+01
6.107183387356872117e+01
5.983882470146912169e+01
6.241159200125758844e+01
6.146213929928396880e+01
5.809839356224723872e+01
5.893917887936001421e+01
6.142922081525286870e+01
5.997474838357604199e+01
6.168310807295022613e+01
6.093146889485982598e+01
6.356453089188622130e+01
5.939974564326504947e+01
6.178600019689214662e+01
6.409798291766624345e+01
6.094991252765644418e+01
6.004953183134557548e+01
6.335880418996774210e+01
6.033153390223125001e+01
6.346233849521374282e+01
5.583946156385358961e+01
6.010938950698528060e+01
6.245849290691111833e+01
5.892144965625601571e+01
6.195398215360631866e+01
6.274779113195135238e+01
6.322733663784353553e+01
5.731699119724429181e+01
6.112597325278066052e+01
6.320756446226947389e+01
5.558223636009567059e+01
6.045121360042129055e+01
6.238813576087571988e+01
6.266006486726156055e+01
5.839458894128511446e+01
6.063243623938636517e+01
6.050051036729700371e+01
6.224217371636545693e+01
5.796175194122850627e+01
6.006145107347050072e+01
6.126429207116150621e+01
6.195990978762211654e+01
6.327652885689663975e+01
6.435482741171328769e+01
6.017453109537989775e+01
6.201002377097518092e+01
6.303523119834574828e+01
6.382415390499015473e+01
5.945466356552150700e+01
6.149860548151500694e+01
6.205788986858666334e+01
6.352046672538842387e+01
6.399982518951483712e+01
6.558597946626956343e+01
6.234043884627877219e+01
6.415587194731845955e+01
6.384512479143528907e+01
6.588257312996840653e+01
6.111612831115231614e+01
6.342376508793528700e+01
6.455631294363945472e+01
6.295928348124030549e+01
5.983404567986445954e+01
6.125934646963364827e+01
6.353070538738533202e+01
6.187946474523737805e+01
6.357253007598680483e+01
6.303624608430455822e+01
6.563439089733212484e+01
6.139550190439774013e+01
6.463515359039236330e+01
6.595308224969302557e+01
5.976272524658062935e+01
6.323920380887577863e+01
6.564206098029976033e+01
6.257720576199626805e+01
6.332307258390552818e+01
6.611051334675076419e+01
6.293960591871191212e+01
6.468760315023790497e+01
6.081943957835962067e+01
6.378208278187747737e+01
6.371766892482606437e+01
6.142491132813884747e+01
6.147855588964353757e+01
6.430776800209514477e+01
6.129372174938319517e+01
6.403507520097348049e+01
6.594429377434529727e+01
6.169023854918810912e+01
6.434687415797822041e+01
6.012556537047123584e+01
6.226597779678186129e+01
6.223388749351386906e+01
6.359749461356393851e+01
6.496415100480795957e+01
6.581346257168860348e+01
6.094908857552109538e+01
6.240043730940167421e+01
6.337768049636256507e+01
6.446362101594236549e+01
6.020579498819638786e+01
6.158313153299666709e+01
6.263763936064744797e+01
6.347015666082865692e+01
6.026055199953361807e+01
6.231127864299697450e+01
6.263361460247340062e+01
6.319281045283542397e+01
5.825311295089422714e+01
5.994495726180959139e+01
6.017671077352198239e+01
6.170584812683975429e+01
6.208653834996315624e+01
6.376426026024077487e+01
6.209715300430155338e+01
6.470014149726834773e+01
6.346388423115682542e+01
6.024367373589583963e+01
6.015864397595598234e+01
6.276388580251870764e+01
6.139176526977121995e+01
6.342154067932710149e+01
5.811075321321003173e+01
6.106857279789478099e+01
6.161710861662049865e+01
6.040396784484992310e+01
6.303172007820559486e+01
6.522820043197567941e+01
5.905090015576273998e+01
6.190213718449964375e+01
6.414993086994013538e+01
6.116627722014722934e+01
6.162311372536656506e+01
6.431323306269932516e+01
6.108433429370122525e+01
6.272142037933827652e+01
5.851746723051205379e+01
6.120596879118526346e+01
6.269555953418606009e+01
5.686696692431166866e+01
6.066130161020048206e+01
6.256843361383312185e+01
6.013018741239471865e+01
6.115696596543701702e+01
6.342546732936276044e+01
5.937547221913144568e+01
6.186796400106048566e+01
5.731428328058396460e+01
5.964830986113452838e+01
5.951826641120855044e+01
6.081045050105494454e+01
6.216995212224145462e+01
6.306124148822302544e+01
5.827289301378223740e+01
5.955525696319910622e+01
6.084687583613852979e+01
6.143194932870003555e+01
5.804807645810157624e+01
5.959382179370566490e+01
6.062573860757737521e+01
6.128303457848559077e+01
5.496342922771614781e+01
5.740312807620023250e+01
5.845471465174780690e+01
5.904294268053984496e+01
6.050626448438548977e+01
6.077155685299349841e+01
6.023530026814911764e+01
5.874756092534607888e+01
6.097670395265804899e+01
6.062880485118248686e+01
5.835848806641604369e+01
5.851227396304771133e+01
6.070489418960772809e+01
5.983320418628873938e+01
5.772787546056588326e+01
5.797427023637143861e+01
6.029288963907100651e+01
5.888366518977093733e+01
6.140385831486655377e+01
6.217148412961225290e+01
5.862896978311112406e+01
6.060914270815417382e+01
6.278596246320638841e+01
6.020403935889280689e+01
5.972240630066159639e+01
5.776084348897884979e+01
6.058225322820935332e+01
6.186695774006491888e+01
5.460883153252235189e+01
5.886882434362955507e+01
6.114366531030751162e+01
5.783973910047171074e+01
5.793788305756515200e+01
6.080032606422339114e+01
5.965129408800139998e+01
6.113388179004974887e+01
6.338383483692848586e+01
5.586090349543782452e+01
6.072569196833928373e+01
5.491094279953374269e+01
5.836950129174064728e+01
5.895905478635542352e+01
6.006635467385039817e+01
6.138307386719066017e+01
6.229447645193812377e+01
5.789643557059256551e+01
5.883541140525895230e+01
6.027733628290322798e+01
6.156257263636653221e+01
5.711498561042752442e+01
5.988744611720431976e+01
6.053857965812689201e+01
6.156783128255405302e+01
5.639998466134886002e+01
5.783328750716688660e+01
5.870904309422723344e+01
5.988696237636041531e+01
6.132567715569490474e+01
6.165751339497974470e+01
6.181500652000020324e+01
5.726107845672422769e+01
5.811116336893950063e+01
5.986118335234506560e+01
5.995565069830547600e+01
5.859580403401190551e+01
6.102699604713597381e+01
6.063621282410998958e+01
5.821436180646308145e+01
5.841016600596944386e+01
6.079486882632178890e+01
5.987692702703687786e+01
5.852698683316172890e+01
5.818101292710998962e+01
6.084870400878840258e+01
5.931776098353546445e+01
6.211970353495960495e+01
6.381252839365025409e+01
5.695058845016853866e+01
6.040401382193631719e+01
6.306089180176097386e+01
6.061944496242560376e+01
6.268463643456277623e+01
6.541951822016957863e+01
6.183025026675896640e+01
6.166662258463593105e+01
5.919261299714855085e+01
6.227669063806352767e+01
6.376748060059534851e+01
5.729981549087948878e+01
6.127100785177772480e+01
6.347377913264009663e+01
5.876928106158067067e+01
6.252074846027397825e+01
6.443776411230938095e+01
5.948813114536842761e+01
6.274664679740112661e+01
5.883639047611369932e+01
6.086570033612633779e+01
6.113604361009320343e+01
6.118325874902232187e+01
6.291335900514403079e+01
6.397126349461021988e+01
5.964942113835670057e+01
6.040661060235790814e+01
6.206712853988190659e+01
6.340498203380988684e+01
5.841393407217020695e+01
6.075692816079902769e+01
6.229177422696355393e+01
6.272792097262475153e+01
5.862449272266117362e+01
6.033082961551280476e+01
6.157563537547959953e+01
6.232119571956966553e+01
6.300056267806808563e+01
6.422767550852715601e+01
6.236296056373279839e+01
5.916723836708827378e+01
5.999698655659419444e+01
6.173637096718924511e+01
6.190010267958852097e+01
6.392529022808413686e+01
6.376732887742839750e+01
6.439482457476333366e+01
5.859078038535162847e+01
6.120909158189260779e+01
6.089661570162594018e+01
6.319154315935821131e+01
6.061972360871688892e+01
6.353066857114036026e+01
6.280896464207744145e+01
6.121272547744631254e+01
6.334800360387166052e+01
6.132741385343363305e+01
6.421146233650253521e+01
5.827238452876110841e+01
6.167162786557887699e+01
6.404659542567793551e+01
6.110504594256988753e+01
6.431850103799905582e+01
6.629661678412296055e+01
5.937784885478502162e+01
6.287792193019942744e+01
6.535102232411712464e+01
6.182951150370021765e+01
6.202039809045569285e+01
6.503881147937150331e+01
6.249565816517771566e+01
6.445684843607523362e+01
6.049386238236822777e+01
6.340031653227305242e+01
6.264487916114099875e+01
6.167956478763361616e+01
6.451144214854376457e+01
6.504528148497232110e+01
6.087369705252277896e+01
6.153140865445083563e+01
6.344145715284388132e+01
6.518386241193746855e+01
6.002765280890132260e+01
6.220557775943080259e+01
6.364163943060344764e+01
6.415751670354514147e+01
5.892109350511027088e+01
6.119109721734623264e+01
6.239291401995210862e+01
6.360753097740970929e+01
5.889155841012337333e+01
6.028735941283531474e+01
6.157674006568529279e+01
6.251522240305359901e+01
6.322769276699185070e+01
6.415077482868939285e+01
6.273247097676011208e+01
6.451726949170981129e+01
6.576230555694749569e+01
6.088151209202271019e+01
6.356165083444124519e+01
6.334051694708239921e+01
6.577040151205237350e+01
6.049141148540959989e+01
6.286080243870497242e+01
6.337061098853298091e+01
6.410478806468472612e+01
5.951847077694006316e+01
6.310289709785978829e+01
6.236442254951111863e+01
6.487292288375502380e+01
5.899203528470084024e+01
6.169724121263141114e+01
6.189577707850207844e+01
6.258087089648539347e+01
6.526665492017508541e+01
6.339740057559981778e+01
6.227430917409100175e+01
6.035290369774303088e+01
6.347830434032925240e+01
6.551827255139468775e+01
5.887834652881431197e+01
6.231038100844968852e+01
6.484163962170289608e+01
6.133669362875116349e+01
6.124961368173045173e+01
6.437011667950781657e+01
6.150415723873636864e+01
6.399828011760765634e+01
6.636689698401490034e+01
6.248967206144990172e+01
6.539506783331913198e+01
5.776830611500732005e+01
6.182528192113851873e+01
6.391142764417774913e+01
5.898016208879302269e+01
6.270703678274387016e+01
6.296867825358894777e+01
6.449360562003248276e+01
5.932377828996582991e+01
6.152236562847954104e+01
6.236487068280509760e+01
6.438325315860767262e+01
6.520674502939218087e+01
6.641686631901015403e+01
6.043829420301315736e+01
6.273311385184239697e+01
6.381803186397053196e+01
6.520260258088843841e+01
5.950750806574713891e+01
6.125458424869873397e+01
6.276452594428095466e+01
6.356087765199742279e+01
5.944878248119454867e+01
6.072208076796377441e+01
6.244988053091667979e+01
6.297270318838646830e+01
6.513766682546355469e+01
6.511961732851833062e+01
6.215301275096952338e+01
6.264968231398347598e+01
6.522331824197034678e+01
6.461590471127770741e+01
6.237747538764315891e+01
6.224166669001407826e+01
6.504636244660513000e+01
6.388906611190653706e+01
6.143152561359036667e+01
6.290889702008888662e+01
6.435945552689463511e+01
6.287228993824894729e+01
6.180338036332260288e+01
6.486551401753560242e+01
6.230916929976854135e+01
6.557574561971590299e+01
6.830863563345513967e+01
6.466683873412654293e+01
6.490543750420954439e+01
6.250014811129209136e+01
6.580246059470655950e+01
6.556556673216273623e+01
6.267832964655745798e+01
6.236095800111178278e+01
6.588827334785058554e+01
6.231349170355297673e+01
6.507273985062253985e+01
6.753636871145259590e+01
6.213864968008729761e+01
6.682865359243618286e+01
6.914717504509484058e+01
6.136273424302849833e+01
6.664103425223528632e+01
5.806520920811266251e+01
6.353431651945372494e+01
6.557006718060220862e+01
6.465150291061060273e+01
6.121495243454982216e+01
6.349988431227721009e+01
6.489778561047769756e+01
6.564233387716760149e+01
6.741602946973691246e+01
6.851808318845746726e+01
6.257112443157988935e+01
6.511055393116248524e+01
6.633430240282305590e+01
6.783847947243070564e+01
6.239154709172360924e+01
6.431016380207235272e+01
6.613138564432945543e+01
6.662946505121087171e+01
6.421528588823389327e+01
6.723229049427945370e+01
6.771521830840045197e+01
6.512623853709513355e+01
6.607231736456442661e+01
6.862665659752187253e+01
6.837713973168689563e+01
6.314461223367220555e+01
6.668493791832952411e+01
6.611564410446420936e+01
6.892761264042209746e+01
6.370041649232383207e+01
6.737730797168809715e+01
6.636843985654236633e+01
6.867421201233791805e+01
6.888254250463597828e+01
7.162592112121556909e+01
6.506204952793386553e+01
6.881244970504555170e+01
7.113662265960539344e+01
6.799606295677638457e+01
6.788359383532845470e+01
7.137442966665379629e+01
6.819785103392639769e+01
7.034614702451338530e+01
7.347684329069554110e+01
7.015514019372024279e+01
7.041736914850039852e+01
6.754393001068828539e+01
7.117702377247969991e+01
7.153550191067670028e+01
6.810360301919840254e+01
6.861167914769478671e+01
7.214123300227234381e+01
6.858158914401587936e+01
7.026288746974344690e+01
7.336221036426690034e+01
7.080614696685738352e+01
7.274999571547458288e+01
6.797260135841561635e+01
7.033877258495655838e+01
7.248067292754376467e+01
6.523775319063140898e+01
7.013030530247199579e+01
7.121961498388846223e+01
7.349016500939966079e+01
6.725303970892800010e+01
6.974660663018985929e+01
7.126097829215414947e+01
7.331952905128547116e+01
7.475773790212318204e+01
7.566608340014617795e+01
6.971980467429294492e+01
7.252765925444523987e+01
7.357258248971284331e+01
7.578649394441647758e+01
6.905386916544679821e+01
7.225700383355383849e+01
7.285566962475752462e+01
7.500548427804909579e+01
6.824310842886904993e+01
7.174854035412855069e+01
7.177205315775542260e+01
7.438159453720729175e+01
7.058453788030017506e+01
7.432496168363290678e+01
7.399462675606736184e+01
7.190260020523810169e+01
7.222884366809110190e+01
7.529097876696027924e+01
7.428195211427467370e+01
7.061260212375685796e+01
7.166286732839708407e+01
7.486228206223886161e+01
7.300156560932659033e+01
7.657033065520586490e+01
7.868272853306054060e+01
7.112998635443837259e+01
7.505925369598077168e+01
7.805341455787599614e+01
7.480226229735781374e+01
7.410587879852059245e+01
7.702948290149029731e+01
7.355055829185225491e+01
7.731595723026202904e+01
7.144998184528424190e+01
7.499803032495255195e+01
7.785625043799150546e+01
7.266999796272446588e+01
7.619619545207996225e+01
7.829054976174037961e+01
7.257227391415473505e+01
7.672416705031905337e+01
7.912381603770823801e+01
7.335007595773298306e+01
7.764392267569967032e+01
7.992855295197527710e+01
7.468546957937815023e+01
7.892210096511284689e+01
7.272054397830166295e+01
7.627381611772786130e+01
7.685431457369945463e+01
7.766442126064691820e+01
7.936040607229067234e+01
8.108719145883344481e+01
7.535922306272705384e+01
7.755826752652281186e+01
7.887992771030602057e+01
8.055670421825308836e+01
7.467689180602286569e+01
7.711919041870774549e+01
7.797761323705252323e+01
8.003411351841923249e+01
7.392085805933884046e+01
7.683585596223190350e+01
7.750490176361289230e+01
7.909768834416765060e+01
8.161977423468410109e+01
8.095727587263651515e+01
7.594225623967115268e+01
7.713583399743880875e+01
8.033160933418598404e+01
7.957391554743230699e+01
7.593705572613909283e+01
7.661999335996567595e+01
8.010576241338024772e+01
7.889562635302776528e+01
7.671098952667296089e+01
7.723913601897740477e+01
8.084852916554228841e+01
7.801007523717522929e+01
7.593802898720315397e+01
7.634285248848659933e+01
7.956764986780332549e+01
7.747405552376477544e+01
8.090682244636190035e+01
8.329287461692672423e+01
7.661002545191828972e+01
7.932920245111648683e+01
8.214736910770699296e+01
7.870025138397262765e+01
7.839849518244820104e+01
8.212304332167359178e+01
7.832836714967572789e+01
8.149522833283184298e+01
7.533165601909522024e+01
7.904274029487895348e+01
8.180103752310516541e+01
7.528630003049197228e+01
7.927250858235838393e+01
8.183272173752543210e+01
7.587264905324846609e+01
8.028820988222781807e+01
8.266030618891373649e+01
7.687254979282081990e+01
8.131447223102709643e+01
8.339991884373127107e+01
7.856544462138089102e+01
8.253085973869301029e+01
7.622936545631432637e+01
7.946583181659842410e+01
8.079614363618146911e+01
7.971437893972438360e+01
7.753531131428518108e+01
8.032754062966279207e+01
8.220437538321195348e+01
7.533998783928005594e+01
7.866231527768024989e+01
8.048890876044465870e+01
8.150342844191851555e+01
7.576270485088649309e+01
7.898295837716779033e+01
7.971984778494355339e+01
8.206022417613694131e+01
8.247191264551798895e+01
8.469381004984710160e+01
7.785144878288841142e+01
8.053483449708075170e+01
8.275811420675290719e+01
8.241432697371655536e+01
7.747234131993060657e+01
7.926664147883137446e+01
8.244877463514089300e+01
8.144538749312344805e+01
8.498720623468295798e+01
8.460427130232677939e+01
7.883664803693795875e+01
8.005135196585662527e+01
8.341412907520680164e+01
8.607007852685418925e+01
7.866787174889279299e+01
8.225425039101534708e+01
8.547962577246471483e+01
8.264351411559484006e+01
8.115960001476376817e+01
8.253716197519287334e+01
8.581784064227424835e+01
8.171866613181518346e+01
8.239169264588464614e+01
8.593792803625079557e+01
8.197164340407368854e+01
8.261395355349033309e+01
8.625164298463489843e+01
8.212881650283097201e+01
8.444564415783374045e+01
8.009565849591359665e+01
8.322251117145845001e+01
8.463575217099834447e+01
8.014623705680389776e+01
8.335894622734356574e+01
8.552061533798985238e+01
8.002690665465483733e+01
8.432860808310365996e+01
8.577643744973724438e+01
8.288798761015179650e+01
8.573578611602809474e+01
8.828294290453600013e+01
8.125837336653026455e+01
8.560654237986553028e+01
7.911805867088388311e+01
8.266451748569937763e+01
8.458923407275455020e+01
8.605417470869826957e+01
8.854748346573506979e+01
8.792666765101348858e+01
8.219796247675833456e+01
8.598133347239216562e+01
8.683487375538626907e+01
8.924911337574953052e+01
8.078815155791922109e+01
8.629535776525047197e+01
8.658524779094992141e+01
8.841925533226489620e+01
8.115586288036249130e+01
8.492229918583443293e+01
8.572135012161530199e+01
8.913281796073913199e+01
8.138294557141055918e+01
8.617884781590294097e+01
8.519875742652148176e+01
8.911237284149947868e+01
8.850820673145798878e+01
8.878431123497006183e+01
8.760850360804094805e+01
8.255163780657964878e+01
8.812764748834770501e+01
8.601160666415668743e+01
8.651826345642597005e+01
8.608941225139817277e+01
9.029606961721425762e+01
8.719114726622127876e+01
8.644257129216222779e+01
8.601007209164544065e+01
9.024868815727067783e+01
8.574317381582200426e+01
9.050194651078066954e+01
9.131821178109700554e+01
8.723252974203573729e+01
8.893562293639510585e+01
9.154327738041602913e+01
8.708858641849157323e+01
8.933143179597587391e+01
9.338833137711554855e+01
8.833432509645490427e+01
9.086421885340142524e+01
8.572747186294913035e+01
9.015518359412537563e+01
9.148852087431210123e+01
8.614833802090431902e+01
9.037797599398301429e+01
9.209214472731902390e+01
8.847687556841954404e+01
9.222258373842213075e+01
9.479465611021150551e+01
8.801760373628846423e+01
9.242666639657323913e+01
9.465822741215036729e+01
9.417025455411382495e+01
8.901799455825891982e+01
9.313165861739150841e+01
9.586802417126978071e+01
9.203670159532801165e+01
9.515270643742223911e+01
9.591528039276155937e+01
9.471013009395349513e+01
9.556466415828768390e+01
8.964923661787267406e+01
9.314375439359831432e+01
9.634931368604510737e+01
9.054279358751063000e+01
9.422581780947886898e+01
9.624895635686171147e+01
9.022235542054714585e+01
9.280062324306599919e+01
9.730510233725505032e+01
9.576648945766882548e+01
9.244296576687818856e+01
9.323503249612460309e+01
9.809825113028756505e+01
9.527119679954022047e+01
9.373787829420199103e+01
9.333713399212984996e+01
9.838305072003613816e+01
9.329928245347784355e+01
9.663710751633071538e+01
9.646408351538521231e+01
1.002794296256226687e+02
9.326919981284184757e+01
9.785508850791863722e+01
9.997371780251394568e+01
9.302598546488721354e+01
9.727641577305426779e+01
1.016300897303918020e+02
9.649184186601677027e+01
9.873561186763367914e+01
9.865703492899280036e+01
1.025245340893653463e+02
9.627499995944695854e+01
1.005560623917881600e+02
1.031539037837723640e+02
9.669619390682343862e+01
1.012803179616657161e+02
1.041882701006998388e+02
9.736377678714761430e+01
1.020740759992430213e+02
9.597926444847894345e+01
1.001475965316271157e+02
1.023516975007331524e+02
9.627245958752340016e+01
1.002191970361957658e+02
1.029571831069680030e+02
9.776168616179020887e+01
1.014046273930553923e+02
1.043534227356631305e+02
9.868443674363740570e+01
1.039720378849226137e+02
9.685959062231438566e+01
1.007253445777010938e+02
1.030459429613942888e+02
9.750148908259681946e+01
1.006547315719372193e+02
1.039869167227471252e+02
1.041222767253186987e+02
9.851273405686261242e+01
1.030616224774037590e+02
1.037920841492591109e+02
1.012463447151302205e+02
1.067132658148087359e+02
1.059460305346455442e+02
1.025611717775500580e+02
1.035514160108406827e+02
1.084405866792978799e+02
1.029814747571276143e+02
1.081537987315582541e+02
1.081812290502785459e+02
1.060675871813044608e+02
1.057246323855533916e+02
1.024408957397885160e+02
1.059445615730116970e+02
1.054857214303889492e+02
1.087058464652143073e+02
1.086838946002199719e+02
1.108876215759434984e+02
1.074013298794655782e+02
1.067681824693964501e+02
1.054602740306559383e+02
1.104472023334747774e+02
1.047227314120190584e+02
1.098720200297144061e+02
1.127388334436726751e+02
1.048951878459718898e+02
1.104711847214519906e+02
1.143714759672758987e+02
1.081112635747410593e+02
1.118609415623788550e+02
1.154219820990973204e+02
1.092273252890218913e+02
1.134056278277837322e+02
1.077138185059737765e+02
1.117570723087004581e+02
1.149912040290753623e+02
1.091276637390073461e+02
1.133890781119784066e+02
1.141049025593410136e+02
1.091365792024502639e+02
1.131229804180842251e+02
1.163484599949446618e+02
1.102950880200427690e+02
1.144985536151211676e+02
1.089264518859253741e+02
1.124951781604225403e+02
1.162099559641228126e+02
1.095774925437203109e+02
1.143540687969668710e+02
1.163645532849273678e+02
1.116206255244311052e+02
1.149711987898701722e+02
1.190985251993445075e+02
1.134508001825058443e+02
1.185939466448155599e+02
1.196602882333799442e+02
1.158378434418518879e+02
1.178863055912223388e+02
1.128844673705503823e+02
1.156299448645430203e+02
1.204084214276766573e+02
1.148440071034873853e+02
1.213826551436603296e+02
1.208386463136077822e+02
1.181594959956675410e+02
1.189345559888184738e+02
1.244882907066856177e+02
1.174102664790976434e+02
1.227413869779057904e+02
1.251531257768143206e+02
1.191426537735984255e+02
1.239704507828868429e+02
1.182288753095436675e+02
1.233165782390200746e+02
1.230273384534300902e+02
1.220759088432090635e+02
1.246446655045524921e+02
1.266015466594665071e+02
1.196510766286726266e+02
1.258667736580609358e+02
1.297621573232234482e+02
1.223573887130610984e+02
1.279041579604936345e+02
1.317260016829887945e+02
1.246257150514124277e+02
1.298076522665320169e+02
1.231723198623276119e+02
1.289383423256086303e+02
1.287487608913441477e+02
1.245553571800517858e+02
1.299582472382723779e+02
1.331302456679180466e+02
1.270592727635023920e+02
1.313351503252365831e+02
1.339479202034872003e+02
1.283010782421230545e+02
1.329728372184248428e+02
1.360743105623660654e+02
1.304457152266980984e+02
1.344890999486863450e+02
1.278720820547264765e+02
1.330948801351861732e+02
1.375087385059819667e+02
1.302814317884844684e+02
1.359661401351832808e+02
1.372205919545002644e+02
1.330212972762003574e+02
1.358324374359558249e+02
1.419270846093486398e+02
1.336497233442603090e+02
1.393313104938104630e+02
1.319387223987245363e+02
1.389362614300634675e+02
1.386230046006456575e+02
1.354541322619852224e+02
1.382760159770976429e+02
1.441509334316722573e+02
1.361687016174684572e+02
1.415307966881112236e+02
1.435039600743153869e+02
1.391487311855970574e+02
1.408590500967421519e+02
1.469386035713522176e+02
1.392909078530045974e+02
1.462609551212923975e+02
1.381809034343986298e+02
1.452407412388797923e+02
1.440946905932189566e+02
1.434949774223373424e+02
1.477189700738221632e+02
1.471153030422562722e+02
1.472616275908293630e+02
1.457715290657480693e+02
1.520551778804427272e+02
