0.000000000000000000e+00
-7.861014558058049317e+01
2.541048511108408547e+01
-3.160525215023169210e+01
1.453501442473665639e+00
-8.413998040400798573e+00
4.746970222776496051e+00
-1.265471789206045372e+01
4.517161733785586719e+00
-3.860326640277214061e+00
3.285967230883366064e+00
-3.106847548804975823e+00
3.000873234807307277e+00
-2.506698821560727541e+00
2.677756379987858093e+00
-1.994277011727895177e+00
2.508486060848020838e+00
-1.537151530265091770e+00
2.487785467327085165e+00
-1.121349379813211700e+00
2.541530657052613051e+00
-7.343320708761521542e-01
3.509491279076709880e+00
-3.789224243545050164e-01
2.907200416373124874e+00
-5.102439772604505652e-01
3.217235535471200336e+00
-1.917172284103984270e-01
3.551880947067393102e+00
7.662153187845260893e-02
3.888755776397392339e+00
3.429718075382244824e-01
4.236628726662997835e+00
6.318591227503870256e-01
4.594877817299290790e+00
9.337050615776626428e-01
4.962877556384887257e+00
1.251708044119187901e+00
5.339460708309350601e+00
1.582343065352567857e+00
5.723653475563448723e+00
1.925500926505578247e+00
6.114379316138956355e+00
2.279321387767499374e+00
6.568108137669239177e+00
9.641092513078179493e+00
1.073721534948682788e+01
7.692352056294613938e+00
1.174634125176873134e+01
8.312548271404889277e+00
1.222496564307237321e+01
8.773099875623067589e+00
1.269731569426586937e+01
9.263300442751841501e+00
1.315221965829766404e+01
9.727857746883376677e+00
1.359956932514502093e+01
1.019291660139986888e+01
1.403642302753418392e+01
1.064741952512100021e+01
1.446348328668059047e+01
1.109465164094735457e+01
1.487886871868825622e+01
1.153093859817685640e+01
1.528148175418139054e+01
1.195552436854751654e+01
1.567005866291257199e+01
1.236674145959476512e+01
1.604411532630379611e+01
1.276425516820299855e+01
1.640382384284276540e+01
1.314827409748411924e+01
1.675009984472833935e+01
1.351985998015179113e+01
1.708428211912609029e+01
1.388040544122333841e+01
1.748577931347076841e+01
2.157448658302817535e+01
1.993441212071576274e+01
2.368281587779008035e+01
1.994139879080719879e+01
2.459225469633382843e+01
2.024944941521998487e+01
2.423531222806582619e+01
2.053787571675259116e+01
2.453302180405250610e+01
2.082941109997695861e+01
2.481449757323119698e+01
2.110540047463027236e+01
2.508582814281989215e+01
2.137185002850652893e+01
2.534462307893008060e+01
2.162667258404884407e+01
2.559185722983306377e+01
2.187069016820055012e+01
2.582706326484360559e+01
2.210363665602219996e+01
2.605036186575302537e+01
2.861765003840671895e+01
3.186407917810080903e+01
2.776406621599233304e+01
3.236626532682574720e+01
2.805147901336917471e+01
3.203919568700674603e+01
2.833353437002092079e+01
3.226624316114530444e+01
2.856090703058558944e+01
3.242495840729372247e+01
2.875360454117122089e+01
3.255217480461723767e+01
2.892270637548864798e+01
3.265078050519496600e+01
2.907147796551776509e+01
3.272695150875074432e+01
2.871802377625120428e+01
3.349873791076452534e+01
2.886922978872020096e+01
3.359653681597714581e+01
3.672321308550347396e+01
3.303834357914368525e+01
3.667677048443533039e+01
3.328218389207925298e+01
3.672264209681060976e+01
3.360527838627541541e+01
3.684365862732991559e+01
3.368458832095177513e+01
3.706723955863960640e+01
3.397872196915811571e+01
3.745053456889613130e+01
3.433677054475609935e+01
3.759729306318877917e+01
3.426008847290509607e+01
3.766670296460985412e+01
4.076695977391665338e+01
4.264502740561710681e+01
3.990179589858990994e+01
4.260815034593214534e+01
3.971600649631167101e+01
4.127410264740469614e+01
4.319861907458804495e+01
4.072901847116617091e+01
4.240162528170065315e+01
4.077241224021414467e+01
4.227814903632417298e+01
4.053545309519316930e+01
4.210941046228801099e+01
4.022195182636675526e+01
4.333224227026141051e+01
4.676504350874250093e+01
4.714290844284681015e+01
4.586156409265652911e+01
4.684678788159653351e+01
4.549471777341601353e+01
4.652530341550723847e+01
4.548545206454388534e+01
4.618297907435707117e+01
4.512093702636141046e+01
4.582871335105998156e+01
4.473730638556228456e+01
4.545164554315661576e+01
4.433255453834171789e+01
5.009572435095647336e+01
4.862916805694332112e+01
5.432953408633279224e+01
4.683188758796346463e+01
5.385800742466963698e+01
4.587259027385411514e+01
5.301610312963441629e+01
4.539832620952928721e+01
5.196778989732521836e+01
4.451100306969450315e+01
5.124698552992949629e+01
4.398891851940165765e+01
5.015396805389065804e+01
5.241674372442025032e+01
5.260782167921335173e+01
5.240138225153832963e+01
5.201216321968030343e+01
5.170016210491700548e+01
5.130283201600055065e+01
5.119822339266598021e+01
5.075519109777120974e+01
5.051577101454577701e+01
5.006615473328324128e+01
4.985962675884091055e+01
5.486068376289738779e+01
5.299049353170508425e+01
5.631979771166630400e+01
5.149734142906710588e+01
5.673860051460692233e+01
4.985630559090922276e+01
5.569557264916667094e+01
4.937851448956284628e+01
5.500265221756769307e+01
4.912304789969343943e+01
5.441241298106294977e+01
5.788039218021891230e+01
5.391577240477802491e+01
5.829173208495838310e+01
5.176820603048988545e+01
5.721807242565166263e+01
5.075105085816553441e+01
5.621579639130026607e+01
5.109074537842671759e+01
5.573556309697652011e+01
4.929922570195111575e+01
5.464527614154908974e+01
5.819985540545996372e+01
5.385729386441615674e+01
5.842497256514197090e+01
5.215289689842208531e+01
5.728257942887453424e+01
5.119415766874504925e+01
5.624902096266963269e+01
5.117706052133728889e+01
5.560838147807516663e+01
4.880139557204597622e+01
5.443262257077476818e+01
5.781053886237458528e+01
5.276455541521428216e+01
5.821573342203195978e+01
5.229630114694148091e+01
5.706473079915048174e+01
5.179166694882664501e+01
5.611025808418777672e+01
4.955581052190642311e+01
5.482097924956416080e+01
5.787219976117089004e+01
5.499662111313012502e+01
5.895201109981968557e+01
5.193154137696772210e+01
5.792393907179126700e+01
5.170044231058722772e+01
5.650657662794306191e+01
4.956807887106645438e+01
5.537346830646261253e+01
5.694447429484230838e+01
5.934068216485534464e+01
5.395673269919034709e+01
5.801321596330362240e+01
5.232091488536383395e+01
5.645341102006688772e+01
5.000920775501094795e+01
5.507270220110991232e+01
4.943566896808572864e+01
5.343024846861239041e+01
5.585221332582000286e+01
5.673697324261291186e+01
5.345776788170311988e+01
5.570247092022046331e+01
5.223027496218870169e+01
5.416111291351770518e+01
5.076616375740839970e+01
5.284893525304132567e+01
4.941962663920073595e+01
5.150193036209164887e+01
5.352313206226482833e+01
5.555890731141623462e+01
5.160346754172651629e+01
5.427066718215122876e+01
4.999857701403076504e+01
5.284184763735579793e+01
4.829574405340780885e+01
5.084301993939305220e+01
5.325233219069293256e+01
5.489985716808749316e+01
5.197297942164167495e+01
5.445032701153270693e+01
4.888393134774816673e+01
5.249436730168658727e+01
4.738337111777752142e+01
5.048955288721172963e+01
5.229903202070469348e+01
5.412691764244730308e+01
4.922828319985068646e+01
5.214586818866450812e+01
4.743385258192590470e+01
5.045422571669042355e+01
4.624833506499830094e+01
4.888002383779721072e+01
5.099589984551629129e+01
5.234452164151924336e+01
4.996784622776494444e+01
5.167089875397199705e+01
4.628868926509083792e+01
4.922498333488164945e+01
4.600814799850808612e+01
4.779236083814012659e+01
5.026533531394011334e+01
5.099598176150854556e+01
4.916946538766327279e+01
5.007305784273029303e+01
4.596691572153527261e+01
4.785887228486718925e+01
4.549072345610523627e+01
4.657438215556528149e+01
4.961511715403789680e+01
4.948771347364765916e+01
4.741128249004526651e+01
4.775976160005367888e+01
4.654463713601313657e+01
4.675151669626151829e+01
4.409567121118055155e+01
4.451958172171043060e+01
4.803678615166749921e+01
4.725065992158482686e+01
4.659675615140943705e+01
4.626704142469905889e+01
4.454389740015468391e+01
4.425253155107639458e+01
4.393158387795068620e+01
4.339889900125771049e+01
4.713334405200635757e+01
4.641101762436566958e+01
4.475815959691977497e+01
4.395094602692404351e+01
4.509875902280711557e+01
4.344603978096900221e+01
4.187487106154629402e+01
4.099084074170472292e+01
4.494466268267317588e+01
4.538794715148877401e+01
4.184933267746694696e+01
4.139482675786009480e+01
4.334730378800185946e+01
4.029886665998344597e+01
4.074886853636402151e+01
4.381484053643334420e+01
4.272376202722555405e+01
4.364097486175647589e+01
4.164020208898723041e+01
4.108446828246734839e+01
3.925215994888684889e+01
4.021025401498385321e+01
4.332018810486582083e+01
4.158087055706844382e+01
4.207707571312217709e+01
3.978492943665865056e+01
4.053384301086846619e+01
3.814526332352163962e+01
3.824306589971453718e+01
3.586154403056442419e+01
3.931285732340223404e+01
4.142932704232430297e+01
3.609035112512285082e+01
4.044244373460665543e+01
3.285100658706291910e+01
3.842031003680879309e+01
4.115024999945760698e+01
3.999198533718761439e+01
3.856234422178666676e+01
4.122917832970168206e+01
3.473236592794521727e+01
3.948923445448412650e+01
3.144779887080307290e+01
3.688063222750484726e+01
3.932042692675376827e+01
3.724711906493670455e+01
3.855662811710340776e+01
3.534582951942891782e+01
3.623241822837716342e+01
3.259111272887115263e+01
3.419071446494749011e+01
3.676677315595937756e+01
3.926802509405699482e+01
3.218578412458695936e+01
3.606073781455548044e+01
3.281409546458326787e+01
3.508475024195714553e+01
3.683552345956778851e+01
3.809931185694167510e+01
3.417475832462122298e+01
3.576355830188398954e+01
3.254147146368584487e+01
3.447371187668719017e+01
3.041194260883163381e+01
3.211508306206570751e+01
3.433108322836554294e+01
3.550312900002433736e+01
3.303492754090596861e+01
3.547369608073010028e+01
3.041412065092265138e+01
3.239590386719281412e+01
3.426481835116435093e+01
3.584169919110384228e+01
3.277565313728127450e+01
3.488278602856976818e+01
2.985588271622094325e+01
3.233332515826436548e+01
3.376365484516699667e+01
3.574795520085716305e+01
3.317898376286326112e+01
3.544490090602417354e+01
2.975642472551122708e+01
3.277713375523312322e+01
2.742180042204715562e+01
3.038965671346590014e+01
3.134645988534459704e+01
3.377555522475040561e+01
3.216368791261536586e+01
3.124427938731608023e+01
3.156218834659610906e+01
3.450604913451585531e+01
3.426791833121718156e+01
3.114254490601329550e+01
3.197018867864907676e+01
3.184017313579045094e+01
3.099023479893621769e+01
2.838378809834782146e+01
3.087677548152596430e+01
3.053329591780386920e+01
3.386681956874362953e+01
2.788024252143900128e+01
3.248675252301916316e+01
2.582772916369319915e+01
3.069764892477491003e+01
3.084132931026555369e+01
3.426123606531587740e+01
2.791692101725459096e+01
3.299100204815967885e+01
2.517258474163822868e+01
3.108576399299208504e+01
3.164925260530307582e+01
3.409426092685604459e+01
2.925121736881510159e+01
3.447110886403401508e+01
2.561229084137714906e+01
3.088550634098350400e+01
3.394448614644322504e+01
3.266641907848129733e+01
3.184196419552175783e+01
3.065818111527300616e+01
3.088026731626054300e+01
3.409618578733930860e+01
3.288054436775339440e+01
3.475200384930828079e+01
3.135208102409419695e+01
3.156750252541273838e+01
3.003859242513079408e+01
3.062723860912558038e+01
3.399352452285811665e+01
3.293710854783797259e+01
3.305855732401155223e+01
3.085791854320339667e+01
3.189619304423534274e+01
3.563938106876134526e+01
3.340101146739051075e+01
3.428547800138584023e+01
3.194052931907546267e+01
3.252732128401409994e+01
3.021583318621795300e+01
3.387957810206012255e+01
3.346066138950141067e+01
3.657084268053701237e+01
3.140645130886521130e+01
3.548038245056120843e+01
2.799378653857695909e+01
3.301002908567760130e+01
3.546226359173166287e+01
3.563142484702069623e+01
3.232593272423140718e+01
3.462514988644844038e+01
3.081440052414015440e+01
3.317761606291433196e+01
3.525846720674146439e+01
3.629010038526707405e+01
3.287959388186169463e+01
3.481018326428211651e+01
3.100853383532086127e+01
3.412420230800134391e+01
3.523909822261688873e+01
3.774312707637923126e+01
3.177037864504664455e+01
3.567906000077648088e+01
2.994548796451029204e+01
3.397568700667829233e+01
3.531488890967078476e+01
3.751073616651070353e+01
3.417548054102945088e+01
3.671271119871409638e+01
3.868445289810012611e+01
4.017656918911495723e+01
3.605498859715501681e+01
3.844678438053047387e+01
3.452106167148754423e+01
3.688206243306942156e+01
3.886959159066555003e+01
4.036678928669645217e+01
3.809259495336362988e+01
3.966600637100367521e+01
3.474771001670394810e+01
3.750563042567381444e+01
3.989452515716562431e+01
4.088803740053055691e+01
3.891455647844949084e+01
4.024879697876996687e+01
3.555867605661731545e+01
3.803676165923134533e+01
4.074241661238608003e+01
4.115262063032997730e+01
4.139318209904036650e+01
3.997628729745372311e+01
3.847337360326113043e+01
4.023126211524665763e+01
4.307420849471779434e+01
4.281102359210888864e+01
3.973720222729541263e+01
4.075472152210878818e+01
3.915777414064861262e+01
4.190225698665951626e+01
4.185127867706574989e+01
4.536634371435013691e+01
3.924550448091720511e+01
4.323175522744945454e+01
4.623616553079422431e+01
4.449090414272471605e+01
4.456902007088236672e+01
4.383615518123641408e+01
4.221477521213103756e+01
4.174434905150602759e+01
4.568579499218855489e+01
4.702673087608004465e+01
4.178750720928908180e+01
4.657528678453967785e+01
3.988723295499981703e+01
4.468432223230121281e+01
4.785426415937727995e+01
4.528557307348064143e+01
4.574316894991277138e+01
4.425513763857882310e+01
4.371088969299432136e+01
4.823485682138355912e+01
4.542091711724991399e+01
4.904952540487263235e+01
4.210676920637367715e+01
4.599882222738015969e+01
4.899093349624724425e+01
5.149804371449545215e+01
4.558755238375199070e+01
4.943629253019386027e+01
4.485396176334322149e+01
4.841489893891171903e+01
5.103965200189961138e+01
4.910083445023076365e+01
4.743890782209896173e+01
4.908710921118495918e+01
4.599798460221752805e+01
4.874122271793807926e+01
4.961603934482754852e+01
5.162484729538895323e+01
4.594754685416565110e+01
4.983369607214537211e+01
5.233951591445281792e+01
5.299827038529828371e+01
4.924974487919512711e+01
5.168833485205896494e+01
4.694985386396371752e+01
5.082936268984553152e+01
5.146776979911228977e+01
5.411814404504630716e+01
4.941081896658671013e+01
5.240894249598805033e+01
5.341886921387766307e+01
5.553667481562457908e+01
5.203718237426123494e+01
5.427399492055771191e+01
4.939916233724319738e+01
5.199321481144428958e+01
5.371013489889364223e+01
5.540713790572499420e+01
5.244639172093989288e+01
5.478825180787338667e+01
4.986230566642089457e+01
5.244280250501715557e+01
5.475475296931038827e+01
5.617922682469666995e+01
5.111902338906189414e+01
5.389552402419116106e+01
5.620177358051873995e+01
5.717106035156169241e+01
5.488451037789759823e+01
5.599818995417776790e+01
5.097555142612570478e+01
5.355710978284592017e+01
5.627087847941321996e+01
5.661149459491959135e+01
5.530920893871770261e+01
5.614177831917189820e+01
5.922333995323211298e+01
5.888914005022788700e+01
5.570823194703254444e+01
5.666714743172592250e+01
5.498362396459555868e+01
5.575779613311244987e+01
5.903785376553094011e+01
5.820260419556697684e+01
5.600835450720573760e+01
5.620312611729281116e+01
5.956061113391159267e+01
6.108278875677624598e+01
5.733446643872148485e+01
6.075209971758200567e+01
5.424047507559838266e+01
5.847699446216624608e+01
6.164817912647227161e+01
5.957466755869833719e+01
5.909599264248947037e+01
5.785173992736496018e+01
6.149385229686942012e+01
6.365108960029113661e+01
5.605554010742086746e+01
6.166759309394036137e+01
5.592014884245245554e+01
6.045007169309849360e+01
6.333612038141680500e+01
5.818352200670560137e+01
6.246275416870657438e+01
5.438835873430458179e+01
5.999109247232374287e+01
6.282288003871274640e+01
5.920183595379576502e+01
6.239817377718595282e+01
5.456215452892541151e+01
6.005815888220340071e+01
6.178342169083244784e+01
6.458874468499725197e+01
5.650506446102289715e+01
6.127775981052403154e+01
6.379086382260663157e+01
6.439616827357760087e+01
6.032050937725028916e+01
6.203554794941316430e+01
5.827723718381609075e+01
6.076897982931817666e+01
6.168873380983118437e+01
6.377766047777830494e+01
5.805290077014064565e+01
6.148362499342444210e+01
6.281897938375841761e+01
6.489444950666438672e+01
5.829443142829580893e+01
6.240775753504618706e+01
5.648938293178939318e+01
6.006370089158026815e+01
6.119222971298366787e+01
6.326596959057729919e+01
5.722852434479260353e+01
6.059303451807091534e+01
6.192939982303804669e+01
6.355391229826616950e+01
5.855522488873981501e+01
6.171684027531273387e+01
5.681117492184992557e+01
5.916112554746717933e+01
6.076329028283443279e+01
6.197864268638954144e+01
5.937500949379124648e+01
6.093596131954168982e+01
6.282368095250956941e+01
6.341433067151697145e+01
5.879561401461693038e+01
6.077514194538261449e+01
6.319579235421729635e+01
6.335024695428989361e+01
6.402483939874946373e+01
5.972866670792075183e+01
6.195615013128307424e+01
6.399112811924639743e+01
6.316770545014827576e+01
5.973090277978504048e+01
6.041741101468731756e+01
5.925556801867760015e+01
5.931067994774462449e+01
6.210946663688732627e+01
6.121298639842453326e+01
5.872366307480803727e+01
6.004454935980763253e+01
6.310308902568576883e+01
6.142303592260620348e+01
6.208905284952592041e+01
6.046642303580468081e+01
6.377199745880431436e+01
6.361810083432735752e+01
5.812150389544014928e+01
6.003218908404772236e+01
5.985567695123738474e+01
6.319517440134715969e+01
6.051938981308748566e+01
6.136376698440175659e+01
5.897486024245396408e+01
5.827605136558315735e+01
6.180904979954620870e+01
5.874108979699633437e+01
6.219947206695626818e+01
5.594739790583815164e+01
5.940740799331091182e+01
6.194778553837623747e+01
5.904947285763803677e+01
5.953486407435119787e+01
5.648424793477929029e+01
5.986268687202949934e+01
6.061742519993584466e+01
6.096780200324725740e+01
5.484431520120946146e+01
5.811539129894920563e+01
6.031458724417277040e+01
6.241553582587490467e+01
5.629901408507488014e+01
5.909382692952932103e+01
5.417194901404256768e+01
5.684775486446651627e+01
5.784396110761915821e+01
5.969309642043424446e+01
5.351552255367399624e+01
5.664156471262786852e+01
5.822696010872121519e+01
5.911667380448913178e+01
5.475596361000224022e+01
5.699228832458467053e+01
5.807859042419309503e+01
5.921959833893371439e+01
5.551338614775936975e+01
5.763731331921594858e+01
5.846179003141465103e+01
5.986966093213719375e+01
5.529029033368267676e+01
5.701964019760396241e+01
5.315323634299038247e+01
5.537617898709294906e+01
5.602028510881238077e+01
5.716963506640149717e+01
5.267766435590163354e+01
5.509699427658338067e+01
5.533502548882658800e+01
5.755160035481275571e+01
5.393451832271501445e+01
5.561997422458924234e+01
5.712951599144138726e+01
5.670918992623411725e+01
5.282031798776077380e+01
5.369075925761316626e+01
5.182936026949862196e+01
5.244259405938041851e+01
5.483382796294808514e+01
5.407232230282301799e+01
5.119550943753633732e+01
5.243072676944570532e+01
5.471824856274164262e+01
5.325894926179744715e+01
5.437046709071864825e+01
5.101660136726068373e+01
5.385319803715827902e+01
5.375688901527521324e+01
5.397945613764778017e+01
5.124455870114602618e+01
5.025551209981220779e+01
5.338135709052711775e+01
5.101780393402170688e+01
5.400922630483198361e+01
4.697024377124171224e+01
5.088036140427177401e+01
5.332695975625682649e+01
5.063723939264533414e+01
5.158529261247866060e+01
4.817983865331115112e+01
5.128825569241373472e+01
5.250274991611419040e+01
4.812357400421786480e+01
5.047023394734713975e+01
5.311162167252261668e+01
5.005249868065605057e+01
5.222362523429214320e+01
4.713953012265525899e+01
5.007213842561596806e+01
5.206635258707919434e+01
5.104499421372821644e+01
4.792218311826287191e+01
4.964016844360882175e+01
5.133825510708648210e+01
5.178156334069871036e+01
4.772872902191210898e+01
4.856693331299064198e+01
4.496969124893262659e+01
4.724521303237981584e+01
4.744672310106046353e+01
4.942430449664102099e+01
4.372986243762029801e+01
4.674792631425517442e+01
4.725639684398955609e+01
4.895701051583827734e+01
4.475037581066862913e+01
4.696021223383830545e+01
4.797177649551985468e+01
4.925851218158983613e+01
4.556665832259753302e+01
4.693235490506452123e+01
4.824978672130401947e+01
4.920599671942354547e+01
4.636912150968024804e+01
4.760400275523404900e+01
4.922335367719372101e+01
4.989271600829412279e+01
4.517637661664640802e+01
4.657274343024048591e+01
4.834114258861912816e+01
4.874202423550637064e+01
4.868795022777520387e+01
4.483032093220872127e+01
4.742245088725554325e+01
4.749991175060487336e+01
4.962853933795796735e+01
4.456421080819663416e+01
4.756785322966462104e+01
4.780790642087109177e+01
5.004700249211617802e+01
4.560148268902439384e+01
4.872878761870743602e+01
4.044636538591622354e+01
4.509166040514642759e+01
4.468596571920719640e+01
4.756616685040093273e+01
4.370463049036068526e+01
4.719606244524749172e+01
4.805043970547495746e+01
4.484241740514050178e+01
4.821964552427291295e+01
5.052326821224569642e+01
4.684973927171900954e+01
4.830090882587664680e+01
4.459739109581353489e+01
4.494378646717352410e+01
4.831621889234039458e+01
4.556570776945720525e+01
4.833719867035844686e+01
4.175257996949316208e+01
4.524120420362940109e+01
4.790596623823667244e+01
4.467188703016903872e+01
4.525669356687811273e+01
4.309896738543943684e+01
4.548603386669619653e+01
4.626640754570887282e+01
4.724665361919347362e+01
4.152878808075321615e+01
4.413475242368073737e+01
4.647502976110227735e+01
4.818394659337246111e+01
4.269161968140626584e+01
4.542797879933310412e+01
4.759202576771260595e+01
4.769846615702085302e+01
4.361876990116475383e+01
4.505952895414728232e+01
4.748797158970627663e+01
4.866553057974271468e+01
4.388005454368929037e+01
4.503897087708094915e+01
4.725073633254120864e+01
4.869013627740950767e+01
4.446669305061342214e+01
4.709514890369814566e+01
4.805277362023672083e+01
4.964915963395770149e+01
4.538883288829333651e+01
4.700847023436930527e+01
4.852333239095213457e+01
4.951183889352652301e+01
4.798130854764546172e+01
4.750251146533182123e+01
4.965076269872839987e+01
5.059210373220414425e+01
4.598822078943954494e+01
4.776617211486683345e+01
4.381148166630757856e+01
4.565393506910859145e+01
4.768045402219691198e+01
4.815583563106133624e+01
4.543497507213633213e+01
4.661897577433071405e+01
4.892414553214902639e+01
4.886300436595735164e+01
4.607737920215923566e+01
4.689619425115369467e+01
4.950796879607627687e+01
4.894686425430053589e+01
4.783670766067876912e+01
4.762106952771398483e+01
5.045077487154406271e+01
5.024353613655425477e+01
4.725412495541703350e+01
4.710478406056122935e+01
5.024158702324188397e+01
5.044109501530095940e+01
5.069577617397124669e+01
4.884857953777731154e+01
5.229555086305889944e+01
5.303806529411206583e+01
4.730215932237504006e+01
5.162531281424406870e+01
5.429836164786584618e+01
5.067472771576794344e+01
5.169922800682780206e+01
4.940228232388305685e+01
4.833686764775725919e+01
5.208020816892818772e+01
4.926125599526648813e+01
5.271154018845759737e+01
4.455756985869460607e+01
4.988802230756724043e+01
5.242713587109076201e+01
4.986355843762877527e+01
5.123540886882629763e+01
5.366527938101167905e+01
5.553211803851039718e+01
4.823303920503131081e+01
5.256783385630922822e+01
5.480476738527264757e+01
5.549005328501498724e+01
5.148361387433261172e+01
5.220962539900234134e+01
4.846865536900386928e+01
5.093470993614401721e+01
5.134385283129412159e+01
5.371796484828742280e+01
4.781451292993379099e+01
5.115906589852126984e+01
5.178445945531679229e+01
5.411896908423356933e+01
4.734645421447109470e+01
5.103243156157369498e+01
5.251330941415816511e+01
5.363339370031094688e+01
5.038006018964538413e+01
5.228803074696904218e+01
5.347560896797415353e+01
5.477483879240354270e+01
4.981437629176271997e+01
5.199412606611009835e+01
5.354862971877881961e+01
5.444119872142804439e+01
5.376123457163021158e+01
5.167892059679098082e+01
5.421181475942641725e+01
5.467991912575441660e+01
5.509527844134530739e+01
5.173753420515199508e+01
5.412753341879511737e+01
5.427229559211310317e+01
5.582162636079372930e+01
5.267761399479789475e+01
5.530459571197179258e+01
5.495324640891200829e+01
5.581956099216337464e+01
5.422519790210368029e+01
5.727347502982686223e+01
5.637246324206687831e+01
5.344722031658730543e+01
5.323229356241751731e+01
5.622732208366666384e+01
5.743622195724058344e+01
5.504536171796481625e+01
5.391237000192239037e+01
5.734873872669322736e+01
5.503125020841120829e+01
5.842322534226497055e+01
5.293666120343587522e+01
5.618523284002183971e+01
5.869139240021186055e+01
5.557634176799043502e+01
5.524079804654589054e+01
5.864100501444062985e+01
5.559119562747765997e+01
5.883847494725714711e+01
5.219794998067239788e+01
5.587003751557652009e+01
5.833486063409804245e+01
5.577414396541362152e+01
5.610002494946586182e+01
5.297287444243879406e+01
5.640341076572800461e+01
5.712970862400693761e+01
5.578436734211163639e+01
5.782076785304997912e+01
5.944697263542897758e+01
5.704613784647438024e+01
5.450621016373683148e+01
5.620306941222244745e+01
5.812037524811444200e+01
5.950400654429343916e+01
5.473479617741026004e+01
5.587034348772477443e+01
5.789238587203455921e+01
5.926515474884470791e+01
5.345003467747002190e+01
5.653460885217155862e+01
5.791226482759326188e+01
5.893026221907855700e+01
5.467385575513860374e+01
5.656709042248965602e+01
5.796533819455198255e+01
5.889653456283775768e+01
5.506077888021317079e+01
5.646825322647400469e+01
5.791121036339364991e+01
5.865101641102497609e+01
5.592981925823625744e+01
5.895532039167947147e+01
5.907881807751571301e+01
6.062675760461105057e+01
5.408060958992850686e+01
5.734007628825656155e+01
5.755349939092849354e+01
5.995919941084873273e+01
5.651853404340037201e+01
5.817805564699058607e+01
5.984870161523959808e+01
5.884953768779045191e+01
5.538749469850851170e+01
5.572666342562712316e+01
5.833787324261581375e+01
5.758301451274952854e+01
5.820747260866195916e+01
5.659829455293099443e+01
5.939011054355262331e+01
5.991629596157620341e+01
5.387382697933936981e+01
5.765376914763548655e+01
6.006690606487192241e+01
5.770294895334600227e+01
5.873660953117859407e+01
5.597831276551515600e+01
5.916796159230465690e+01
6.016991054872666922e+01
5.542456019853279514e+01
5.855878164927360530e+01
6.094674892675062239e+01
5.552185862157725182e+01
5.913354546290697300e+01
5.194044594434762985e+01
5.590859653275784780e+01
5.825769375084117740e+01
5.572087894003889375e+01
5.584332008951952275e+01
5.290407053216504352e+01
5.588359346493940194e+01
5.700096089551193046e+01
5.371697713205596614e+01
5.725109814106657069e+01
5.659727095313354539e+01
5.837009045198621493e+01
5.386451670155815208e+01
5.480782953677518066e+01
5.683082131079682142e+01
5.854547812859054545e+01
5.148587375159208790e+01
5.530556246474089477e+01
5.673892976645937836e+01
5.763025463742332732e+01
5.336767642213080620e+01
5.474326474488899663e+01
5.597955574918812971e+01
5.719349964087166427e+01
5.388639758147647285e+01
5.561673162259273795e+01
5.652026769647298465e+01
5.800966254885772599e+01
5.227329531393752404e+01
5.444524786528255333e+01
5.506796248419646389e+01
5.667880374195207338e+01
5.584021459274350718e+01
5.157914714612736162e+01
5.292963836352534912e+01
5.458240890369066278e+01
5.492669374738019172e+01
5.286275604773669556e+01
5.462585720770628939e+01
5.540432649701278223e+01
5.626208754843550253e+01
4.998118321584401258e+01
5.349755373389115931e+01
5.376773082188718433e+01
5.594545290611892341e+01
5.387359256340926805e+01
5.655905131149892640e+01
5.592666810780908548e+01
5.353071103290918842e+01
5.300668874777878159e+01
5.572303192585182785e+01
5.652046859127057132e+01
5.413757634199275515e+01
5.558035065181373113e+01
5.826152169980042572e+01
5.592320162867219580e+01
5.492821122133817369e+01
5.836729805488969447e+01
5.562280062510527756e+01
5.873127005008609558e+01
4.973772526622321521e+01
5.547122131560484348e+01
5.795950721544626560e+01
5.475432085578455599e+01
5.544805075556018892e+01
5.842669807708575291e+01
5.735976517550825804e+01
5.795685885341335108e+01
5.433669348295863699e+01
5.757554040368796677e+01
5.650384807686316435e+01
5.519258337130705172e+01
5.660953219447944207e+01
5.869281128853107532e+01
5.983193423113814191e+01
5.193319777100916923e+01
5.634289032899111760e+01
5.826375370230117312e+01
5.941709739094987697e+01
5.493065818047678306e+01
5.587382581275636539e+01
5.766745436878066755e+01
5.909934512547437890e+01
5.321427283215950865e+01
5.612032366538318229e+01
5.739417283793942204e+01
5.852768533330743139e+01
5.550066809890029162e+01
5.726285994464858931e+01
5.831762579740158259e+01
5.940000458152884022e+01
5.414793537004704405e+01
5.596639053662894270e+01
5.763715408536748441e+01
5.829875844581296462e+01
5.614916731060340993e+01
5.648164267441608644e+01
5.853382381702042636e+01
5.870737002457372000e+01
5.516194383109227317e+01
5.617076603518339084e+01
5.836172552407582970e+01
5.812701485756847575e+01
5.486734077275872323e+01
5.550397319722697631e+01
5.804163985228672118e+01
5.731256928484030055e+01
5.778330548978138381e+01
5.636903784567125797e+01
5.935058839743672365e+01
5.798419471517249946e+01
5.502855631373304846e+01
5.467903589085376126e+01
5.758668230773733399e+01
5.878568442859555887e+01
5.675815338503085883e+01
5.543764903984013870e+01
5.868429330160815027e+01
5.642902005035758606e+01
5.946860118595675715e+01
5.187844473622633501e+01
5.651162144985365643e+01
5.889034585528725074e+01
5.584550087669669693e+01
5.651920442859806570e+01
5.963827178885293989e+01
5.648460324380224762e+01
5.810221087582510080e+01
6.085760869566627917e+01
5.963180026061647965e+01
5.862938567916999943e+01
5.570146865456395346e+01
5.899769282881441512e+01
5.939360477698438956e+01
6.059093220722231621e+01
5.275004769769617496e+01
5.705580032686951597e+01
5.915356137550508464e+01
6.105136207876291365e+01
5.337143890498782639e+01
5.729255936078860145e+01
5.916108101380814333e+01
6.006697025911684307e+01
5.577337740337263483e+01
5.774763857057980232e+01
5.827832342409408994e+01
5.980343964052415373e+01
5.371357992946015969e+01
5.669439767883574888e+01
5.790193641347463682e+01
5.899029846646559605e+01
5.608101677402866159e+01
5.745818090087701790e+01
5.899434668858467035e+01
5.967686172797068167e+01
5.461646257669070792e+01
5.615483934876318273e+01
5.766195983733858554e+01
5.844238729841992352e+01
6.019902934273802231e+01
6.059698958709708450e+01
6.111738612064333154e+01
5.608898476770903585e+01
5.856364863362470174e+01
5.871294222496062076e+01
6.086999526231091551e+01
5.750460788697386505e+01
6.047034552188431178e+01
5.982380503396435500e+01
5.959685495144668721e+01
5.880669566419939542e+01
6.140418891483339081e+01
6.082228682702351819e+01
5.847016456878588286e+01
5.788881898318941666e+01
6.079504807887617091e+01
6.073830066179341713e+01
5.740265804394556426e+01
5.682073146906982686e+01
5.975821834992470372e+01
6.225782187303742887e+01
5.713157184852108372e+01
5.992789030521370108e+01
6.234875879147890743e+01
5.913429307420838654e+01
5.854305394224707015e+01
5.613296697249677436e+01
5.927167926498130157e+01
6.145775673379185378e+01
5.530496935752345422e+01
5.841498716558687931e+01
6.071583214133438133e+01
5.921985522421449133e+01
5.906735278601536976e+01
6.214498259971166050e+01
5.831300950136294858e+01
6.015743761119517785e+01
5.599285502265841785e+01
5.891912218508012700e+01
5.820948636528436282e+01
6.016071586258803450e+01
5.611833846138893733e+01
5.835882896103373696e+01
5.864634878599819245e+01
6.021382413436518277e+01
5.494609642646345549e+01
5.714169605751398962e+01
5.820520932842871531e+01
5.944429699488142660e+01
5.394863666846878658e+01
5.629324248946889497e+01
5.743077913021261338e+01
5.859384500396544837e+01
5.488288801088926760e+01
5.647520302462536534e+01
5.730481834254020868e+01
5.873012978761845204e+01
5.930127640952103008e+01
6.076873113154278627e+01
5.825443111573710553e+01
5.827523277524958445e+01
5.874180990791463586e+01
6.046951401315957497e+01
5.872143918735230272e+01
5.503214388985359307e+01
5.596321602060620393e+01
5.815197976982919670e+01
5.759435608466591106e+01
5.583183870402552884e+01
5.595742946162160081e+01
5.845195286095779608e+01
5.736620700110432125e+01
5.477902503278804858e+01
5.537539206999868213e+01
5.775917908276078805e+01
5.639306974812640760e+01
5.699380904935207326e+01
5.786984139346623834e+01
5.788386334366182950e+01
5.685234024237512784e+01
5.966104079816074801e+01
5.754837799622188754e+01
5.858416494587456924e+01
5.579200852884140005e+01
5.877146312837326292e+01
6.001182286520320019e+01
5.478185918534227028e+01
5.808415416854633406e+01
6.034688169786613088e+01
5.563652047483318341e+01
5.872522066661025519e+01
5.142146956852800344e+01
5.517201594210730065e+01
5.750134243012442425e+01
5.453854328232896620e+01
5.502659286289145513e+01
5.784606874015073430e+01
5.695916373094580365e+01
5.625753798619267343e+01
5.915318979173522251e+01
5.785279957546179475e+01
5.739620084075274065e+01
5.407792419859396915e+01
5.560533263448576946e+01
5.613308273679003690e+01
5.768953923683016427e+01
5.186328953497406502e+01
5.465494729588547784e+01
5.560048736085964549e+01
5.675518303163297418e+01
5.195691980787970010e+01
5.427692452979230353e+01
5.563829302372077024e+01
5.651542640251057037e+01
5.749531174163715264e+01
5.863237102114381827e+01
5.243659648917162031e+01
5.518641156948839921e+01
5.631992489562950510e+01
5.691955818214904639e+01
5.732076919244386914e+01
5.287495344729340019e+01
5.396533655646601346e+01
5.552582569000552581e+01
5.575224644409227182e+01
5.299419266530140504e+01
5.391936349904639059e+01
5.587234041034664500e+01
5.554381853220836263e+01
5.237333971787180076e+01
5.291011823349222709e+01
5.521015462768376381e+01
5.441928995206386332e+01
5.454573290629151217e+01
5.423199666163444732e+01
5.673431686938030083e+01
5.513223148061669576e+01
5.205123227359147364e+01
5.424000049699244386e+01
5.323882171470864222e+01
5.616758318533957350e+01
5.868142474057739832e+01
5.621795759772159329e+01
5.736688199590810910e+01
5.365574252766442953e+01
5.696460835381347465e+01
5.869744933077745941e+01
4.994624605623440772e+01
5.540098297246409231e+01
5.781187267260374796e+01
5.475785889626573777e+01
5.561934637692891670e+01
5.844483709072050459e+01
5.755038076464993679e+01
5.648945437158072025e+01
5.332064618099351350e+01
5.663870769956817952e+01
5.634847929920645271e+01
5.533332049404524611e+01
5.501317948557895932e+01
5.729825136436141975e+01
5.907103012942139486e+01
5.432440152065359484e+01
5.549933675506747477e+01
5.740824997489376358e+01
5.890833539501299043e+01
5.185541062881352303e+01
5.549998344855842447e+01
5.699644959427630653e+01
5.791791337935959660e+01
5.302969600474602885e+01
5.484243727432196636e+01
5.591140291838168253e+01
5.710644866134271780e+01
5.528453842538885965e+01
5.692974426638389929e+01
5.813780773763388510e+01
5.690055474445673411e+01
5.292681511238835412e+01
5.518677234879778126e+01
5.556891123610814276e+01
5.726175222663422204e+01
5.399579301571318979e+01
5.661987270514102732e+01
5.689759038888902865e+01
5.785141762716812508e+01
5.152241693221786534e+01
5.471641843585781118e+01
5.479078175703705966e+01
5.700259410195885579e+01
5.769011390090197722e+01
5.883423874575210277e+01
5.762261649241128225e+01
5.417302962365250352e+01
5.562376380616714755e+01
5.796086126986988774e+01
5.655306664836554376e+01
5.757095990192946289e+01
5.719618216229634555e+01
5.986927165866008238e+01
5.711273970154143598e+01
5.553487330906234831e+01
5.854625685497627785e+01
5.610483420919887010e+01
5.916654748666592667e+01
6.184754599429300015e+01
5.869241025285682412e+01
5.824096173317062153e+01
5.598210149697700189e+01
5.919084581605714135e+01
6.118611437078943283e+01
5.392075139403566197e+01
5.829724573731130732e+01
6.064958821636651010e+01
5.944792887029051087e+01
5.809239505887184407e+01
6.166524782332758292e+01
5.868999806104049810e+01
6.061776547789843050e+01
5.702294341977039238e+01
5.917075785041726732e+01
5.953919030579691452e+01
6.091958980741485163e+01
5.507872442197887608e+01
5.797069393726648912e+01
5.963043624384005170e+01
6.026939391947188085e+01
5.610981561427067987e+01
5.791399537357997218e+01
5.859209542765639611e+01
6.019932481776955768e+01
5.524041344327538638e+01
5.722507675395229398e+01
5.826339388535986075e+01
5.943708361480453561e+01
6.100910107292508400e+01
6.162382977551600760e+01
6.029694850052552368e+01
5.941870358922849960e+01
6.167521271793997073e+01
6.213394357887356989e+01
5.753661263250263147e+01
5.976355381740899020e+01
6.018157511173564700e+01
6.201611851668479858e+01
5.977703711971975054e+01
6.240677766040150942e+01
6.226172051076978420e+01
6.168010596702033865e+01
5.981342551250438078e+01
6.255337350199850022e+01
6.179830558249727801e+01
5.841338639515046793e+01
5.852892175396148389e+01
6.108601785196344736e+01
6.052075438596990864e+01
6.271271916106563538e+01
5.656392090507245030e+01
5.969467045243547432e+01
5.969557983346471275e+01
6.160133270550393547e+01
6.382168830065631226e+01
6.144808918346380722e+01
6.147826848653653542e+01
5.932730022935863445e+01
6.246000066438040221e+01
6.440412191496858441e+01
5.765217841587481473e+01
6.112271371340501247e+01
6.353679424850535185e+01
6.021035615291074095e+01
6.060877249127679534e+01
5.767497225249741177e+01
6.067420592218931574e+01
6.143366549935401366e+01
5.906908001743124004e+01
6.206944640643117594e+01
6.147522718857282342e+01
6.101107508564233228e+01
5.863338216948311299e+01
6.234648848491733730e+01
6.188555607194252417e+01
5.871266290032999535e+01
6.076492324906026710e+01
6.239076396017233606e+01
6.291334624790724206e+01
5.845657924774593539e+01
6.031803927070471616e+01
6.103084571526835589e+01
6.246654603310551579e+01
5.764173942379233040e+01
5.920742972035250062e+01
6.011479473812119778e+01
6.123969481869667675e+01
5.791802897113264947e+01
5.957781078708041633e+01
6.041916527635695644e+01
6.173713399131290203e+01
6.279272870307062959e+01
6.302610536034426758e+01
6.012869331724447619e+01
6.091293805920675197e+01
6.287950118370140018e+01
6.274185101900738459e+01
5.845639911296919422e+01
5.945942317721384285e+01
6.157479865815475506e+01
6.113198461653217919e+01
6.074131016619423917e+01
5.843665925899748004e+01
6.121714220369769066e+01
6.017131157207369085e+01
5.854040935138043977e+01
5.969402878969493287e+01
6.055495490291728089e+01
5.957845021691341003e+01
5.806739778960518095e+01
6.033830625963258143e+01
5.841890166313998378e+01
6.109890469278944636e+01
5.738986490659763717e+01
6.017065015362643976e+01
6.179465351637035297e+01
5.661478403850514241e+01
5.961773141558334999e+01
6.193875991997103370e+01
5.885783482987545767e+01
5.811818355519377377e+01
6.112790792840229415e+01
5.824488064702822498e+01
6.118696707089476661e+01
5.428646001094912776e+01
5.787401513907098405e+01
6.006929028674992566e+01
5.725215834513891622e+01
5.753383272389793035e+01
6.031437091654466087e+01
5.867039620943703682e+01
5.857976476241539388e+01
6.138582208863846290e+01
5.835723016825543397e+01
6.060941351415629441e+01
5.528602770339860939e+01
5.754855004294049081e+01
5.809002382189788705e+01
5.961558732235663172e+01
5.382010710016472643e+01
5.652818990904022201e+01
5.758149193443281888e+01
5.863789597536759146e+01
5.968327008214533436e+01
6.102318349383455853e+01
5.570057810431862322e+01
5.753789063560279970e+01
5.832810099062115938e+01
5.945870117931804089e+01
5.642047629989342994e+01
5.757121835537331123e+01
5.873878615080871413e+01
5.943482732164353877e+01
5.440767114121062775e+01
5.587484818751325832e+01
5.728297589130671952e+01
5.759176072949494340e+01
5.754238619693791179e+01
5.756307585149215100e+01
5.958357692191277977e+01
5.892979687031065339e+01
5.429342916144427278e+01
5.540611284966097116e+01
5.757670695447085762e+01
5.675258195977678355e+01
5.921098425258474407e+01
5.838984138054246387e+01
6.015802293764918574e+01
5.519227913785394435e+01
5.832870078064077290e+01
5.871996927744682182e+01
5.839952788276607265e+01
5.447882530462781148e+01
5.827263838542408081e+01
5.620180111410846990e+01
5.900419600824053390e+01
5.406223650432990269e+01
5.766030811581012472e+01
5.984218658864361373e+01
5.442085874909997045e+01
5.808165842769884790e+01
6.034482891267738580e+01
5.455059246815903862e+01
5.843543919240791951e+01
6.060197580756165792e+01
5.756689828999191150e+01
5.935257608391161455e+01
5.381138486637346574e+01
5.773431244145190533e+01
5.903609227705176465e+01
5.364033904174227274e+01
5.757475372178680573e+01
5.760774966901635707e+01
5.928102483947993306e+01
5.375334706498345838e+01
5.707086865133478426e+01
5.804988036566652454e+01
5.903660995024978320e+01
5.252321585013235250e+01
5.591521731912268223e+01
5.738305579684496394e+01
5.830693454965717848e+01
5.952428805738496465e+01
6.103509340709418751e+01
5.561813535815211651e+01
5.764869229244548166e+01
5.845971160169848702e+01
5.981907080401397536e+01
5.588283434872532496e+01
5.734691331128809111e+01
5.858031746810826235e+01
5.919233525946367536e+01
5.889719335548664958e+01
6.085859008897853784e+01
6.099357301600758063e+01
5.800292989364915996e+01
5.870335620641611740e+01
6.082164944246875393e+01
6.045517049308754309e+01
5.658340386336598016e+01
5.711136809948182247e+01
5.952944410129914132e+01
5.874368839265676456e+01
6.035870356420342375e+01
5.939774925044705611e+01
6.212602174180781134e+01
5.883925360407371841e+01
5.981349893119428174e+01
6.045202365667924482e+01
6.221931784026358514e+01
5.531476718023202466e+01
5.911784165014585568e+01
6.151808251647275938e+01
5.912872269906029032e+01
6.138465047812761100e+01
6.415448620125421542e+01
6.051067474244550226e+01
6.063856939173412286e+01
5.816243757633359479e+01
6.130277320804369623e+01
6.233173605880553936e+01
5.818284805803693871e+01
5.890325933196145058e+01
6.184276720519798687e+01
5.936697583245110366e+01
5.966572093663343423e+01
6.288073264209027968e+01
5.939111332420795009e+01
6.246684355551638390e+01
5.401486063109526015e+01
5.896442853345840263e+01
6.015218838119336908e+01
6.191568567916203847e+01
5.496006568918688373e+01
5.865195254242497214e+01
6.041237810409802478e+01
6.122903339900768316e+01
6.282102263817975540e+01
6.399229478137811356e+01
5.811315550553983655e+01
6.077786854723840548e+01
6.184329362668355401e+01
6.292300109762886962e+01
5.870990421407380921e+01
6.090493612783056676e+01
6.179131046535302119e+01
6.331185599602770964e+01
5.805993602992174374e+01
5.998160745054597953e+01
6.050851052338364156e+01
6.204882240904450441e+01
5.679057659375929745e+01
5.908858137844835312e+01
5.926709983561057271e+01
6.105418327153549996e+01
6.085589848717975059e+01
6.291535836537089921e+01
6.263743451863941658e+01
5.889167313142777260e+01
6.055242395509043263e+01
6.141464069360531397e+01
6.119339286038959358e+01
6.035070007098924805e+01
6.057742269269919433e+01
6.293385726461458063e+01
6.141738517312289503e+01
6.431775130840729560e+01
6.406320505474474203e+01
6.022479661966686137e+01
5.958074839622084795e+01
6.249895917004300117e+01
6.486732025916418820e+01
6.034323024686744219e+01
6.298965442305245688e+01
6.530001833073914952e+01
6.132608131775812410e+01
6.208830608428055342e+01
6.493435031439109650e+01
6.166338905879942445e+01
6.313355990581082011e+01
5.968875581079136339e+01
6.261451419332084356e+01
6.199464859125566818e+01
6.055997317058486829e+01
6.360119037878420301e+01
6.462541586705077634e+01
6.042982399972537877e+01
6.103496282227266789e+01
6.375938657638578633e+01
6.400622678676951693e+01
5.954916894998341803e+01
6.202991120233807010e+01
6.347845911287158316e+01
6.409725525420086001e+01
5.959582055395778610e+01
6.116292610100249050e+01
6.243577724017529107e+01
6.322731817706795709e+01
5.854884125092534930e+01
6.003151927736778504e+01
6.121550887494932880e+01
6.202263739543121801e+01
5.848272367959703644e+01
6.059595126917405139e+01
6.159575140690495232e+01
6.214707615874162627e+01
5.736697415439505221e+01
5.883348444545310940e+01
5.935526739834661925e+01
6.074693011751489280e+01
6.165454293743615466e+01
6.190089729339388214e+01
6.288070446658085189e+01
5.712690648811803840e+01
5.926215359277642847e+01
5.885641487472828004e+01
6.118219275923196676e+01
6.064393814878292943e+01
6.303245074132812675e+01
6.148428130366943378e+01
5.773650331868996233e+01
5.832044649880951681e+01
6.068179261424221238e+01
5.929968257199684700e+01
6.082961694562515476e+01
6.178983443869271497e+01
6.042395133754324377e+01
5.929658891373816232e+01
6.213768692348770628e+01
5.970807250480767436e+01
6.257718898165194332e+01
5.718626570157165645e+01
6.015672499980771448e+01
6.208729911697692216e+01
5.875784724243711565e+01
5.830790922597361714e+01
6.124360703476269663e+01
5.800570577551184215e+01
6.082804360407756405e+01
6.294570377482549617e+01
5.839459589491359282e+01
6.267559511101243430e+01
5.520519741947057213e+01
5.895126916144348428e+01
6.096597995378700574e+01
5.679613744745945780e+01
5.782313919331552654e+01
6.017709982002707392e+01
6.059797400014032576e+01
5.597813074254172250e+01
5.811393835724117451e+01
5.882057721420625995e+01
6.012810402247701802e+01
5.424375583751709229e+01
5.720911622824660014e+01
5.856720167512150255e+01
5.941042260278188536e+01
6.094581724108843446e+01
6.159801294545505357e+01
5.723714109331540811e+01
5.865924168791758575e+01
5.960704208839343465e+01
6.070037872389669786e+01
5.617202377404900204e+01
5.791490533738269875e+01
5.860568973373339929e+01
5.988515250879506624e+01
5.876547393570010058e+01
6.073106188457153110e+01
6.086571176270413019e+01
5.579995955621627246e+01
5.669501059539698673e+01
5.853624279500663619e+01
5.831846469592436222e+01
5.998933175681650454e+01
5.456493870048678474e+01
5.724931785485612323e+01
5.660415761720364713e+01
5.889168281777764236e+01
5.949447414119499200e+01
5.940076913181799512e+01
6.015253030994444572e+01
6.226175936155401303e+01
6.003013327559060741e+01
5.886354291316352061e+01
5.740715018304068451e+01
6.029525338589689909e+01
6.186366441693006379e+01
5.422860648511129966e+01
5.833681110377083456e+01
6.090839899484498687e+01
5.803619422525656546e+01
6.014644534576277124e+01
5.260472413456508178e+01
5.715592450302530381e+01
5.945463964560320136e+01
5.603308377803229945e+01
5.889207395394888778e+01
5.939860881201602893e+01
5.781137926940651539e+01
5.729769016705593287e+01
6.046013192341836628e+01
5.675310667641665674e+01
5.962486936151665162e+01
6.052788305538424396e+01
6.193855821707826692e+01
5.704306601431318313e+01
5.779589914264646211e+01
5.968042859817502688e+01
6.137131169486826821e+01
5.463862283576749235e+01
5.823336064494040443e+01
5.986561278438945521e+01
6.022075779970018061e+01
5.529023350267557646e+01
5.658348050704755394e+01
5.828081518822352791e+01
5.917797928406511687e+01
5.583905298058302691e+01
5.766195752822515175e+01
5.892096909854705444e+01
5.948151243590559289e+01
6.004146311885161680e+01
6.161005154560487540e+01
5.950528284634848575e+01
5.934422126592647828e+01
5.993123436246897029e+01
6.180922914777880095e+01
5.780524284909124333e+01
6.027507382130588098e+01
6.008686277040508372e+01
6.218665730910893785e+01
5.597703316188110279e+01
5.911787970866582498e+01
5.852794050092236944e+01
6.101724477619026032e+01
5.833134449238518471e+01
6.117882090792600280e+01
5.999578783186383646e+01
5.819359491981366972e+01
6.077117097345942653e+01
5.874096950795488681e+01
6.166197145529677215e+01
5.829022221240670376e+01
6.143318233092588088e+01
6.347001608970419539e+01
5.600261561996263282e+01
6.018258829954695699e+01
6.281605865150430645e+01
5.975097026128874234e+01
6.118257359400816142e+01
6.391171091093868739e+01
6.052825295651712167e+01
6.067019053910557602e+01
5.783684836112579575e+01
6.087495491272640180e+01
6.181121736024557833e+01
5.854582582254795398e+01
5.836088572075495762e+01
6.152251156478347838e+01
6.094440909469714995e+01
6.019948346655311155e+01
6.230216426551107389e+01
6.373360945204318284e+01
5.926730665816557320e+01
5.968440156293785037e+01
6.158918744862751993e+01
6.328269633501714253e+01
5.715986183672021781e+01
6.033194247599087845e+01
6.186655219464157085e+01
6.220191811704451368e+01
5.817154099292395841e+01
6.050404495190776544e+01
6.184127636004029682e+01
6.178888293823918332e+01
5.731794416851332841e+01
5.973995608791091882e+01
6.079272354239473941e+01
6.151164602357094680e+01
6.302040416894426045e+01
6.316140572696169642e+01
6.113227955052948204e+01
6.167758107758773178e+01
6.346061034591116368e+01
6.357870339229643264e+01
5.839208725923272425e+01
6.108892607283642917e+01
6.072009892065874936e+01
6.274056282024174180e+01
6.139550562172583170e+01
6.393887068283939357e+01
6.301510395723749269e+01
5.944771375447469808e+01
5.945899259548934879e+01
6.200427900372370260e+01
6.087336769706882222e+01
6.259469031544130502e+01
6.417410685630386524e+01
6.198707101198331770e+01
6.229330281599061436e+01
6.038924185234294129e+01
6.326989302673044335e+01
6.522596470690059789e+01
5.826256204442297815e+01
6.158167519849629912e+01
6.395274129887928183e+01
6.084971397628575573e+01
6.207834244182679129e+01
6.475407729505543841e+01
6.141585716819345464e+01
6.205776870865021522e+01
5.899367532791544022e+01
6.189217554830700863e+01
6.220444126387288719e+01
5.982215251532904432e+01
6.270928444865366203e+01
6.214164516179177866e+01
6.245703475427460916e+01
5.873444355927020410e+01
6.142211836391980739e+01
6.115405687741516516e+01
6.259296821338342198e+01
5.802000605220366936e+01
5.999496814052452009e+01
6.054173080796619644e+01
6.201235430066893173e+01
6.329300606772709870e+01
6.411546268338415189e+01
5.938413273880613730e+01
6.108706797244003894e+01
6.188156880430549478e+01
6.290119029792477789e+01
5.918423422481186691e+01
6.079075389158035136e+01
6.180888354107337790e+01
6.201735850505447445e+01
5.922224145456707589e+01
6.106781686050434388e+01
6.155955814083839073e+01
6.224265889375955396e+01
6.398380803173530040e+01
6.379697943007011673e+01
5.932032374086116278e+01
6.024621865448143865e+01
6.229166546979477914e+01
6.182230508219189602e+01
6.201552366386373905e+01
5.768725863551392763e+01
6.053019523137546543e+01
5.953100424465886675e+01
6.158179609959198331e+01
6.357566634015439888e+01
6.199250872823873237e+01
6.055058554176855523e+01
5.952665400575335752e+01
6.211488463403897242e+01
6.079703066339143902e+01
5.901981189125257288e+01
6.199317691804151309e+01
5.957675814891032928e+01
6.245444168640854343e+01
5.864133202441983173e+01
6.141576156172732937e+01
6.314024707002494807e+01
5.688023375050302377e+01
5.998978840004411950e+01
6.224597413708715266e+01
5.895430627885925645e+01
5.911687706289124833e+01
6.186079862175138544e+01
6.062159063918097957e+01
6.222688024082185621e+01
5.512116229448607641e+01
5.879566826473133290e+01
6.078587242705292226e+01
5.679841731468535926e+01
5.800852325564218859e+01
6.026987563225102207e+01
6.018480781090946152e+01
5.582484668702257125e+01
5.783832457640897928e+01
5.848904913827744423e+01
5.996569059514436617e+01
5.406041330930204936e+01
5.710565339136623209e+01
5.832713007960494167e+01
5.915550567946286264e+01
6.065263942187103652e+01
6.133451981254661689e+01
5.704403511798862070e+01
5.844122207141035119e+01
5.935662346937667166e+01
6.050717892124602315e+01
5.612663297429899245e+01
5.792315534603319804e+01
5.859662586344688862e+01
5.980524592683642737e+01
5.703274435301604939e+01
5.927117632789666146e+01
5.949293448314392663e+01
5.729417014852294443e+01
5.792498469187600563e+01
5.982323919492377939e+01
5.943268977530416208e+01
5.589809867920653375e+01
5.644968511243942544e+01
5.863931072812248857e+01
5.782066952949003280e+01
5.848943013546976033e+01
5.786107442752607710e+01
6.031520518262140484e+01
5.780180881600340825e+01
6.036037514429458639e+01
6.196618470276155932e+01
5.451635624890075604e+01
5.830536353894768808e+01
6.061930402256401607e+01
5.835986521295272667e+01
6.075016886518933035e+01
6.320055880387298686e+01
5.943232942516387141e+01
6.039493310077310184e+01
5.728190917941034854e+01
6.017765274221892469e+01
6.011640983706942620e+01
5.725343028354235742e+01
5.659856046839926336e+01
5.966554001783540429e+01
5.746202885796766680e+01
5.967960387275960699e+01
6.209954787944552379e+01
5.699460696822517747e+01
6.049827866802778686e+01
5.178583073954729343e+01
5.683961942107895027e+01
5.798642011996523138e+01
5.963837181039530577e+01
5.246004437095584194e+01
5.637551100588483166e+01
5.808209290431899774e+01
5.875700397593777780e+01
6.020755721741981858e+01
6.146909042832373160e+01
5.572716030080598415e+01
5.811967252451221810e+01
5.965042725658576472e+01
6.034447598180631189e+01
5.614510919271514666e+01
5.777018554150995300e+01
5.894033560971551111e+01
6.007770616571592370e+01
5.550543703575056043e+01
5.744100276271220906e+01
5.832055400355218211e+01
5.959477861450557867e+01
5.993831983571291033e+01
6.163811667106468661e+01
5.805926148059327119e+01
6.047754689618435009e+01
6.039540501103243741e+01
6.249870188976440488e+01
5.667034601415197415e+01
5.981390078781112862e+01
5.918383157791054572e+01
6.166468704073142248e+01
5.833195369606052338e+01
6.116983097173029194e+01
5.998092814406400208e+01
6.026632364864517655e+01
6.230698782407669256e+01
6.017294179691354827e+01
6.260169827517438534e+01
5.675602332284015006e+01
6.043968293973902206e+01
6.255330432813203601e+01
5.967287473616968185e+01
5.905030488237586184e+01
6.232351444314214461e+01
5.930844717295959612e+01
6.239363100082670854e+01
6.472573215332616314e+01
6.021669212039235930e+01
6.279789188519070109e+01
5.560367104386975967e+01
5.974192833652338663e+01
6.200360740378698665e+01
5.921084150972971116e+01
5.994223767674834846e+01
6.274063323622381461e+01
6.050865443052667558e+01
6.179858283084288217e+01
6.419751877204619461e+01
6.042119604603870897e+01
6.241843904633619644e+01
5.759841761955281925e+01
6.006571207915359167e+01
6.058047602531512865e+01
6.212937468911136563e+01
6.353018410852448028e+01
6.440677878639345977e+01
5.941547837396844756e+01
6.151311378022258936e+01
6.234557450894248376e+01
6.344643176243415184e+01
5.939120617355554543e+01
6.129120224403528283e+01
6.201588378061462237e+01
6.352919536810199475e+01
5.828573800713470376e+01
6.013279003651283006e+01
6.069058350908114363e+01
6.191021752803435163e+01
6.328823991949944627e+01
6.355562293128937057e+01
6.405731808234594382e+01
5.890589789889496330e+01
6.121731460999077257e+01
6.125147803203586960e+01
6.327911990011909893e+01
6.016575767005662811e+01
6.297547318534444827e+01
6.237079791199663248e+01
6.383531279396139269e+01
6.383975146860975514e+01
6.592097426962106965e+01
6.056146541352845958e+01
6.331390305233642835e+01
6.522363306559067553e+01
6.277285374872005264e+01
6.092867246506973089e+01
6.350416665438071107e+01
6.108082131760838962e+01
6.408839418910412178e+01
6.002664316964657587e+01
6.330188946416877371e+01
6.549364268202852202e+01
5.908451136282275939e+01
6.252875634029319230e+01
6.485183172569736598e+01
6.142564809890669153e+01
6.135902667277923683e+01
6.426046400811878812e+01
6.284210293953542248e+01
6.502553068772667189e+01
5.833953337768745229e+01
6.146098508899115131e+01
6.353383832369163997e+01
5.940854499695291935e+01
6.232293066438126061e+01
6.168761216003747450e+01
6.421761699068844109e+01
5.873216378131072446e+01
6.093108959181230233e+01
6.208602238220847624e+01
6.313688515867600159e+01
6.410022969335577159e+01
6.532812528536551611e+01
5.985241976198529557e+01
6.208039922393280818e+01
6.351066247186514602e+01
6.411136807387838132e+01
6.035751231527657268e+01
6.197065512754281968e+01
6.299696145838674965e+01
6.372591591597920058e+01
5.731094313665040829e+01
5.988583444710431536e+01
6.105408727110378919e+01
6.153215334889985400e+01
6.150632241764586183e+01
6.337448732877493995e+01
6.318818964814750672e+01
5.979088575100642089e+01
6.035638495277435567e+01
6.248892604871318213e+01
6.174826014404352037e+01
6.426533394939421839e+01
6.306802690964736513e+01
6.211828072453231187e+01
6.143128754044699491e+01
6.409134369975681977e+01
6.254075808112569490e+01
6.146303807255205953e+01
6.033935122917022653e+01
6.289231225074168918e+01
6.304376404311312854e+01
5.877922630855680808e+01
6.238235030581187601e+01
6.297632029571011714e+01
6.113695531055593335e+01
5.960697743916919933e+01
6.269659028726145777e+01
5.982707049227817464e+01
6.273664140002237133e+01
5.768521404945521169e+01
6.069805011479793677e+01
6.284764190157928709e+01
5.787255827851969769e+01
6.083563324555051821e+01
6.283662305871320797e+01
5.683710551993799953e+01
6.122145691025033898e+01
6.319892860915181387e+01
5.890894881389932181e+01
6.178545246864970153e+01
6.361026362415267243e+01
6.089911161001344198e+01
5.923469257041712410e+01
6.103044358429025351e+01
6.260648019278227139e+01
6.283593025592391257e+01
5.819657191831402088e+01
5.966667485572364171e+01
6.084952481253043288e+01
6.210031076649144666e+01
5.708831017732273949e+01
5.800690686893490522e+01
5.950656586950120186e+01
6.026203065979517959e+01
5.642130544864354391e+01
5.784285663179796444e+01
5.887767688455701176e+01
5.987960376066138224e+01
6.061861399076800438e+01
6.184959923231212997e+01
6.028693638472341831e+01
5.577787821618988318e+01
5.794325995508743432e+01
5.826259813050012326e+01
5.986291648457269332e+01
5.974785190840801619e+01
6.176174032421066329e+01
6.102971489671821814e+01
5.566376322406396326e+01
5.858134928965706933e+01
5.793723787685653548e+01
5.999727966853711081e+01
6.063209730547407617e+01
6.040998068535567000e+01
6.229124193161554501e+01
5.506343558349408340e+01
5.839853445434889068e+01
5.906769529449026379e+01
5.797344927738007669e+01
6.080309522330703231e+01
6.298108133492311822e+01
5.862659802467052117e+01
6.121764717491894459e+01
6.363617289880677674e+01
5.983769007146438668e+01
6.086125592973575493e+01
5.761925604363628395e+01
6.049229963823464118e+01
6.076386862798521804e+01
5.772497996523121344e+01
6.047322231716147201e+01
5.964987511924285712e+01
5.916592350138031975e+01
5.931316505146178031e+01
6.207424520902149823e+01
5.837900426194332226e+01
6.125978002313713944e+01
6.223269228629379057e+01
6.341760519842895150e+01
5.889279977129147881e+01
5.921997421461103528e+01
6.107087431227424901e+01
6.256922257216484695e+01
5.566976266272599361e+01
5.921183881498555479e+01
6.080025877724190764e+01
6.051739147853454170e+01
5.616867473987825576e+01
5.758481276289728612e+01
5.920277885046049704e+01
5.990982882215386240e+01
5.691707658966757322e+01
5.866212591010564381e+01
5.992052681773356682e+01
5.875259275397570491e+01
5.993802465463892304e+01
6.124277964332919311e+01
6.145771181468068534e+01
5.566564162087173884e+01
5.822453235352221412e+01
5.853267461081836132e+01
5.986546270226495636e+01
6.157939629220421551e+01
6.086959515622719863e+01
6.097922708110007051e+01
5.979727078897133197e+01
6.235262247794462098e+01
6.139346641836457508e+01
5.801664041685489792e+01
5.885492301273922067e+01
6.133577657482805279e+01
5.987392639145981121e+01
6.159194166829632167e+01
6.083490234760839144e+01
6.346051930956034681e+01
5.927621166776501838e+01
6.167019078211841787e+01
6.398971104202865234e+01
6.083244840982168711e+01
5.993164822051797103e+01
6.323136498635960834e+01
6.019905812580076798e+01
6.332287633588958187e+01
5.569905567563596804e+01
5.995912763196956519e+01
6.230342945249419273e+01
5.876321653116352195e+01
6.178930026565636524e+01
6.301352811660402864e+01
5.885255039126930399e+01
6.270881763340720738e+01
6.346037508178564934e+01
6.110598140278124646e+01
6.142614748956436443e+01
6.435087305208433861e+01
6.080773425217674344e+01
6.313330463699663397e+01
5.861472595928877638e+01
6.076492171142584198e+01
6.078843836927106992e+01
6.244047014281032659e+01
5.757447742585622308e+01
5.959810605943713568e+01
6.042546219300448485e+01
6.175001992222302505e+01
6.321871449181531943e+01
6.410800070969041542e+01
5.869346081258154868e+01
6.071104434884323098e+01
6.157249954604060349e+01
6.248194990419865036e+01
6.231069904071820531e+01
6.402820022543286882e+01
6.436500883043756005e+01
6.006288102997211809e+01
6.113662220338236608e+01
6.312136874693455013e+01
6.299997766696957768e+01
6.129443087462685469e+01
6.170412628907141084e+01
6.369420618701778380e+01
6.330893219883731859e+01
5.878737701141471916e+01
6.143452478677139084e+01
6.050823660345605504e+01
6.269752864285560889e+01
6.474645466058244381e+01
6.306635718868822948e+01
6.435880341181592712e+01
6.150694747836342202e+01
6.458858314930768074e+01
6.275998507322530884e+01
6.054900764767575794e+01
6.387705925354180181e+01
6.130475072762364164e+01
6.433815699936560861e+01
6.099749997783103339e+01
6.414577234516326598e+01
6.588275600786720076e+01
5.912299597438796184e+01
6.242917121609924180e+01
6.476272048711503260e+01
6.135689318861845010e+01
6.197078924596323901e+01
6.470475946241566589e+01
6.313614232035432394e+01
6.458350988419955740e+01
6.681829444600010959e+01
6.196087301694679184e+01
6.520196792789805329e+01
5.857779221321882801e+01
6.163006818920803909e+01
6.347386165720330098e+01
6.203427396144487460e+01
6.159935234569638851e+01
6.330635639066801446e+01
6.441669442208105067e+01
5.899439298239833818e+01
6.086899642247336573e+01
6.181867680393499143e+01
6.303167486116571183e+01
5.927111825934204603e+01
6.125161953431193496e+01
6.262292517943204473e+01
6.192344955141290797e+01
6.334851738115257547e+01
6.434072154880735184e+01
6.203264675848879506e+01
6.145135559339815501e+01
6.279412036608939474e+01
6.401871079308767776e+01
6.066133432357062816e+01
6.308933311388571497e+01
6.307487451463958195e+01
6.334828047956636965e+01
5.897575895804155977e+01
6.005106309311985768e+01
6.167799302662445626e+01
6.086223447872346526e+01
6.329061147665744613e+01
6.226554935743157415e+01
6.225130886413017350e+01
6.127680873398637829e+01
6.389208005802820622e+01
6.243136787778695407e+01
5.962673914112600926e+01
5.905244800232109270e+01
6.158501882491434287e+01
6.216232734273236815e+01
6.018287868854667977e+01
6.292743610107338981e+01
6.510331671711391266e+01
5.866234963897589694e+01
6.139360856320103466e+01
6.365738446371799597e+01
6.069421393269942655e+01
6.181561111799663877e+01
6.433718322241821852e+01
6.108694334376438917e+01
6.134092625826185241e+01
5.830935375947009902e+01
6.109647699356088424e+01
6.189299405265273180e+01
5.878412093635277103e+01
5.841746240942737955e+01
6.122750388702884550e+01
6.045644328228436848e+01
6.029067658337142888e+01
6.266757120028070460e+01
6.124430293290200211e+01
5.812519201621402942e+01
6.068467311177214185e+01
6.106544478497516337e+01
6.188113165627691359e+01
5.572390292440028503e+01
5.877268599339273436e+01
5.996845250392837556e+01
6.081949758676928752e+01
5.618514323389837273e+01
5.771690850389487792e+01
5.871530177550739893e+01
5.943361482582609767e+01
6.054311170160096367e+01
6.161830057802925609e+01
5.925092125449157976e+01
5.909583871882690431e+01
5.998353403714746435e+01
6.123105216088212188e+01
5.909611594714895233e+01
6.125682638736710572e+01
6.142304450100837698e+01
5.720147354228223691e+01
5.794636639588200211e+01
5.977776297123931926e+01
5.950442666032733285e+01
6.077763291338322915e+01
6.016800156554290879e+01
6.239848022713382392e+01
5.963217733171743618e+01
5.856362745285708371e+01
5.946397811329030958e+01
6.130070089463758620e+01
5.809961490824927210e+01
5.964733113922113006e+01
6.068995664330017803e+01
5.926680584371209193e+01
5.727508033917901997e+01
6.042448649403722527e+01
5.807084758611212294e+01
6.090570577731974566e+01
5.590052675769828028e+01
5.939938596296117623e+01
6.120365788609484525e+01
5.571935953967685151e+01
5.927979028256985572e+01
6.149249966123998945e+01
5.639320545669389162e+01
5.968742885615291272e+01
6.178955297393737567e+01
5.839196086262708718e+01
6.013021792332448001e+01
6.290300777956460365e+01
5.756035571441709209e+01
6.115222557179007623e+01
5.246865134574677825e+01
5.743963423711245753e+01
5.857645481248403740e+01
6.022143366450892188e+01
6.166687479297200980e+01
6.229260793388718298e+01
5.789891205018613363e+01
5.941336709049581088e+01
6.058554241776914040e+01
6.150535744832674112e+01
5.664764995086741095e+01
5.848488807208939733e+01
5.978248849626272232e+01
6.042662232877835038e+01
5.716983518008335352e+01
5.891777631945283389e+01
6.008329135023274858e+01
6.010876215596668004e+01
5.654795804760126288e+01
5.866363846213317146e+01
5.953231522964350830e+01
5.895895710196748496e+01
5.948779371254929771e+01
6.131668017223721989e+01
6.094853808585654775e+01
6.316138007190170356e+01
6.276508824702185763e+01
5.869826055228764972e+01
5.914155770133297807e+01
6.157519377975642527e+01
6.077911187094370860e+01
6.175508886998373015e+01
5.892788532313632288e+01
6.188433155214649872e+01
6.050660333535868318e+01
5.846617048017709095e+01
6.109095903382997506e+01
5.902924952628358568e+01
6.203361018774324265e+01
5.832813592055558871e+01
6.159683017306061714e+01
6.366691793932309196e+01
5.604835630359828258e+01
6.034855815316971928e+01
6.309243306354821357e+01
5.995397311578134492e+01
6.071573572236996341e+01
6.378832846129315470e+01
6.037376811119178655e+01
6.151127403072903377e+01
6.441945355607587942e+01
6.202258155118290972e+01
6.202533247853366305e+01
5.869267066906910202e+01
6.191306776989026162e+01
6.390284498407699232e+01
5.641647897094306074e+01
6.103680143320499951e+01
6.308927536619848553e+01
6.233837056217724637e+01
5.861305410998387089e+01
6.080004239136272304e+01
6.152038325932049645e+01
6.323875375764646378e+01
5.776020653368131974e+01
6.034674941953186078e+01
6.136489864059549859e+01
6.269164205095965769e+01
6.432214174209175894e+01
6.472367647786956013e+01
6.099196648154952527e+01
6.287244843770642433e+01
6.409578184318108640e+01
6.484445302839864667e+01
5.969545828395560250e+01
6.176590231825964139e+01
6.246334021067765718e+01
6.418013012046010601e+01
5.818875864220968452e+01
6.050426218265788947e+01
6.076273196851138891e+01
6.268674866505132570e+01
6.240618387722001614e+01
6.463081215815799396e+01
6.437911700354858624e+01
5.997467130200384844e+01
6.170529151798219658e+01
6.281097644300903227e+01
6.243767130791673736e+01
6.492293901308879356e+01
6.661694040150491958e+01
6.035754193347217011e+01
6.351731914589222328e+01
6.631858169878680087e+01
6.420404388843070365e+01
6.430529852474276709e+01
6.534097623775882369e+01
6.562888192628192030e+01
6.478671660390880049e+01
6.110365711566527125e+01
6.550915965315067524e+01
6.257139426276143723e+01
6.600930052647166235e+01
5.913844771599433869e+01
6.295449358112615101e+01
6.556515016712481270e+01
6.182776859838914874e+01
6.513116949591064042e+01
6.516225641736488683e+01
6.320259720688495975e+01
6.321461119113904914e+01
6.648665982719879253e+01
6.238901572301706011e+01
6.548861941849607149e+01
6.743377081312445398e+01
6.566772729784355533e+01
6.216121074466143881e+01
6.483204714177006167e+01
6.678686780405483603e+01
6.462187448861764949e+01
6.321811450653672892e+01
6.549077435762025345e+01
6.707456219382547147e+01
6.269421539021814738e+01
6.421332016733201442e+01
6.580483944387189865e+01
6.750598237207712771e+01
6.168462155457989127e+01
6.388205543964294009e+01
6.510352783982546043e+01
6.593457677693103847e+01
6.271564785399804975e+01
6.501131741066636494e+01
6.550638034727238335e+01
6.702822512219246676e+01
6.110551440690046121e+01
6.342395661780589222e+01
6.370870417439558508e+01
6.532900370555930181e+01
6.697356721093544252e+01
6.688105099650833552e+01
6.454546683264290152e+01
6.590928626867656703e+01
6.817514972122314987e+01
6.637601511549127054e+01
6.274465716462055553e+01
6.305839798858814049e+01
6.630621287814379627e+01
6.478949003921798067e+01
6.354648987909025237e+01
6.431895964075530969e+01
6.699417927058532030e+01
6.490256559266728686e+01
6.810261433657753116e+01
6.885306246676414332e+01
6.257639555482063543e+01
6.622584747779605152e+01
6.902642044623510742e+01
6.588228946927546303e+01
6.528118415718719802e+01
6.885194153885767321e+01
6.542361357009748701e+01
6.870044552604146304e+01
6.156440358916398026e+01
6.535167271088384666e+01
6.802629737962509182e+01
6.411995713632435923e+01
6.456260285294773382e+01
6.771954233920074273e+01
6.485289818645816240e+01
6.552323189936495851e+01
6.883965989307328925e+01
6.500018534268845372e+01
6.736587483097832774e+01
6.946951116025459783e+01
6.759186519603049703e+01
6.501386528798732911e+01
6.776708184584265382e+01
6.902779912470116130e+01
6.949878762077554484e+01
6.413684503599451148e+01
6.647411418698243324e+01
6.820911744701471946e+01
6.698683491837229553e+01
6.688599457676916415e+01
6.887323099804864057e+01
6.973732425955314795e+01
6.362038257323217749e+01
6.622604084607489483e+01
6.767258210153704567e+01
6.842144079473737861e+01
6.433541094856789755e+01
6.772993605028804609e+01
6.800514538143043808e+01
6.953615271661317365e+01
6.301245442367144278e+01
6.557243024469195802e+01
6.595459153599377089e+01
6.840255013116524196e+01
6.904988291292373503e+01
7.136279318814946748e+01
6.460598017822523786e+01
6.759683666436451688e+01
6.881221644724038811e+01
6.857931196134383356e+01
6.819741044098275040e+01
6.885618748769883268e+01
7.176937272764976683e+01
6.773056246144652448e+01
6.955961415947545845e+01
7.213486925537729633e+01
6.838710365749906828e+01
6.980716106276911148e+01
7.265580191227012108e+01
6.960111195911350990e+01
6.901058964409152452e+01
6.662849512744085700e+01
7.032721952283888811e+01
7.275512227989914038e+01
6.433739512189347920e+01
6.951311623939521667e+01
7.239606482605599069e+01
6.813375701010485841e+01
6.912229357140975594e+01
7.249770528147341508e+01
6.890564453064284578e+01
6.994079479695200519e+01
6.624242627027990693e+01
6.953085046094456345e+01
6.940662944596525108e+01
6.816217952218075027e+01
7.167453332771199825e+01
7.202543011819821572e+01
6.788945083920671664e+01
7.080618342937459886e+01
7.157063451129629073e+01
7.285068005010563752e+01
6.734677260092126971e+01
7.041294787138966171e+01
7.208157372533621299e+01
6.999883096495710788e+01
7.154213102558766479e+01
7.328690382992891728e+01
7.379117249945994672e+01
6.813288401799653116e+01
7.101374849446050064e+01
7.201544121161870748e+01
7.346772482098403145e+01
6.692296814777726865e+01
7.106357162320792042e+01
7.149845058383142771e+01
7.359218535289329566e+01
7.545601894296736134e+01
7.517453362279142937e+01
7.084295766297317698e+01
7.192057976396758079e+01
7.490593325777764733e+01
7.453974915118295996e+01
7.117788877652550639e+01
7.250961618796236507e+01
7.569109843174125274e+01
7.440287333679762583e+01
7.095990436868531503e+01
7.141057172434433653e+01
7.483521728976391785e+01
7.312477568642650283e+01
7.680789196205080316e+01
7.861243887450513057e+01
7.041802886925285065e+01
7.504806462053785765e+01
7.826294458429033796e+01
7.523408220837768567e+01
7.430930963194700212e+01
7.626130618946382356e+01
7.752592507833564639e+01
7.436729533116364621e+01
7.427177905539319624e+01
7.847075020802915901e+01
7.415294719686788483e+01
7.786187461457147663e+01
7.042639359365985285e+01
7.544272636077243988e+01
7.827291312662073608e+01
7.084869889516504315e+01
7.566847189140374041e+01
7.834202423859348130e+01
7.222236795125139963e+01
7.749082129998440394e+01
7.990523795657979633e+01
7.280504271426249829e+01
7.792981590980636497e+01
7.997434663579562653e+01
7.812379756213077542e+01
7.726512115139303205e+01
7.646214904549979963e+01
7.858995898794361779e+01
8.079593157513362200e+01
7.504405390262394349e+01
7.752389288618709884e+01
7.876188385736683983e+01
8.087344107257115411e+01
7.498824928898299902e+01
7.760975319735247524e+01
7.868311669612377557e+01
8.062753319143246244e+01
8.122695392323078067e+01
8.287230546243883111e+01
7.699560060554077268e+01
7.951692745159401454e+01
8.167509099912741988e+01
8.176637583935051623e+01
7.620593053525379901e+01
7.827607758934594528e+01
8.189818509612503306e+01
8.096856340924939843e+01
7.690867664725763575e+01
7.771569242308747505e+01
8.106804873789867827e+01
8.028533291193038224e+01
7.691493144624264744e+01
7.738614398793713178e+01
8.088927970734226847e+01
7.964988576397779241e+01
8.310983507419349792e+01
8.540657318535416209e+01
7.765935347840714087e+01
8.186420386568728702e+01
8.479604286379976941e+01
8.118712858210220418e+01
8.069339680879176058e+01
8.232151317363550902e+01
8.423777240414081291e+01
7.923643020761291211e+01
8.309775606872482001e+01
8.641618555436322424e+01
8.010224062045722349e+01
8.389054316148063606e+01
8.694129891024989831e+01
8.117775950345530589e+01
8.508041558457215103e+01
7.829473248464503854e+01
8.216099954450881171e+01
8.499212504177252470e+01
7.853753006299457695e+01
8.283305426139580163e+01
8.510418326024608859e+01
8.172176428984120378e+01
8.476047774430938375e+01
8.615997439867351204e+01
8.288159924798348754e+01
8.571130531618250359e+01
8.824281217542436195e+01
8.196343938562833387e+01
8.527464085383040526e+01
7.942026848425322783e+01
8.241951476012501132e+01
8.402413255509536327e+01
8.538600409317987783e+01
8.008942844899888769e+01
8.298085640599424551e+01
8.475129762256023014e+01
8.197258965235891992e+01
8.548217667331603309e+01
8.631297620360194855e+01
8.401494573815789124e+01
8.479638567280909456e+01
8.802266365136222248e+01
8.601543856025941182e+01
8.384791268008423515e+01
8.524066422028650436e+01
8.726914183202572417e+01
8.204924844072138512e+01
8.655026291231592950e+01
8.644577540202799071e+01
8.915096527805388860e+01
8.237952714073750826e+01
8.714133776736692027e+01
8.571999460571571205e+01
8.893803333253924848e+01
8.193800948534219231e+01
8.668374795867494242e+01
8.507763785790429267e+01
8.821186446003146386e+01
9.161997023322059874e+01
8.720264123027673975e+01
8.964988111000147342e+01
8.527864543796654573e+01
8.928728718296613920e+01
8.881924479605348210e+01
8.435966711565583864e+01
8.832106695668346674e+01
9.101724676379141954e+01
8.445328423462167677e+01
8.859247011366375091e+01
9.169260869106356893e+01
8.615192268088694050e+01
8.968817593022573931e+01
9.241098518917797833e+01
8.623775471246293023e+01
9.030717092602891682e+01
8.466637029863039743e+01
8.827407579362331091e+01
8.951805959547954217e+01
8.531820652017250950e+01
8.850515249881692625e+01
9.032265984202639686e+01
8.747971909832665460e+01
8.985866404867155666e+01
9.238304618991172390e+01
8.691532991201771097e+01
8.990267322223779445e+01
9.196540744446426174e+01
9.241176314807032099e+01
8.684352679241004580e+01
8.999969123369700696e+01
9.223548191965335263e+01
9.206069463361720295e+01
8.639121405429764877e+01
8.927012358000686731e+01
9.183991755250798406e+01
9.152004617334546310e+01
8.604463448975381823e+01
8.831837883745444628e+01
9.184063119178374279e+01
9.103288714976049789e+01
8.551703662311346932e+01
8.903790526196004862e+01
9.075988186063912622e+01
8.773941709592232030e+01
9.247444294434515655e+01
9.171864511305351186e+01
8.855651296346118784e+01
8.931621525361821057e+01
9.360693905716628649e+01
9.184301631477832473e+01
8.950291680430015617e+01
9.002067999988564395e+01
9.441039429598899346e+01
9.038198457016900988e+01
9.158588278911985014e+01
9.104046491936374252e+01
9.479369979498646615e+01
8.965360403003184331e+01
9.344777805289822936e+01
9.659053738122007360e+01
8.979942226350414103e+01
9.339039256222187646e+01
9.684264734153599363e+01
9.179371066012478764e+01
9.554204753957823471e+01
9.831642538170225976e+01
9.167846006843649320e+01
9.579813978730264523e+01
9.065404493430155242e+01
9.423643675375838313e+01
9.670038865341274459e+01
9.163151306094798088e+01
9.462348207699893976e+01
9.746884929971969314e+01
9.015035434674577175e+01
9.501305629969854749e+01
9.754819563474701738e+01
9.139775822563613872e+01
9.598280445963995078e+01
9.850740985308648590e+01
9.358392713579519295e+01
9.683548705819730174e+01
9.105471184375852545e+01
9.410425714516445339e+01
9.630392062227389260e+01
9.222033620327151482e+01
9.570986744318135209e+01
9.842672090838513554e+01
9.506536115209330262e+01
9.672826327720841277e+01
9.943635178718022871e+01
9.325300448644483708e+01
9.651531292726073730e+01
9.991858309196415178e+01
9.976773038441790220e+01
9.454472615335477315e+01
9.694194158874091727e+01
1.013954858554205458e+02
9.733630139029330053e+01
1.000155256919764213e+02
9.304705270577578347e+01
9.871063686747892518e+01
9.776651782408957558e+01
9.790991008515628380e+01
1.004470320152155551e+02
9.886148212633668209e+01
9.807880233452178231e+01
9.713493120069146869e+01
1.021623720918652793e+02
9.697260772639744175e+01
1.019973965325436751e+02
1.045352975023033366e+02
9.691451315946592615e+01
1.023049025296973582e+02
9.633313979121440696e+01
1.013379618883413968e+02
1.008991693756513683e+02
9.919790174190468690e+01
1.041089634765699259e+02
1.001235094190149084e+02
1.029046782754602987e+02
9.846527108930121130e+01
1.030626386635655791e+02
1.031900070548524013e+02
9.909187968937257551e+01
1.038627450123812537e+02
1.046383138912417223e+02
9.960063946571465010e+01
1.032442157539720995e+02
1.065889449984125861e+02
1.001417932986260126e+02
1.046512573147231819e+02
1.074221447036118349e+02
1.019699813102751875e+02
1.054354782790074552e+02
9.956595134017589999e+01
1.035326944045912256e+02
1.062037000910591047e+02
1.002307078797466176e+02
1.039489391918931886e+02
1.064113711393766835e+02
1.016680997362755932e+02
1.058097261165108591e+02
1.090447293703300318e+02
1.035264587537007941e+02
1.078388297191372942e+02
1.098859314486866481e+02
1.041101989446064238e+02
1.071754491684692994e+02
1.017118242472096199e+02
1.048832058819134829e+02
1.090206781709918289e+02
1.074524650593810406e+02
1.018779592832628111e+02
1.073222132211114683e+02
1.074105028982229300e+02
1.078869317880513279e+02
1.127270540601563198e+02
1.069048090013544794e+02
1.130782786193036173e+02
1.053731156858324596e+02
1.100869276852661329e+02
1.093725966456800336e+02
1.077380177601649791e+02
1.108687379496925018e+02
1.091027300261981878e+02
1.098310158389574553e+02
1.081656857960967528e+02
1.136646327009956252e+02
1.074819075906229671e+02
1.131175163047361565e+02
1.170129638677433945e+02
1.098886370210923360e+02
1.141274395579164604e+02
1.079309809013113437e+02
1.131607607838672322e+02
1.148683655077535803e+02
1.078760585660017881e+02
1.127375888857281296e+02
1.168129615068454541e+02
1.104439620805237041e+02
1.149522217425521688e+02
1.187828098555019665e+02
1.121224828673971530e+02
1.163888220041508106e+02
1.098203571632474933e+02
1.151807826040189298e+02
1.172361997350235328e+02
1.106016020508976396e+02
1.158872004451670108e+02
1.178029749949564859e+02
1.113709427469427879e+02
1.163096618410388032e+02
1.195712720688350288e+02
1.126054318038006130e+02
1.178411487221151219e+02
1.203062068656186483e+02
1.158352228981178200e+02
1.192605095221620530e+02
1.134302272083217815e+02
1.170567939773239630e+02
1.213822198832039305e+02
1.135673045668740144e+02
1.196846464775908601e+02
1.209050895089466167e+02
1.167045705327467431e+02
1.190981622378558598e+02
1.234720288259777163e+02
1.171934918937290178e+02
1.236931702634404644e+02
1.241285727245258954e+02
1.211875744641594252e+02
1.224012289780658449e+02
1.188218937430505093e+02
1.203699455273435603e+02
1.255542068782897331e+02
1.185857287696898652e+02
1.258035849867680867e+02
1.248016458391038412e+02
1.233592910030165228e+02
1.232326163560845060e+02
1.280845346233014368e+02
1.215700159221158856e+02
1.279465450429136553e+02
1.318746757578185793e+02
1.248703020435166451e+02
1.287752304654228794e+02
1.213705054948140827e+02
1.282113588339102250e+02
1.274700428874397602e+02
1.277663037810700359e+02
1.301352053665236497e+02
1.295210532209316625e+02
1.296101439947471476e+02
1.266656604433062654e+02
1.315193466612581403e+02
1.291942351878151953e+02
1.319419807899936359e+02
1.351780774717287272e+02
1.302866675847024567e+02
1.336199324738804251e+02
1.290206705532765454e+02
1.337164108455239671e+02
1.351233475008355640e+02
1.305676442610937329e+02
1.335382825542388900e+02
1.375936289181296956e+02
1.316597111160746181e+02
1.362291962296175143e+02
1.404782359844508619e+02
1.335432875547230651e+02
1.386414204336902003e+02
1.320892613157047890e+02
1.377333063593160034e+02
1.386016105997933039e+02
1.330040672254533831e+02
1.373860023048988239e+02
1.428180484601498108e+02
1.337882937408076884e+02
1.418645023219976906e+02
1.422995599518659446e+02
1.386072851028162063e+02
1.413906790756692828e+02
1.483550615691129053e+02
1.383833461987416058e+02
1.471728675150339996e+02
1.458250621030026366e+02
1.440108659325921394e+02
1.454578977414024905e+02
1.423501013835890490e+02
1.453772775340013084e+02
1.492171566676242094e+02
1.409483049331930147e+02
1.487663709324022534e+02
1.483195979870392307e+02
1.470457029531103785e+02
1.472519570272702651e+02
1.536505637916177420e+02
