0.000000000000000000e+00
-1.349081374131946234e+02
4.502001619858152992e+01
-4.467586904531249559e+01
1.554802252838230814e+00
-1.100474130540263218e+01
6.692717807939025043e+00
-6.016211157335945359e+00
5.116115210619759601e+00
-4.557247707468488507e+00
3.693242249347186590e+00
-3.550374744031187912e+00
3.316092550390600913e+00
-2.815449772886871038e+00
3.047133673409606835e+00
-2.230234620679391710e+00
2.731749201383311121e+00
-1.721995919023204147e+00
2.647508180462872840e+00
-1.268023024652165764e+00
2.666266445034183086e+00
-8.522846686881836442e-01
2.744454057525787860e+00
-5.211975375779817066e-01
3.576417707208507490e+00
-2.751573597554337058e-01
3.908536555464103390e+00
2.699024864908023402e-01
4.144632449939399166e+00
4.096729534146746898e-01
4.344258573682909130e+00
6.102188488886802764e-01
4.681574707995470597e+00
8.588332285836036695e-01
5.026126267799999603e+00
1.136765908822394033e+00
5.387205599840310555e+00
1.435976508531793039e+00
5.766482908877652136e+00
1.753153170209436951e+00
6.159180734378308486e+00
2.085321119261075218e+00
5.433092893099200182e+00
2.448625468274601147e+00
7.120475283343973061e+00
9.339103749048229375e+00
1.084647091646265693e+01
8.334925869584640878e+00
1.209126925857722945e+01
8.965926095425265530e+00
1.251111158550742175e+01
9.342709415534562467e+00
1.294636112141817996e+01
9.735368457290874744e+00
1.335613644530233302e+01
1.010350179159449802e+01
1.375890524192986319e+01
1.046871022805241047e+01
1.415509394052935299e+01
1.082927702207514109e+01
1.454926473482762006e+01
1.118818789434546090e+01
1.494116457217339899e+01
1.154534880598865776e+01
1.533162624149153253e+01
1.190107236471531138e+01
1.572042931520816467e+01
1.225513309727888611e+01
1.610748831346094789e+01
1.260728918199161619e+01
1.649250083415311607e+01
1.295719383456093610e+01
1.687516851679641761e+01
1.330447934418088884e+01
1.725515207863665523e+01
1.364875568408393391e+01
1.780083439624439379e+01
2.022471093349410864e+01
2.318830913885394551e+01
1.941555318569977473e+01
2.413531946561169406e+01
1.983684063989173652e+01
2.449586736593548508e+01
2.018443572403558406e+01
2.483962325052007003e+01
2.051615064166959357e+01
2.516416543217259161e+01
2.083042522936539953e+01
2.483524340026591304e+01
2.116085373637102407e+01
2.517226907394413260e+01
2.147934702746678681e+01
2.547465835197439432e+01
2.176936598702069858e+01
2.575546830383408192e+01
2.204041583972940188e+01
2.601454789666375689e+01
2.229270555026407408e+01
2.641201626698771321e+01
2.925342274980887680e+01
3.062481261086127304e+01
3.016295247365370003e+01
2.963464895426960410e+01
3.169648535841831816e+01
2.946897430275612351e+01
3.155948544078039575e+01
2.964539977601225473e+01
3.194837733685472614e+01
2.917871658723703376e+01
3.208832088851360709e+01
2.932501844339003583e+01
3.212217193246845426e+01
2.948913322642501456e+01
3.216526627244164871e+01
2.964449274027302295e+01
3.219732290595110413e+01
2.980611236003749198e+01
3.279245414942783299e+01
3.661296728389363153e+01
3.928294953485070806e+01
3.624235729310281329e+01
3.936172585335965834e+01
3.635234580751038180e+01
3.928403791423141911e+01
3.609506810028974400e+01
3.840906927334000898e+01
3.293840262910107697e+01
3.844562870086119233e+01
3.555957316516818167e+01
3.852759950954597201e+01
3.541314963921800540e+01
3.855342055077846908e+01
4.141965166624273564e+01
4.256432452856884652e+01
4.143593887584836466e+01
4.287453786124790156e+01
4.148011198592108428e+01
4.288101526381326778e+01
4.126519213639938499e+01
4.274856453542376755e+01
4.101299148784308102e+01
4.256240026218576844e+01
4.074797334083886113e+01
4.235095074365516155e+01
4.046499009353506437e+01
4.198945330531445563e+01
4.068223317071992540e+01
4.474503719947747982e+01
4.555478240909784660e+01
4.997264559981515220e+01
4.334511194409937218e+01
5.053424412781427577e+01
4.265354971323237265e+01
5.012644607495893467e+01
4.187446778894948096e+01
4.987776183600180246e+01
4.324137392577650729e+01
4.520261013819431639e+01
4.601232603878365524e+01
4.563789161215613888e+01
4.451141830262271526e+01
5.050460822525280236e+01
4.881107835644265691e+01
5.315359781271639861e+01
4.649304023279901088e+01
5.346333235789324334e+01
4.551680827559849263e+01
5.245756312433852031e+01
4.527056610961362537e+01
5.175391852680098026e+01
4.434899121942930833e+01
5.100179427628705042e+01
4.377979979526868703e+01
4.984964014667146159e+01
5.265851736897649715e+01
5.122930461732710228e+01
5.349886796407091083e+01
5.134588452317739637e+01
5.149010229232630564e+01
5.104303242618593828e+01
5.074580929375240856e+01
5.031262472673788722e+01
5.025128056374074959e+01
4.976423889282655466e+01
4.950638940899874285e+01
5.443994762487889005e+01
5.262009146109978275e+01
5.617930486683525260e+01
5.061818108580547459e+01
5.615548979219807535e+01
4.939031203349657773e+01
5.519387719724152674e+01
4.960136977579297479e+01
5.474137464538028297e+01
4.801950913130086462e+01
5.367516080319953886e+01
5.737751626812701033e+01
5.387020003323775086e+01
5.637748631139069033e+01
5.374599855448606434e+01
5.598114834387305905e+01
5.315191510748989145e+01
5.400074312301511270e+01
5.246462763968500553e+01
5.336121654311244811e+01
5.171867712581172327e+01
5.217902353798424997e+01
5.658876753279896121e+01
5.440724853117047388e+01
5.641606323372550946e+01
5.431683026769422185e+01
5.506619793516066608e+01
5.312211658430975092e+01
5.435382214442316240e+01
5.221382278709650393e+01
5.339269721344101072e+01
5.121901367507727088e+01
5.552794282626562250e+01
5.544700326542756130e+01
5.649105608896708475e+01
5.361983819504163051e+01
5.732630249785999155e+01
5.071631388721979761e+01
5.675322161279082422e+01
5.004750004795454998e+01
5.531482617132077451e+01
4.816605441202002424e+01
5.438248087486861948e+01
5.719277441330456213e+01
5.227182466751430212e+01
5.707140192069503826e+01
5.188360526004724704e+01
5.590821434437523862e+01
4.966606438525720080e+01
5.450824814154405829e+01
4.753808560096995706e+01
5.338006323540741249e+01
5.497474161145037641e+01
5.727298276834255830e+01
5.280489711783947371e+01
5.653237445569442343e+01
5.089973396862879440e+01
5.489552285781635987e+01
4.954857076916042757e+01
5.340992324041447858e+01
4.779695197346189417e+01
5.187920671619098556e+01
5.394613060647953517e+01
5.546421474844515842e+01
5.238063992503018795e+01
5.466191359531573113e+01
5.094019771680987674e+01
5.300083890129837272e+01
4.952657865302489881e+01
5.144839985617113598e+01
5.358402583650362772e+01
5.642324771273217010e+01
5.128215634332885742e+01
5.386271729785211448e+01
5.071474311429132342e+01
5.317568268353150529e+01
4.855037259795344085e+01
5.105962394832720008e+01
4.704627652913738700e+01
4.974974174732743393e+01
5.206334810611141961e+01
5.359073323483887208e+01
5.029431081130542225e+01
5.251800656469389139e+01
4.767093987959874113e+01
5.087992256865039309e+01
4.574442833903105310e+01
4.885041043533204430e+01
5.061181459116090053e+01
5.248958686754553327e+01
4.748539028546270657e+01
5.054729872470034024e+01
4.653091590582694437e+01
4.917532364029440828e+01
4.437488942025165528e+01
4.727730338044587199e+01
4.934479018185047039e+01
5.068500419343669705e+01
4.879545010635040825e+01
5.027534854702111033e+01
4.520212794913774701e+01
4.792445325261247291e+01
4.423475796399373650e+01
4.626425966108151755e+01
4.871619753245668250e+01
4.945464855064590637e+01
4.793189032389823723e+01
4.876037627944423036e+01
4.525735855560353826e+01
4.650787495946214989e+01
4.391718339693159123e+01
4.550214686266164676e+01
4.844923064343394259e+01
4.825366049964424775e+01
4.635273963793335383e+01
4.666359172108683140e+01
4.504315670896615842e+01
4.532114276717013723e+01
4.262670512268762479e+01
4.559145190095987488e+01
4.568703740124328050e+01
4.904296139694348255e+01
4.349883357734393741e+01
4.722444125510378399e+01
4.202937278942333421e+01
4.579696623657684995e+01
3.964578782375603794e+01
4.369206736696627758e+01
4.490660212557603614e+01
4.641768372267836895e+01
4.114057102599895188e+01
4.548330340923869386e+01
3.974422505550974449e+01
4.401799948699850518e+01
4.703192998724365737e+01
4.445704299954212502e+01
4.411402292198522446e+01
4.282458175045241688e+01
4.268832500160458920e+01
4.129591146838691884e+01
4.082560669705988943e+01
3.947595455348859161e+01
4.258748603776415820e+01
4.543892661022928792e+01
3.926413302738267674e+01
4.343579560295819419e+01
3.892552946197928065e+01
4.236318103791439427e+01
3.583784834627947902e+01
4.004933274036779522e+01
4.300911730081296014e+01
4.107807941811012142e+01
4.096966525714952212e+01
3.867939332903820571e+01
3.962897255309559341e+01
3.721057821582380853e+01
3.716627520108327332e+01
4.065557488304428801e+01
3.984422486434845467e+01
4.113619769289486783e+01
3.810420795457282139e+01
3.850649151413797711e+01
3.598401315849105231e+01
3.811302035925719167e+01
4.119187346058636479e+01
3.648999066448879347e+01
4.039343590637376025e+01
3.400510232390870158e+01
3.872623611435021473e+01
3.071945021670333986e+01
3.621959683885088310e+01
3.869960815589446668e+01
3.841499929221888010e+01
3.658624657681476577e+01
3.882473936284183935e+01
3.247937682726249164e+01
3.708460420750586906e+01
3.812612579185205419e+01
4.014491952750518067e+01
3.387599712833014109e+01
3.782192033499622141e+01
3.184031094691485109e+01
3.590258215257063767e+01
3.010297389204555074e+01
3.389037913183388895e+01
3.641480184154619337e+01
3.676335469549923118e+01
3.436680791780337074e+01
3.644657231754671045e+01
3.117071552820901204e+01
3.395595885236984657e+01
3.538633692466363101e+01
3.747235639009927155e+01
3.281079980768061688e+01
3.515889111295032166e+01
3.090889253928503777e+01
3.343003598300688139e+01
2.908800964480014883e+01
3.143338920599432029e+01
3.291619690343844695e+01
3.456633172455265424e+01
3.252501581456608193e+01
3.434914630422014170e+01
2.964037477525953435e+01
3.180368534833256433e+01
3.369635931393552397e+01
3.491592150444888887e+01
3.149099706918899599e+01
3.344625400386541969e+01
2.932542727264408455e+01
3.121907953482460840e+01
3.349760506286315120e+01
3.425240610036981082e+01
3.384776472860166763e+01
3.405097000169006094e+01
3.007960491170922879e+01
3.150412775846594116e+01
3.435049720877451307e+01
3.436102948137656909e+01
3.293660619732767003e+01
3.339000281069190379e+01
3.020238706046407628e+01
3.106991501104690201e+01
3.038051443867002988e+01
3.373517070226909453e+01
3.309788395890255686e+01
3.546121386879825366e+01
2.845013098279634889e+01
3.328193685891911002e+01
2.693404521394170814e+01
3.174814795928209676e+01
3.117567240067323198e+01
3.477199615460455107e+01
2.801543854819095358e+01
3.316478129463826008e+01
2.656091067832901942e+01
3.177555410100162803e+01
3.351125635163172234e+01
3.276621575778920459e+01
3.218603101568098879e+01
3.142640962726813214e+01
3.043811279962992344e+01
3.358522248966902168e+01
3.269192423251028146e+01
3.565714776019888888e+01
3.053931518470493600e+01
3.369149692181569122e+01
2.944447325219554656e+01
3.261257783414799150e+01
3.562902223229964704e+01
3.251241598913354380e+01
3.343125341745960810e+01
3.183286225342005693e+01
3.140853420635152204e+01
2.990255132319769515e+01
3.311544430406650008e+01
3.580911462103365039e+01
2.973022451824802914e+01
3.355307605135786986e+01
2.896245283575405338e+01
3.318801831845634354e+01
3.606169510846048354e+01
3.315846307454174990e+01
3.534610266586911820e+01
2.952921189849540440e+01
3.382445304705374411e+01
3.661298106648409600e+01
3.630538121771946436e+01
3.493064375569642266e+01
3.548148284265965913e+01
3.259578228340225081e+01
3.448145511045773048e+01
3.727400411439094086e+01
3.713275501850152693e+01
3.482670089207948649e+01
3.597116529851958688e+01
3.253721773726323363e+01
3.432158561672994068e+01
3.682450222695032949e+01
3.966075779845493798e+01
3.265542283919756272e+01
3.656937403174252665e+01
3.290703486812534351e+01
3.524751184913085211e+01
3.731281070162851421e+01
3.878285291101030907e+01
3.477689058040532188e+01
3.702774285002004717e+01
3.303470639894243277e+01
3.535582271781776598e+01
3.775575944273651174e+01
3.910813299348910732e+01
3.583072732977462493e+01
3.876081409676951495e+01
3.321500438667469979e+01
3.599337463939195203e+01
3.813623421362568422e+01
4.014536953295331756e+01
3.543164958793644104e+01
3.855848218137802519e+01
3.385593927098165778e+01
3.682375520650767697e+01
3.854361530868648344e+01
4.071902307188210557e+01
3.669235371672982637e+01
3.989403827734319918e+01
3.401557142914358423e+01
3.788894687186198240e+01
3.911403816481598739e+01
4.164645708698660798e+01
3.760869264880350471e+01
4.114663837326569507e+01
3.386187565383923470e+01
3.888067426853895370e+01
3.948193461665433546e+01
4.245649770616559948e+01
3.743367336047735705e+01
4.175582332378326100e+01
4.235679370898292007e+01
4.525556474220477554e+01
4.012735321473328298e+01
4.366042797289443911e+01
3.835173812656593384e+01
4.204197553806851317e+01
4.374421942376676498e+01
4.408790965847029497e+01
4.250245794012649014e+01
4.237213054247722255e+01
4.056402855380435568e+01
4.453062660723156085e+01
4.336284115014585439e+01
4.706088041497296359e+01
4.082874586921089133e+01
4.526355765832146716e+01
4.814849104692719806e+01
4.591801543323541779e+01
4.619444273995862460e+01
4.504979670650409673e+01
4.399599259874775470e+01
4.303128683875579696e+01
4.702078471790398595e+01
4.900924241745168075e+01
4.322951459250153050e+01
4.805410821249736131e+01
4.100253698791676982e+01
4.603842037939640619e+01
4.933234809626578254e+01
4.563298007231257003e+01
4.721324384241126637e+01
4.614643145422492410e+01
4.578579633431214546e+01
4.895224828449958920e+01
4.977128139447265198e+01
4.726196531547603286e+01
4.854808359845689125e+01
4.588965748666678479e+01
4.909072726495424632e+01
5.033040250189635145e+01
5.052650522246189269e+01
4.646971952879585643e+01
5.076625373754326631e+01
5.270078478494738761e+01
5.224346041315054379e+01
5.005771603237781164e+01
5.130425373329541827e+01
4.784349327793831463e+01
4.966515891563675922e+01
5.282522562804163613e+01
5.182847446255687629e+01
4.963341377312002578e+01
5.207580347458897307e+01
4.701040959123833574e+01
5.073074731711491836e+01
5.153862376870121409e+01
5.404632580010384402e+01
4.909926853766117461e+01
5.206808633458324209e+01
5.326589955979765989e+01
5.536428081950644753e+01
5.169916243838672898e+01
5.399398548435004130e+01
4.901215345122961509e+01
5.158776360029609265e+01
5.326429327431886662e+01
5.496804653455099299e+01
5.267355500114959455e+01
5.466767912667840790e+01
4.954065285955803688e+01
5.223643659324948629e+01
5.449599594093925248e+01
5.590008190110037134e+01
5.087767753504465418e+01
5.359295240319224263e+01
5.589865030588354955e+01
5.683638791081632746e+01
5.327430339783750668e+01
5.546580077217353022e+01
5.047764913387113239e+01
5.308185305834214063e+01
5.575792562408345532e+01
5.609875204108683278e+01
5.499822808599299151e+01
5.574145407919244377e+01
5.880553447237069520e+01
5.844706588167240113e+01
5.522749098018071834e+01
5.617675978798267522e+01
5.440787377993367357e+01
5.522899708498528781e+01
5.848615996104635428e+01
5.764841479577032146e+01
5.554831609041458051e+01
5.569900433997023015e+01
5.903148296283898588e+01
6.056735355304445534e+01
5.679361582907304751e+01
6.017336527579614369e+01
5.366541065111098163e+01
5.788991601965607003e+01
6.107809141341493842e+01
5.900428858435451218e+01
5.852080666528207331e+01
5.726485563882940966e+01
6.089595126906166911e+01
6.306066053827606765e+01
5.545985058142134960e+01
6.105601313167003497e+01
5.532641906037571289e+01
5.983349981997042022e+01
6.271272097964263281e+01
5.751904578634644594e+01
6.181110577898164848e+01
5.372363187557576225e+01
5.932416545848945333e+01
6.214909059086499354e+01
5.859399043559601949e+01
6.173760005420871266e+01
5.393540385586840813e+01
5.942179953316185959e+01
6.113472775379583624e+01
6.393435594172650127e+01
5.583270931993035191e+01
6.060539743482649300e+01
6.311138604456916568e+01
6.373624244138913753e+01
5.968014725570229473e+01
6.132965906299310177e+01
5.757971792512087461e+01
6.009450964704753773e+01
6.098551070207602720e+01
6.310209778645068468e+01
5.736898595764152731e+01
6.080292052932030344e+01
6.207268657955165736e+01
6.420964968211075075e+01
5.754602992506390535e+01
6.170799184144525640e+01
5.575334461511757667e+01
5.936147668610152550e+01
6.043961191584669734e+01
6.252384960005118586e+01
5.648771061971464036e+01
5.985073525733447752e+01
6.117471712033255926e+01
6.278831226396125942e+01
5.806641586275751621e+01
6.115291530391107244e+01
5.616401421064875876e+01
5.847325677596376892e+01
6.010995081499422099e+01
6.127445893301360513e+01
5.873843684967336287e+01
6.021020173186123259e+01
6.218175390552603687e+01
6.275658494124693476e+01
5.813064916982838071e+01
6.008109255740541244e+01
6.250138345199064105e+01
6.264648209774516374e+01
6.337055452901945074e+01
5.901520446380228435e+01
6.131412143377726665e+01
6.316400038388315608e+01
6.235758036109645275e+01
5.895750459789140763e+01
5.962916866353481993e+01
5.875465160676984055e+01
5.878410618400410215e+01
6.156288101644000932e+01
6.064871958879083991e+01
5.804159101333406312e+01
5.938583421722413647e+01
6.243739039598027318e+01
6.075539366222320581e+01
6.146349431438603972e+01
5.981858061830036633e+01
6.311646006286164123e+01
6.295080743947007562e+01
5.767708383731818600e+01
6.024728303557843390e+01
5.630501108067902294e+01
5.986033994725079310e+01
6.253870733320277253e+01
5.860901652340474755e+01
6.006057219552202753e+01
5.725082075682304605e+01
6.070524637425614145e+01
6.065356213680826158e+01
5.809658491705231143e+01
5.800861772369649572e+01
5.544286252482503841e+01
5.886178376030071036e+01
6.063188178202666734e+01
5.535521999729128595e+01
5.954253937798200269e+01
6.180684554772641803e+01
5.899462539643877790e+01
6.076978732872694877e+01
5.678711642538557669e+01
5.812990796805699034e+01
6.019196880065951660e+01
6.187813784745706869e+01
5.606707019659236835e+01
5.878101589309729036e+01
5.306621925188125033e+01
5.598187739079800451e+01
5.781268309910716852e+01
5.838564081716901910e+01
5.408710623847066046e+01
5.632503828440410842e+01
5.709449326343133890e+01
5.904594685118202335e+01
5.330684518520187964e+01
5.605180649384497116e+01
5.693155006588693823e+01
5.849250576245099609e+01
5.361036386935847275e+01
5.599574278476088551e+01
5.731684944362054068e+01
5.854595099197041463e+01
5.446225507999920268e+01
5.608086201787479297e+01
5.182896459776866749e+01
5.344624927834798456e+01
5.518588346174500003e+01
5.569617092813854242e+01
5.379243818348257378e+01
5.638418999828532918e+01
5.655106683651140997e+01
5.679325240918300466e+01
5.417460043735060538e+01
5.450430841603142085e+01
5.645970136146506491e+01
5.604587121609381484e+01
5.291969322676260390e+01
5.334339452046675945e+01
5.063618598192756792e+01
5.231196388004268982e+01
5.423998196139321948e+01
5.313546451417969507e+01
5.125093942285600690e+01
5.256473802235654347e+01
5.381160287526517294e+01
5.288070239632209280e+01
5.207178762868394273e+01
5.113908652068751337e+01
5.404117662408575740e+01
5.416979397460837475e+01
4.953039125776870577e+01
4.957198680758352793e+01
5.255199231803803883e+01
5.499253433996026530e+01
5.078372859957341490e+01
5.359811502679352913e+01
4.641016887144609626e+01
5.029674003326235265e+01
5.279673917100608804e+01
5.012620592584717372e+01
5.078443651943162962e+01
4.804886599750243192e+01
5.106871717578108161e+01
5.076749813781865583e+01
4.944941313077537615e+01
4.873621830909259245e+01
5.223438245720156203e+01
4.859596938406500044e+01
5.173360400395700509e+01
4.321396077368493138e+01
4.847184321281908126e+01
4.979674300894761529e+01
5.184592665536922595e+01
4.445856024764072600e+01
4.888062574813650230e+01
5.092929314447388833e+01
5.157214545554113272e+01
4.746207930206303161e+01
4.819086866626399512e+01
5.037848412508804330e+01
5.199385061740966307e+01
4.509387732121895453e+01
4.887279386982775264e+01
4.258338281708499551e+01
4.633583699913068443e+01
4.702137483577894983e+01
4.867141060919133366e+01
4.460905076394957547e+01
4.682300776773851680e+01
4.779130432515069771e+01
4.910247940972704583e+01
4.515292585828151317e+01
4.696672286866209589e+01
4.793589242860993238e+01
4.932838083488241665e+01
4.433287320964921463e+01
4.599760332160405341e+01
4.721652578926516952e+01
4.813200744996251501e+01
4.812410551399440806e+01
4.370258616101670412e+01
4.635863305941055046e+01
4.702861339738019097e+01
4.816746048325983054e+01
4.441595302889860619e+01
4.747180428035165534e+01
4.768794503704295806e+01
4.969984019902551609e+01
4.405422787685124320e+01
4.735705716447533575e+01
4.742772619876651419e+01
4.982395043574214810e+01
4.586366141479348357e+01
4.862739272179533145e+01
4.061095147825129459e+01
4.526860733109085544e+01
4.473383756574484948e+01
4.764408551286005178e+01
4.326870831038385745e+01
4.687501344277955440e+01
4.791449882351628986e+01
4.633533813536960366e+01
4.509796369060208576e+01
4.859695512533576078e+01
4.630648898459406126e+01
4.950585653334555758e+01
4.308833291377899144e+01
4.627147109145551696e+01
4.886006047528331209e+01
4.609648232775352739e+01
4.699563446369618447e+01
4.429341513880412151e+01
4.778794774977477999e+01
4.635028845723596902e+01
4.520703278184492291e+01
4.795499239484527010e+01
5.049998490761433345e+01
4.488582686611027128e+01
4.760039601020813649e+01
4.539041792804491138e+01
4.513946000951555249e+01
4.774898498228238708e+01
4.941379254131876309e+01
4.452332910886289596e+01
4.703450025750173324e+01
4.903203119138518673e+01
4.922964484069180457e+01
4.518738284944927841e+01
4.728071137331365748e+01
4.928746425407836540e+01
4.962578486303535641e+01
4.544616041708700749e+01
4.769998600364881725e+01
4.281710780946182382e+01
4.429648942942447576e+01
4.637878501792786778e+01
4.731679329120071742e+01
4.420772105875331448e+01
4.597261986928614164e+01
4.769491289167336134e+01
4.881118696142664248e+01
4.421360142095858947e+01
4.649730299383817567e+01
4.745300830051186836e+01
4.908192574731305768e+01
4.585628082426232055e+01
4.818079370050430299e+01
4.917574577200930719e+01
5.035131795753368777e+01
4.591494717270858672e+01
4.879943858966505132e+01
4.911752383777591291e+01
5.123162732624793136e+01
4.636688019563057139e+01
4.922711631674064137e+01
4.948599719060687363e+01
5.180372850469012747e+01
4.792718138496623936e+01
5.062716298182072450e+01
4.385074517157432439e+01
4.739393233802154271e+01
4.717687817658484306e+01
4.987233412641511165e+01
4.703351531989434164e+01
5.008800255249133215e+01
5.068776676936032288e+01
4.743243019075088540e+01
4.761353142230619540e+01
5.069792492679453488e+01
5.284299082042946338e+01
4.606433702164803634e+01
5.052047208853997518e+01
5.322876395499611135e+01
5.086143346435714818e+01
5.185680777807527875e+01
4.955356335399277157e+01
5.301717189924875129e+01
5.310905820549496781e+01
5.088678262609629854e+01
4.986568245011777378e+01
4.791918291501794158e+01
5.140093673479881176e+01
5.360755560726742885e+01
4.603062549751675192e+01
5.125837653186106735e+01
5.378879015259142449e+01
5.211531682340603311e+01
5.283209441493669800e+01
4.967444468529674140e+01
5.217922892883515829e+01
5.263572440766188976e+01
5.271622501297359520e+01
5.018880886111696071e+01
5.290470943818826299e+01
5.514136544331864798e+01
5.052440166941127586e+01
5.367139504852886489e+01
4.608353008697972086e+01
5.080072730433678885e+01
5.276875987726805306e+01
5.333928185326040250e+01
4.880120748902095329e+01
5.145766995243778297e+01
5.225273030086562898e+01
5.447112129447819484e+01
4.769859812321925574e+01
5.141328406349442304e+01
5.275555311018639770e+01
5.417164097438843129e+01
4.834487773839998681e+01
5.161530120863498894e+01
5.270680858019386505e+01
5.408050932696483670e+01
5.269235664931383667e+01
5.446454756972921274e+01
5.596817109073888474e+01
5.637108452885684784e+01
5.110479224852537783e+01
5.338150951411073919e+01
5.515801792306454843e+01
5.549365923425899894e+01
5.383418270403064554e+01
5.518188506041641972e+01
5.732134946284715227e+01
5.686801856461270432e+01
5.272801173513663997e+01
5.374580692017123340e+01
5.619130708814891051e+01
5.574474766802005377e+01
5.463753411830903417e+01
5.427781815395142218e+01
5.715026685891437808e+01
5.617180014376596375e+01
5.408611285852690997e+01
5.345250739882369118e+01
5.644047462274786398e+01
5.830906128340921413e+01
5.332521828354340698e+01
5.644327654390465199e+01
5.909357623215945665e+01
5.666197479542614701e+01
5.617509446895549274e+01
5.435129396802967960e+01
5.768046147471996221e+01
6.002790110643154264e+01
5.377280498911480322e+01
5.715004558327220963e+01
5.973812613806438776e+01
5.665512625108291189e+01
5.677294588944287312e+01
5.416158586731998525e+01
5.747063677069074572e+01
5.874010900388384471e+01
5.502102281039277187e+01
5.804663707154173125e+01
5.401560123975905015e+01
5.749512789497010345e+01
5.655122935384321892e+01
5.540284516192650699e+01
5.791071986341080446e+01
5.976582155614633507e+01
5.709925378185441502e+01
5.759560342282500045e+01
5.191081532730937198e+01
5.485591915676106112e+01
5.673595334152570757e+01
5.756925314607550348e+01
5.321700441254665037e+01
5.518045750111748760e+01
5.622841848711880886e+01
5.795922506965234078e+01
5.181524563144303386e+01
5.480942270549496698e+01
5.598651488231776341e+01
5.734319422795809373e+01
5.378985109141424203e+01
5.542570923300078789e+01
5.673412677017530115e+01
5.824611146986696042e+01
5.309292907123217020e+01
5.482773700977003273e+01
5.559122144961295220e+01
5.712167837563671924e+01
5.710986668031453206e+01
5.931560774486507626e+01
5.926217896339692004e+01
5.536145354359143766e+01
5.651261650361346511e+01
5.880732075498352884e+01
5.853473299221617765e+01
5.711148841551462851e+01
5.699366091832698089e+01
5.959671376519439434e+01
5.862142889014287306e+01
5.507947778050596099e+01
5.542079981763465213e+01
5.799183153192771556e+01
5.802442264666771621e+01
5.875239917552967484e+01
5.528172278916620996e+01
5.677549639087086319e+01
5.912547405802573763e+01
5.695576170267462857e+01
5.524019782539176759e+01
5.847882631670834996e+01
5.621192785948045412e+01
5.931878516895312714e+01
5.411491949187270478e+01
5.705153654903633509e+01
5.942144569148776156e+01
5.639959716354978525e+01
5.615939391443622242e+01
5.375300311320317093e+01
5.684449206692301715e+01
5.764303833148944989e+01
5.456680312238064090e+01
5.431344744478611375e+01
5.745052290119181748e+01
5.511717046973178213e+01
5.745740019754256167e+01
5.994322568549934260e+01
5.595233661436531492e+01
5.903670651267319869e+01
5.085054167897150279e+01
5.573232660371378699e+01
5.695292005307609173e+01
5.869446054816589253e+01
5.139865904276067710e+01
5.551421177833032061e+01
5.732689320238805664e+01
5.793705144227462966e+01
5.339513013413856157e+01
5.498677804601700103e+01
5.661883228741599083e+01
5.764054665410905898e+01
5.345416564767008083e+01
5.457498018594790778e+01
5.593918043987060429e+01
5.746116374254525283e+01
5.173328676490142186e+01
5.414479824303293043e+01
5.545005061420674508e+01
5.632792748764587998e+01
5.665911848157817587e+01
5.135542714362369310e+01
5.348836329546298884e+01
5.427652633658373560e+01
5.537416705501034642e+01
5.264892737277453705e+01
5.523286820798305286e+01
5.562596587788983271e+01
5.624369230548286680e+01
5.278116220344958975e+01
5.539338365801648933e+01
5.529376012008194863e+01
5.699543479446747085e+01
5.103714299055645398e+01
5.401086055316022794e+01
5.356198458368565696e+01
5.603609381788118782e+01
5.378701209200154665e+01
5.649607397238906259e+01
5.572258813060502547e+01
5.382713249442493009e+01
5.319049086574938201e+01
5.589697198972393011e+01
5.693643471279631285e+01
5.290498834651185689e+01
5.654940602241821779e+01
5.895679343647175585e+01
5.490216629007942117e+01
5.718956080041090928e+01
4.989619716232141400e+01
5.469708742074725194e+01
5.695365518376450353e+01
5.395453518411319749e+01
5.396627590395008411e+01
5.717802433487518954e+01
5.423205051319980186e+01
5.652787106262054095e+01
5.908253212939689547e+01
5.634944788695236184e+01
5.828712438946621432e+01
5.281887217590827532e+01
5.604498043626708892e+01
5.822259639130707853e+01
5.319534757960860816e+01
5.563837872961114783e+01
5.184096116870571791e+01
5.496803019222019060e+01
5.574098459205797695e+01
5.434530679571548717e+01
5.592654909520178563e+01
5.786568689268663945e+01
5.675863707496043986e+01
5.305962699280546957e+01
5.518736485678060433e+01
5.587678964522735470e+01
5.746435104461806276e+01
5.227852605228967064e+01
5.490290089399836404e+01
5.654157456311777707e+01
5.716484434202252629e+01
5.349692521272278611e+01
5.571425845766709983e+01
5.743310720916390011e+01
5.703502533933288277e+01
5.458715504569585164e+01
5.582777445501548641e+01
5.751857002110288164e+01
5.795268302622665857e+01
5.271795606353693842e+01
5.552846289664154966e+01
5.588367311653209413e+01
5.775533616191980002e+01
5.243191383553726581e+01
5.539684632401395703e+01
5.555917926701020093e+01
5.783204493531599866e+01
5.604511386758123592e+01
5.856350634993917481e+01
5.785123364935983403e+01
5.553010252580105544e+01
5.553643559673452756e+01
5.832002534626002443e+01
5.755835571783787685e+01
5.611737629347652501e+01
5.536823564999355796e+01
5.830250556739613899e+01
5.911170435637433940e+01
5.437442464638246520e+01
5.860126116132057916e+01
6.109883748121143299e+01
5.800893318057228498e+01
5.749365789631930568e+01
6.095360597271591274e+01
5.807118505758888460e+01
6.130586191961835141e+01
5.342632553723353084e+01
5.806651477342317236e+01
6.059781133297274636e+01
5.721511804923039080e+01
5.780448151358360320e+01
6.090925044708244229e+01
5.950482041966171209e+01
6.076985422545320858e+01
5.635106422723474395e+01
5.973460430820194489e+01
5.996773032435359596e+01
5.715557139806725928e+01
5.789550010241302402e+01
6.002743895627725124e+01
6.203969608735810937e+01
5.656549913551934594e+01
5.940730405205560061e+01
6.139082844372973113e+01
5.975034214281563294e+01
6.057280114327865306e+01
5.382329816689308899e+01
5.740108046414143672e+01
5.898951482213481512e+01
5.985706494833722502e+01
5.516766579385217995e+01
5.714577374566360390e+01
5.852425349420549594e+01
5.951480810281505995e+01
5.527387996398008596e+01
5.756570664187339048e+01
5.917379007309149586e+01
5.949387197587018505e+01
5.564539759773750660e+01
5.686869996568901797e+01
5.838226776117407724e+01
5.911342664812030279e+01
6.088840716035650757e+01
6.127495084305022743e+01
6.106147301410401695e+01
5.691061062059409892e+01
5.959867044913527678e+01
5.980048949930232283e+01
6.188247582670092584e+01
5.667151186564254317e+01
5.951848318707808261e+01
5.900135989290057381e+01
6.145575406659175854e+01
5.769906915865016828e+01
6.077363553418599906e+01
6.004905670798547845e+01
5.970586809446700016e+01
5.852784329307149136e+01
6.145538411988524530e+01
6.097668753095796035e+01
5.855309845140544667e+01
5.757003928752530442e+01
6.057885394112563660e+01
6.225650034368330665e+01
5.585189995516661554e+01
5.951934645866771234e+01
6.203031055483856449e+01
5.908671964529018794e+01
5.978524697524994735e+01
5.714607661454882503e+01
6.022363265287203404e+01
6.091092275209661722e+01
5.763427486838056524e+01
6.065772322794477844e+01
5.994314115280943156e+01
6.105627864897091683e+01
5.695816770631603276e+01
5.985106143820571845e+01
6.107059900636352268e+01
5.821779873101078806e+01
6.201170714642115200e+01
6.153124151872606262e+01
6.101401174656608362e+01
5.882174219172579654e+01
5.920766451955318388e+01
6.116995962922035801e+01
6.243348910239621574e+01
5.708426431523650280e+01
5.919065146607103856e+01
6.066615087083641811e+01
6.112960614134021853e+01
5.592496367734658946e+01
5.846672964048620003e+01
5.962330788463818720e+01
6.057083965101794831e+01
5.611134178598457822e+01
5.827121355692965210e+01
5.969392315167568341e+01
6.023614265255881151e+01
5.636573036956535532e+01
5.740796128591160397e+01
5.881935445366978854e+01
5.940249304537102404e+01
5.625359536160301843e+01
5.848555041335754368e+01
5.841013674177864345e+01
6.044556532008695626e+01
5.479970347271522968e+01
5.716555426443918719e+01
5.683645676983769590e+01
5.919812858557818913e+01
5.717252700935826226e+01
5.993886343230531111e+01
5.889049540204979394e+01
5.728788077136492518e+01
5.679812103981505089e+01
5.931678554352479438e+01
5.808324214738598101e+01
5.661978401155543850e+01
5.565809159915706772e+01
5.825637098357181287e+01
5.878911176692479046e+01
5.440648159059493594e+01
5.808296653368610407e+01
6.013910149926628179e+01
5.715365983771779668e+01
5.620960091635826927e+01
5.930636186669571686e+01
5.645869099903543997e+01
5.943658601988966694e+01
5.299722101106674188e+01
5.638169170160669808e+01
5.870171313225035448e+01
5.519494017354212190e+01
5.517595799036803328e+01
5.811149438136006040e+01
5.669863246594842821e+01
5.792230224572065111e+01
5.446527759942875946e+01
5.713718991796157809e+01
5.610507795587614055e+01
5.550561740297994362e+01
5.837779373806041860e+01
5.909599590270783409e+01
5.452645702432928942e+01
5.517183426272251978e+01
5.709262604720972689e+01
5.879441524230018956e+01
5.310862350758495865e+01
5.643642448843433357e+01
5.774960390693522072e+01
5.843579317270408069e+01
5.359073698885647019e+01
5.580282980016654903e+01
5.738357177549209354e+01
5.773537016636930019e+01
5.396219871736000329e+01
5.558413630364533731e+01
5.668346254874617074e+01
5.768227483654660404e+01
5.262927697876895650e+01
5.389821158484485153e+01
5.503900972558310656e+01
5.566106155853521642e+01
5.593967927004329965e+01
5.765117007813704220e+01
5.781990375653662539e+01
5.337100832689985452e+01
5.418183655679250421e+01
5.614301551824539160e+01
5.594463445971954485e+01
5.734379925356540042e+01
5.166608919836480851e+01
5.450508769381256968e+01
5.391941972010604900e+01
5.628940466290433164e+01
5.370214909702355044e+01
5.631930145520619391e+01
5.535666739915319567e+01
5.446460654264651424e+01
5.694571049325492851e+01
5.493718356789564439e+01
5.782835309994146655e+01
5.106499798800513190e+01
5.507929948861811909e+01
5.733332678850389641e+01
5.479909867565555714e+01
5.517518226606888021e+01
5.812420678734660129e+01
5.527129393621979858e+01
5.698081550613220969e+01
5.085055031931418057e+01
5.513364618379503668e+01
5.743312478029425705e+01
5.164305765712590102e+01
5.558265643739356676e+01
5.786524929584464161e+01
5.381970391985333890e+01
5.689914515860746747e+01
5.905714003806780710e+01
5.435147254188239430e+01
5.748616493223811830e+01
4.918006690412971693e+01
5.377894890996374500e+01
5.576651818356265267e+01
5.681253762059431978e+01
5.250867025595091064e+01
5.459839250118886866e+01
5.569923572948393087e+01
5.686836590555795823e+01
5.017113256290635803e+01
5.363517770065305257e+01
5.513969797647703075e+01
5.608013349995913899e+01
5.735260572886450348e+01
5.852648716496447889e+01
5.624546320243982223e+01
5.666223016198880913e+01
5.822393733929609283e+01
5.878690305650390258e+01
5.466371955894084067e+01
5.596069297544769228e+01
5.755925903124427379e+01
5.814317781158398191e+01
5.525050188088020775e+01
5.623788918389767133e+01
5.814151544946780348e+01
5.825555692302992128e+01
5.450496588634489825e+01
5.590809761584934279e+01
5.802724348034296042e+01
5.766642093060507790e+01
5.393089806865682334e+01
5.463954067888199262e+01
5.711109711144469969e+01
5.631287866853971025e+01
5.740107401100931384e+01
5.660515206464979343e+01
5.938804614308300955e+01
5.681693796705646093e+01
5.511914785746089507e+01
5.680407950485489010e+01
5.728115084489090947e+01
5.727161049956494310e+01
6.014417796712233155e+01
6.009935023130963572e+01
5.613373456384260152e+01
5.553750255666368218e+01
5.870919818039871529e+01
6.107285285263699137e+01
5.411595991329858890e+01
5.846778223528146867e+01
6.090821806390732007e+01
5.795034550300774612e+01
5.787399345023392527e+01
5.516308549823413188e+01
5.830860977605774309e+01
5.965092975880217097e+01
5.514098293485956503e+01
5.935454271213099275e+01
6.029564494398638175e+01
5.891363858597759418e+01
5.865348652301535992e+01
6.086219558599438528e+01
6.240096778552898371e+01
5.690587842733496160e+01
5.955363698754435120e+01
6.149706204675300825e+01
5.935201494534939570e+01
6.083162328707855693e+01
5.469151124128675434e+01
5.764206755084747158e+01
5.920441265120867058e+01
5.918265538547694149e+01
5.574874065807472334e+01
5.811419819260254371e+01
5.949586215200042716e+01
5.860836771374735577e+01
6.004450104736786642e+01
6.101770053298171348e+01
6.039983250908360901e+01
5.557172138456836308e+01
5.751538883000494451e+01
5.830130631849266365e+01
5.980951707398142503e+01
5.763632510948504972e+01
5.995146664636477141e+01
6.026679559241382123e+01
6.057880488823767706e+01
6.055603701050954868e+01
6.266109363848580927e+01
6.045349693506998534e+01
5.783480275775022506e+01
5.819564476297427547e+01
6.049291757989599461e+01
5.966325390119634164e+01
5.790189855833633459e+01
5.793203016553443518e+01
6.033449960137090073e+01
5.907096329476384255e+01
6.194096695370873107e+01
6.343408422638489697e+01
5.845272091270688009e+01
6.109749781310531347e+01
6.357260255358304590e+01
6.113727180966193231e+01
6.091678877522127067e+01
5.880107704696541049e+01
6.194163179579704348e+01
6.382605064599218281e+01
5.703103502270153768e+01
6.049125762078871560e+01
6.290480337560736501e+01
5.960927918353645794e+01
6.018233668322232433e+01
5.721456433558402210e+01
6.019151092804899861e+01
6.054798306996185886e+01
5.846944244516301126e+01
6.139990938801400233e+01
6.085489210995054066e+01
6.077057246471970586e+01
5.710790397036243604e+01
6.064039470804478071e+01
6.086431525582027291e+01
6.007054296771448065e+01
5.889890346016149181e+01
6.080267155716487082e+01
6.235754801849765983e+01
5.645735270510969883e+01
5.937503072228494716e+01
6.078881806011970212e+01
6.156268385896510864e+01
5.708093444601553301e+01
5.868641198450578855e+01
5.977340964952362867e+01
6.074586516040493933e+01
5.767875029206455650e+01
5.918229118118689769e+01
6.006470519133451802e+01
6.081158480270817535e+01
5.614724963920131984e+01
5.774945642364938436e+01
5.829766398228564839e+01
5.976796716013886623e+01
6.020300746895953381e+01
6.171540457767938648e+01
6.077501489856711459e+01
5.629522417288854541e+01
5.729191442281055657e+01
5.946338384518180931e+01
5.883609736331971618e+01
6.134406029802481441e+01
6.038517678450546100e+01
6.221229914344403511e+01
5.723683648619099529e+01
6.015133838165803581e+01
5.919281398839521557e+01
6.168567878091781154e+01
5.635199641973058249e+01
5.946246613124036884e+01
5.974159743316623405e+01
5.977564747068113604e+01
5.493035686309422516e+01
5.915170967482174547e+01
5.791002063088077279e+01
6.077391198567735842e+01
6.312158728334847524e+01
6.015894680488610646e+01
5.985660761040114863e+01
5.737919758126712821e+01
6.027840585911330606e+01
6.213115955084273878e+01
5.538593937181764204e+01
5.895770841472335633e+01
6.115718202103640522e+01
5.881374502901375934e+01
5.873890662980927857e+01
5.564961628919471792e+01
5.840213821945408768e+01
5.986977983743501852e+01
5.384119940369289026e+01
5.782022044477581346e+01
5.954662699194076225e+01
5.835282826296039360e+01
5.529315442184442020e+01
5.727078928496730725e+01
5.875984681749686445e+01
5.875688907727506205e+01
5.496668040473794292e+01
5.713922063729265233e+01
5.792843171966379145e+01
5.883769796395582574e+01
6.028162825238148059e+01
6.097034063508394297e+01
5.634623156098846408e+01
5.759107007105230736e+01
5.880241227941888127e+01
5.991810686219629645e+01
5.710632502489794859e+01
5.799310119446606393e+01
5.939740674411172705e+01
5.986148580860171364e+01
5.499665487248984874e+01
5.740311349966866317e+01
5.782055252857023930e+01
5.947141027348469322e+01
5.688916482408673403e+01
5.909010599568014754e+01
5.883032960792787236e+01
5.867217933017185771e+01
5.521092681193497498e+01
5.784961895726795689e+01
5.722491937442236321e+01
5.920677829801692127e+01
5.343199511508657196e+01
5.644464568667032722e+01
5.569575940261796632e+01
5.819422262730680018e+01
6.060932267858183309e+01
5.858882257973669283e+01
5.920318914368091612e+01
5.710214150253293752e+01
5.991803630980700035e+01
5.917393433526238766e+01
5.553963464846516018e+01
5.955048822559852795e+01
5.705052575133604620e+01
6.009199925171303391e+01
5.295376495036219211e+01
5.734009754755609833e+01
5.967283451703713837e+01
5.633789916305957490e+01
5.632518927611895521e+01
5.932870114121016769e+01
5.839257372693969472e+01
5.904919993526826261e+01
5.414203895972526226e+01
5.779582746156431483e+01
5.796752837149907123e+01
5.586690762759300100e+01
5.777373738577941253e+01
5.839706945085011114e+01
5.943875868995665002e+01
5.209660504535806780e+01
5.618744357976851234e+01
5.796630127782090369e+01
5.891509892527384551e+01
6.035440156071350515e+01
6.199247028978019358e+01
5.526445230064467040e+01
5.813783186658659474e+01
5.925984943051933840e+01
6.071310250228229677e+01
5.533902750656095293e+01
5.747967157316896447e+01
5.836551153046733020e+01
5.958242429667041051e+01
5.612701149335067896e+01
5.750736497671515934e+01
5.874626695760547790e+01
5.931292724654348802e+01
5.837279871933154851e+01
6.051098362169218348e+01
6.067190375029382921e+01
5.876550400295460008e+01
5.903928143712991528e+01
6.123412745259778234e+01
6.077315134421886711e+01
5.664560427168085255e+01
5.719118461921588192e+01
5.961433078387999274e+01
5.881304586752113295e+01
5.989984662312541275e+01
5.906296068442136260e+01
6.180049476042634637e+01
5.929278940062260261e+01
5.724501620556844728e+01
5.866947421994219525e+01
6.050012725793771295e+01
5.808213637521074446e+01
6.104150528226358574e+01
6.363384227859963005e+01
5.819592313974810338e+01
6.149178875885768747e+01
6.407445817064352411e+01
6.052530501462290147e+01
6.042900167280237866e+01
5.799924307341721885e+01
6.115110119964801072e+01
6.258726188971274951e+01
5.650972539671919037e+01
6.052807660092227593e+01
6.273981636624697700e+01
5.842809307061528301e+01
6.151949087054968146e+01
6.377052599476459704e+01
5.947431636354990303e+01
6.243169415281274581e+01
5.457428629240057205e+01
5.904525327291406001e+01
6.023329343370912881e+01
6.198785421413191443e+01
5.495975219885975349e+01
5.863129142658139870e+01
6.038858558707129731e+01
6.118342368016348587e+01
6.277195623722919038e+01
6.391926925007966531e+01
5.803903447153107464e+01
6.068708621433200534e+01
6.171802592220200978e+01
6.282096365128653304e+01
5.852506133630987506e+01
6.084787440385067470e+01
6.173645312246328842e+01
6.320983811268018826e+01
5.769983305777444826e+01
5.942212501850461592e+01
6.006708772065240964e+01
6.156142310090265823e+01
5.980402818476213156e+01
6.204654617985654141e+01
6.230321290839010118e+01
6.056854573961084043e+01
6.115382361546459578e+01
6.317949693767564412e+01
6.282103360035585382e+01
5.846811455868147789e+01
6.032844659184573288e+01
6.054837494685447297e+01
6.260595626392009905e+01
5.896963457727603952e+01
6.189640927881011123e+01
6.166550468814513408e+01
6.300117537741260065e+01
6.484516961225290288e+01
6.253205369420250292e+01
6.142182555933510457e+01
5.988240260547239302e+01
6.282319300953702168e+01
6.467870321594818961e+01
5.838977946727879953e+01
6.190774513258341472e+01
6.431290406687033112e+01
6.121769592674363736e+01
6.139320688974750340e+01
6.435534847855439011e+01
6.112196554188934527e+01
6.383507846700010901e+01
5.770274015439167670e+01
6.066012685898235901e+01
6.288967028953405958e+01
5.964231352355748328e+01
5.990095939214172205e+01
6.273684692364901849e+01
6.171711337530462771e+01
6.203485129246907803e+01
6.454711077127629437e+01
6.142404908989891510e+01
6.177232724913782391e+01
5.900815136223483393e+01
6.123614951906731108e+01
6.208203178703504932e+01
6.164195064109810573e+01
5.665146078481083691e+01
5.966929722144878667e+01
6.107545673496137084e+01
6.174373556571784150e+01
6.296104467610889088e+01
6.427257493320473714e+01
5.881796626640697667e+01
6.061721453189013431e+01
6.150395660016589261e+01
6.264488954676283328e+01
5.757720806025032800e+01
5.902138620892817045e+01
6.024583768724475874e+01
6.070453967786866656e+01
6.112750777814193981e+01
6.301955312998635605e+01
6.287468316753027153e+01
5.966895228519044991e+01
6.015343890435095631e+01
6.231498315885769301e+01
6.159974835265843041e+01
5.767012319483053062e+01
5.812580084099441535e+01
6.064290190148607707e+01
5.961395121436366651e+01
6.150693935044442640e+01
6.211780130969955138e+01
6.176739062630606014e+01
6.029434333485130537e+01
5.928167586181267268e+01
6.184373306512819113e+01
6.184501318463580333e+01
5.654187443699241555e+01
6.054822340636290079e+01
6.031263165217422539e+01
6.127002969466529692e+01
5.767296225593977965e+01
6.046506199968928996e+01
6.266288388650719554e+01
5.688577397745949327e+01
6.008386416187236279e+01
6.232035976708323943e+01
5.921002625261449737e+01
5.911804018092173152e+01
6.187488280289768028e+01
6.065223755604473155e+01
6.194255503462353118e+01
5.552064791275115141e+01
5.917128733162108034e+01
6.111327779479529454e+01
5.497214934216022186e+01
5.874466735669678030e+01
6.047626657657069416e+01
5.970161742516627612e+01
5.630432113217553081e+01
5.814808492327141209e+01
5.961236630441017326e+01
6.010446179640461395e+01
6.129559820485449251e+01
6.204706367141323398e+01
5.802135529839438988e+01
5.987232329467654779e+01
6.102036119994701835e+01
6.147384996612480279e+01
5.776617533350623290e+01
5.927386075721121728e+01
6.029761519703824035e+01
6.127350096682359037e+01
5.610219911954879279e+01
5.728959304210783898e+01
5.840435775181965283e+01
5.916562403925041735e+01
5.610109440222828425e+01
5.723640789017564856e+01
5.872732132434637720e+01
5.888620149188928821e+01
5.467620974589300431e+01
5.541258085791659482e+01
5.730633315638240788e+01
5.705599497169721701e+01
5.922237237367028939e+01
5.857559825632895922e+01
6.083578836250549671e+01
5.566905421871908288e+01
5.864600036663920690e+01
5.760037284370337574e+01
6.007288016257333396e+01
5.494245587128990849e+01
5.804138615487844532e+01
5.860707926716612803e+01
5.757320161696281957e+01
6.041134011425882022e+01
6.231431496201515330e+01
5.451806287340819068e+01
5.883069575310026522e+01
6.117989176526045014e+01
5.827506324589716513e+01
5.996170598972198462e+01
5.377265066372833502e+01
5.789329785063023337e+01
6.012945431028891363e+01
5.497051655309773821e+01
5.846889324204718719e+01
6.045655553177627439e+01
5.440857089360978449e+01
5.914201622088388888e+01
6.123081052532982937e+01
5.684743942261628291e+01
5.909904339241072790e+01
6.135771769098059991e+01
6.017864662331382419e+01
5.700572902284844190e+01
5.883570107375606995e+01
6.031523678392022703e+01
6.099715734204458784e+01
5.663831609180545712e+01
5.824073894056630962e+01
5.942494025641047983e+01
6.033796586573149767e+01
5.558195865650817780e+01
5.767163400371583037e+01
5.861478986709956018e+01
5.977913769704962021e+01
5.371101391479376019e+01
5.642958905709994610e+01
5.721608606279305320e+01
5.851404738047364873e+01
5.994385253625200249e+01
6.034478520303294857e+01
6.082008071174045227e+01
5.635953613790432826e+01
5.729289048934999329e+01
5.908580165381425786e+01
5.922026069155293015e+01
5.856058352708061676e+01
6.064547125882771184e+01
6.028532917712706762e+01
5.720170388456482158e+01
5.761802098352173829e+01
6.002716661694019962e+01
5.917229918217330464e+01
5.925874147533227898e+01
5.855015581005552150e+01
6.126766321429381890e+01
5.948447911250959663e+01
6.237706396319704538e+01
6.419888575486992011e+01
5.673049040947553578e+01
6.029869986056434783e+01
6.298572269810216540e+01
6.057114350402643055e+01
6.270021933502206934e+01
5.567263876149852564e+01
5.986724098171292496e+01
6.200860154943109848e+01
5.876565979856523825e+01
6.191129797573105265e+01
6.361260544776099124e+01
5.694919058443040427e+01
6.108150428026713286e+01
6.334028607612913930e+01
5.962394142408594178e+01
6.128496578070395628e+01
5.791591307706566027e+01
6.103120346287342102e+01
6.162985388332612757e+01
5.803607009739299372e+01
6.015227445348507018e+01
6.051687461015181668e+01
6.232521953089838007e+01
5.718532100892596048e+01
5.986864535829381140e+01
6.130316168008788935e+01
6.136668655479547851e+01
6.229238142119191934e+01
6.376430356489627371e+01
5.955796791941692447e+01
6.213574725479154637e+01
6.317204977206639427e+01
6.413416459277907222e+01
5.941849884792446090e+01
6.094571176600049967e+01
6.180128180042152053e+01
6.333766677460715755e+01
5.832123230903289368e+01
6.024771620642928838e+01
6.086140520611837701e+01
6.210825158224942300e+01
5.711678120952097970e+01
5.974862123924144441e+01
5.989816089707691305e+01
6.149712493099107036e+01
6.200352710582131976e+01
6.365644985904796016e+01
6.196580438762143928e+01
5.909609394741974597e+01
5.961049022401186903e+01
6.181345693574025546e+01
6.095556538758791021e+01
6.351077904140890951e+01
6.299474079989251862e+01
6.511381013981751664e+01
5.903268899667915548e+01
6.213735855900827687e+01
6.150323410279802516e+01
6.406696146256176405e+01
6.005064338590805306e+01
6.279342351814547385e+01
6.359761356410003685e+01
6.074464042923729323e+01
6.395064838960518472e+01
6.580306145122752071e+01
5.943481219880870015e+01
6.286283739213191524e+01
6.520145569781561790e+01
6.186182899619402065e+01
6.178282710423204804e+01
5.886002076143525130e+01
6.182083620415707514e+01
6.355244109951820519e+01
5.778438699601472450e+01
6.130710915886351131e+01
6.335043498575446819e+01
6.188471900450588237e+01
6.099571511178224625e+01
6.358299983074163464e+01
6.289185588728278731e+01
5.955163682126804048e+01
6.221262138822991261e+01
6.323241771964242730e+01
6.284225494390167910e+01
5.804846428138223047e+01
6.101222163319442160e+01
6.236726238703477776e+01
6.300183352891417599e+01
5.825401324720569107e+01
5.968373037914714985e+01
6.067462014384035029e+01
6.198149591249303825e+01
6.285289730402809028e+01
6.402392709100851675e+01
5.845083294275234209e+01
6.007397681651456622e+01
6.125100054807521133e+01
6.170379282170679858e+01
6.262337011892273608e+01
6.428218185414719699e+01
6.408573946251483733e+01
5.974483286704467133e+01
6.065881573548409733e+01
6.271349242059022089e+01
6.224107441326826518e+01
6.212660726660080712e+01
5.914740172210195368e+01
6.161811681575997568e+01
6.055402030904973287e+01
6.168835740917482013e+01
6.211207996109833829e+01
6.307787511322206342e+01
6.064939079726890014e+01
5.834131084048297566e+01
5.945676368286480340e+01
6.184707270239257326e+01
5.971206199855024011e+01
6.236998999114742048e+01
6.404728515602006667e+01
5.864722936200043080e+01
6.151601075797176321e+01
6.380257550024001034e+01
6.079494145790899040e+01
6.035206767326634747e+01
5.783603627961967675e+01
6.066130928724241045e+01
6.256487614700474609e+01
5.576784376582076419e+01
5.922069015734891906e+01
6.136712590467331552e+01
5.900163823154296239e+01
5.888968413932531831e+01
6.178530776682803349e+01
5.852758315263742617e+01
6.110443452798341468e+01
6.261829863618972070e+01
6.144501004092387575e+01
5.830385745435836498e+01
6.019734290871739546e+01
6.133867774713996113e+01
6.196212828835842856e+01
5.735938552293558246e+01
5.883746234321125712e+01
6.004387453637497885e+01
6.136161581501683315e+01
5.632409658006179853e+01
5.726332772393511306e+01
5.879067631549624906e+01
5.956683120075979332e+01
5.637215640077786105e+01
5.791595193362231697e+01
5.898379047519814833e+01
5.955382402916336559e+01
6.031528832912360372e+01
6.158067747793186442e+01
5.987528896024765857e+01
5.541329142806599606e+01
5.769856754898840023e+01
5.806563139397500350e+01
5.965309210761034109e+01
5.737453507920790940e+01
5.953742647832999069e+01
5.920218572401459056e+01
5.783660576739136161e+01
5.896285987529967088e+01
6.000203811871916315e+01
5.904478107685343957e+01
5.548308672819644016e+01
5.666420871502816681e+01
5.869297106346120785e+01
5.700512659405869442e+01
5.952924258383525569e+01
6.132310134539559243e+01
5.790487545357928667e+01
5.966875208727732627e+01
6.206068978809805259e+01
5.939114941976956175e+01
5.858305822689532505e+01
6.172546296272641797e+01
5.884504556520571583e+01
6.169780665501316008e+01
5.292851581392070415e+01
5.810438071206712607e+01
6.041568651895833142e+01
5.707136071805194177e+01
5.810379229585762317e+01
6.071695895871904725e+01
5.817987006970706432e+01
5.811246430023415144e+01
6.124339231774386150e+01
5.770967570152704695e+01
6.069435699660891004e+01
5.197642765409971588e+01
5.707259925616298091e+01
5.823188604396877111e+01
5.995820577415498320e+01
5.269568506736851532e+01
5.662156436954037275e+01
5.833303054675119625e+01
5.903375730285619483e+01
6.047981773900800562e+01
6.173055604201481117e+01
5.593969171291528397e+01
5.836284886797357530e+01
5.988252010354535315e+01
6.061826472270573873e+01
5.623574050570790206e+01
5.776604811743174395e+01
5.908786115534766026e+01
6.017883378434479624e+01
5.611462733201715736e+01
5.806832662570268155e+01
5.857956829346580463e+01
6.014744805765705138e+01
6.042983075333920340e+01
6.230354010266601250e+01
5.971921595761170920e+01
5.890768852090296548e+01
5.953940374171417460e+01
6.162945421975130245e+01
5.977112557475751942e+01
6.248616797519365207e+01
6.165191481599971723e+01
5.860792070915763219e+01
5.849765923807032664e+01
6.112593059652758853e+01
6.001728065085249142e+01
6.117600017802885048e+01
6.296222542532308353e+01
6.080394687807203269e+01
6.208095029769457085e+01
5.956554613072950843e+01
6.236842319013522484e+01
6.459061774316481319e+01
5.688656489555842199e+01
6.104853980579110129e+01
6.360024768494074010e+01
6.049239452457759114e+01
6.167937312091101631e+01
6.447360281943724658e+01
6.102328881791341786e+01
6.152219764760882015e+01
5.857036788059159704e+01
6.156928388130658902e+01
6.154968068880589982e+01
5.909641390216207668e+01
6.235327589742448140e+01
6.200830637858211247e+01
6.177609403872989446e+01
5.936054243010903519e+01
6.237599796835851151e+01
6.374900643159225666e+01
5.762751899515885157e+01
6.035158407063580910e+01
6.198262890737959907e+01
6.256936195136437817e+01
5.884180207063860024e+01
6.074116181888980748e+01
6.147868871585822603e+01
6.288941943672310941e+01
5.796808042653533022e+01
5.980013383044795461e+01
6.081064181271324287e+01
6.225260624685157040e+01
6.320953027458325124e+01
6.408184325535464154e+01
6.169875469748377128e+01
6.120311061837798405e+01
6.206597569320860686e+01
6.357474420846688190e+01
5.970998703851918776e+01
6.240954632234765853e+01
6.245286359682715016e+01
6.421964940578970982e+01
5.943260345729491689e+01
6.198530725479088233e+01
6.189806439540411276e+01
6.366210626237870684e+01
5.776770939709331287e+01
6.024487694366534640e+01
6.004309834872732665e+01
6.225307027800350568e+01
6.414522378849349593e+01
6.238544233014643936e+01
6.427595531291740372e+01
6.046985356344789153e+01
6.319879227275606581e+01
6.221360482830696981e+01
6.416493961354049702e+01
6.666566640111525999e+01
6.393772104366622955e+01
6.224424944292585593e+01
6.048360000480074206e+01
6.362599543497655219e+01
6.497094613842862998e+01
5.859314878180568087e+01
6.207071716999063682e+01
6.440440417142882268e+01
6.125613008930597658e+01
6.152449103929945551e+01
6.436514610537560088e+01
6.287494351316070151e+01
6.494049418341663227e+01
5.834380898728033316e+01
6.147766499314806055e+01
6.364813039338448419e+01
5.896817210782583629e+01
6.197220880198428006e+01
6.150543033759566214e+01
6.401428797894237732e+01
5.839152979315613834e+01
6.055098953339781787e+01
6.229861812569498625e+01
6.209643012775212867e+01
6.368861807979531875e+01
6.502167365288859457e+01
5.999240651157413851e+01
6.226508756907205111e+01
6.334091052949774081e+01
6.444287993964096017e+01
5.992944352572823163e+01
6.122991771517857273e+01
6.229422263450030073e+01
6.318167604959431571e+01
6.043538679193402885e+01
6.249644592200518645e+01
6.284852584173858503e+01
6.308498258809519399e+01
5.849184241945723528e+01
5.927769047497778132e+01
6.111628626017576948e+01
6.097952213595295490e+01
6.309485862426483749e+01
6.262347442184569246e+01
6.390497942943988363e+01
5.647906207128040990e+01
6.014091127398304337e+01
5.928598936708294787e+01
6.183379179780252599e+01
6.324406261442898369e+01
6.166817330513616469e+01
6.357724953358664521e+01
5.820571337541456813e+01
6.119107492377000312e+01
6.131278584185425018e+01
6.156187269137697626e+01
5.675390505934317531e+01
6.032036246710579519e+01
6.182364008654514720e+01
5.909430476248343922e+01
6.187716275138171085e+01
6.398199131298525799e+01
5.768764748543407705e+01
6.075692157611936750e+01
6.300883862161079918e+01
5.995405221804735874e+01
6.001627114244281813e+01
6.277967704984187236e+01
6.103979011805659383e+01
6.248392393638679465e+01
5.890310682733129255e+01
6.141737059169215485e+01
6.044773416305019964e+01
5.862757490908271762e+01
6.155438439772670733e+01
6.255864247838783854e+01
5.837215792134382752e+01
5.918762179807858814e+01
6.086785393598601246e+01
6.242589940290078943e+01
5.647404105718115375e+01
5.957775488325243174e+01
6.087192648871860001e+01
6.163930913290446512e+01
5.697305686718494400e+01
5.874497160738513202e+01
5.925757286190380313e+01
6.054232847271087792e+01
6.146885797864734258e+01
6.241887319915227295e+01
5.696805182386373190e+01
5.932940052657394858e+01
6.041998223151444591e+01
6.107894241270939517e+01
5.821507610523057252e+01
5.913527848592645597e+01
6.065561609245771990e+01
6.078694235993966544e+01
5.654975786680651595e+01
5.718654260682181700e+01
5.906918800281179927e+01
5.881827333855978424e+01
5.963841050105015995e+01
6.138436605586820605e+01
6.044526847684124959e+01
5.847309984396770943e+01
5.854671817074873275e+01
6.101316938787338273e+01
5.962328232198262157e+01
5.811340606858647817e+01
5.894663041884852106e+01
6.104867715727985455e+01
5.869101352681840211e+01
5.754218077617824179e+01
6.013142623324311842e+01
5.777659414456866216e+01
6.046497674335469696e+01
6.296149626000425314e+01
5.992843643975601964e+01
5.951195983311617255e+01
5.718596119425030366e+01
6.002662327399403353e+01
6.145489112289767064e+01
5.495841392089011634e+01
5.911985617371347956e+01
6.125150095332107014e+01
5.785245776739877499e+01
6.080443934422268626e+01
6.273194867601115732e+01
5.519478812899767917e+01
6.009482153877780064e+01
6.199676939471531512e+01
6.198044984046420325e+01
5.791694690122807998e+01
5.848068401157598117e+01
6.028162303834807290e+01
6.193968830688098848e+01
5.572077468585364102e+01
5.907469158559038647e+01
6.043872764338945558e+01
6.130845413132835375e+01
5.638963954575277882e+01
5.841542830450810442e+01
5.925211387381492045e+01
6.044824856400725110e+01
6.134483285203642566e+01
6.259482766742225124e+01
5.780472567549251295e+01
5.933434740700030119e+01
6.072475686646865256e+01
6.108278146076553128e+01
6.173489194867407548e+01
6.339910658596443227e+01
6.347749214750147928e+01
5.902975722995081753e+01
6.002857416968711135e+01
6.199502932913374309e+01
6.185772670941344131e+01
6.113696572416135666e+01
5.994519454390656676e+01
6.254022912587550564e+01
6.158032307606555378e+01
5.812502010049662005e+01
5.916353042524845307e+01
6.156096645532539924e+01
6.006365434898539490e+01
6.171439197932796361e+01
6.098473785757153820e+01
6.361305458422369696e+01
5.947412903552301344e+01
6.179637085069595770e+01
6.410956192177776813e+01
6.099234083269019635e+01
6.001463112881052808e+01
6.333618692042867337e+01
6.030707668551935541e+01
6.344099803271549121e+01
5.588395785846888941e+01
6.013511440793905649e+01
6.247628801355431705e+01
5.893083736237578307e+01
6.195600014094454622e+01
6.297943133111586178e+01
5.991627128778745259e+01
6.398583985591454137e+01
6.393937249906236531e+01
6.046938722145535650e+01
6.181320008492122042e+01
6.431293561906606726e+01
6.339435873704683644e+01
6.089339213886689350e+01
6.167937367509697566e+01
6.358413709493122212e+01
6.472690184792379853e+01
5.922491774544126741e+01
6.152552333223719927e+01
6.258578759544388959e+01
6.362765687599372200e+01
5.783135236078387464e+01
6.028298755365288741e+01
6.179255686078349186e+01
6.242858559068448443e+01
5.859341097211548544e+01
6.032524444129548158e+01
6.118278212484630529e+01
6.267149819830385837e+01
6.317033647140389974e+01
6.496257473375638369e+01
5.998092174947993982e+01
6.189360284698121717e+01
6.302582909421217039e+01
6.297635944533010388e+01
6.145848016232231714e+01
6.177887463391976297e+01
6.377341966261381856e+01
6.339868795501853782e+01
5.879375982639887610e+01
6.158144139759529878e+01
6.076444018595866936e+01
6.290697491147511755e+01
6.477076479325573644e+01
6.297467578235893626e+01
6.423496303524525786e+01
6.151841987301862247e+01
6.455935209179450851e+01
6.341237868971968084e+01
6.200272688794293430e+01
6.486462283701953879e+01
6.237641268174405695e+01
6.532864738955517225e+01
5.929350078558654502e+01
6.282301659101482016e+01
6.463824334145290607e+01
6.125672664895964914e+01
6.099230962233721698e+01
6.398389281774636572e+01
6.066231419481333376e+01
6.358355223820798585e+01
6.573670146202940145e+01
6.113697805054931678e+01
6.539653360446233421e+01
5.864565180893799834e+01
6.171066666091876840e+01
6.387308290914050701e+01
5.919902430737734278e+01
6.211091705922833484e+01
6.157697846234674444e+01
6.408444313967720518e+01
5.854118234288839062e+01
6.069497617592617189e+01
6.217626934173414099e+01
6.291742909603040346e+01
6.404344417156202951e+01
6.479658507261979139e+01
6.075051580644532834e+01
6.265261394027806574e+01
6.337827514318281885e+01
6.443873201281182617e+01
5.997853722565015033e+01
6.132677416570885498e+01
6.227199326280832992e+01
6.334508538151293777e+01
5.874204703227788116e+01
6.032155162138284510e+01
6.108523265829094839e+01
6.227534464272659420e+01
6.101286069271476720e+01
6.324027503354852087e+01
6.305458884045778234e+01
5.939311754020118883e+01
6.206242985249167532e+01
6.164596790591564712e+01
6.344465717080524314e+01
5.842009979065926473e+01
6.073147728295308667e+01
5.976293546410936131e+01
6.226940129393555878e+01
6.245843516590173294e+01
6.338316548448020171e+01
6.136146974077310290e+01
5.847512936027947461e+01
6.003904514613768129e+01
6.087496126184837664e+01
5.936252071430206456e+01
6.197654245713367516e+01
6.433823730085767068e+01
6.071064138524293696e+01
6.162685075856900596e+01
6.410437687298194476e+01
6.109671099989335374e+01
6.090481337079543067e+01
6.373829606864235586e+01
6.056966524293557086e+01
6.318820279560547704e+01
5.627714434624837736e+01
5.967829482597262114e+01
6.182166171395162735e+01
5.861868294739120699e+01
6.159026217662964342e+01
6.116039149413362708e+01
6.222617559292715583e+01
5.759902520374588875e+01
6.040001795247521699e+01
6.029748440468903681e+01
6.155591049659827263e+01
5.644357981307555150e+01
5.870749925766092758e+01
5.960259668935305655e+01
6.068007572322017751e+01
6.187548259409913243e+01
6.265624237422561293e+01
5.788422833216470309e+01
6.042130059465844738e+01
6.112706089164289835e+01
6.206283804884882471e+01
5.667846659800181186e+01
5.828527647791842270e+01
5.918984851476187714e+01
6.010634427479694608e+01
5.540001311403030115e+01
5.751705699276179473e+01
5.860803772368632991e+01
5.921239555585252390e+01
6.069409493081197127e+01
6.095675855560487122e+01
5.961836150815499735e+01
5.948800557733259353e+01
6.147084252055778819e+01
6.107634218381785018e+01
5.730210695476844762e+01
5.771874852122513744e+01
5.989442070386709105e+01
5.910355991105980422e+01
6.051474383630075238e+01
6.019889941848951764e+01
6.244809868163407884e+01
5.830071995726203227e+01
6.045901718072528297e+01
6.187397317419758735e+01
5.905815008471140715e+01
5.927162155495712170e+01
6.192243452608045828e+01
5.969778770487847908e+01
6.187016251147710477e+01
5.414528752137378120e+01
5.845915906454101929e+01
6.048584715703660208e+01
5.749628162801808884e+01
6.035271577967775158e+01
6.231547611603062364e+01
5.396218736175020325e+01
5.913995767044239926e+01
6.135712969368383085e+01
6.022585397099457794e+01
5.888088100778782774e+01
6.216813359675111172e+01
5.961274414352481443e+01
6.192743638523102589e+01
5.330417803707562285e+01
5.835288619520427744e+01
6.026540453978207523e+01
5.801137112431374021e+01
6.003434264377460039e+01
6.168605215085807458e+01
6.033876319900250706e+01
5.642938400846903590e+01
5.820644846399162731e+01
5.893735962999415534e+01
6.087115816209163199e+01
6.151066392759853585e+01
6.290604146681168629e+01
5.708691461446333903e+01
5.939004883232796317e+01
6.026826098038822721e+01
6.156057768206832748e+01
5.744110243494336743e+01
5.884976482078242555e+01
6.009051063469236453e+01
6.070420407793531581e+01
6.042222881504432763e+01
6.227946970158090778e+01
6.239594362832396968e+01
5.888597104115151382e+01
5.957436861424763208e+01
6.168122312646537608e+01
6.133068888645181005e+01
5.773591476323180416e+01
5.820334483744995424e+01
6.063606741442692538e+01
5.981968550978367460e+01
6.071168959518954011e+01
5.977730567133881578e+01
6.254526796067698768e+01
6.018040012618708090e+01
6.308658612776596897e+01
6.483208730089505423e+01
5.725636749614648835e+01
6.088050190779819104e+01
6.366687543698199647e+01
6.122092321594599440e+01
6.324056254961925561e+01
6.592183905312995762e+01
6.233095833185715406e+01
6.204026350360287267e+01
5.960489781311074609e+01
6.284418126020588602e+01
6.440919757045968197e+01
5.781905798539291652e+01
6.199284735728595308e+01
6.433254088632043022e+01
5.880708590254188550e+01
6.308297831306028058e+01
6.522064132777828149e+01
5.982136227062671452e+01
6.433541023661503289e+01
6.641581979551395420e+01
6.011230219078571935e+01
6.439719068330242635e+01
5.630185566904264505e+01
6.016023623332421266e+01
6.210644194954070940e+01
6.400618796935881960e+01
6.503035849417841519e+01
6.615450312971414348e+01
6.096653461503898086e+01
6.294999620135668295e+01
6.421056825233648624e+01
6.576121007761268800e+01
6.042364643361801768e+01
6.195033045936043692e+01
6.352723269740150869e+01
6.473841061568120381e+01
6.105748547171124585e+01
6.368623864557524428e+01
6.419201319434962727e+01
6.543862633953180818e+01
5.933948649374598006e+01
6.167985086656670290e+01
6.190183734696211104e+01
6.387502916966601418e+01
6.128918981731220583e+01
6.412633793265636939e+01
6.401468437386492383e+01
6.221763165318895972e+01
6.276739251456395863e+01
6.520739241537792452e+01
6.407916252249356148e+01
6.693964629722103155e+01
6.663269729763369753e+01
6.278838052262316438e+01
6.245067562867930633e+01
6.565294941925264993e+01
6.488869133343217754e+01
6.423563488082379536e+01
6.705285524108673201e+01
6.432212065485504127e+01
6.690114397888443420e+01
6.190695623218541499e+01
6.514261297997150280e+01
6.747030337849804482e+01
6.269744447513297558e+01
6.573663762799161248e+01
6.832773763805779765e+01
6.192611154730616363e+01
6.585896662047717598e+01
6.840199581215763658e+01
6.384581171741893968e+01
6.711902133595835096e+01
5.998892182502292769e+01
6.356660580136507832e+01
6.598955966615086766e+01
6.188980689974498972e+01
6.531511093614570029e+01
6.505388192760864285e+01
6.659833785261139383e+01
6.186521537620090072e+01
6.462720896884718513e+01
6.482421283354734953e+01
6.626373153132674076e+01
6.789487799247791600e+01
6.879766610303376240e+01
6.362853144181118381e+01
6.570124288440148064e+01
6.684873169797812409e+01
6.814742884639831288e+01
6.288796477667394669e+01
6.483491985009003145e+01
6.624697623620829745e+01
6.675239078933836367e+01
6.259276909668749767e+01
6.427340406307223475e+01
6.578639406615397434e+01
6.651062462176791712e+01
6.121887661679178194e+01
6.376213593072802865e+01
6.411207823709305842e+01
6.611614783797317330e+01
6.658227944023386158e+01
6.926133181909345637e+01
6.329878772287956679e+01
6.447256561477124137e+01
6.736964512502402158e+01
6.626923702629225943e+01
6.258290490990687971e+01
6.292879071150805004e+01
6.628697230068844704e+01
6.484009588392207490e+01
6.572009206096694811e+01
6.588711317589880423e+01
6.876537923806387198e+01
6.444463351997157474e+01
6.776286488803202701e+01
6.836366396920251987e+01
6.360178962902917732e+01
6.789286357150572826e+01
7.039478223982264637e+01
6.567410050556546253e+01
6.864827184708315144e+01
7.161679586901526307e+01
6.508574322466395756e+01
6.905887085117295499e+01
6.240157064742825099e+01
6.640945563202669177e+01
6.913183463111171534e+01
6.344604522950321268e+01
6.717589251858078114e+01
6.933855462786692669e+01
6.279591500527129000e+01
6.743256309002131843e+01
6.996242228326516965e+01
6.363992921119596247e+01
6.858669015994134099e+01
7.078599669620129475e+01
6.517163642679433622e+01
6.962273888714477721e+01
6.301353817344668329e+01
6.679618281427077875e+01
6.705177669202626589e+01
6.864910623429658187e+01
6.348399406334340256e+01
6.535186720923523751e+01
6.758815335443330241e+01
6.582536520379792933e+01
6.801295743427166940e+01
6.964813440918726428e+01
6.596993966922484276e+01
6.816175724058258822e+01
6.970270641102140985e+01
6.750529725284842186e+01
6.890453045753376671e+01
6.947756768320851961e+01
7.178902262189279782e+01
6.609242822971741305e+01
6.814932980149851005e+01
7.009579994504642286e+01
7.010584725892825020e+01
6.559849468308135556e+01
6.655350446656844099e+01
6.943639840679794872e+01
6.899151297727260612e+01
6.512374636828148766e+01
6.566992227167594365e+01
6.886481127716250228e+01
6.792873479032502360e+01
7.125751003387928506e+01
7.155939645495791979e+01
6.727119630621503177e+01
6.704544801109730656e+01
7.048382455241986122e+01
7.326182346172140569e+01
6.604935117596102145e+01
7.026387046901415090e+01
7.343815158960964595e+01
6.981723450847169943e+01
7.004067101422950259e+01
7.371162717413490384e+01
7.037677259493405302e+01
7.208472779818568199e+01
7.546591108527456981e+01
7.065159722896900973e+01
7.328038600840925199e+01
6.610381831361473814e+01
7.118840285120187161e+01
7.393263240362222177e+01
6.539572605923245874e+01
7.106265542039024297e+01
7.378152931678131665e+01
7.020230817091555764e+01
7.361228402783125091e+01
7.567789535428939018e+01
6.876754997105112466e+01
7.353338708016670466e+01
7.434503628245221307e+01
7.613613663867842263e+01
7.127283663235769495e+01
7.318391131450469800e+01
7.508592632117708376e+01
7.634887926633481925e+01
7.010258773686682332e+01
7.364167646934087941e+01
7.528486367345107055e+01
7.574710879404005937e+01
7.042686481151783084e+01
7.299855211863632576e+01
7.413520630658796051e+01
7.636067971045754632e+01
6.956629123465218356e+01
7.284509481658241725e+01
7.344132251234938735e+01
7.601501747002662057e+01
7.650844337737882483e+01
7.896200296678145492e+01
7.240428546441094682e+01
7.515415719375489800e+01
7.760814833638218602e+01
7.721169091911968962e+01
7.226584635563064296e+01
7.655587401608927678e+01
7.580117499108138190e+01
7.892398626469197609e+01
7.167896897098987097e+01
7.595158899926146034e+01
7.533504626124688741e+01
7.873431805160117847e+01
7.148428144039256438e+01
7.606101159408680701e+01
7.592958894126252289e+01
7.855605690139206843e+01
8.162456788696772492e+01
7.772855614863560447e+01
7.865249374295132156e+01
8.197860107032275323e+01
7.808359390996815819e+01
7.880171555839646658e+01
7.560122779680729366e+01
7.983543740947251877e+01
8.197779620544818613e+01
7.611381214821649621e+01
8.019844844374881632e+01
8.261722191655782410e+01
7.533203474878959582e+01
8.027200870595474669e+01
8.301455686210026386e+01
7.577676150273023836e+01
8.138350861042391671e+01
7.544619096604192521e+01
7.933677709828953084e+01
8.008435288690496634e+01
7.851017241627376109e+01
8.171625651977781502e+01
8.267646393538741734e+01
7.786289698910100299e+01
8.092513314262977531e+01
8.229121271024200723e+01
8.315558797562796656e+01
7.811285690096765677e+01
8.076914029345505242e+01
8.218592740691592269e+01
8.353060698831197328e+01
7.721851025354857256e+01
8.019254560818140476e+01
8.275613465410745562e+01
8.297921295426112920e+01
8.603421790654402912e+01
8.542906375344492176e+01
7.973071746414342442e+01
8.159620609795224766e+01
8.476072707429497655e+01
8.453819113212475145e+01
7.961437467472849505e+01
8.152588397643577878e+01
8.463731648041753886e+01
8.438742269948654950e+01
7.972331095277452562e+01
8.111310999668725685e+01
8.451372300120908676e+01
8.373819320247964981e+01
8.722592616691861167e+01
8.673010704050926734e+01
8.348023908192909914e+01
8.329874812652892047e+01
8.690227381164375231e+01
8.584154911370370655e+01
8.392149681246560533e+01
8.456931116848922159e+01
8.817513068031804835e+01
8.506331966067440931e+01
8.455998937925265579e+01
8.476271949251719207e+01
8.858672886496556487e+01
8.454862282446987365e+01
8.480059125656087815e+01
8.626057782870888957e+01
8.689505046278333111e+01
8.317233651623226365e+01
8.741032326298524424e+01
8.804190807298149934e+01
8.372079434789804964e+01
8.589837877385276954e+01
8.929210912808166256e+01
8.464983472673118570e+01
8.663239662243023531e+01
8.993177668355366450e+01
8.636949122903750720e+01
8.900916421448221172e+01
8.358992013040612790e+01
8.733159554425247961e+01
8.881517643945589668e+01
8.361874401182708993e+01
8.700269327145186082e+01
8.875481463280894445e+01
8.867635175274155301e+01
8.417519620294950755e+01
8.731237849893692271e+01
8.921631461483885062e+01
8.784368019521616588e+01
9.053607890199408814e+01
9.140108183137785147e+01
8.642846625391457849e+01
8.826825527027203577e+01
9.112515527757111045e+01
9.135923057583538309e+01
8.657348725849058724e+01
8.802671437249064468e+01
9.125034558468527734e+01
9.082238172861416103e+01
8.609151170489690230e+01
8.778480355940645552e+01
9.072089660244299125e+01
9.040646951965264577e+01
9.427288805763919299e+01
9.047178300879234314e+01
9.145163707359334637e+01
9.014474092433505348e+01
9.424818036485666539e+01
8.894424068639641234e+01
9.351356202898836045e+01
8.595270913726774609e+01
9.064895086790006928e+01
8.890022216798801935e+01
9.217962716232568710e+01
9.493581551793930373e+01
9.084635166903984782e+01
9.217276150279644753e+01
9.097556212508409601e+01
9.460379585762316879e+01
8.999074356742639225e+01
9.321368045893791532e+01
9.637736576242450326e+01
8.971913148779130154e+01
9.409161637446963766e+01
8.863546730716350908e+01
9.250392818176457865e+01
9.500930019234999691e+01
8.857861189373933541e+01
9.226093335505815674e+01
9.523742848689140317e+01
8.961131938235816108e+01
9.320335807674368311e+01
9.552494971059562090e+01
9.020837611197632100e+01
9.346179457482109854e+01
9.520867000888571852e+01
9.412209201631911526e+01
9.111188636578512501e+01
9.296717512458941712e+01
9.563633786434031947e+01
9.070927407674891185e+01
9.423574907371273923e+01
9.626067288762189378e+01
9.485643389357792898e+01
9.246346156811604544e+01
9.423346553421413319e+01
9.687763186405045701e+01
9.103429148606099375e+01
9.463918592642771443e+01
8.889637832241210447e+01
9.260040991670273058e+01
9.402080579902755630e+01
8.895720226533890695e+01
9.149471739967944472e+01
9.494120372305793865e+01
9.501173649953210543e+01
8.945074444877175779e+01
9.410957512614595544e+01
9.395951717187112706e+01
9.604326149238393384e+01
9.626618827813635448e+01
9.930319295972878990e+01
9.167033190856199099e+01
9.487873860506978474e+01
9.797011398550772299e+01
9.661430350690682189e+01
9.249140493725801093e+01
9.607837274637685709e+01
9.640086277452186891e+01
9.678561063861846492e+01
9.069594114265623830e+01
9.519203275431868860e+01
9.747781238300376572e+01
9.398938991431747070e+01
9.815075637881820114e+01
9.994224984179410853e+01
9.637346865821068320e+01
9.577114199298820552e+01
9.819193935814044494e+01
9.611170668514466797e+01
9.839748213296911672e+01
1.015131659398260382e+02
9.667737635201086732e+01
9.937747914143612604e+01
9.516308224277770478e+01
9.885421087430539444e+01
9.990943936106235412e+01
9.523327670068378836e+01
9.882934807859285797e+01
1.007996113644030771e+02
9.574455862472160561e+01
9.893691937334369868e+01
1.015656119542648383e+02
9.559865586108104196e+01
1.003710822942723127e+02
1.028756652379051246e+02
9.725160645479937216e+01
1.007847077780664193e+02
9.403897350670676758e+01
9.810532002904734838e+01
1.004331343618683832e+02
9.806786205800202083e+01
1.002460914580919393e+02
1.020028193281968498e+02
9.634226008103696870e+01
1.000049426028948858e+02
1.031460293388280007e+02
1.031762276047801379e+02
9.699748504744773925e+01
1.013519580936886655e+02
1.021378747127755844e+02
9.780949364614924946e+01
1.001545601840619497e+02
1.042424849001067315e+02
1.036702283105220772e+02
9.824725809205853011e+01
1.025408736519284219e+02
1.027279174496782730e+02
1.056280807520199545e+02
9.862741227840608360e+01
1.035607047228903212e+02
1.020935382110057361e+02
1.045247077568226217e+02
1.017776796304615488e+02
1.065742565020731689e+02
1.006044512230761399e+02
1.053449804503263465e+02
1.082987670743898860e+02
1.018501292869235897e+02
1.068664133203458277e+02
9.975778594994372384e+01
1.048733388929911143e+02
1.029874408894765736e+02
1.040720373411551236e+02
1.006520602550670560e+02
1.061911880244054629e+02
1.026735308714902430e+02
1.056593549952020510e+02
1.090466716332360022e+02
1.026570083281473416e+02
1.071064248788821232e+02
1.002908331881297954e+02
1.050641931791470967e+02
1.085443556629649038e+02
1.017637174603103318e+02
1.064032808067287590e+02
1.096147484618813621e+02
1.029006061599339859e+02
1.075412174969378327e+02
1.106042241246908162e+02
1.041430108356952502e+02
1.084211741535570610e+02
1.112590367397419158e+02
1.048846882555903903e+02
1.093077840099433473e+02
1.032356336022988472e+02
1.071685185699301570e+02
1.092528864380933982e+02
1.032647858795101428e+02
1.075298425731945855e+02
1.113269141802524729e+02
1.057891512702374399e+02
1.108943902261631678e+02
1.125633872328793075e+02
1.068942315272952328e+02
1.093935514077408868e+02
1.134152417559296566e+02
1.115791027581414880e+02
1.080264863304576437e+02
1.105590865232735496e+02
1.152182382529894227e+02
1.088828567731709995e+02
1.145599727051803569e+02
1.140477414212778342e+02
1.128197811841060059e+02
1.127435068626818264e+02
1.083064029513751478e+02
1.135166867251905245e+02
1.123935337546047464e+02
1.122470568574608052e+02
1.159641875114514136e+02
1.139759053326945661e+02
1.134314773069721127e+02
1.119622389994056988e+02
1.176592095806182527e+02
1.110506776312143700e+02
1.177574932628542115e+02
1.207748493433925177e+02
1.134860910737423012e+02
1.183929148158775035e+02
1.117322874412744653e+02
1.173905971894397027e+02
1.160967029690829975e+02
1.167664649641015160e+02
1.192005889985082234e+02
1.161779925834234461e+02
1.189189674406654404e+02
1.145572731783046265e+02
1.193524972318085275e+02
1.195314153320402113e+02
1.157169938501619839e+02
1.187608624483136310e+02
1.214824098497211651e+02
1.149831018907079709e+02
1.199918702856589334e+02
1.231768549508702364e+02
1.168963700403379846e+02
1.219228057463559054e+02
1.249943058194859589e+02
1.182248839804795892e+02
1.237565629786374757e+02
1.165379458503369818e+02
1.219887823808425793e+02
1.242980559141117425e+02
1.178849546628440805e+02
1.224634022712156991e+02
1.247788604376171975e+02
1.208574641682177173e+02
1.235967355246787349e+02
1.278940626858420586e+02
1.226595537666372735e+02
1.251327893051426372e+02
1.210708102996823925e+02
1.232256483712265123e+02
1.277511964921763195e+02
1.203319302449144601e+02
1.268587896558315151e+02
1.272545343786365777e+02
1.240642726022233404e+02
1.253105341790631115e+02
1.303962265841899466e+02
1.258565343730824111e+02
1.308950984271174605e+02
1.298109634348796249e+02
1.283855729258622205e+02
1.282662854958009007e+02
1.264318781087065418e+02
1.304011566585556068e+02
1.294632646379318146e+02
1.290120210508360401e+02
1.317727264713500972e+02
1.322536443690978558e+02
1.298134719001096187e+02
1.286895318724424158e+02
1.341243056918463594e+02
1.306944774996747469e+02
1.333963688339088094e+02
1.379041110068967271e+02
1.313862467196704529e+02
1.362652043080642272e+02
1.302863409051797134e+02
1.355246012737586909e+02
1.382298415312835687e+02
1.309861438660708188e+02
1.364834454986064713e+02
1.405753226988533413e+02
1.338607097360205955e+02
1.387127737482766463e+02
1.422328103448960235e+02
1.356836963690610389e+02
1.409036100586266969e+02
1.348304689980336661e+02
1.396059587777687341e+02
1.411841727330821072e+02
1.355949324538531755e+02
1.407189978073851648e+02
1.433015586901169058e+02
1.378839862731924484e+02
1.420289707322516506e+02
1.463930510629733419e+02
1.391152605776027542e+02
1.456719792682280001e+02
1.469418830343348930e+02
1.429387503461943254e+02
1.458264495842409474e+02
1.418185258900695942e+02
1.445835551913212100e+02
1.487904570587514286e+02
1.431128319864725142e+02
1.479320626488165260e+02
1.495250978629129293e+02
1.461704664810177974e+02
1.481850056998439129e+02
1.529217596419213407e+02
