0.000000000000000000e+00
-1.463101376565652743e+02
5.221577545690740862e+01
-3.960692631763971860e+01
1.042079659981267170e+01
-2.209481436768481899e+01
1.293859060114405146e+01
-1.555203992884409558e+01
4.613756559382176548e+00
-4.848657188673059615e+00
3.435636563991030457e+00
-3.696895742967661658e+00
3.182889669689175971e+00
-2.902579664308301055e+00
2.964701173349423069e+00
-2.289431523468487661e+00
2.669244683382375527e+00
-1.764820678028858669e+00
2.599510890553084597e+00
-1.301178035613507422e+00
2.627467512728338672e+00
-8.799326799257812803e-01
2.711297363739757937e+00
-5.473813326076678587e-01
3.544992634298938405e+00
-2.998142153058264148e-01
3.877631896320699045e+00
2.450753571995738234e-01
4.116872220217454803e+00
3.874157936602301011e-01
4.316663714539798136e+00
5.878076541749289730e-01
4.653642706486906810e+00
8.358382326273769980e-01
4.997694499984072003e+00
1.113068887467553170e+00
5.358205916326403084e+00
1.411553257988450882e+00
5.736912193107405855e+00
1.728020243002089451e+00
6.129050203624896831e+00
2.059512124883744910e+00
5.403374755839993604e+00
2.422447527532711309e+00
7.089060155773075245e+00
9.309766243366805583e+00
1.082459940175736790e+01
8.309414743686165394e+00
1.205762076780843550e+01
8.936928919407362670e+00
1.247977011477959586e+01
9.315217071731710874e+00
1.291410816177974930e+01
9.707018680316622294e+00
1.332346088265158457e+01
1.007481130412766568e+01
1.372586034650784725e+01
1.043966770478068185e+01
1.412166994964405831e+01
1.079986627023073353e+01
1.451546093780250146e+01
1.115843741478373907e+01
1.490700573043413080e+01
1.151529103106315688e+01
1.529714324010403281e+01
1.187074836311253456e+01
1.568565667210546621e+01
1.222458507810222628e+01
1.607246204181944194e+01
1.257656079556633166e+01
1.645725656444075824e+01
1.292632894247228847e+01
1.683974184724047163e+01
1.327352201890918337e+01
1.721957779960035850e+01
1.361775018202296827e+01
1.776485346064512072e+01
2.019193244586005065e+01
2.315632416595417098e+01
1.938496036070183237e+01
2.410361884205196148e+01
1.980619488495906566e+01
2.446416187222330052e+01
2.015376463378001404e+01
2.480795007268482877e+01
2.048553463917887285e+01
2.513254855182909964e+01
2.079989144344945373e+01
2.480384576410922648e+01
2.113046441277293397e+01
2.514101027448506187e+01
2.144911151985823849e+01
2.544359042794420844e+01
2.173931923802635069e+01
2.572461279488279473e+01
2.201058781437274092e+01
2.598394639080098045e+01
2.226312860745260380e+01
2.638160160060144932e+01
2.922505324928797776e+01
3.058890992315214774e+01
3.015784843509974777e+01
2.956128672730521600e+01
3.163688661749239373e+01
2.941331363333280891e+01
3.151480176215186546e+01
2.960161643195020886e+01
3.191200000834551531e+01
2.913992778249959059e+01
3.205410843474739835e+01
2.928862943602675273e+01
3.209042212194550103e+01
2.945449073601693613e+01
3.213542890793607398e+01
2.961179012281688472e+01
3.216955478371131960e+01
2.977483541888425833e+01
3.275900760951902413e+01
3.658222229244405810e+01
3.925652417676952410e+01
3.620964787323165979e+01
3.933601429114249015e+01
3.632065828495188242e+01
3.925973278277064793e+01
3.606185964242954611e+01
3.838682760796384486e+01
3.297808179267241968e+01
3.843804791256494013e+01
3.555993136406609523e+01
3.851907195529732064e+01
3.541121971020554327e+01
3.854723946297410464e+01
4.141261779312399227e+01
4.397009629563208222e+01
4.102528448135941375e+01
4.240274241951581047e+01
4.193772425097247236e+01
4.314605549584808131e+01
4.141368477042871632e+01
4.288394190184911992e+01
4.107127996950439552e+01
4.261711439545666735e+01
4.075879428996645970e+01
4.236193598130962101e+01
4.045745070319048153e+01
4.198233038987790167e+01
4.066292631568519766e+01
4.471473302345275158e+01
4.553586974193945736e+01
4.994513332259084848e+01
4.333909713299643585e+01
5.050110174807345231e+01
4.264880859942503122e+01
5.011261175644587951e+01
4.187101062237894666e+01
4.986498581466915425e+01
4.323634355954770569e+01
4.519024126332710267e+01
4.599996270387541841e+01
4.563530084749390880e+01
4.450625789593603088e+01
5.049991186013464528e+01
4.880577361992900620e+01
5.314132832012701613e+01
4.648841409389653734e+01
5.346947509557720934e+01
4.551417551046303345e+01
5.246207888351902682e+01
4.525941638780634690e+01
5.174254373701878507e+01
4.433952059682093250e+01
5.099963490250952702e+01
4.377095648339030731e+01
4.984458451285427572e+01
5.262271426372912941e+01
5.127527622922411865e+01
5.340758261784716865e+01
5.161157969290389502e+01
5.138564731372729000e+01
5.097491827462506109e+01
5.074371936937315297e+01
5.030688104217342271e+01
5.025641021170844169e+01
4.976814749549931349e+01
4.949883219258465772e+01
5.443651659069372073e+01
5.261526200874309467e+01
5.619577792755944756e+01
5.055514718254671891e+01
5.614013806187345068e+01
4.937816465771662422e+01
5.518951037398470305e+01
4.962509103019402090e+01
5.475338536403379663e+01
4.801489575658307984e+01
5.366640956130565598e+01
5.736997676056817852e+01
5.388541130972155457e+01
5.631786796114855775e+01
5.342686853212839537e+01
5.570700380413931185e+01
5.379715924657542558e+01
5.407139816189901182e+01
5.257901567539820320e+01
5.316111445975842287e+01
5.158802208180107840e+01
5.236419264321154543e+01
5.670782331970808343e+01
5.449377730830013888e+01
5.627812651047371162e+01
5.411024551650556447e+01
5.491119873830862019e+01
5.298377927909949392e+01
5.446702070404635521e+01
5.226097128937358605e+01
5.320412453776998518e+01
5.109767801518061248e+01
5.542991575274137261e+01
5.537966140400354220e+01
5.663200894713314426e+01
5.246868581962070976e+01
5.764828064278251674e+01
5.276193303699322001e+01
5.692893658786883293e+01
5.024340648332325543e+01
5.545363720708827060e+01
4.918233358190709481e+01
5.423593657927528255e+01
5.725491303980763291e+01
5.202026550193811971e+01
5.687577443448209635e+01
5.012338500122816498e+01
5.588325493590485848e+01
4.959481051223475134e+01
5.439143701872403369e+01
4.754754748690174182e+01
5.331284755375408935e+01
5.473803934003127836e+01
5.783129739811626990e+01
5.216248557814331122e+01
5.622960433699526561e+01
5.067014174418712713e+01
5.474026453194561270e+01
4.949735445418752988e+01
5.330933818930612489e+01
4.771694197525457781e+01
5.178220683281705305e+01
5.403474470644056282e+01
5.535975919269245793e+01
5.243625918479285986e+01
5.448653429106574464e+01
5.088569055298054877e+01
5.298112659704113980e+01
4.952992804219216083e+01
5.145835362010657121e+01
5.359934832932123783e+01
5.643159259229840075e+01
5.130795888212391986e+01
5.388138102163275533e+01
5.075654885136160033e+01
5.322471669645070591e+01
4.859315551094472596e+01
5.111934188741184215e+01
4.705938728022627515e+01
4.975905538153736529e+01
5.207150198729080870e+01
5.361568391813741385e+01
5.035099387333019649e+01
5.260195369070466853e+01
4.770392898927486414e+01
5.093639367276899321e+01
4.580337969728163472e+01
4.890958389318073785e+01
5.067395375248268152e+01
5.255087051378961860e+01
4.752840688544696235e+01
5.059204669490286221e+01
4.657632276564644513e+01
4.922649731497461545e+01
4.442067255200251452e+01
4.732473665680943498e+01
4.939371688905828250e+01
5.073533227887924113e+01
4.884914857431825652e+01
5.033055096830248232e+01
4.524938777806634960e+01
4.797792806301128365e+01
4.428927960968156441e+01
4.631690526228980787e+01
4.876998992246535636e+01
4.950960102213177549e+01
4.799240358530208539e+01
4.882157879737640371e+01
4.530788754978019739e+01
4.656590495821033215e+01
4.397117772254229351e+01
4.555318038270048930e+01
4.850217664437293763e+01
4.830835266174976539e+01
4.641319646030438406e+01
4.672501330355877514e+01
4.509670901566040158e+01
4.537673904657958701e+01
4.269150332267948755e+01
4.564409691111271172e+01
4.580140427143157211e+01
4.910587747455062413e+01
4.348928397309612848e+01
4.718032998240651921e+01
4.229405187695892465e+01
4.608119231823456374e+01
3.980302746240308664e+01
4.380221544498454023e+01
4.471744790609733400e+01
4.668166535577958598e+01
4.286554191914741097e+01
4.672370152546905331e+01
4.000461116086573554e+01
4.438480894527425136e+01
4.722029020057943427e+01
4.428591457204257154e+01
4.457020141469499919e+01
4.323227887638317668e+01
4.234446300482268555e+01
4.103684437116264405e+01
4.174459461591736442e+01
4.014791584595024432e+01
4.323489081950933155e+01
4.585959083654631741e+01
3.939010649568085398e+01
4.321334217232697483e+01
3.944326133752876729e+01
4.270881622589946858e+01
3.555928722808565112e+01
3.976796263208287741e+01
4.274163947373642714e+01
4.124630991357165044e+01
4.107078340643181491e+01
3.876927909238234804e+01
4.031587585399245199e+01
3.789717746854900327e+01
3.743572857387813002e+01
4.091430280217859661e+01
3.978928434703252037e+01
4.076540885685320603e+01
3.785250295694797273e+01
3.862395592509779618e+01
3.612672858926162434e+01
3.747526459495037443e+01
4.093707082960722232e+01
3.703243025107158815e+01
4.100459411948673960e+01
3.283384385229405211e+01
3.845133060441171580e+01
3.116715638358069285e+01
3.649036842892062538e+01
3.891876862738818943e+01
3.837031502081632794e+01
3.577939760847445427e+01
3.871975817583113155e+01
3.145321170425312829e+01
3.606481216010939050e+01
3.830215612907353773e+01
3.883518046348406472e+01
3.584630259623109794e+01
3.813808494290271511e+01
3.172361784901046278e+01
3.563141861499605767e+01
3.020005074132350487e+01
3.406635492318299896e+01
3.588832276571814361e+01
3.736048686929633789e+01
3.320603812401385113e+01
3.556218472473468495e+01
3.165450476075785602e+01
3.381525224984965661e+01
3.572413907555066004e+01
3.686312061171762622e+01
3.428650823775703316e+01
3.648366285870828563e+01
3.175979587947096405e+01
3.390946057047246143e+01
2.939796517675815224e+01
3.141805920811408726e+01
3.334028303453648334e+01
3.496631626911523227e+01
3.327579913060117889e+01
3.384724525691569141e+01
2.893418484499871113e+01
3.152385250900888636e+01
3.299714134698147205e+01
3.498900227657654227e+01
3.351806754573043179e+01
3.291215853382610135e+01
3.236436284663746932e+01
2.880554073631465428e+01
3.071361024560792785e+01
3.299490940410299089e+01
3.368926370369294432e+01
3.153116636809195583e+01
3.244168282043237639e+01
2.870812243418682996e+01
3.032526242341043954e+01
3.313494849310892221e+01
3.316129653910209640e+01
3.296025937544541051e+01
3.295797295290599749e+01
2.935202836900503698e+01
3.030765533539713630e+01
3.351132050989739497e+01
3.328946816481980164e+01
3.143281942324603406e+01
3.155604833516117225e+01
3.172343101995690162e+01
3.075379250295750211e+01
3.431111233141412953e+01
3.410888587646342529e+01
3.157157512634747221e+01
3.155033653687857509e+01
3.322323192253596602e+01
2.736857475389078331e+01
3.253270702239507983e+01
3.309595146602848104e+01
3.525153189329126491e+01
3.003359302800134856e+01
3.291778891333006385e+01
2.893441165422253292e+01
3.270067576931383968e+01
3.568082354228278064e+01
3.140126901497912471e+01
3.600010702984331346e+01
2.964574859100295612e+01
3.267796006392622843e+01
3.566313000342189810e+01
3.436647658011170847e+01
3.376392715193170346e+01
3.221966671870681864e+01
3.331916987382845008e+01
3.125421425248211094e+01
3.052128081316799424e+01
3.398620820042465596e+01
3.298456129285242611e+01
3.573053142564182849e+01
3.082565943144990328e+01
3.436373105255362503e+01
3.724284430516426880e+01
3.164312471152199180e+01
3.673070637599764154e+01
3.090328317807095360e+01
3.515946291709402516e+01
2.906909309882199821e+01
3.302439581743255559e+01
3.579360693455598863e+01
3.457745629426670320e+01
3.441633035626740167e+01
3.371927926678031184e+01
3.113445803700289360e+01
3.453574722689084098e+01
3.447255343080652779e+01
3.725307827758810930e+01
3.258136835781237295e+01
3.583632692022753474e+01
2.913402580689637489e+01
3.346516224995180977e+01
3.587520270585909543e+01
3.676824868568839833e+01
3.320294320815323630e+01
3.531384174561803491e+01
3.148383554059399358e+01
3.424033237624994541e+01
3.578699106289518994e+01
3.731816285747884621e+01
3.398758076659283489e+01
3.615547853125010391e+01
3.191081784652055475e+01
3.507116389322545302e+01
3.676684177504764506e+01
3.796305417168918694e+01
3.503980635399447152e+01
3.742160056514963884e+01
3.236900526221483432e+01
3.560337532637362301e+01
3.733791695084755702e+01
3.936930005315497993e+01
3.378867681520424782e+01
3.699490317468589495e+01
3.871398972272380945e+01
4.086006136782663134e+01
3.960371394995028993e+01
3.849914619159302731e+01
3.909491510704630457e+01
3.452239473752273824e+01
3.715537450638049677e+01
3.953110135271408865e+01
4.048394488492847643e+01
3.762780549558384990e+01
3.908143572395165677e+01
4.181499845678623473e+01
4.229944354696551301e+01
4.054550639141179147e+01
4.133576814067886573e+01
3.829845521613719939e+01
3.972252703784037209e+01
4.281261670321076451e+01
4.336602128386696364e+01
4.063365274126455517e+01
4.114456688673241302e+01
4.180486327807901148e+01
3.886200730051982077e+01
4.268460751389617513e+01
4.403858350742790861e+01
4.146573362694667964e+01
4.192600316601206600e+01
4.068211303048040151e+01
4.477278922441161768e+01
4.333796572755908016e+01
4.700192832058338865e+01
4.063979263722912805e+01
4.507048180223033285e+01
4.797021655478293667e+01
4.570730439156844938e+01
4.589889542035144387e+01
4.477618154893971791e+01
4.376851275714553680e+01
4.279909785998066241e+01
4.678992558959679826e+01
4.877660802388743377e+01
4.299332887017854432e+01
4.782183551506832231e+01
4.075646768555355948e+01
4.580503045231674975e+01
4.909494812515143991e+01
4.540056333804679412e+01
4.697483210165256651e+01
4.592961292159705522e+01
4.556191852531360809e+01
4.873143087759587644e+01
4.952141803052694513e+01
4.711607219317575357e+01
4.829201976412181807e+01
4.564561566703122253e+01
4.885953472246468010e+01
5.031302882151491929e+01
4.983321732434256290e+01
4.873244847492259169e+01
4.626405575730518649e+01
4.778593276848269511e+01
5.080329051706524268e+01
5.247377161673185952e+01
4.712184424835611196e+01
5.115951376981713850e+01
4.554469559150335556e+01
4.913297638466519857e+01
5.114494709006391560e+01
5.198891983659091665e+01
4.838515405134628367e+01
5.042263825189516524e+01
5.315257053863165027e+01
5.409406991456221903e+01
4.994313751161813286e+01
5.240432836746811773e+01
4.824535094348588160e+01
5.100467790102918286e+01
5.223911741812299425e+01
5.431511828296816446e+01
5.063631895685415429e+01
5.289533958302110506e+01
5.446156814626649378e+01
5.608187777667001939e+01
5.217286069439938245e+01
5.482666206998363378e+01
5.021260296092270892e+01
5.266251633883666017e+01
5.498383872020261265e+01
5.641161871448721854e+01
5.141138920377501620e+01
5.418979190355457121e+01
4.926645257123327326e+01
5.227810333344722693e+01
5.449567997687827159e+01
5.542185027387593266e+01
5.299028065761021367e+01
5.468805345738739732e+01
5.746899255045612875e+01
5.770681294333999034e+01
5.401378290980651542e+01
5.566594722693998420e+01
5.345230504326802645e+01
5.545903368026576885e+01
5.641375548212884894e+01
5.903690816576244771e+01
5.362518616691461659e+01
5.758897223179591407e+01
5.832326279139249436e+01
6.123147711960485395e+01
5.421784333313336646e+01
5.872328984061282853e+01
5.535500534598601519e+01
5.909817569239309165e+01
5.941079466946045784e+01
5.885017732958669967e+01
5.804162814248022784e+01
5.588797454761295569e+01
6.004963853712802546e+01
5.798273615454130692e+01
6.164793219858329820e+01
5.443730942457137445e+01
5.947574073356339852e+01
6.270950789388611923e+01
5.995087035076095106e+01
6.006257419170620437e+01
5.826580095021562045e+01
5.824791052412734160e+01
6.221193234815430628e+01
5.925351184410032346e+01
6.237020658460975397e+01
5.480067947411568241e+01
6.031905944222354066e+01
6.315263979050978804e+01
5.964862165712979447e+01
6.293015154641340558e+01
5.509275045642080926e+01
6.058313425548283959e+01
6.231676181961706362e+01
6.502498584852534691e+01
5.694034660637388612e+01
6.171672519160036074e+01
5.789254718187957138e+01
6.075493063596838539e+01
6.150026572754271825e+01
6.128299589935971170e+01
6.043594199995047944e+01
5.766364734488853117e+01
5.947768039048352051e+01
6.169996863062161196e+01
6.255224303384905937e+01
5.855370082843439405e+01
6.092728746018357810e+01
6.267688536482030059e+01
6.370537924007257402e+01
5.949950057118194735e+01
6.212764918076506149e+01
5.540625787222971610e+01
5.934728071360517987e+01
6.040150541757535763e+01
6.250077970282811890e+01
5.647270459016876742e+01
5.984788153201778016e+01
6.117425359731677759e+01
6.278980643453151345e+01
5.949441069036086560e+01
6.119313940089281800e+01
6.281607935227279427e+01
6.406122940607340865e+01
5.945026538710695974e+01
6.159764196152365656e+01
5.824973885035912957e+01
5.945374677607200198e+01
6.144563254696316790e+01
6.210309646766884129e+01
5.913943663062688927e+01
6.065839222369008610e+01
6.309854359993099138e+01
6.319165271957546537e+01
6.170562979753896826e+01
6.168968830951124716e+01
5.749631495482003629e+01
5.882156691467214671e+01
6.142302363690156142e+01
6.104115513849151142e+01
5.818262417462256764e+01
5.871669826909887746e+01
6.150767071350786352e+01
6.095774381860977087e+01
6.066094486934031238e+01
5.980826923117884064e+01
5.697405045354511799e+01
5.772501910948628989e+01
6.077025179068450456e+01
5.916373184096120497e+01
5.988410934923007289e+01
6.294690810939035686e+01
6.058592684218072577e+01
6.282058031975221724e+01
5.884411419887355521e+01
6.134224926874696138e+01
6.415033406261365201e+01
6.012979192741359924e+01
6.273914712195302457e+01
5.620187524840974191e+01
6.004765657802604295e+01
6.269828620732256041e+01
5.930631750456898743e+01
5.939684105318230678e+01
5.681190907351658126e+01
5.799939361091740153e+01
6.121271822090974268e+01
5.826140946159475220e+01
5.876393415867348580e+01
5.575883318710199177e+01
5.913087309048999174e+01
5.956350724832122978e+01
6.101589992086377379e+01
5.497805818219433149e+01
5.789481164764106325e+01
6.007961569586654349e+01
6.182371703984429701e+01
5.637836112058297999e+01
5.890942812264638917e+01
5.276822262422891185e+01
5.591082290548018108e+01
5.781743099918782747e+01
5.847120483414382619e+01
5.413546609359393358e+01
5.628502997160293830e+01
5.712950198449545525e+01
5.906306459323934632e+01
5.324920945633255087e+01
5.605489280568944110e+01
5.685787585833699609e+01
5.853492760758338420e+01
5.374878410315189114e+01
5.607226665993576376e+01
5.736932849512792387e+01
5.858996304273480149e+01
5.427670371238155411e+01
5.612454322531359452e+01
5.205394039840918197e+01
5.338647685292328759e+01
5.486405198011098605e+01
5.561214145241110174e+01
5.507450326453859191e+01
5.153842274807283985e+01
5.414198730382086922e+01
5.433654287577422792e+01
5.651790014045256783e+01
4.960717024751959059e+01
5.336571427517048249e+01
5.328396683178029036e+01
5.571191272859167043e+01
5.354331527810345648e+01
5.086657143277939497e+01
5.252974858211779718e+01
5.452565837990498920e+01
5.341051033405494763e+01
5.115907011532274851e+01
5.239215736029191106e+01
5.451653254822533512e+01
5.300942140717088336e+01
5.322080336625078445e+01
5.180339011434450924e+01
5.460795353825950116e+01
5.456824877618613812e+01
4.966227139462939277e+01
4.977432692049544016e+01
5.275871779349095902e+01
5.520065437973972422e+01
5.054189300325712964e+01
5.378048281885342874e+01
4.658300045723451177e+01
5.047435002191459574e+01
5.297765406457278914e+01
5.031329421351070863e+01
5.102151890571564508e+01
4.819818569601078195e+01
5.123832824107309136e+01
5.107241163279962137e+01
4.955260234218603443e+01
4.890047198176004883e+01
5.238654519604114768e+01
4.879118426436492229e+01
5.192947399963317423e+01
4.341818763808036152e+01
4.867520756458838349e+01
5.000175981059668118e+01
5.205063808013694882e+01
4.467497071513879092e+01
4.909415369232233672e+01
5.114624586126246442e+01
5.181046590605775748e+01
4.769270147844540020e+01
4.841931633483717690e+01
5.061868363566139806e+01
5.222923658863354035e+01
4.531145312752375531e+01
4.910811531596998947e+01
4.279494000200026704e+01
4.656373048718300822e+01
4.724343949131936427e+01
4.890336745387158146e+01
4.481672910981211544e+01
4.704983162661440588e+01
4.801090744396478982e+01
4.933347241076423728e+01
4.537553128031066763e+01
4.720530508075219700e+01
4.818640445243480031e+01
4.914425733879819091e+01
4.660650678422522475e+01
4.803768413281331107e+01
4.864795177437716944e+01
5.039004691924452572e+01
4.528819279546146959e+01
4.761215629152141560e+01
4.267853744647383252e+01
4.513960169337401851e+01
4.571797800595400219e+01
4.759031915604697360e+01
4.520525088725636920e+01
4.762850659157989952e+01
4.757043118400923021e+01
4.836723116082325902e+01
4.458431950708563107e+01
4.764796228483466933e+01
4.718258755987318409e+01
4.925169821059463970e+01
4.282512636881889989e+01
4.680714333100996072e+01
4.672200102004064348e+01
4.942093044088385057e+01
4.464487178634875875e+01
4.815372460739339999e+01
4.908720544710748612e+01
4.802683806645006115e+01
4.661023744556324289e+01
4.557784339784399208e+01
4.380014244569446191e+01
4.734049117602994983e+01
4.502108390649389236e+01
4.828472623957928533e+01
4.198427250290384194e+01
4.530027895877394428e+01
4.788838950824667506e+01
4.510033354646449766e+01
4.611609884325030606e+01
4.941969105479847002e+01
4.636197369754979292e+01
4.678001730224498544e+01
4.464987286011269418e+01
4.432835320042697447e+01
4.793831513354039942e+01
4.560467785439882249e+01
4.764811215617185525e+01
4.238230826453235522e+01
4.511588725867658667e+01
4.745042299236190075e+01
4.889260395995521691e+01
4.412003969542261217e+01
4.653159051036405458e+01
4.754923897114723985e+01
4.948538607863751082e+01
4.149214224505597315e+01
4.655798428526422583e+01
4.844750335451593770e+01
4.857588523947624282e+01
4.446249322440502283e+01
4.708787795243445373e+01
4.850325191367981859e+01
4.914688127325707967e+01
4.554793584679777041e+01
4.800252723626148565e+01
4.909841903542677954e+01
5.017899890301014665e+01
4.594293662978962089e+01
4.826515936617926172e+01
4.920018437040201320e+01
5.078693216901795893e+01
4.691926013950885732e+01
4.936260492743091532e+01
4.359959344448799357e+01
4.605385850048116936e+01
4.726827195939754489e+01
4.890887817524922809e+01
4.652720443443175213e+01
4.898699341386380013e+01
4.952386589312455101e+01
4.954209996588230069e+01
4.858997320490522753e+01
5.104731529095248277e+01
5.094349774572938827e+01
4.733512903259682503e+01
4.832084452142748887e+01
5.093637035413591718e+01
5.043411826374748586e+01
5.095755750530970118e+01
4.990374284947123584e+01
4.596522162572558301e+01
4.767645949565148555e+01
5.061027880661165312e+01
4.934095350575853445e+01
4.968430741579307153e+01
5.095907669650839011e+01
5.235640999501533344e+01
4.976963673319611559e+01
4.904157930947220478e+01
5.265797886215685253e+01
5.034166890889810730e+01
5.374088611975191299e+01
4.569933011796749156e+01
5.077687550846400910e+01
5.346666194009052475e+01
5.056812588305973577e+01
5.119799107141082573e+01
4.889870466930389625e+01
5.231368489368473718e+01
5.180316748943959482e+01
4.961075058354097678e+01
5.022136500448962693e+01
5.374860215439560562e+01
5.176940840471238658e+01
5.211983756471675377e+01
4.913361573618850286e+01
5.176096805109049370e+01
5.399481888112490680e+01
5.328868348528415311e+01
5.002309318362571844e+01
5.255526928225685879e+01
5.356489875899617203e+01
5.535028792840300582e+01
4.749780730337820245e+01
5.217412508332764531e+01
5.420883752090472285e+01
5.501589624032830272e+01
5.096175020094015196e+01
5.292010757096361573e+01
5.455571991868786341e+01
5.524000246904518718e+01
5.164550316311283495e+01
5.338768973342011748e+01
5.470001297928138939e+01
5.650732247380396700e+01
4.990092301130054864e+01
5.329530972172830872e+01
5.448316484300735141e+01
5.577136858188950441e+01
5.348673562335952880e+01
5.500336476877386360e+01
5.668774515011138959e+01
5.746571587848580975e+01
5.214950601563916166e+01
5.409886190265479655e+01
5.595012617828161439e+01
5.647066714716554969e+01
5.656426152298921295e+01
5.380652986562571982e+01
5.669068546804383146e+01
5.673546043766273783e+01
5.537693080180250860e+01
5.557743605164156264e+01
5.804736240538098713e+01
5.756285024514891546e+01
5.455059861064714966e+01
5.490991412153139350e+01
5.405702730652320298e+01
5.405412195402536923e+01
5.691065892741858079e+01
5.558601683164256002e+01
5.325361755471053726e+01
5.622756547918768888e+01
5.435191619998521162e+01
5.766053425033214808e+01
5.380837997827723740e+01
5.740513723626353482e+01
5.941205473300869500e+01
5.368990515893855076e+01
5.680702837794305537e+01
5.945814856505975854e+01
5.664756422641857370e+01
5.687426674362986745e+01
5.454980926869401969e+01
5.784497125630619507e+01
5.927725765763448607e+01
5.495226706483397550e+01
5.809559256546814510e+01
6.045335144995026866e+01
5.663725821510649894e+01
5.980915227513945354e+01
5.398687450404887045e+01
5.751228673059699048e+01
5.970081709268869474e+01
5.342284618471658320e+01
5.653184341059595397e+01
5.449694400722754040e+01
5.732741851805715783e+01
5.748150112931371325e+01
5.526964410577200937e+01
5.650523055127919747e+01
5.851781984420376403e+01
5.991822465569342171e+01
5.361977235580141610e+01
5.663498015515960304e+01
5.825897959180483809e+01
5.907429762880136792e+01
5.468762252208618690e+01
5.690504844045698718e+01
5.775212566762046151e+01
5.919932827986232127e+01
5.470945462998975017e+01
5.611808490903512592e+01
5.734943885000452468e+01
5.867416146147365197e+01
5.681827245844537089e+01
5.578203577832633187e+01
5.697199717682276088e+01
5.845352681860355659e+01
5.827614058650460294e+01
5.336405499276067133e+01
5.583278134079324673e+01
5.599601554464522479e+01
5.813878279971527263e+01
5.497969705935265239e+01
5.746837816607227012e+01
5.719246028164744189e+01
5.888048885557887502e+01
5.425836188162674745e+01
5.736578417143725517e+01
5.663555375182881590e+01
5.925604121504220956e+01
5.382874663431062601e+01
5.653812309791943136e+01
5.584297401678314543e+01
5.851661409612025011e+01
5.537094246384209839e+01
5.815397803813245758e+01
5.896414545362350879e+01
5.554672812440828267e+01
5.840678287621892650e+01
6.100503329697139066e+01
5.779666184596278811e+01
5.723965435945093105e+01
5.540835716247571696e+01
5.470787880892549992e+01
5.789734198581511748e+01
5.506365133541086010e+01
5.804261685099960744e+01
6.045796141784942535e+01
5.626515887549866335e+01
5.888411968102386140e+01
5.179180708577241177e+01
5.575178262568575605e+01
5.808645457371545007e+01
5.540852697616870870e+01
5.562028739091066853e+01
5.267350540898689104e+01
5.565200615861949274e+01
5.674008776757155204e+01
5.427037267205331972e+01
5.484521088693247037e+01
5.685252558279411517e+01
5.867042629098092732e+01
5.147647252914755711e+01
5.549396549895701014e+01
5.728491448899765004e+01
5.776651421046857848e+01
5.324365506089074529e+01
5.509594917099544631e+01
5.654696473153816072e+01
5.745952489686821707e+01
5.311174993995066984e+01
5.490594891214171014e+01
5.569487732486894771e+01
5.690424068751836018e+01
5.374286116911432032e+01
5.546097029943423706e+01
5.636776345340322081e+01
5.783197436463744623e+01
5.219394087223039946e+01
5.428497572005909433e+01
5.533285380147415822e+01
5.627162795179351207e+01
5.253433895140827303e+01
5.388435981593885060e+01
5.553328008331506283e+01
5.592290103283953329e+01
5.502565144807248743e+01
5.355994647576422807e+01
5.562927389887207852e+01
5.552915929899719316e+01
5.479677214016975029e+01
5.456899719390055026e+01
5.700434271308385803e+01
5.622257422530429949e+01
5.283981479275553994e+01
5.301850934055379128e+01
5.557072237531360059e+01
5.516064401604020162e+01
5.503651540918993135e+01
5.634517160405000169e+01
5.655811021215291845e+01
5.748530836624622253e+01
5.056680353001685546e+01
5.491698750280189500e+01
5.740257865172635121e+01
5.518055553802793156e+01
5.613301833688404230e+01
5.903016307097257709e+01
5.623396453185755917e+01
5.704006040606721228e+01
5.447633270315572673e+01
5.305045534131127738e+01
5.657020534707949366e+01
5.350311737657687416e+01
5.663124980378745477e+01
5.893526658009923835e+01
5.588649781998750399e+01
5.793456527822466029e+01
5.193882295215690448e+01
5.649566852379604853e+01
5.803045838316995741e+01
5.329908762343952588e+01
5.567200448705175830e+01
5.169306196822848420e+01
5.402650980854377849e+01
5.606604738802664656e+01
5.559767090870513329e+01
5.777026989053194228e+01
5.928208765975096384e+01
5.224641152182209680e+01
5.622063303402664047e+01
5.772003921950941674e+01
5.869392294117411524e+01
5.384789019880971495e+01
5.607189670916221047e+01
5.703823678742387671e+01
5.830778413290380513e+01
5.441107982312952629e+01
5.650244756948190883e+01
5.732088446527497894e+01
5.881716781509049241e+01
5.456354499381966150e+01
5.649910811042710890e+01
5.742312967536002333e+01
5.917627121812968483e+01
5.433816981824470105e+01
5.685947893908604556e+01
5.712936516161651923e+01
5.912378302462605006e+01
5.513928283465988045e+01
5.762985544363912283e+01
5.757737490457461149e+01
5.986046787823611481e+01
5.371090610942994914e+01
5.696192811485945384e+01
5.680320326115224105e+01
5.934399323919477354e+01
5.612937881461949274e+01
5.749898770330743503e+01
5.715515338068242102e+01
5.983682883031195843e+01
5.410888802820335286e+01
5.759098345487679893e+01
5.993683201150000173e+01
5.774076133468239647e+01
5.702723060530541233e+01
5.571518403901923477e+01
5.876083595667133608e+01
5.945313605027433823e+01
5.270155983943027422e+01
5.750973028263369002e+01
6.004999669712493215e+01
5.704540660563579024e+01
5.717209332701370528e+01
6.044246403452574157e+01
5.755043460289319057e+01
6.009029983789271512e+01
5.317640381292168428e+01
5.755319866359612746e+01
5.992500038312397947e+01
5.668356735373205169e+01
5.913873609481531446e+01
6.155565048852555066e+01
5.721522748592217766e+01
5.946288140679206435e+01
5.595464148299662810e+01
5.813486251492583534e+01
5.851480748522386932e+01
5.989819119586195484e+01
5.381852705794422320e+01
5.688263833843750206e+01
5.867060048850316889e+01
5.932683486588873478e+01
5.521438284355897963e+01
5.709015365996899760e+01
5.777770119854692865e+01
5.947606245170768346e+01
5.439054027040437234e+01
5.656655394498704226e+01
5.752298114074044832e+01
5.881985215053339289e+01
5.564786533507528077e+01
5.751218548460040125e+01
5.854756780549409001e+01
6.005293537302340212e+01
5.466746921803954251e+01
5.640921047379097786e+01
5.723194793529491875e+01
5.878285390403461719e+01
5.629692467403272360e+01
5.872660956208478211e+01
5.908912805882860653e+01
5.971241449229116682e+01
6.001567458881275741e+01
6.210192876361239911e+01
5.855207508494672197e+01
6.056277546371399012e+01
6.044558746752294809e+01
6.272809574562118939e+01
5.727601884728122172e+01
5.994572347836987092e+01
6.148051361888261823e+01
5.974477018287724661e+01
5.768303616921524934e+01
5.711293096551807480e+01
5.999107852620228698e+01
6.083233125496365545e+01
5.776304406269732539e+01
5.876150652966383348e+01
6.150066293412490381e+01
5.891370218440294337e+01
6.026346547372866524e+01
5.736050575013298669e+01
6.054882232926763663e+01
6.159060959610548736e+01
5.688775418725782629e+01
5.975149209822285457e+01
6.210003345367432814e+01
5.743400012921355113e+01
6.037214719166666299e+01
6.258790893514098741e+01
5.942912018438372712e+01
6.117567022443783742e+01
5.705547487296219344e+01
5.988474355704956764e+01
6.029653336373843331e+01
5.790139448983058656e+01
5.823731791698057236e+01
6.116361148587071028e+01
5.839195621222460630e+01
6.033737606381690455e+01
5.589603971726761955e+01
5.800133749037173914e+01
5.846696550478716858e+01
5.995474142067856604e+01
5.408988809255414765e+01
5.669850687152122504e+01
5.804313390465875244e+01
5.886236215536295191e+01
5.463355940571589286e+01
5.623080319468186161e+01
5.749487963068406060e+01
5.833899814299356024e+01
5.460240293983746795e+01
5.645530848556324344e+01
5.783036499905398387e+01
5.809181404381918412e+01
5.450150626778618346e+01
5.540303456672044291e+01
5.680189485981999553e+01
5.730331886776110650e+01
5.924376091213543560e+01
5.922262601946197691e+01
5.948845801243741960e+01
5.387597589325211089e+01
5.604637420691923921e+01
5.587444778159554915e+01
5.809889142318024824e+01
5.650673878926158977e+01
5.912011299392183616e+01
5.813307726375818163e+01
5.589347083245137782e+01
5.552949690651274040e+01
5.798818087075306238e+01
5.757065899317765201e+01
5.860078446995272117e+01
5.362214023816465414e+01
5.635690637649918955e+01
5.675027690499518229e+01
5.656386170251279566e+01
5.924847809770701446e+01
5.945863429941335454e+01
5.383601498177512212e+01
5.796220743471501180e+01
6.024836649699324198e+01
5.727550090457022947e+01
5.720072465603333711e+01
5.468566925444453375e+01
5.763624450236132191e+01
5.922175185867883584e+01
5.313334549046450661e+01
5.657882886581740678e+01
5.875677482768243465e+01
5.539386720813032383e+01
5.787443484521555348e+01
5.388728622755618147e+01
5.665393547084249803e+01
5.577118067626096121e+01
5.461620302551154538e+01
5.759735286904437146e+01
5.817944099876965680e+01
5.478415684654477502e+01
5.517524331549410022e+01
5.706521460498294118e+01
5.871341891820078729e+01
5.225487884425157858e+01
5.565419307971875895e+01
5.695906156239997387e+01
5.785566754201583706e+01
5.338909328694550993e+01
5.498541564644789048e+01
5.647092393357982587e+01
5.696746708473756371e+01
5.419484022156511571e+01
5.556124835059956979e+01
5.660713349587700094e+01
5.754834252722140775e+01
5.118390448725989472e+01
5.387140706902297183e+01
5.503394866040754607e+01
5.583539558251072776e+01
5.178319237639420436e+01
5.340816025024343361e+01
5.483022610920389184e+01
5.508160270703314154e+01
5.399690348750065993e+01
5.506602109386025745e+01
5.690204590025762599e+01
5.510281432704582016e+01
5.216940697313350483e+01
5.261815247145601404e+01
5.492132111017558316e+01
5.412952310598851113e+01
5.416007231151723289e+01
5.389009824549371785e+01
5.638764482284852875e+01
5.485806861219473518e+01
5.174163152830153223e+01
5.452616244844900706e+01
5.273991914045205931e+01
5.549257333390137603e+01
5.792591941668836597e+01
5.569886654054289465e+01
5.678108445972372920e+01
5.362095054631727464e+01
5.664314127698062862e+01
5.833409139686452960e+01
5.047135088619592835e+01
5.533910303470057102e+01
5.772940249646143229e+01
5.460094052902447714e+01
5.478296573258764113e+01
5.781740562479972567e+01
5.707231547561371343e+01
5.705058687066243550e+01
5.363889479149673178e+01
5.671543424315655813e+01
5.557304042637188957e+01
5.592203618083849648e+01
5.353086718474907713e+01
5.552764778386265476e+01
5.630609777065880195e+01
5.521957078613399261e+01
5.431353093586360359e+01
5.661301772842018920e+01
5.832154177961704988e+01
5.237387073394086201e+01
5.528049835589756356e+01
5.688790022216649334e+01
5.735775263844811889e+01
5.283692309874268034e+01
5.535602859245732787e+01
5.691860348898714506e+01
5.738605964704741780e+01
5.121101734698645203e+01
5.386674860076059446e+01
5.513473970127314061e+01
5.606276713326559502e+01
5.650669440075834160e+01
5.719175159347469162e+01
5.889134388191508407e+01
5.409589476082683746e+01
5.650214247265324019e+01
5.672461396152486657e+01
5.870381409304214770e+01
5.467792331065837885e+01
5.740854088790559473e+01
5.727802476686564859e+01
5.926176847316755669e+01
5.407087444290235823e+01
5.714525824421101419e+01
5.650145827455042991e+01
5.908829538036852824e+01
5.431329754102915786e+01
5.764000783664356220e+01
5.651545731600349853e+01
5.908348759839674358e+01
5.307345978944346143e+01
5.658925766204917807e+01
5.762212688908837777e+01
5.618815248035345888e+01
5.932778628467620763e+01
6.163556848704176616e+01
5.508998616097696299e+01
5.899351432859816668e+01
6.167910307027526784e+01
5.858859767979129174e+01
5.846427435366290126e+01
5.609993455680374552e+01
5.929805571044283141e+01
6.076585878332878110e+01
5.481122290385389562e+01
5.889093258192362157e+01
6.113734345892143551e+01
5.728008638212831016e+01
6.045455904674641090e+01
6.264801797381774406e+01
5.696697409272590562e+01
6.095436872839831466e+01
5.242769351257458510e+01
5.667936205957887097e+01
5.875713193632169862e+01
6.055078173963698163e+01
5.372067706484710214e+01
5.759064713843419270e+01
5.939586304196573963e+01
6.018961399858083183e+01
5.594727378206563628e+01
5.759288368134600944e+01
5.831135700600359684e+01
5.989909148465631716e+01
5.486993659034101967e+01
5.692737053173205908e+01
5.789713521724059575e+01
5.910400865501092227e+01
6.062822357578499322e+01
6.127444055118377264e+01
6.032563538513894486e+01
5.781996519342953178e+01
6.032021274739191341e+01
6.083977629314048841e+01
6.027119504443110998e+01
5.654141270792779039e+01
5.895252681642102033e+01
5.891693258274456468e+01
6.073772288406767927e+01
5.637466784982167667e+01
5.903565378513695094e+01
5.899063535507543321e+01
6.099611261063511591e+01
6.153612692739594081e+01
6.315121208624106686e+01
5.690379958030884922e+01
5.958191159495029154e+01
6.174833349796837467e+01
6.020060395622434157e+01
6.200995128294611192e+01
5.827435617303012805e+01
6.109369819684939529e+01
5.974292944245047465e+01
6.035717416047295814e+01
6.315453317072421413e+01
6.057876561545196381e+01
6.327086548243103437e+01
5.692398552685779123e+01
6.056972475399987843e+01
6.273314617315915598e+01
5.954791284299151499e+01
5.936125408415197313e+01
6.245769115586737286e+01
5.918480568088909877e+01
6.216556889983483103e+01
6.440922828121661325e+01
6.123193658872354916e+01
6.399842519559744147e+01
5.725794904868752866e+01
6.053174222468310006e+01
6.279574983729452953e+01
5.829289644821042060e+01
5.970037137845488218e+01
6.223335317974413528e+01
6.283239000199692725e+01
5.830947856969872589e+01
5.890557623264984954e+01
6.078125247431581357e+01
6.246148540966697027e+01
5.744496412438612509e+01
6.001640602693967708e+01
6.139606090868930011e+01
6.198884644748025607e+01
5.671040623431590433e+01
5.903737793448785709e+01
6.016560344990754317e+01
6.130525893618383293e+01
5.722803391680438523e+01
5.871933971060264668e+01
5.992530253840672572e+01
6.074169999456679392e+01
5.748788956897905678e+01
5.956656711667078241e+01
5.983487981438084802e+01
6.121011202788785965e+01
6.156888247811125581e+01
6.359285997201811824e+01
5.839912563042472016e+01
5.961380875453362194e+01
6.179254292780281332e+01
6.115407303724028765e+01
5.815228762218703196e+01
5.820953513081077801e+01
6.078662148352164252e+01
5.978647007290608428e+01
6.140420311408054488e+01
6.190493902755208211e+01
6.220522575341597360e+01
5.837708416531363298e+01
5.967268353941540937e+01
6.207654262582814653e+01
6.139591044963253097e+01
5.918736917540121567e+01
5.795138616631618333e+01
6.079495681105608895e+01
6.147020391733660460e+01
5.715777760868574831e+01
6.042780649754112687e+01
6.271552805675146658e+01
5.882399281203480967e+01
6.027436034462149905e+01
6.281352702014969225e+01
5.940278214118673361e+01
5.917520853974233574e+01
5.631302136531629543e+01
5.926732274776751552e+01
6.103112778484631917e+01
5.445955815375717890e+01
5.898588632509727603e+01
6.101179932648809512e+01
5.772328428567033143e+01
6.020308659721713695e+01
6.262563840033059392e+01
5.667302526431173959e+01
6.090077025303955338e+01
5.492135239248217715e+01
5.733202689133265295e+01
5.870809049236298449e+01
5.937549570808795352e+01
5.487675409224340228e+01
5.668991758456024144e+01
5.744170790428497497e+01
5.869047796150965723e+01
6.013627134571964206e+01
6.107763931334633156e+01
5.656159640158654867e+01
5.781393200138630561e+01
5.908235457021969950e+01
6.019390047013842349e+01
5.753964547584322275e+01
5.822804108644101717e+01
5.970965977534645930e+01
5.983440597968176178e+01
5.656882554049848011e+01
5.765183899872339879e+01
5.919572801093132597e+01
5.933272026839178181e+01
5.472056278509665361e+01
5.552244763581225584e+01
5.745353730240332624e+01
5.723156550639173901e+01
5.826898273137886264e+01
5.906530662472267323e+01
5.904604408075776689e+01
5.759585181138472620e+01
5.842801961501913155e+01
6.077669705533241995e+01
5.889468514006055955e+01
5.576000836526367266e+01
5.744667560846254872e+01
5.768983740298550345e+01
5.812353327494063393e+01
5.627566485104775040e+01
5.915112454309726786e+01
6.088704892467880825e+01
5.313467487228000863e+01
5.754681962671806872e+01
5.995047415869968432e+01
5.708519051034022596e+01
5.892179273508263293e+01
6.158415564014622134e+01
5.788312247039024072e+01
5.909814220136902918e+01
5.591266708573067490e+01
5.868401133817175719e+01
5.757246025399877709e+01
5.719623932605104244e+01
5.813902892779464082e+01
6.073819322639518248e+01
5.418194636257396724e+01
5.889614484756491919e+01
6.086108972527617311e+01
5.910722085246319324e+01
5.984991934684320825e+01
5.233986042934257199e+01
5.637643276623296629e+01
5.816425471924566892e+01
5.935886783623194418e+01
6.064749414532708016e+01
6.186301598759109055e+01
5.677149237203826004e+01
5.815319236444718598e+01
5.938361054172799669e+01
6.095561061126553426e+01
5.554482542472793938e+01
5.755355602128371117e+01
5.839438515203274704e+01
5.968186933020253093e+01
5.635537229744453214e+01
5.775201479809215499e+01
5.899222340267940012e+01
5.952458178679150791e+01
5.801309190270537641e+01
6.031812063269874358e+01
6.049612683259206847e+01
5.977501814851780182e+01
5.751367204358581375e+01
5.998299394743140311e+01
5.969973030881990184e+01
5.823519150933838517e+01
5.829886160851062726e+01
6.075168984530937166e+01
5.983423351443432381e+01
5.676325774271921887e+01
5.710036739278115903e+01
5.980423612244626952e+01
5.839746790179413694e+01
5.981708291729258775e+01
5.972400195842750037e+01
6.223559086086299175e+01
5.885761717283797623e+01
5.884773404656505136e+01
6.124122717871414778e+01
5.874568202207898793e+01
6.063582695479216511e+01
6.347942687946117246e+01
6.020413370210042814e+01
5.973602642955844999e+01
5.742233870779974581e+01
6.056342153738271605e+01
6.255551464285360908e+01
5.526457211240393974e+01
5.951043190719048681e+01
6.181161564729933389e+01
6.045049031507114989e+01
5.967963843675519087e+01
6.299890321063201526e+01
5.936058347993792950e+01
6.207208231329938997e+01
5.440704761748425966e+01
5.886111864337837574e+01
6.003288967422719224e+01
6.169522718142852113e+01
5.483306851661695447e+01
5.850820709877493186e+01
6.025480081902735208e+01
6.100026907759636430e+01
6.262403048812973338e+01
6.385066872591844600e+01
5.781437842484849199e+01
6.052585936894514873e+01
6.202269485205749788e+01
6.261319554068936810e+01
5.872345278222869069e+01
6.122172723099915004e+01
6.224959122936153477e+01
6.298395707299693669e+01
5.794176422821676908e+01
5.979376787116802916e+01
6.041521167320416907e+01
6.194161099353640054e+01
5.710414654534744017e+01
5.955227905605042338e+01
5.968470127134527559e+01
6.147589917640917179e+01
5.981916341461580089e+01
6.229240802172181191e+01
6.206208959203363662e+01
5.969251845794128286e+01
6.133191995963856868e+01
6.198908393683866791e+01
6.213193465302600771e+01
5.751954387266820845e+01
6.077412423977805389e+01
5.962465502231046344e+01
6.225780566115705739e+01
6.006036595190808214e+01
6.306678709082477496e+01
6.136316027039918453e+01
5.893835317785526939e+01
6.234585489896162613e+01
5.981876899764368005e+01
6.303104745207334503e+01
5.916779512564136922e+01
6.242247601805558332e+01
6.445037029088253178e+01
5.778582321861475180e+01
6.123281217827719303e+01
6.360402960199792233e+01
6.021666701339638905e+01
6.061086441721661799e+01
6.345434089707756442e+01
6.204150969941908755e+01
6.374281109983445504e+01
6.594299803110243374e+01
6.062520008965540796e+01
6.414081425067736575e+01
5.756348663137875121e+01
6.077207643880795018e+01
6.265702909241908714e+01
6.135660815618373221e+01
6.056525904448914588e+01
6.254296715506779236e+01
6.265136098616726912e+01
5.962433519608859456e+01
6.160300949641944612e+01
6.274037535217701844e+01
6.338774902789850785e+01
5.861895771968160318e+01
6.009336535122353951e+01
6.116725648538832161e+01
6.208382846448309067e+01
5.778190428332174378e+01
6.017388103199243687e+01
6.110433684408523192e+01
6.183486403452185698e+01
5.730735716317787620e+01
5.881066545906611509e+01
5.942367364199604651e+01
6.080813936770919526e+01
6.179162725549230117e+01
6.182977241055677098e+01
6.267634625824610595e+01
5.742961406364405974e+01
5.976040488201454792e+01
5.931846036583410609e+01
6.165551652579546982e+01
6.077068137537441572e+01
6.340045033031706367e+01
6.139017374152535211e+01
5.780075970315584755e+01
5.856299343415499692e+01
6.094405606419523025e+01
5.954583870913300103e+01
6.059079039724096560e+01
6.100564668801296619e+01
6.178733241587295311e+01
5.848062430644776555e+01
6.114401440102245999e+01
6.353644387941077554e+01
5.925902190879362763e+01
6.165280281675536855e+01
6.390290714306227926e+01
6.035091965294564176e+01
6.084471410040817574e+01
5.794793579246660897e+01
6.079150554185543598e+01
6.085107931201287101e+01
5.777486481109011152e+01
6.059036008091885606e+01
6.034524779478857681e+01
5.978782705438593581e+01
5.855688857822863724e+01
6.134617708391099455e+01
6.017898017751480921e+01
6.035553479010495437e+01
6.285144258942564477e+01
5.862654810194410970e+01
6.242172394406628655e+01
5.438962059926907244e+01
5.800637653902312962e+01
5.969158653042524065e+01
6.102789039111171121e+01
5.550848252237837954e+01
5.750064612337717307e+01
5.807733535785497025e+01
5.989807697572279466e+01
6.058660385393259418e+01
6.174843266705369871e+01
5.635241383655219494e+01
5.815992570213622770e+01
5.903806609344360368e+01
6.011950187210856456e+01
5.668336406851953768e+01
5.790324452400565747e+01
5.930562766669562080e+01
5.975251825311814002e+01
5.512996267001278028e+01
5.619083245699690110e+01
5.766163722494898991e+01
5.793186429252040170e+01
5.758751233778769318e+01
5.766419798772960803e+01
5.964186863264165339e+01
5.904268079865896368e+01
6.127197210227561186e+01
6.047638316984291862e+01
5.738074257175923520e+01
5.723585863762901482e+01
5.967300265852719576e+01
5.863935931182865602e+01
5.980595776864100088e+01
5.647025836495267015e+01
5.908993856930987221e+01
5.957092562794864676e+01
5.726254082123546851e+01
5.825517278217125039e+01
6.074756292149016446e+01
5.809784114749523098e+01
5.733491501920318711e+01
6.049036931626882563e+01
5.762301665219538194e+01
6.049036341752030665e+01
5.167171426380915022e+01
5.690920080429150829e+01
5.923420740866382062e+01
5.590783339262709717e+01
5.876448658403663927e+01
5.995512547062507025e+01
5.620133290523170189e+01
6.063543905744600693e+01
6.134937801468768015e+01
5.786988128213477012e+01
5.778553468653684178e+01
6.062026453128109438e+01
6.127670731892239786e+01
5.587224814506898696e+01
5.906674772943220120e+01
6.088186260654283188e+01
5.959241841788056604e+01
5.654518913638226252e+01
5.796261986378384989e+01
5.923385266234455315e+01
6.035029368342524947e+01
5.543396101539666176e+01
5.709589905809006183e+01
5.854520805200044720e+01
5.921586835763635293e+01
5.661129926129336809e+01
5.860099649634951646e+01
5.962133148770060842e+01
5.738722415477368344e+01
5.858575396512241440e+01
5.989154066725357950e+01
6.041047721773058043e+01
5.624522711505505868e+01
5.871007514783012482e+01
5.898533457867741703e+01
6.080407804019038309e+01
5.507660713131780028e+01
5.786902072463671942e+01
5.775216621029815656e+01
5.993595857114780756e+01
5.968284187101517091e+01
6.202916094564179872e+01
6.037897674414845994e+01
5.674101712856031554e+01
5.713901799268863613e+01
5.982763326922074754e+01
5.838280442216080246e+01
6.124432686859300645e+01
6.196522291232796675e+01
5.986257063570176484e+01
5.779871791284602267e+01
6.106024567521679103e+01
5.860644919522727747e+01
6.163363485723678536e+01
5.776462582757077513e+01
6.092200154269140455e+01
6.324720541967139553e+01
5.576763184736517331e+01
6.006436103718607455e+01
6.247068042532023213e+01
5.903848447809060218e+01
5.968022618310079963e+01
6.258304900277964578e+01
6.113634197011948146e+01
6.249375655393387063e+01
6.504709951352954533e+01
5.911888120930758816e+01
6.298793738239962892e+01
5.504509139779135296e+01
5.950474566791940845e+01
6.068865492642012072e+01
6.248276100552274670e+01
5.569579678218731544e+01
5.934984160398466457e+01
6.109087662853644929e+01
6.191300966203314715e+01
6.347090315370680003e+01
6.463276471000915535e+01
5.875769153180437598e+01
6.136203026542739991e+01
6.242784192554764644e+01
6.347346185018902531e+01
5.977558702650946998e+01
6.153364117574066938e+01
6.266971977904582758e+01
6.326608093537767985e+01
5.866795158548080735e+01
5.995524824965092137e+01
6.166376482007753168e+01
6.202065451636768501e+01
5.924715741863617069e+01
6.142332980470400372e+01
6.150279491464218040e+01
6.315634152413709046e+01
5.771961414882779451e+01
6.004789062359322571e+01
6.000216356914836524e+01
6.180579475510081267e+01
6.292195809569267340e+01
6.214338034464280014e+01
6.366281111818621241e+01
5.809337171352891716e+01
6.089768743629558401e+01
6.063097508347979669e+01
6.303779010115589898e+01
6.502194678607418155e+01
6.272336034229304857e+01
6.257484173813825379e+01
6.077908701108060541e+01
6.371846340093223660e+01
6.424527900776178058e+01
5.917715996281494029e+01
6.195828107291185916e+01
6.434217198917909286e+01
6.124798095823727095e+01
6.132092463912471914e+01
6.427732498406604122e+01
6.109761568077887262e+01
6.387486111680748024e+01
5.768860657210388609e+01
6.060302211918346416e+01
6.281987052662088189e+01
5.960446824896243356e+01
6.259158124485175989e+01
6.235470045849176302e+01
6.342338342915910232e+01
5.846898127332362805e+01
6.162080687754884423e+01
6.194170952833422916e+01
6.279465285531424001e+01
5.710742222261673362e+01
5.945036012938131620e+01
6.110765011947571423e+01
6.202781302723708734e+01
6.343830654022499260e+01
6.480155469137444868e+01
5.971560756315756890e+01
6.070321475933745603e+01
6.193652611196272062e+01
6.327723523221501267e+01
5.826839347600081709e+01
5.995008409186512210e+01
6.082518337164974298e+01
6.187800188179370053e+01
5.793203873918907476e+01
5.911520347073804516e+01
6.040100307554955350e+01
6.072984480009344566e+01
6.073393729209686143e+01
6.260886837975164099e+01
6.243235743880190824e+01
5.918455778830008285e+01
5.974242432409014469e+01
6.189382136450661420e+01
6.115282813033139320e+01
6.368182954111676253e+01
6.248625307805717455e+01
6.120556837777915149e+01
6.061395342182101587e+01
6.326656986949355144e+01
6.177225257500248290e+01
6.143892204614115116e+01
6.012149666089700872e+01
6.267664191778543170e+01
6.296063010319556241e+01
5.737404894678473966e+01
6.087001456255222109e+01
6.304321318963302190e+01
6.046111224290575592e+01
6.105683887768218909e+01
6.366748593298926551e+01
6.071726222041753118e+01
6.224078708372683622e+01
5.825040563983227315e+01
6.100154390127280379e+01
6.293314390393098279e+01
5.611509316777083001e+01
5.957209462479955420e+01
6.172990095760444262e+01
5.906280825638079790e+01
5.907253110030471532e+01
6.195083349341769008e+01
5.886187072898702155e+01
6.159026216440084056e+01
6.335597555462473451e+01
6.033067192831708780e+01
5.982167514578326717e+01
5.930476898852820256e+01
6.114051508530429402e+01
6.241986343161661921e+01
5.781585047391526189e+01
5.830370522337825179e+01
5.980841738447198708e+01
6.109756137889583272e+01
5.726135240454014763e+01
5.977900077901683318e+01
6.038206559204423485e+01
6.111400609766086944e+01
5.606200272357506975e+01
5.730214982589348693e+01
5.821212933525075783e+01
5.926765575199654990e+01
6.037539967356775605e+01
6.114806595787688792e+01
5.783809930350715689e+01
5.895345428294867673e+01
6.042746509681301603e+01
6.058634010311015317e+01
5.653748604281640411e+01
5.715138057203911615e+01
5.902948127783829335e+01
5.879388008722539638e+01
6.014853662433137060e+01
6.017098658984903636e+01
6.216279678045027168e+01
5.804808825175629750e+01
6.024566950636366158e+01
6.069854338749980371e+01
6.078999605822432528e+01
5.591957355154746523e+01
5.945363264207992415e+01
5.810837109605518691e+01
6.096648386765387784e+01
5.682302360170028521e+01
5.991371300275562106e+01
6.082318222270090757e+01
5.797803077393852078e+01
6.103548596838557216e+01
6.279988303779519754e+01
5.552425111461359819e+01
5.984957746252788979e+01
6.215683513263699922e+01
5.896383656703112308e+01
5.906054645764280053e+01
5.629857449793946955e+01
5.909730011802218996e+01
5.935627301232433695e+01
5.742903854681699727e+01
6.010770281700907702e+01
5.902337365024081350e+01
5.984777649713540626e+01
5.607859515055803001e+01
5.898744494353216794e+01
5.819144636718263541e+01
5.990999405790361720e+01
6.161367351850464047e+01
6.290955576505530900e+01
5.601424681946963346e+01
5.958313763979083433e+01
6.085410151769286813e+01
6.192756197670586715e+01
5.685535163722538954e+01
5.825367631256870027e+01
5.983946687126132247e+01
6.066850706803472804e+01
5.634552699637503537e+01
5.797271460493966799e+01
5.921590179601867021e+01
6.032289376983023743e+01
5.641965862983702351e+01
5.837114676569302674e+01
5.887255539110014269e+01
6.042871937577557162e+01
6.069877316101371889e+01
6.256685227053593934e+01
5.936776581932067387e+01
6.060513339029661495e+01
6.040552480380715394e+01
6.250201254451217636e+01
5.759516683403400350e+01
6.040939678426892101e+01
5.985483038938397016e+01
6.222029582587867225e+01
5.749916237408888264e+01
6.062902442108778445e+01
5.960876434284395486e+01
6.191558065303672009e+01
5.654386549612382140e+01
5.990758074807011013e+01
5.998562944305012223e+01
6.089317455373885224e+01
6.361065401451244128e+01
6.123452033452510790e+01
6.010858498674279105e+01
5.833620954625561694e+01
6.125139263805541390e+01
6.363354237181007278e+01
5.617135045273705884e+01
6.041598015591444693e+01
6.280064408654565256e+01
5.939246029389870074e+01
5.998608512872294796e+01
6.287404423170164591e+01
6.146655611183269485e+01
6.224368845509933124e+01
6.492117570984507324e+01
6.110113444682021822e+01
6.201183193539817751e+01
5.836978267213973481e+01
6.124544819218572655e+01
6.055652935571077933e+01
6.239297862123821403e+01
5.833199879456066839e+01
6.011544673092839730e+01
6.078569155790411571e+01
6.220384736570900230e+01
6.347107994414687937e+01
6.455636143404800009e+01
5.947156433170884071e+01
6.096794833882082543e+01
6.220319433460774405e+01
6.361904233039443568e+01
5.817534613080823647e+01
6.015984180168143070e+01
6.103433918291517557e+01
6.193977237382492262e+01
6.188050647025303164e+01
6.360495408238797665e+01
6.393189502887936726e+01
5.952065354118870744e+01
6.060356373491358539e+01
6.259000210915590401e+01
6.248014596836757306e+01
6.110096057098589739e+01
6.144525533493152381e+01
6.344670009441194480e+01
6.300828290849066349e+01
5.840552947805831963e+01
6.102109644369686947e+01
6.010351158141017436e+01
6.230117191776148644e+01
6.438996791938153308e+01
6.272222638328499755e+01
6.401502236695102965e+01
6.113568713797341303e+01
6.422222523274230355e+01
6.240839892883663254e+01
6.022386879224405476e+01
6.355103393089884634e+01
6.098868414423210993e+01
6.402211543272512984e+01
6.065448114633903032e+01
6.381054884798389537e+01
6.559705681656487286e+01
5.884028527923925367e+01
6.215810396866510956e+01
6.449693030340230848e+01
6.109832644996809847e+01
6.168361215425615285e+01
6.443374864293541293e+01
6.290431976428358496e+01
6.428591220834113074e+01
5.974119305110205858e+01
6.232624458203250128e+01
6.337692259023015851e+01
5.977357040033506053e+01
6.247280564906938594e+01
6.182834324725109099e+01
6.356402443870764785e+01
5.944439992123182037e+01
6.111939527164261676e+01
6.185710885193593356e+01
6.310316051463789222e+01
6.461318645692919915e+01
6.454772994679764508e+01
5.993860456652804913e+01
6.104514508063121525e+01
6.228835681408170188e+01
6.368928174627124150e+01
5.872241794809004745e+01
6.032630538179112278e+01
6.122204325315670559e+01
6.216364382145318501e+01
5.787965263768544588e+01
5.995195246685033652e+01
6.100105489921417501e+01
6.148198795493389923e+01
6.088182438579544709e+01
6.274974375095098367e+01
6.259982922938505112e+01
6.005122395237018651e+01
6.049755676199312404e+01
6.264158019347157591e+01
6.181555564925042034e+01
5.763120591789360958e+01
5.802301199138141641e+01
6.053898674008159730e+01
5.945983791174412403e+01
6.206579625649491305e+01
6.074539035311136814e+01
6.319640700407477851e+01
5.778507912011090042e+01
6.076658948388415382e+01
6.137992778984855846e+01
6.010547425353920659e+01
6.273729167436010101e+01
6.499809935224054414e+01
5.893802371175831212e+01
6.187653524473801525e+01
6.413096697402215796e+01
6.113851586181664999e+01
6.120853196406991259e+01
5.858216157241647437e+01
6.137782982053811054e+01
6.274442816706020665e+01
5.707356628520646069e+01
6.023655422773430956e+01
6.230091998335777959e+01
5.753753171997653482e+01
6.134820374669342158e+01
6.319016616156320509e+01
5.685011596447154858e+01
6.114636874478484430e+01
6.296594999819681959e+01
6.166181649950645749e+01
6.032421753341807147e+01
5.753825975468908638e+01
6.020748666454505127e+01
6.184834519958903343e+01
5.773593753170870713e+01
5.965008148116947240e+01
6.048648729303740623e+01
6.198414146603897024e+01
5.549093885604985843e+01
5.818030550903541354e+01
5.914848531244967944e+01
5.988829171345579283e+01
5.622394909283747211e+01
5.763877390915151722e+01
5.873124233888126611e+01
5.966665939554013676e+01
6.034290210895891704e+01
6.161120563217950519e+01
6.019272007853582096e+01
5.520776833387824922e+01
5.743933674057267780e+01
5.782367234531422895e+01
5.941912189917876219e+01
5.931081905155005529e+01
6.131898961964105865e+01
6.070165761196274445e+01
5.537353768872472415e+01
5.827338131981296243e+01
5.762254582353307342e+01
5.968188457847864470e+01
6.033131741639532208e+01
6.009049901158499551e+01
6.204988737249561837e+01
5.481573910818030271e+01
5.816568690055373736e+01
5.879473570775959956e+01
5.779513919558315393e+01
6.062478420487227737e+01
6.272337109049160375e+01
5.829838743502008214e+01
6.102059892269076613e+01
6.344793140916920748e+01
5.955082015797392359e+01
6.102627685646979216e+01
5.591653261310754885e+01
5.944414983696766086e+01
6.156372186374854749e+01
5.390034646315908873e+01
5.847548309012033485e+01
6.067219118739174633e+01
5.837749238031402399e+01
5.876572673962573390e+01
6.158726727426080316e+01
5.826523961686346098e+01
5.927120848423514587e+01
6.185997293531707442e+01
6.169140560718143718e+01
5.825890423457886413e+01
6.005117834316475722e+01
6.164035379509122237e+01
6.199088238523869165e+01
5.758689687738340979e+01
5.940861362838428050e+01
6.032693042899584412e+01
6.120683789380924367e+01
5.623720325147940713e+01
5.823403394203941730e+01
5.914833117118913464e+01
6.025882510440608542e+01
6.114597101904901422e+01
6.238512381197750756e+01
5.775116095702445307e+01
5.917759250207384270e+01
6.060813635809535072e+01
6.096589015423777624e+01
6.122300986141880941e+01
5.667971907899324435e+01
5.754719963170821018e+01
5.930897097510256799e+01
5.941253460152167776e+01
6.143939407999328495e+01
6.115047523070042246e+01
6.109233398571145557e+01
6.012123546432724197e+01
6.268216981146073863e+01
6.168426669144134422e+01
5.817960432588900233e+01
5.851653820027939901e+01
6.116845940591882425e+01
5.974854446136957620e+01
6.151787871427588783e+01
6.099287619118491932e+01
6.359303905788619460e+01
5.955617361878893945e+01
6.129382794886897301e+01
6.413557022732723567e+01
6.125105297474799926e+01
5.976551842073215681e+01
6.315450758424695721e+01
6.013002108423506087e+01
6.329645896001253647e+01
5.601911915490703819e+01
6.024564461635887369e+01
6.257359434635308304e+01
5.899108473216863047e+01
6.201721265340560052e+01
6.289043907155966906e+01
6.034512621052521553e+01
5.991191712001490544e+01
6.300487037485897446e+01
6.147560699485411817e+01
6.321647747516146154e+01
6.539481369193860871e+01
5.885184484165793606e+01
6.255410392910006578e+01
5.926514427267914442e+01
6.150038976492281506e+01
6.191815771842545502e+01
6.263768386220033335e+01
6.428295522896520708e+01
6.497810235548281810e+01
5.969596129107798532e+01
6.102285255810821241e+01
6.233474718968279404e+01
6.379753099516152304e+01
5.913568775741083527e+01
6.103350370816943382e+01
6.199116857479279474e+01
6.275488946359549658e+01
6.216026755694674222e+01
6.407016283206080232e+01
6.444071718757875544e+01
6.021839158111491486e+01
6.188171884462050798e+01
6.358940510575871485e+01
6.374440531796691545e+01
5.989089479521634019e+01
6.101682638777911905e+01
6.293737154693120317e+01
6.265756016894739133e+01
6.104111845361779842e+01
6.365755785551974100e+01
6.296314839769033256e+01
6.433886505820723301e+01
6.565038276341695678e+01
6.354204503928644954e+01
6.142266369662424097e+01
6.069787848109405815e+01
6.332796600565917799e+01
6.501397678837179228e+01
6.026686867179421370e+01
6.282188794010928490e+01
6.514604241231992887e+01
6.253397231926739863e+01
6.152131520057267267e+01
6.466125051367389176e+01
6.158592302229693161e+01
6.473288815892199466e+01
6.705188173634597604e+01
6.345224174404303596e+01
6.328839982426989508e+01
6.033590323378198406e+01
6.329615355046725966e+01
6.509139361151416381e+01
5.911686089169531044e+01
6.247119103596315171e+01
6.451366246222923451e+01
6.378435585003661856e+01
5.997706393879659004e+01
6.336561849301681804e+01
6.346787812549896302e+01
6.308392622750466927e+01
5.852282948708764110e+01
6.167521344230992497e+01
6.326176721659966518e+01
6.326678401642508476e+01
6.482366542739036674e+01
6.597710673590562180e+01
6.023608612911358762e+01
6.231521237408482250e+01
6.339500643131372470e+01
6.446804872692297295e+01
6.019388500661070651e+01
6.161575287363438491e+01
6.257496432726188829e+01
6.352488696803214907e+01
5.996736550088436246e+01
6.199053061705077994e+01
6.233021721049639297e+01
6.299543449381481253e+01
5.814650553774945507e+01
6.014417971571089083e+01
6.014424399466523141e+01
6.173049993500037402e+01
6.204275421788301514e+01
6.371161903970926943e+01
6.251498083492214164e+01
6.521034965476302148e+01
6.385649507026634808e+01
6.036879716594817324e+01
6.029055750905566669e+01
6.291541205267144221e+01
6.146559591738616746e+01
6.347944395981514987e+01
5.805624093194175117e+01
6.100955877076743405e+01
6.139346508855319229e+01
6.081045835120129084e+01
6.322588308740267848e+01
6.503364740329247695e+01
5.873820569543068615e+01
6.163597550278271342e+01
6.392290559813191209e+01
6.096660472056431246e+01
6.213638492708115990e+01
6.464816161270300654e+01
6.139421746324769202e+01
6.157603686161667866e+01
5.856445866468614980e+01
6.135435701898704508e+01
6.225392276292115668e+01
5.909453516890392422e+01
6.197592143377986673e+01
6.132826564530832059e+01
6.193052778314756068e+01
5.816610449374886116e+01
6.063902498237665384e+01
6.002454282898376903e+01
6.159586051742612511e+01
5.716673598677609647e+01
5.946114061224994884e+01
5.951527623185125293e+01
6.078390706385056319e+01
6.210035653502994535e+01
6.287185494079561465e+01
5.818828741518682079e+01
5.977857458128281110e+01
6.080535789275978686e+01
6.147499423773810889e+01
5.790780069412452491e+01
5.942552388232927996e+01
6.028744353753690177e+01
6.133689083295482192e+01
5.631383614435760165e+01
5.769355502777093392e+01
5.843813796869982724e+01
5.969347669716904647e+01
6.013156433331862161e+01
6.175605430852392885e+01
6.143959877870495490e+01
5.598595841575444609e+01
5.826854312173936989e+01
5.777232287254277310e+01
5.973736523392993547e+01
5.851749469194594155e+01
6.082718846195984952e+01
5.994241010625164279e+01
5.691864915533039948e+01
5.761495934754396586e+01
5.985947310958447787e+01
5.848431357918191509e+01
6.103142411538497925e+01
6.110570998755115824e+01
6.113791710504354171e+01
5.411890107000568406e+01
5.871723188089423928e+01
6.095259181803002946e+01
5.845134896405188840e+01
5.981069842462741093e+01
6.225169826316773936e+01
5.916272611480329147e+01
5.866369960589557309e+01
6.173053954933756415e+01
5.874933649507545397e+01
6.138676071153579272e+01
5.250000010488633961e+01
5.780090448411663573e+01
6.002568855812977233e+01
5.750944820237191379e+01
6.026959478317249363e+01
5.947600266371304656e+01
6.027884700307252785e+01
5.583535035379144063e+01
5.924004711431064862e+01
5.858056697145800484e+01
6.019835418841613972e+01
6.189161755735116799e+01
6.359413054093312923e+01
5.607873848484621959e+01
5.972441036569114914e+01
6.141867739790264125e+01
6.129596848867618775e+01
5.689183016854734376e+01
5.834345401973694578e+01
6.002970939549106077e+01
6.091237374479890576e+01
5.637143341936315721e+01
5.806533781030564967e+01
5.929016918141279291e+01
6.032723889698408470e+01
5.707082637352171872e+01
5.931241094373198308e+01
6.023074229142186198e+01
5.784632194041724773e+01
5.875515830596900457e+01
6.063372227657030322e+01
6.074211070025171466e+01
5.688274971098280020e+01
5.976145558503277755e+01
5.957687314555265345e+01
6.158198868483271582e+01
6.113907492087054152e+01
6.365997182743907956e+01
5.973692808377501251e+01
6.149057212012075979e+01
6.385029040793562416e+01
6.188993352761532662e+01
5.890587730955988377e+01
5.983018274048752971e+01
6.251221344264364888e+01
6.047464436633435270e+01
6.038091087357145170e+01
6.131741528090560678e+01
6.246001629533699173e+01
6.017843384975822119e+01
6.335273769271431377e+01
6.489485054564586619e+01
5.947236813991948878e+01
6.302580312931058160e+01
6.554174531853020369e+01
5.890413391008038957e+01
6.326288833298347214e+01
6.572050973510876304e+01
6.173604287051069406e+01
6.506777791338437567e+01
5.705211964089308907e+01
6.153396478323595886e+01
6.404143772868384588e+01
5.833707576829203845e+01
6.236112633314749587e+01
6.231303010751146587e+01
6.424703603536950425e+01
5.929021292740633697e+01
6.207285814491768150e+01
6.277785540819895971e+01
6.423416771676332360e+01
5.844367566857705043e+01
6.112386211028690042e+01
6.228532393300151426e+01
6.357091077833572257e+01
6.523502857543572020e+01
6.570221998355252424e+01
6.135109978926018925e+01
6.352819927748909379e+01
6.485555532677231838e+01
6.572093157323928381e+01
6.041344492548770972e+01
6.268752119263674416e+01
6.349035245277617179e+01
6.524923090057789921e+01
5.952198129939811366e+01
6.225869417350752144e+01
6.257313531409145924e+01
6.466440479745610048e+01
6.500346145560152422e+01
6.739644611317291378e+01
6.354252846722932446e+01
6.587893206583201788e+01
6.524490893511928391e+01
6.767079296092576612e+01
6.136940770530557643e+01
6.439021151556777056e+01
6.566185536273378887e+01
6.496843477063643491e+01
6.284991245895177059e+01
6.347934173833797189e+01
6.664170340460438524e+01
6.442806956549853226e+01
6.791250414469368479e+01
6.959077773285892476e+01
6.230022033524659264e+01
6.632780808095409952e+01
6.915460863680060299e+01
6.575200782635141650e+01
6.522317432224880918e+01
6.260582054626854642e+01
6.637673940303409381e+01
6.866136343600115310e+01
6.172882534754301531e+01
6.533837900984001124e+01
6.813284501634959156e+01
6.370010220016167324e+01
6.454615344649943154e+01
6.791545720140490516e+01
6.548867564114061679e+01
6.622614603306868730e+01
6.961802280561751388e+01
6.495640811791936642e+01
6.791308948643593624e+01
6.149694590142257766e+01
6.522177131544742679e+01
6.651413587035321484e+01
6.709860033120837386e+01
6.845153241491360063e+01
7.011301376398515117e+01
6.438580893464128962e+01
6.696095076078343311e+01
6.852910921588534165e+01
7.012252242515340583e+01
6.388419344571750003e+01
6.655243413547788123e+01
6.803875921828421269e+01
6.846201752008626329e+01
6.386806771010810735e+01
6.588143383431365407e+01
6.777117954787351550e+01
6.852982718292241771e+01
6.313707945860760873e+01
6.483324142165926673e+01
6.736998484228300299e+01
6.755336294104444050e+01
7.042609719631204257e+01
7.006785467905542930e+01
6.504920710410563345e+01
6.709163446756600990e+01
7.020278086154154096e+01
6.935815806388025351e+01
6.560842977301220458e+01
6.994405575449331991e+01
6.843021907790082992e+01
6.888987215232540962e+01
6.768172112298611864e+01
7.134511285081781296e+01
6.886359769859528512e+01
6.651923061700989592e+01
6.875611296777805137e+01
6.962535974024901009e+01
6.868359389977325691e+01
6.817886801347785308e+01
7.158288850388936453e+01
6.855911287280848398e+01
7.020988668026555501e+01
7.348580857673671574e+01
6.989108849842600080e+01
6.994378512270233728e+01
6.697643074226063220e+01
7.064547001810542781e+01
7.221529835263443431e+01
6.746434553709241300e+01
7.095130117990534302e+01
7.135862652151128316e+01
6.823880417502768125e+01
6.943584625429707557e+01
7.269799452938150353e+01
6.912710375788658723e+01
7.056953769508169216e+01
6.598602034049028475e+01
6.963017088897501594e+01
6.972221593371270387e+01
7.028275292151894860e+01
7.306086573468815004e+01
7.038138787403424601e+01
7.189513998414010132e+01
6.662826809893799407e+01
6.871364704770968501e+01
7.045785836261562451e+01
7.229106892630157688e+01
7.385330242617072827e+01
7.370361934885664823e+01
6.827136431549450890e+01
7.121673301804634093e+01
7.293232694948430606e+01
7.360791499100282920e+01
6.750588436044603213e+01
7.090143734915287155e+01
7.239579920564915483e+01
7.190973332689546282e+01
6.957881889297233613e+01
7.060335268242195639e+01
7.323931340827800796e+01
7.263122484507721310e+01
7.572361012152502724e+01
7.467295262807482459e+01
7.103224340691950545e+01
7.145584935123886794e+01
7.469606186444413254e+01
7.377774920346830356e+01
7.071862276171096084e+01
7.123830201709570531e+01
7.453691864774150133e+01
7.305221504945178879e+01
7.132186861133273226e+01
7.213105429039816840e+01
7.546590581704816714e+01
7.319524777960116069e+01
7.676460137767479353e+01
7.692642947819925325e+01
7.165765469947375266e+01
7.567896584024497031e+01
7.899836153622867130e+01
7.205992362922864913e+01
7.645223909925967121e+01
7.948586106108454885e+01
7.477959404030572443e+01
7.747766797419497209e+01
7.015429930072403408e+01
7.516514945322781216e+01
7.794530377160944568e+01
7.048954469130742950e+01
7.541237167399788177e+01
7.802682764313684061e+01
7.108298462688850350e+01
7.648463813363865427e+01
7.892017161187904151e+01
7.340513768450549037e+01
7.811111122340085444e+01
8.012592236748287178e+01
7.441867997975154481e+01
7.879525804409206557e+01
7.108800528658785822e+01
7.571723359378646023e+01
7.725593281065211215e+01
7.729321564430755132e+01
7.281786374765158598e+01
7.622723694337292955e+01
7.768944641393906636e+01
7.772147517605790767e+01
7.930397179235058047e+01
8.155695542294955658e+01
7.532323359717456412e+01
7.797111679723745681e+01
7.856082932860381618e+01
8.145190646968663373e+01
7.468580655555470571e+01
7.788809955218626158e+01
7.839217352639988690e+01
8.057319400584518121e+01
7.357314458837184645e+01
7.697446899501633766e+01
7.725230791592933599e+01
8.029585568695881648e+01
7.509478790890113942e+01
7.893088835932357483e+01
7.835088448100377434e+01
8.096361315647348533e+01
8.338666638004508513e+01
7.849736250989676023e+01
8.227101713871334709e+01
7.503474859345720915e+01
7.935583465165170480e+01
7.889805944976632190e+01
8.186128789761291102e+01
8.491419244679032374e+01
8.107701628206812927e+01
8.167279947007952501e+01
8.484632481131775705e+01
8.105557148009528134e+01
8.194507835664437323e+01
7.873081901596601995e+01
8.288483144160849747e+01
8.464539178756822935e+01
7.987574397313940722e+01
8.126926078579059265e+01
8.486534292298222226e+01
8.009444517981859235e+01
8.145686381388507868e+01
8.502542641397441514e+01
8.104947725182761076e+01
8.317803825805712847e+01
7.841312080646000027e+01
8.228770680394107728e+01
8.315671197638057777e+01
7.861728658108479806e+01
8.239271188044641292e+01
8.355825836978917209e+01
8.362960947088544117e+01
7.997072507339443348e+01
8.243180879328217259e+01
8.416232491235160751e+01
8.212761584561634720e+01
8.458176820241212113e+01
8.592212786941468039e+01
8.351688541600624660e+01
8.475869142335581330e+01
8.569498856300896250e+01
8.751694038986035196e+01
8.151146052872802272e+01
8.405647970163740013e+01
8.586258072761908977e+01
8.473581408846391128e+01
8.130771423726352509e+01
8.317500782097906153e+01
8.646715762438603292e+01
8.570945704477200877e+01
8.894337061780387899e+01
8.824313770867355800e+01
8.388765488706113160e+01
8.514075157265234850e+01
8.852855110519446669e+01
8.755974286538862827e+01
8.388259059838088660e+01
8.439859275006168104e+01
8.797053846954362655e+01
8.664288752291550111e+01
8.400692632935893300e+01
8.413031140891830262e+01
8.780517316901010361e+01
8.601188033274290490e+01
8.419428769207738128e+01
8.554187872694413386e+01
8.904151715316872640e+01
8.513581309196240454e+01
8.936849333018209052e+01
9.015517756427287566e+01
8.628810331860692884e+01
8.654194174843451037e+01
8.880098213433608123e+01
8.534428778549641947e+01
8.693385984580022807e+01
9.076924212395807956e+01
8.612030297194205275e+01
8.908208706599950233e+01
8.442070648853994896e+01
8.795334374652533427e+01
8.998897411619631725e+01
8.415462265143074205e+01
8.836704674861140063e+01
8.929552359945951423e+01
8.550975849648736471e+01
8.864068263637228995e+01
9.143848658474510671e+01
8.611490326209944612e+01
8.990702969775689724e+01
9.171144469962091250e+01
9.075434361735014477e+01
8.861693434725818008e+01
8.935180646698334783e+01
9.163452116095039912e+01
8.682152130167929727e+01
9.005952840324768260e+01
9.224535373416986772e+01
9.320058069945889656e+01
8.707416120318438857e+01
9.054896203643208707e+01
9.149748304774786334e+01
9.335172308864828494e+01
8.657233761477121448e+01
8.950979923460496934e+01
9.233141404285977671e+01
9.141873160178242586e+01
8.686281673761889977e+01
8.838783664945079011e+01
9.223203436763259333e+01
9.098949108394398877e+01
8.662232757150432860e+01
8.803680447206525628e+01
9.209727350835711945e+01
9.030990931831394164e+01
9.469463790535435521e+01
8.965355271522763303e+01
9.414876730605040223e+01
8.649814692807970573e+01
9.158009339316372177e+01
8.997508543083802124e+01
9.133972979541229620e+01
9.367907154873991260e+01
9.166133894619746059e+01
9.155234934803894475e+01
9.392696999255728940e+01
9.344830844054729369e+01
9.357943006554081933e+01
9.032264927607026550e+01
9.450440067507148001e+01
9.484658131157451066e+01
9.090552177895882835e+01
9.237926460051924948e+01
9.344103845081494342e+01
9.528055400603814462e+01
8.844089228428659055e+01
9.263307470697917267e+01
9.602100969203142711e+01
9.038366398258054346e+01
9.429899219851752434e+01
9.651366758999016326e+01
9.163838975075239546e+01
9.423067343738253498e+01
9.739783037401680588e+01
9.246529698639312755e+01
9.588478312034663986e+01
9.014527001309159004e+01
9.350157111843491009e+01
9.569884291503377938e+01
9.126477976273650938e+01
9.461728842667957906e+01
9.706348239825516089e+01
9.125096005664114784e+01
9.470587419190385958e+01
9.734674462320607802e+01
9.789091063709661000e+01
9.230443212978096312e+01
9.538482081868342277e+01
9.808347870074140928e+01
9.320215742969340056e+01
9.765019049736920920e+01
9.821259617047735446e+01
9.831221439097616610e+01
9.492888592202824327e+01
1.000282511622855992e+02
9.943894444757012252e+01
9.481083325942157103e+01
9.625398859463177814e+01
1.008395351907696238e+02
9.719955295483785562e+01
9.761544350343260135e+01
9.704534912371728694e+01
1.018495301278568235e+02
9.583583167541809189e+01
9.895376756684706265e+01
1.025936141001511146e+02
9.849781988954214285e+01
9.973189584150468079e+01
9.705865984392693235e+01
1.022158674545257071e+02
9.524984692572022027e+01
1.007413157788710976e+02
1.038588120640892782e+02
9.905553251912859025e+01
1.029607064723246879e+02
9.540485845813827837e+01
9.982504554306783007e+01
1.027320014134089234e+02
9.638430659551920598e+01
1.007232334052797995e+02
1.043792474689668524e+02
9.798340498815349520e+01
1.019478844701562110e+02
1.052966081876198388e+02
9.887638747493960523e+01
1.029974743290025287e+02
9.780723834988013721e+01
1.015225158667917214e+02
1.038709815582597997e+02
9.861470185372658648e+01
1.020098731832989785e+02
1.047491026236196632e+02
9.925142798351916440e+01
1.026254041134021122e+02
1.050427606522303989e+02
9.912022034090813349e+01
1.035570727486554432e+02
1.061070007490980913e+02
1.021665377588489321e+02
1.063172848100180232e+02
9.996682286496455561e+01
1.033109765334194492e+02
1.050507680988864649e+02
9.913314937280405559e+01
1.029942645110611181e+02
1.063632446787531762e+02
1.058162542845236942e+02
9.972720377126732672e+01
1.045807046834040506e+02
1.054514592871186949e+02
1.025104644587940328e+02
1.045632225097768355e+02
1.088838661640937318e+02
1.063568767598839457e+02
1.030928279446374205e+02
1.079321561434009169e+02
1.071597280943035884e+02
1.059080276260503410e+02
1.087998725585471789e+02
1.078907893213292510e+02
1.079445503843832483e+02
1.069431540212823109e+02
1.113492458084107852e+02
1.068434044638700016e+02
1.116603949217247020e+02
1.131595806780062787e+02
1.064498844226235548e+02
1.117492316170021240e+02
1.059991564844762735e+02
1.111052581327990794e+02
1.095083789244734618e+02
1.096698145436496930e+02
1.117207037319458038e+02
1.119448103020269940e+02
1.083770833399320566e+02
1.148460767201633672e+02
1.118862716274852147e+02
1.127694063782070373e+02
1.079830145135357782e+02
1.129561849980275952e+02
1.159928246013748350e+02
1.104099374657698291e+02
1.141035439624860430e+02
1.170132482903502620e+02
1.114031619784137774e+02
1.145512428389586006e+02
1.173834142017094990e+02
1.128433776567180757e+02
1.166051785829515381e+02
1.108788687695050612e+02
1.146449833125620898e+02
1.173552645454239354e+02
1.109269679184073141e+02
1.152072584630626153e+02
1.175589947009991931e+02
1.122211822013463944e+02
1.157509370140081728e+02
1.195072524506165763e+02
1.139936560107118879e+02
1.184536870410017428e+02
1.118584128166127556e+02
1.168845110963896445e+02
1.177816544571650752e+02
1.128077130862914998e+02
1.160356347580259211e+02
1.199510818339640252e+02
1.173404892748756509e+02
1.154605533786683651e+02
1.194327757517435487e+02
1.193392966796270969e+02
1.159553409248467943e+02
1.173506836746296926e+02
1.221518845040393444e+02
1.187859974226687569e+02
1.180408108684871280e+02
1.194194737139266778e+02
1.238941616683431590e+02
1.171741543558972296e+02
1.228558864509294324e+02
1.211284393645011477e+02
1.227319661297666755e+02
1.203912392991667701e+02
1.255998810457918893e+02
1.189870774979539476e+02
1.234321704165233911e+02
1.283070854144036446e+02
1.221737814995210698e+02
1.262004818342859807e+02
1.197688578670813513e+02
1.247240335859467422e+02
1.250403716494520836e+02
1.209096414773151906e+02
1.262008099666844601e+02
1.274128296042768227e+02
1.216164966106673688e+02
1.262552011466728459e+02
1.299279065921337235e+02
1.242520349013980052e+02
1.283926352225635696e+02
1.316105096014345008e+02
1.253130172395355544e+02
1.300280877967677213e+02
1.238797436541822492e+02
1.286464731119952773e+02
1.314505120567445715e+02
1.248432839697009911e+02
1.296030705888211969e+02
1.323253178876001357e+02
1.259217150023523857e+02
1.312273239642752287e+02
1.331413030770832506e+02
1.289656488205903031e+02
1.320707727441355814e+02
1.271295165886075011e+02
1.302084064476492244e+02
1.347650163421676837e+02
1.260475969842990338e+02
1.332681100186411243e+02
1.339637487154823816e+02
1.289932792492058979e+02
1.347474933522194647e+02
1.355266432103809677e+02
1.326712837835320897e+02
1.344151246355457090e+02
1.394093798225657679e+02
1.320782061236489824e+02
1.388724028687265672e+02
1.306592154417600966e+02
1.374986121610659495e+02
1.370226267828861353e+02
1.348854660473316756e+02
1.368164849864899679e+02
1.414734109658562886e+02
1.338765733645727778e+02
1.405212605392897842e+02
1.400810385456713618e+02
1.392564566182619785e+02
1.383389931023987174e+02
1.439732031735260023e+02
1.365000272069854077e+02
1.427812172119292313e+02
1.357065139194120320e+02
1.421111594327005605e+02
1.452549101261977853e+02
1.387500131113816906e+02
1.438722605287344436e+02
1.485445187987106976e+02
1.417236871685953474e+02
1.451665361813930986e+02
1.493852492132306224e+02
1.425702235480086983e+02
1.479064623378941974e+02
1.517835947218623005e+02
