0.000000000000000000e+00
-1.348654778032509682e+02
4.498215384578891474e+01
-4.404068123416073632e+01
2.138415908198088466e+00
-1.120346308743654618e+01
6.095171322523045276e+00
-6.364116346444744998e+00
4.901191019115085368e+00
-4.688985023271731833e+00
3.594358520227921350e+00
-3.614174914259292937e+00
3.258448318883528039e+00
-2.850105525156048536e+00
3.008253581530891729e+00
-2.250191282602465925e+00
2.708761470299227536e+00
-1.733422524688053690e+00
2.633508578672986378e+00
-1.274325056039897541e+00
2.657697321140901625e+00
-8.554335201852700798e-01
2.739300217019564165e+00
-2.140882778825372035e-01
3.471060576985830259e+00
-3.818102707142435048e-01
3.804950222936398507e+00
1.821874487132502385e-01
4.098578163962021570e+00
3.710990692691955029e-01
4.325447194004468976e+00
5.892382709509481620e-01
4.672014231181175425e+00
8.475562430274587999e-01
5.020968428253829607e+00
1.130992629067086419e+00
5.386940157164826992e+00
1.434135563061586627e+00
5.768987267613587377e+00
1.754040208061723005e+00
6.163934872010902843e+00
2.088240330324607541e+00
5.438687532542805236e+00
2.453071347287544945e+00
7.127566490587972758e+00
9.346051011709135992e+00
1.085170590478532660e+01
8.341162611511334646e+00
1.210090446671685527e+01
8.973416441588820902e+00
1.252039504104151568e+01
9.350117063007381546e+00
1.295628850640759744e+01
9.743351409711697997e+00
1.336652597854676294e+01
1.011190352525679970e+01
1.376972506968825805e+01
1.047750605574761273e+01
1.416633366142259298e+01
1.083846015149720365e+01
1.456091204530606298e+01
1.119773625786995375e+01
1.495320441793082189e+01
1.155524349405656359e+01
1.534404260558637922e+01
1.191129260741097617e+01
1.573320679882693618e+01
1.226565874842101067e+01
1.612061187297357279e+01
1.261809999506016311e+01
1.650595566914145707e+01
1.296826958803609742e+01
1.688894032607229789e+01
1.331579958043111844e+01
1.726922721464720567e+01
1.366029981789327685e+01
1.781540194458669646e+01
2.023796142998688907e+01
2.319941975808650625e+01
1.942599276968020305e+01
2.414651404448482097e+01
1.984773341605474783e+01
2.450749178693831354e+01
2.019571297674890786e+01
2.485165416394607618e+01
2.052778425127329598e+01
2.454011388822883788e+01
2.087610657237651068e+01
2.489615656522145670e+01
2.121125498906418727e+01
2.521536375780734929e+01
2.151615531888062804e+01
2.551160260567057492e+01
2.180117687119442138e+01
2.578525086491853457e+01
2.206661521400168979e+01
2.604012584408966546e+01
2.231540679212305989e+01
2.643533402535579668e+01
2.927492589977771686e+01
3.061231128847883554e+01
3.027444532361059260e+01
2.949154660790695104e+01
3.158799061719537349e+01
2.938660075584189357e+01
3.150814523844933390e+01
2.960598038422838130e+01
3.192531606421524870e+01
2.915686398677002344e+01
3.207082995353071198e+01
2.931066991399481125e+01
3.211168137291409863e+01
2.948160745420230811e+01
3.216112927403936084e+01
2.964387283543604923e+01
3.219954176579764749e+01
2.981088454405139743e+01
3.279575434813946799e+01
3.661644228624792419e+01
3.929718121550041587e+01
3.625124433754200481e+01
3.937258877455343509e+01
3.636165089055783994e+01
3.929516005964318026e+01
3.610443817871341565e+01
3.842037286526893070e+01
3.297186064336146671e+01
3.846418832113838704e+01
3.557960520563554496e+01
3.854569415780926533e+01
3.543234896426764635e+01
3.857214001903193434e+01
4.143883051256239014e+01
4.256879865705275279e+01
4.145389114073397963e+01
4.398983705140374667e+01
4.135970708753951186e+01
4.276757492479651290e+01
4.122593909241608401e+01
4.273053388797685415e+01
4.103815472200392378e+01
4.257708586542879914e+01
4.076309042139322969e+01
4.236586784157352525e+01
4.048179783764111761e+01
4.200544868502745999e+01
4.069889070320623858e+01
4.475158728808569464e+01
4.557197536920322989e+01
4.998441831500331745e+01
4.336474832792637812e+01
5.054340105400856231e+01
4.267360555123607924e+01
5.013997210846437014e+01
4.189485141113774347e+01
4.989648330571238688e+01
4.326098448144605868e+01
4.521981543178008423e+01
4.602859848796028075e+01
4.565906237577873128e+01
4.453136929249097875e+01
5.053034859395135214e+01
4.883088253173687576e+01
5.316367161670272168e+01
4.651224354248947179e+01
5.347799570664405167e+01
4.553677936665788195e+01
5.247584331291896831e+01
4.528876658681405587e+01
5.177482304720120965e+01
4.436698229146985994e+01
5.101898114182245791e+01
4.379831887129586931e+01
4.986687924410477279e+01
5.268616822720976245e+01
5.123154596983773246e+01
5.354648356244841523e+01
5.126030230551160827e+01
5.161673573855022568e+01
5.113782415330173592e+01
5.078760953374015941e+01
5.035523761890951988e+01
5.024177844484462696e+01
4.976192960455863812e+01
4.954160226449879190e+01
5.447043207898970962e+01
5.264893826791670506e+01
5.611817563810095066e+01
5.087921532956313797e+01
5.624346516016886710e+01
4.945613709661252244e+01
5.523986193297333358e+01
4.945639086238394810e+01
5.469987041181267529e+01
4.815276041779634397e+01
5.376618845206806441e+01
5.744699617683127713e+01
5.372530317704732283e+01
5.718232433289943373e+01
5.214134318426398806e+01
5.698859885144952386e+01
5.050924968960559625e+01
5.589851891533776040e+01
5.059396030903031516e+01
5.530531599425390255e+01
4.903988686213701698e+01
5.424798345642290087e+01
5.777316751229255232e+01
5.340767590522207087e+01
5.794669285095395139e+01
5.168475760536809815e+01
5.679652952495723639e+01
5.070436586042180238e+01
5.575430224980880922e+01
5.066478512813540647e+01
5.510288699682135416e+01
4.828177611765889310e+01
5.391843161123765782e+01
5.729673319390832376e+01
5.219839949352256525e+01
5.762747550037432376e+01
5.179696059076128734e+01
5.649674340980975984e+01
5.113087413822779581e+01
5.549581240793600045e+01
4.905500484062779520e+01
5.424022637294584825e+01
5.728299265507790494e+01
5.469036224343524566e+01
5.792782460824277280e+01
5.166448769322973078e+01
5.730207802719157684e+01
5.099196023955255441e+01
5.576164538064797682e+01
4.857045566022971883e+01
5.456235387361153499e+01
5.667269459380289476e+01
5.724057333020193283e+01
5.435337659918418041e+01
5.625990244718474997e+01
5.284657369765897528e+01
5.486236797599428883e+01
5.177433170882425628e+01
5.366714410322754958e+01
5.015704077514599390e+01
5.213909521282661075e+01
5.513768135646455448e+01
5.634233522689822848e+01
5.292189504747840800e+01
5.517837172005852153e+01
5.087386867826948844e+01
5.375512376240831003e+01
5.025786904906829733e+01
5.222783864804942766e+01
4.866013008244225091e+01
5.168831795242964944e+01
5.298227574525161998e+01
5.493644920376401330e+01
5.086826417810159029e+01
5.368074188377261180e+01
4.923354964961190916e+01
5.202354783940184291e+01
4.761314466704853032e+01
5.016469015631017214e+01
5.256807946271833742e+01
5.423603616836282271e+01
5.142121183405144791e+01
5.389519151043923273e+01
4.826086233980338847e+01
5.188945295043681227e+01
4.681285187448219887e+01
4.987901293784243961e+01
5.166710829109810987e+01
5.349325122720634340e+01
4.869385985501848069e+01
5.153579725439170289e+01
4.679229163020626459e+01
4.981409973476905151e+01
4.567129347985761711e+01
4.826161300926067099e+01
5.037486827202641138e+01
5.172202654213420914e+01
4.938903921815894904e+01
5.106157253620227010e+01
4.569795230110769069e+01
4.861064795530582217e+01
4.542998590857914820e+01
4.718325221173130757e+01
4.965610601394251944e+01
5.038572577848725587e+01
4.857776367206943746e+01
4.947027498527527456e+01
4.589037938401889249e+01
4.726602631651081055e+01
4.489723348553994953e+01
4.597680232373603104e+01
4.901958841898643016e+01
4.889538090561662642e+01
4.682230481853402893e+01
4.716510996095311725e+01
4.596658959132225419e+01
4.617047675629279979e+01
4.355163183787407633e+01
4.395152255389993456e+01
4.747480739321441945e+01
4.668707948836208033e+01
4.602951718009182258e+01
4.570434874669503245e+01
4.398645464769134605e+01
4.369565943236629835e+01
4.337020629402833549e+01
4.284291664041467129e+01
4.658621356287417825e+01
4.590187397686673165e+01
4.423462219026566800e+01
4.342921997075537632e+01
4.461813441373141131e+01
4.289641142910625149e+01
4.134745491689944430e+01
4.046901321172491350e+01
4.444100034839230773e+01
4.481204598247764892e+01
4.166605599421223616e+01
4.093410162560727628e+01
4.290961596362120645e+01
3.966684190590719084e+01
4.066101112740830814e+01
4.366703445583318910e+01
4.251072679876852334e+01
4.243899083996200261e+01
4.059638233352974623e+01
4.150723999700706202e+01
3.945369128354658272e+01
3.880979931520695914e+01
4.216318097997487513e+01
4.051914470003431035e+01
4.409699327903398114e+01
3.674921826808517977e+01
4.114707393641276667e+01
3.731077872448030064e+01
3.970793604053316983e+01
4.243023647026839029e+01
3.914283733112200281e+01
4.293507657245525877e+01
3.596145202445451616e+01
4.117036661412664245e+01
3.373246496904911851e+01
3.916325229493943993e+01
4.191436453223579406e+01
3.659737304616346876e+01
4.050007362920598553e+01
3.308963014516055523e+01
3.853308758251122157e+01
3.293237622468854653e+01
3.654016371833860433e+01
3.899666188879999851e+01
3.880296055730364202e+01
3.627198771364965779e+01
3.910573209479091616e+01
3.196571578728552510e+01
3.662404313805792100e+01
2.988041622925549134e+01
3.454630801868015766e+01
3.705809399040744978e+01
3.689126189328648309e+01
3.480601102174904327e+01
3.692138662044980890e+01
3.146591122961471498e+01
3.482047016598731659e+01
3.667812152193702246e+01
3.774102390536111784e+01
3.401242812306380614e+01
3.573464107555877689e+01
3.208085762421183773e+01
3.395101984199799716e+01
3.015494508726593992e+01
3.184834227895964531e+01
3.412965489394725438e+01
3.520832459945322057e+01
3.348539603196095271e+01
3.461043990967661443e+01
2.993636076234916743e+01
3.194566982191868121e+01
3.382434604151979585e+01
3.541837348296752452e+01
3.352512076366475924e+01
3.455615992369556011e+01
2.939379348045786244e+01
3.202929156563337187e+01
3.348008890815878402e+01
3.547320407702629552e+01
3.353685311377052614e+01
3.442342878047576704e+01
2.960550776384624783e+01
3.268637311431293568e+01
2.732694743555405736e+01
3.031295555678790521e+01
3.127788254635111187e+01
3.371887125762480508e+01
3.212846337339207281e+01
3.114529022738635078e+01
3.154486869872438959e+01
3.449686141268925610e+01
3.424312509233371316e+01
3.112028936889385733e+01
3.195678973530317180e+01
3.180799239115184562e+01
3.103114129606716176e+01
2.838809888938942194e+01
3.086750556895532682e+01
3.055613947597469604e+01
3.390398480347961652e+01
2.789126819505458599e+01
3.251817838237278124e+01
2.588507139230426546e+01
3.076446485972429912e+01
3.088540529474173368e+01
3.432280634418034282e+01
2.791882986316266368e+01
3.302327188289726223e+01
2.528437891408389859e+01
3.117865259546299583e+01
3.181241429511942798e+01
3.420873807676078826e+01
2.885356758663058230e+01
3.429190930813350491e+01
2.542027399121944242e+01
3.070560835603425431e+01
3.378453811559928255e+01
3.257548405679673209e+01
3.214869605231897509e+01
3.095679925486318851e+01
3.052879661755319418e+01
3.382259440192100897e+01
3.269393673439276427e+01
3.537010355196339617e+01
3.013546194972456860e+01
3.362507810833052702e+01
2.850203381333249197e+01
3.218562149806376738e+01
3.520320508667013826e+01
3.235266818501784059e+01
3.559972927722645863e+01
2.927152117105674023e+01
3.326790731458322625e+01
3.630994652748056239e+01
3.262971323256766709e+01
3.710355774905423942e+01
3.098421765187708843e+01
3.476963315182082681e+01
2.866338498998494089e+01
3.284516825317140842e+01
3.561462032482416618e+01
3.404722114135412880e+01
3.468160629376342996e+01
2.994148843451542419e+01
3.457328081533847808e+01
3.704158581001335193e+01
3.602466514979959555e+01
3.521159357831915315e+01
3.569580721772835830e+01
3.222092608369573696e+01
3.375728251273200442e+01
3.632104660708243671e+01
3.854032234594546935e+01
3.246353506526389054e+01
3.634826942937465333e+01
3.092790402848124742e+01
3.492260326249270719e+01
3.653413685859596427e+01
3.907147050680451628e+01
3.303658908623852852e+01
3.694065042125949816e+01
3.100986065624930532e+01
3.506591692424149898e+01
3.631732595916828643e+01
3.858751161459176160e+01
3.470544177829072652e+01
3.775315022703326662e+01
3.269812926958921651e+01
3.568769696064416763e+01
3.757042465231303652e+01
3.918897335633916157e+01
3.644025247023152758e+01
3.839137168812894174e+01
3.401722655120981642e+01
3.631111039764291348e+01
3.829452220474087909e+01
3.978636718396646899e+01
3.664889733692429985e+01
3.906779689076568474e+01
3.417658399972381744e+01
3.691559567074845205e+01
3.929971094217599159e+01
4.029241135656427986e+01
3.832185398774688423e+01
3.965511793077358504e+01
4.243242654938686087e+01
4.276515702670362629e+01
4.074825291264588856e+01
4.157743544413867909e+01
3.813559061424295749e+01
3.965588122950602923e+01
4.276124032342394088e+01
4.327139786291141377e+01
4.070210382703277219e+01
4.121789987957073720e+01
4.198297910942719824e+01
3.881943361466870357e+01
4.271544230685159960e+01
4.395798396473119141e+01
4.245986099448134610e+01
4.245196337156018984e+01
4.040915103960804089e+01
4.442135262421513886e+01
4.327530135467131345e+01
4.698544986422309222e+01
4.075718865567209548e+01
4.521828140763386727e+01
4.812134333636472405e+01
4.589433624333949524e+01
4.615620197784153333e+01
4.502333581999954504e+01
4.398294705834652518e+01
4.302500763207651602e+01
4.702379626187351391e+01
4.900292581910625245e+01
4.325236810779149721e+01
4.809113467126768171e+01
4.101318395068508238e+01
4.607173085894854125e+01
4.937206441321201567e+01
4.563588053168594882e+01
4.731493866303989648e+01
4.610318882426468434e+01
4.580580423556592251e+01
4.897440527282568468e+01
4.987732722306933653e+01
4.716986714113304657e+01
4.864454791960427826e+01
4.597075649853777435e+01
4.915691976301450694e+01
5.018847871694004681e+01
4.966596634408003297e+01
4.990203996612264348e+01
4.706146607757568034e+01
4.849039074808824523e+01
5.138062668101588315e+01
5.261756546379576349e+01
4.738429729419756598e+01
5.102491489558559579e+01
4.528768526193981359e+01
4.945704892337376180e+01
5.103041611172758962e+01
5.354851837321002250e+01
4.696899449794145198e+01
5.070236488329996405e+01
5.321999625630699171e+01
5.454373528243046110e+01
5.037539120550493976e+01
5.252606371066026014e+01
4.899437987413890738e+01
5.105549857969047878e+01
5.335166935377482389e+01
5.485861746649831616e+01
5.066437624255444661e+01
5.314204788041013217e+01
4.870641530415631593e+01
5.108561715840681217e+01
5.294479304586599966e+01
5.477911020407186271e+01
5.178900268240195714e+01
5.430257478311091290e+01
5.532759123707170801e+01
5.773472410749814543e+01
5.224864826398680862e+01
5.562997043854926460e+01
5.039733356959824562e+01
5.352041568050599807e+01
5.469606278173602476e+01
5.723752953265663024e+01
5.386704947880244987e+01
5.600083997914669709e+01
5.865096552394792440e+01
5.862470118899980775e+01
5.454655317504673917e+01
5.632194347927909206e+01
5.345737125979798066e+01
5.557489725691706894e+01
5.594829545360661882e+01
5.902935152291448162e+01
5.559522004299991238e+01
5.827284923384652160e+01
6.135137673953814641e+01
5.792173769921581794e+01
6.130770762108479488e+01
5.423902512284882249e+01
5.866280555249571904e+01
6.118050125326627864e+01
5.909477374003905226e+01
5.948306145112258037e+01
5.844473654485616976e+01
5.641648064024675335e+01
6.037746564996002263e+01
5.852714003971918544e+01
6.217959953739961776e+01
5.485986776482610594e+01
5.991617625201222097e+01
6.312912818411304983e+01
6.036845368868161188e+01
6.051250285468005075e+01
5.870313722702582737e+01
5.860580544672233572e+01
6.258554902321576918e+01
5.962039690377358880e+01
6.279730150399029043e+01
5.516224232089464863e+01
6.069160908495212681e+01
6.352626708639103015e+01
6.003136060051581069e+01
6.300306052848517879e+01
5.550914078632193593e+01
6.093086631602488978e+01
6.359083359462650265e+01
6.008276688322804659e+01
6.322936489110630021e+01
5.777341533233525439e+01
6.151141739606416792e+01
6.452867869125617517e+01
5.936589814276047861e+01
6.219711107174191511e+01
5.938579836957592306e+01
6.068375056884602969e+01
6.307292698496080163e+01
6.445562288018889774e+01
5.900767470576219154e+01
6.245897570212899552e+01
5.539823773225904091e+01
5.990921188553313925e+01
6.174558877234944987e+01
6.295869398847838028e+01
5.871009357023274333e+01
6.116608620134061880e+01
6.228308011673282607e+01
6.403592252938281604e+01
5.910385598483986769e+01
6.145122961492248237e+01
5.692313326514922522e+01
5.911531909120836303e+01
6.089549487953387086e+01
6.231670231446681640e+01
5.969796628530995264e+01
6.120714679749163878e+01
6.302608771590909242e+01
6.397975565668445341e+01
5.797389086878288111e+01
6.092686398796533354e+01
6.300728712773640439e+01
6.366987031458836555e+01
6.088834990073526399e+01
6.228337631927650619e+01
5.732556713078145805e+01
5.936968878264520555e+01
6.170491551231036453e+01
6.181701555788547608e+01
6.207603602779769858e+01
5.787821547251236609e+01
6.045206654270026547e+01
6.079971443614541471e+01
6.332047788205092331e+01
5.917124063545192314e+01
6.065115241714121908e+01
6.336224129299453978e+01
6.235999425338483348e+01
5.950924323294820084e+01
5.947628473327054621e+01
5.865265470659765157e+01
5.954998011944202574e+01
6.237204426694703585e+01
6.053896802848422709e+01
5.839601439032387731e+01
6.030888717644105412e+01
6.236816996915521116e+01
5.980649662037429692e+01
6.043109292630352058e+01
5.845650037654381492e+01
6.189327062785805822e+01
6.312691348717993378e+01
5.885738773611274155e+01
6.198012133112653999e+01
5.559007282279787887e+01
5.901068020627101873e+01
6.165429147601308557e+01
5.821583771739527435e+01
5.833815918110938981e+01
5.571884134067050098e+01
5.911716268085208981e+01
6.036233082348297074e+01
5.711293417889399393e+01
5.844904475611699013e+01
6.161398725571699941e+01
5.863042298045967726e+01
5.975211883089195197e+01
5.625657691279564432e+01
5.769077503113112471e+01
5.983740337238420892e+01
6.161917766164652477e+01
5.557009981123854914e+01
5.868483983153591055e+01
5.384030973380499319e+01
5.647104289925771070e+01
5.728288431649318113e+01
5.904983610205469091e+01
5.304310377871590276e+01
5.608957795097786203e+01
5.747615496758549369e+01
5.867109324441589280e+01
5.413526205588986073e+01
5.558788007627337890e+01
5.743301308727179588e+01
5.853022937189308550e+01
5.482317305266311536e+01
5.697056401990595731e+01
5.778614168179744581e+01
5.933199315574788812e+01
5.446315172649745051e+01
5.609571276776861026e+01
5.353918405852603257e+01
5.595204022319387605e+01
5.654064270597829989e+01
5.692934120009839916e+01
5.168129333917795520e+01
5.325108691772301484e+01
5.527348205547187376e+01
5.537875748840777135e+01
5.619056951711229431e+01
5.137220376759689344e+01
5.373388157236988860e+01
5.360470534462920966e+01
5.603115826901851193e+01
5.268877236686406462e+01
5.356124257765224428e+01
5.585737320194675704e+01
5.506552614038210436e+01
5.196848530792549070e+01
5.191746337694112157e+01
5.453182547867519503e+01
5.374625216093362923e+01
5.447904375341740035e+01
5.253082334566295231e+01
4.994920732614663450e+01
5.200262520447403602e+01
5.094675669269624763e+01
5.398312959249472698e+01
4.994264433562354810e+01
5.243774394327430599e+01
5.474401549898554720e+01
5.165104038063711300e+01
5.170546981373821183e+01
4.965304440763387106e+01
5.276120012079373822e+01
5.363424956530869281e+01
4.999977707123490944e+01
5.052707738546356353e+01
4.818625364850515069e+01
5.114508954065940571e+01
5.074449834784064706e+01
4.878563725624369596e+01
4.887628974849094732e+01
5.212587028061394534e+01
4.940992801086594710e+01
5.128060979344713388e+01
4.641693563349461726e+01
4.918126200049580632e+01
5.125635235039290194e+01
4.919585052107085232e+01
4.749223774667262887e+01
4.904499986027067848e+01
5.100229399134069297e+01
5.195200377783297085e+01
4.456210634288262895e+01
4.902689879983210375e+01
5.072271076760664954e+01
5.102271333474426740e+01
4.734103894123451539e+01
4.897919564949908988e+01
4.275809806149671033e+01
4.644371861306148475e+01
4.698770190765796428e+01
4.866952980869029943e+01
4.411530584010412070e+01
4.633596813451487151e+01
4.733832906473430313e+01
4.863806058906283880e+01
4.555228880428101235e+01
4.687768238076112937e+01
4.821462656529563162e+01
4.953036201548007256e+01
4.452363707448959218e+01
4.612362312843627166e+01
4.736431436769259307e+01
4.823644093496309893e+01
4.718995057866118259e+01
4.479394458346521191e+01
4.803073005181647659e+01
4.841831433412804842e+01
4.799324497280132107e+01
4.691329785299419797e+01
4.229254758790562363e+01
4.542262666755708267e+01
4.505884979688644876e+01
4.726507006332505512e+01
4.542471855534662950e+01
4.799719643867000940e+01
4.757046758151112442e+01
4.570468777346869871e+01
4.565626302386486657e+01
4.363810324130495388e+01
4.521558138170833274e+01
4.751294610378525363e+01
4.564395060943306248e+01
4.424315224401128432e+01
4.632284198907727557e+01
4.556370100552649660e+01
4.850533678884082889e+01
4.105213479993309278e+01
4.617327430325300952e+01
4.730468238474202991e+01
4.593181823906846262e+01
4.539566724042684598e+01
4.378574126376192766e+01
4.703071147209880110e+01
4.893644989713553883e+01
4.272640367860863364e+01
4.622699068873062345e+01
4.890810149134883744e+01
4.580249712989719058e+01
4.627340831141992794e+01
4.414223005335130523e+01
4.362802036877151579e+01
4.728463264959150791e+01
4.501937051372212295e+01
4.716553078698672863e+01
4.181932857058645681e+01
4.454032718563708926e+01
4.687539495179161264e+01
4.836964180336442354e+01
4.319672941786618736e+01
4.584479004549073977e+01
4.790975420665200346e+01
4.521556789317154568e+01
4.777859169937184447e+01
4.924731089160457742e+01
4.984478749300753009e+01
4.563702556322954962e+01
4.695296960242055917e+01
4.267283444009238735e+01
4.525924756614772093e+01
4.584109856021467522e+01
4.785261348709136797e+01
4.235702589589470080e+01
4.523545388001321754e+01
4.611074684808221491e+01
4.769530769061452702e+01
4.541346395554422344e+01
4.776584986120278842e+01
4.860760820756278378e+01
4.976233051998502788e+01
4.434844984998526485e+01
4.692586570967751669e+01
4.751523840519558917e+01
4.947133255989792389e+01
4.723865545319526404e+01
4.781455137249723464e+01
4.871580364140352515e+01
5.074501588452325507e+01
4.707163570313539935e+01
4.969509533362301568e+01
4.984788302694729367e+01
5.176048339482086647e+01
4.676655460086667659e+01
5.001881788315161259e+01
4.371569634616252387e+01
4.722774681329292434e+01
4.695448041872199241e+01
4.967441619938115593e+01
4.700536194107252186e+01
5.005063969529835788e+01
5.032594672090520760e+01
4.901346421608862869e+01
4.847354047858171811e+01
5.158372975094047064e+01
5.213681484341245209e+01
4.612310775312265321e+01
4.920215982248971898e+01
5.218263563805333405e+01
5.033690389765870066e+01
5.161056085915114977e+01
4.894649734856113099e+01
5.245946398063282601e+01
5.306117784613675781e+01
5.123756006613537295e+01
5.030769220681830234e+01
4.829552307818524071e+01
5.179094982090518329e+01
5.364055290125618569e+01
4.676209213171523515e+01
5.166458165477983755e+01
5.415719516900787767e+01
5.026908799478799494e+01
5.326518509010319491e+01
4.751059173637745658e+01
5.117717815482976818e+01
5.349489867861745296e+01
5.295662605800996658e+01
4.967236274336060120e+01
5.218459546524796622e+01
5.281082270414841418e+01
5.495702949764503131e+01
4.761613546202660530e+01
5.208747755846951577e+01
5.406203088103189458e+01
5.460000369175914159e+01
5.061609679930590033e+01
5.232084196294925960e+01
5.392033739857000540e+01
5.498066881991802290e+01
5.151256870829454471e+01
5.307660169501839675e+01
5.498243484341709575e+01
5.541319616259125524e+01
5.198179770683159262e+01
5.450003138754139087e+01
5.537943257202240943e+01
5.677529553707006471e+01
5.202743805697870982e+01
5.433011387483853127e+01
5.519786431365615442e+01
5.662854952161974609e+01
5.447784868566124317e+01
5.355999593332195019e+01
5.460839023495913125e+01
5.667884647429877276e+01
5.651424860987863497e+01
5.217455438946864632e+01
5.333846852864552801e+01
5.551790794234797488e+01
5.553638376427098677e+01
5.319541744575948883e+01
5.367687994828621356e+01
5.613090537948364300e+01
5.566111079116736704e+01
5.434469286110969222e+01
5.402641227795341194e+01
5.690017146055898678e+01
5.586132319064473961e+01
5.410321416706555908e+01
5.340275258225933896e+01
5.638379483145311610e+01
5.825325370024089722e+01
5.288042678885122427e+01
5.591365506012547115e+01
5.857531203916072826e+01
5.618170836326229534e+01
5.675991086930801544e+01
5.470054968296032172e+01
5.799009925095575113e+01
5.908258265668934683e+01
5.507654528432294683e+01
5.747201296089895806e+01
6.023567230621739554e+01
5.568627460062594281e+01
5.893009046941745055e+01
5.220660321299526885e+01
5.579942926335343856e+01
5.824310729273859266e+01
5.563633254025018715e+01
5.606904527706640096e+01
5.291239034385180418e+01
5.631567350624285950e+01
5.679306071781156362e+01
5.674704465657345054e+01
5.112680212042826611e+01
5.504069878168833441e+01
5.715827953403899642e+01
5.782719919053228352e+01
5.220606290632883884e+01
5.501054176498605841e+01
5.673426392052740397e+01
5.734998867365664665e+01
5.303639781774018758e+01
5.524018219007012931e+01
5.595998700908545231e+01
5.781005286232564089e+01
5.222009432428195197e+01
5.476929083214810845e+01
5.565231475547006568e+01
5.710139692082496055e+01
5.314729430060103255e+01
5.573503087495627994e+01
5.659800466043936495e+01
5.809517250264152466e+01
5.335472678401894342e+01
5.503995816350913373e+01
5.593387113573233194e+01
5.753353763803254850e+01
5.389817217120219084e+01
5.651147081115997395e+01
5.668734034825572365e+01
5.845094441101839777e+01
5.365020720613943439e+01
5.635765685238748546e+01
5.618094516844371356e+01
5.860519134675720920e+01
5.465198672133471547e+01
5.723223714871970458e+01
5.651488859220125249e+01
5.913369357532301507e+01
5.369084026244515684e+01
5.638949192675587341e+01
5.579488135025314222e+01
5.846677037254868026e+01
5.537042290445362624e+01
5.816950542783798284e+01
5.889004560200449845e+01
5.458178478881612961e+01
5.839940390858303942e+01
6.070307361264842427e+01
5.793449923631522580e+01
5.688952995139104729e+01
5.513725209085552592e+01
5.551430483113082204e+01
5.842865551410239533e+01
5.557287570294649726e+01
5.717064322164321766e+01
5.337924658020050828e+01
5.648201734879861391e+01
5.849078654938721655e+01
5.160689050081671780e+01
5.559524331545488707e+01
5.793177213813448390e+01
5.661289687514334901e+01
5.670878269359440083e+01
5.367310453356346756e+01
5.653559855586955507e+01
5.555188628329076295e+01
5.539143401472041006e+01
5.399277069550533525e+01
5.606847783510626471e+01
5.758073949242169931e+01
5.320712169365911848e+01
5.428498083494326920e+01
5.621741164693350612e+01
5.786902451205752129e+01
5.153153510283307526e+01
5.518562298772173591e+01
5.667200395337110308e+01
5.752740982136663916e+01
5.331144989740179341e+01
5.476073979171308537e+01
5.635197276724084503e+01
5.741587700155073293e+01
5.257983032056517914e+01
5.392294763286390236e+01
5.514947321868711327e+01
5.618079198731843604e+01
5.686289083879603368e+01
5.829975354684263777e+01
5.829063754356467086e+01
5.539104165770103094e+01
5.658280838775994681e+01
5.829112560081658501e+01
5.861089119280008930e+01
5.395965795595071768e+01
5.509653805503045021e+01
5.220979520232723559e+01
5.522546433942223132e+01
5.514623938662374059e+01
5.710171382621369673e+01
5.125839223825430224e+01
5.424264677094611642e+01
5.377772827628159291e+01
5.625257288067096795e+01
5.371467391582692841e+01
5.645239827936116228e+01
5.562092525732811055e+01
5.456823134118045715e+01
5.372430897818264839e+01
5.642450644530198645e+01
5.751121745046967959e+01
5.156698386995854833e+01
5.575526061499620312e+01
5.821589435597748974e+01
5.590916519387232597e+01
5.501510393842926305e+01
5.843995093454536516e+01
5.570592741020071514e+01
5.880366956494033559e+01
4.979181091316838348e+01
5.553103142392660629e+01
5.802247049695937875e+01
5.483403996513796130e+01
5.549253231953714049e+01
5.848614429035064433e+01
5.749681888164850818e+01
5.797484852433122171e+01
5.440260614980977039e+01
5.764993043650360249e+01
5.657990404352247538e+01
5.541564278466567117e+01
5.693707663851753153e+01
5.874127928276637789e+01
6.005420499457849104e+01
5.212007392204114353e+01
5.653169641170421045e+01
5.845436355237813331e+01
5.958013236232010712e+01
5.510082820108621604e+01
5.604540666312277608e+01
5.784430000738588262e+01
5.927165674838071396e+01
5.332205378795396911e+01
5.624487144690987606e+01
5.752081141384213225e+01
5.865987072282685943e+01
5.561658107743321722e+01
5.739786368800722016e+01
5.845385636860874001e+01
5.954309124582989909e+01
5.424689767926923878e+01
5.613727485915405424e+01
5.781110837622463094e+01
5.845394480287601624e+01
5.622301815723475471e+01
5.665474703684736824e+01
5.868871886681048977e+01
5.886588739525836900e+01
5.524679986992502734e+01
5.626760437361421197e+01
5.845650265843831761e+01
5.823083103760224333e+01
5.510472967676064115e+01
5.571898414621885109e+01
5.825971922638920830e+01
5.752809820299561494e+01
5.769138948639830744e+01
5.668367444946475331e+01
5.958232693117516021e+01
5.817157889940018123e+01
5.520803461570346826e+01
5.486317946531079315e+01
5.777427131861090714e+01
5.895984550350518560e+01
5.687059422390080243e+01
5.575051885324786838e+01
5.894599778502793441e+01
5.668566771513838631e+01
5.968124179104186311e+01
5.202149912447833202e+01
5.666585602630648566e+01
5.904492473911146533e+01
5.600216478733830883e+01
5.670302300870321943e+01
5.981575903693676821e+01
5.665819028296112947e+01
5.822021286941451024e+01
6.099803994024267695e+01
5.980586122412721295e+01
5.881621636631380312e+01
5.587843258707491856e+01
5.917746162080426586e+01
5.959875238996766456e+01
6.069057667016615909e+01
5.282371384218163968e+01
5.713623966697608125e+01
5.923725386164858264e+01
6.122982223510616251e+01
5.346921428706157542e+01
5.740769405621575316e+01
5.928596349089939821e+01
6.032933787415928606e+01
5.598214160710577403e+01
5.760497928367998099e+01
5.870355124497530852e+01
5.976748748405198342e+01
5.494919525638893276e+01
5.710408959631448056e+01
5.808793476323147331e+01
5.920949898282908919e+01
5.576349653948189200e+01
5.791670151914765796e+01
5.881102511003437883e+01
5.992729883382545353e+01
5.517556328465609994e+01
5.724630849288899270e+01
5.791936760786661864e+01
5.947195277840874894e+01
5.550569075672587616e+01
5.799865898768282335e+01
5.844027494004478740e+01
6.016287730426984837e+01
6.049524876833726950e+01
6.251921470467491559e+01
5.878929163377465272e+01
6.096774698350680666e+01
6.103708413197504967e+01
6.311046561358474349e+01
5.759681023319932791e+01
6.005997202933277634e+01
6.190450288473123663e+01
6.034832578332902386e+01
5.823011871999768374e+01
5.766195650997723732e+01
6.058855349289152770e+01
6.004745534578900390e+01
6.080549002266484848e+01
5.796403504733729761e+01
6.107067020354885756e+01
6.249207898134304884e+01
5.549269150900827441e+01
5.899015222697021699e+01
6.150639884929059065e+01
5.858908804911756363e+01
5.996196299118695094e+01
5.688165306313438663e+01
5.997440174299534021e+01
6.004188921683795144e+01
5.721787023163880548e+01
6.024303224062386874e+01
6.002546381615341176e+01
6.041595757613124817e+01
5.484778938196068054e+01
5.895349279045222346e+01
6.120374287244420941e+01
5.699379926139096142e+01
5.956807730352467445e+01
6.138190776044577035e+01
6.036954799809767991e+01
5.718471459864682060e+01
5.920951635660995294e+01
6.088162921041418230e+01
6.142066425730201473e+01
5.699998487667695457e+01
5.894683689391718673e+01
6.010639830284084439e+01
6.083912006190475097e+01
5.640779595918787237e+01
5.798819269575532331e+01
5.949842246705257764e+01
6.034740637246446227e+01
5.575132755133019913e+01
5.690829976051752936e+01
5.788159973957931470e+01
5.929342057472430838e+01
5.564649848800171128e+01
5.765336982400201293e+01
5.821034374818192703e+01
5.965055832843214034e+01
5.573779162047923563e+01
5.813683457008404076e+01
5.821293178125191758e+01
5.973346254426557778e+01
5.386959239905984020e+01
5.605430950490805486e+01
5.586770786881756834e+01
5.808378634147382513e+01
5.693400998034763205e+01
5.947574801645272657e+01
5.845600046322797994e+01
5.586807255445795306e+01
5.554436367364125715e+01
5.800169336676071197e+01
5.755158059308609353e+01
5.909330970728368015e+01
5.319525957818133577e+01
5.599604112884510698e+01
5.643721213029508021e+01
5.622798091869519510e+01
5.892084640570823240e+01
5.944911410539363317e+01
5.551060350831861712e+01
5.883616717127438278e+01
6.114046070991675208e+01
5.722384692850924637e+01
5.867206530542338783e+01
5.394613720037720128e+01
5.703866210497027822e+01
5.924656261766333643e+01
5.331310035306745476e+01
5.673252388059158591e+01
5.890216001031303250e+01
5.530964497981876349e+01
5.862966169045590448e+01
6.083060994570376323e+01
5.348882311895420116e+01
5.806176109009200559e+01
5.266029796713310418e+01
5.588887619816897967e+01
5.604880084819720309e+01
5.765977859094183344e+01
5.199171540380989853e+01
5.514486459212994873e+01
5.642129869277248844e+01
5.732241253681449678e+01
5.268204252777957919e+01
5.450912275626542680e+01
5.543998364597683093e+01
5.631620701515597460e+01
5.191863547422818215e+01
5.373038680776625142e+01
5.477154464734302763e+01
5.565542059315930601e+01
5.183860379571974875e+01
5.334721389516476364e+01
5.456819502178555581e+01
5.547085054257882319e+01
5.222582443942943797e+01
5.413734448195700821e+01
5.487295417488310534e+01
5.484133582543369556e+01
5.536577029347612466e+01
5.707434742595543042e+01
5.693361574142407733e+01
5.105922565270777369e+01
5.388787149693995104e+01
5.383763709921926477e+01
5.588414569448806901e+01
5.435057542190265423e+01
5.689373106664243807e+01
5.606816722704908784e+01
5.362184457246959823e+01
5.345308177251605031e+01
5.593857554619678041e+01
5.495348746556375374e+01
5.447625894269878444e+01
5.687562700978639896e+01
5.484754465177326921e+01
5.766131061725143070e+01
5.044274829832798446e+01
5.457298414802322384e+01
5.686120340675989127e+01
5.435545864152427242e+01
5.549816141675987780e+01
5.819676726340703254e+01
5.529128830246502702e+01
5.559739394676354607e+01
5.317466534693215863e+01
5.611339273777561232e+01
5.597665319231735737e+01
5.330721039867627553e+01
5.283222893346977145e+01
5.613425005909244447e+01
5.447809149841295095e+01
5.591114635547623379e+01
5.866650437533434115e+01
5.499498647290167241e+01
5.612447916332560283e+01
5.248596049632036653e+01
5.454409611694169513e+01
5.474105529598381992e+01
5.666267971755356569e+01
5.085392546008923631e+01
5.436019976642418783e+01
5.531707443135262992e+01
5.649083562974755068e+01
4.996896785420864973e+01
5.346401318617745346e+01
5.495901265457922591e+01
5.588981639873847485e+01
5.717074888026961332e+01
5.834622650560852719e+01
5.599526140173127686e+01
5.652709923500283651e+01
5.787673352043975683e+01
5.871063681162313941e+01
5.439341160908182360e+01
5.565343485911080990e+01
5.725891572079074621e+01
5.785854404065624834e+01
5.540598093086820342e+01
5.616022000921589807e+01
5.805948134463626786e+01
5.817181004564210411e+01
5.369682984314944463e+01
5.470806108465562545e+01
5.681910034101493068e+01
5.659118472079276074e+01
5.687368581524717115e+01
5.647870102141258997e+01
5.902554556380273709e+01
5.756049044680099769e+01
5.409022048526419724e+01
5.470948570224680907e+01
5.741902287266180593e+01
5.604499492162289442e+01
5.694771052283802248e+01
5.710220890297279794e+01
5.986137939271364417e+01
5.663433572600568056e+01
5.625219574665222666e+01
5.881567574278911081e+01
5.635601659536877150e+01
5.905286143712956459e+01
6.168796183887290852e+01
5.794822194926069159e+01
5.875207361653926341e+01
5.617047048503417273e+01
5.930853733827770924e+01
5.890732404285825652e+01
5.638061139960626633e+01
5.650768328006002150e+01
5.965884962225181454e+01
5.845921184744753418e+01
6.058904299571297258e+01
6.292813842583090178e+01
5.503661019954120093e+01
6.020411270949523441e+01
5.516686342468467785e+01
5.743709279274128932e+01
5.969486532800249279e+01
5.894797692733543215e+01
5.551530545642796000e+01
5.776820155096886822e+01
5.913818661576494407e+01
6.021946595966801397e+01
5.341158116152291768e+01
5.701884092837806861e+01
5.854924787209595394e+01
5.938331796776252247e+01
5.493342046293393821e+01
5.688045563392018522e+01
5.823743952573959604e+01
5.911271661268555278e+01
6.044792112393298567e+01
6.141970014513637466e+01
5.876808443138918392e+01
5.975116558822094248e+01
6.159699170283721514e+01
6.192476603948608727e+01
5.741956117381712232e+01
5.853344260163839863e+01
6.029093977654747505e+01
6.059088663238132710e+01
5.997001695377684882e+01
5.637834149626717561e+01
5.910760558672685505e+01
5.923416289743003915e+01
6.105044855742804089e+01
6.170903601079366751e+01
6.259739131743733509e+01
5.768974450774225460e+01
6.069700699143844247e+01
6.280098867289168396e+01
6.095811302421304845e+01
5.873488339490678101e+01
5.944056832404913138e+01
6.217705788042215431e+01
6.020127819796661583e+01
6.112493613211244536e+01
6.309510063278087699e+01
6.049990187039221468e+01
6.219646195955606771e+01
5.844288606318330892e+01
6.175350881864272168e+01
6.389961142722921039e+01
5.721092596057984991e+01
6.069589276096692743e+01
6.310402704912894478e+01
5.982019688402515101e+01
6.009513862226273773e+01
5.719379054344089752e+01
6.019979231078010429e+01
6.123815056338373353e+01
5.804408895663729595e+01
6.145223884881690424e+01
6.112651472849309187e+01
6.082863197247005616e+01
5.826805296831363279e+01
6.118886867665360541e+01
6.240096322542677854e+01
5.739083451152055204e+01
5.948923463366215003e+01
6.104552841772371607e+01
6.164346971656460283e+01
5.796285579626837858e+01
5.991715978835225798e+01
6.071074905552895018e+01
6.209890633533509430e+01
5.686809709549201131e+01
5.884269465308962310e+01
5.974710782730429059e+01
6.086664372263700074e+01
5.761506335124847311e+01
5.927323835302340882e+01
6.013039235619413603e+01
6.137105073837042823e+01
6.246129168118445563e+01
6.289588752227384560e+01
5.910910279927298205e+01
6.003306202630631816e+01
6.197322200151753435e+01
6.190431294763926218e+01
5.900625580909252221e+01
6.200437540555260796e+01
6.151032019015832475e+01
6.325205958460967537e+01
5.630674250196653929e+01
5.978466196039462233e+01
5.942502728099057663e+01
6.182377724763256310e+01
5.857449499164522422e+01
6.106940468183540816e+01
6.011933457559794647e+01
5.960092511934136184e+01
5.846776756107094286e+01
6.107810134862946683e+01
6.085321340642042287e+01
5.901930268644617428e+01
5.781946950117478679e+01
6.058395114325988828e+01
6.235556223637424011e+01
5.587319413221550235e+01
5.885794926022291662e+01
6.120703314986484145e+01
5.828697137441799470e+01
5.933441556736291744e+01
6.196034930359554238e+01
5.886478437920383300e+01
5.925384081973748351e+01
5.624908856624342945e+01
5.915571246684672957e+01
5.969273395778348146e+01
5.712591524049411618e+01
6.005743714777207742e+01
5.913360288744455318e+01
6.038067152484530453e+01
5.653625856667230920e+01
5.907064438340079704e+01
5.833221798212787945e+01
6.001931419196170481e+01
5.559421446596822847e+01
5.744375225502599847e+01
5.850243365462588940e+01
5.925019334208921862e+01
5.290252465244033431e+01
5.599274288036555447e+01
5.737793265552205213e+01
5.823591537960871278e+01
5.990335266293493532e+01
6.043334390093264119e+01
5.671849369373093452e+01
5.832593192853632758e+01
5.936309775363551466e+01
6.037694641307262344e+01
5.525961904574316463e+01
5.649660563154409942e+01
5.762218375138531457e+01
5.843508816180661825e+01
5.557074821726726555e+01
5.687033897455812337e+01
5.835672393869458574e+01
5.853019613678821287e+01
5.399189328404528965e+01
5.484760456114010907e+01
5.675561113266363833e+01
5.653654389677051029e+01
5.797259649767537582e+01
5.801054519047257685e+01
6.006219737763925792e+01
5.568435000979808791e+01
5.871226906304200810e+01
5.792697569420891313e+01
6.001171680514662654e+01
5.443302622016555858e+01
5.761711605560471838e+01
5.800723225580794207e+01
5.786851880999344644e+01
5.443367601196560912e+01
5.816418052279136930e+01
5.613306929843334814e+01
5.891225229089566540e+01
5.230313788813449349e+01
5.648958961831721126e+01
5.877480528486024980e+01
5.569660900279185967e+01
5.861422716495569318e+01
6.002101534437336028e+01
5.389791070283209251e+01
5.819228369547931123e+01
6.035228244641601947e+01
5.706622039959133019e+01
5.904111811538847121e+01
5.407471746885105546e+01
5.773342119372609460e+01
5.796288332010831112e+01
5.498508602527258660e+01
5.713354549593194065e+01
5.770924665138507237e+01
5.932591354573668951e+01
5.211293818062083005e+01
5.622973087037910744e+01
5.793942568618120958e+01
5.848711154243558497e+01
5.387063127968987430e+01
5.589526203266183302e+01
5.662499625294167771e+01
5.796298681426740274e+01
5.917583874981313130e+01
6.045994273564879506e+01
5.611845076319093550e+01
5.770652999787212423e+01
5.910839018976413684e+01
6.023889855158918039e+01
5.621833871496890112e+01
5.814398542319148078e+01
5.936053474598052304e+01
5.989450962491577002e+01
5.527178598424853107e+01
5.792081760943703017e+01
5.824998764036052989e+01
5.986610383589900408e+01
5.335382769153734728e+01
5.605933802824235812e+01
5.629974626343462774e+01
5.841382126235433958e+01
5.780238495365133389e+01
6.025363519389232891e+01
5.937693524210971674e+01
5.618044167985048887e+01
5.733927475834125431e+01
5.982135719947379471e+01
5.835081165509193823e+01
5.992169069016006233e+01
5.927754312477347298e+01
6.190597505462773853e+01
5.805811502133297353e+01
5.998966513892434449e+01
6.250363843324636548e+01
5.980206202788894387e+01
5.854867548243584707e+01
6.200341249649971331e+01
5.902195239384760583e+01
6.224213182494774799e+01
5.476859568055806449e+01
5.912623621355304238e+01
6.153221957295462374e+01
5.802802794667521624e+01
5.855851160131807376e+01
6.153046854330714410e+01
5.908862456081951819e+01
5.960441666889916235e+01
6.277388039477501280e+01
5.928050393510725513e+01
6.214848720004813742e+01
5.433295566092347428e+01
5.884093460094721451e+01
6.002476363756357358e+01
6.174187107057556290e+01
5.479698543593111282e+01
5.850083084716440140e+01
6.026432712151393645e+01
6.105724409976433975e+01
6.267107107458182469e+01
6.386653232840023264e+01
5.792672715216141910e+01
6.062953298166891614e+01
6.185210330063321749e+01
6.279227112508216635e+01
5.898068326956068574e+01
6.057440747683211413e+01
6.205074384097709839e+01
6.268236451926830455e+01
5.816446866557366491e+01
5.943580323326054327e+01
6.116932761336475011e+01
6.156017834496965691e+01
5.874126790955350685e+01
6.099757011629633041e+01
6.097327495922841223e+01
6.267424447712829760e+01
5.743963443759955823e+01
5.984862528364219969e+01
5.982136404641823191e+01
6.167168656717745989e+01
6.246285367139977041e+01
6.265693380323634187e+01
6.285692949944306207e+01
5.878605796697352304e+01
6.116943643765655736e+01
6.149157800923508432e+01
6.232752349502533917e+01
6.487360824362662015e+01
6.289005128679863788e+01
6.094103579338332821e+01
5.977346309626900478e+01
6.273507074104620074e+01
6.463638493911226135e+01
5.992701871778854894e+01
6.276047111363793363e+01
6.512182478871395119e+01
6.161707900110246783e+01
6.119438497664711463e+01
6.428641324695421133e+01
6.109860603830792058e+01
6.414665802289550811e+01
5.789992671378336553e+01
6.085835881506395850e+01
6.310993287710978450e+01
5.993285231761168319e+01
6.017188444393764257e+01
6.301806117305371657e+01
6.209215513495826855e+01
6.210290890074499259e+01
6.468598510042743044e+01
6.253483716300367945e+01
5.991013391311666680e+01
6.258010950504946379e+01
6.385805041300858420e+01
6.305584847924202307e+01
5.907837041075892159e+01
6.012900921156734313e+01
6.170803861196355911e+01
6.298573347099587494e+01
5.884926731844887371e+01
6.101609575253656459e+01
6.208995756152246770e+01
6.319747052000018783e+01
5.689621899491605461e+01
5.946742864633290537e+01
6.082940723751237755e+01
6.173467947863071004e+01
6.214659648725550767e+01
6.382894244092949521e+01
6.232175730681868941e+01
5.847797297537591987e+01
5.939111613924698219e+01
6.126360698535824412e+01
6.115845307730745617e+01
6.023448661831463369e+01
6.270757434824350440e+01
6.200304932029074223e+01
5.821390358379949248e+01
5.867104351940538720e+01
6.122224837795115349e+01
6.018884570648339150e+01
6.195737051639968485e+01
6.254882874946149940e+01
6.229751444869899757e+01
6.045060554054344237e+01
5.955660510633112636e+01
6.211934211672818407e+01
6.250816637888441818e+01
5.716540033509762964e+01
6.040494708661760370e+01
6.273502630644088640e+01
6.017627093921869630e+01
6.051390978267040310e+01
6.320672047246457481e+01
6.027463790284737399e+01
6.219170978174335573e+01
5.663175875989707464e+01
5.987755036902014183e+01
6.207306141974724056e+01
5.793138464783113761e+01
6.066677520391145606e+01
6.226983807649408220e+01
5.629366253890065508e+01
6.077527960125355122e+01
6.275690977555218808e+01
5.909679249349000685e+01
6.171852645646481506e+01
6.329580765273568943e+01
5.974409428704297653e+01
6.175212046874558069e+01
5.708128709677266244e+01
5.903820332321797792e+01
5.967219364064411735e+01
6.103613340562822032e+01
5.464920369900056585e+01
5.772613679918627838e+01
5.885121919294427073e+01
6.005945386377980100e+01
6.142464100655912063e+01
6.179285564199418701e+01
5.864687549781700682e+01
6.008520183244969104e+01
6.118483082048741295e+01
6.203844056105549498e+01
5.688700605244240194e+01
5.807575774148310899e+01
5.921465317347140456e+01
5.996279206088648550e+01
5.579368336846942356e+01
5.732044861257120516e+01
5.861792765796148785e+01
5.867998002968820259e+01
5.658423420536576032e+01
5.702476378261455636e+01
5.899116114016305801e+01
5.865179571090797594e+01
6.085936749030977921e+01
6.012145593253028864e+01
6.120613762035398508e+01
5.662740405399706844e+01
5.964311836959299029e+01
5.853426595419878709e+01
6.087708728013408432e+01
5.452092946782188676e+01
5.791906927529020521e+01
5.841060072445973361e+01
5.777178641142007365e+01
6.058289289489504625e+01
6.162022147357885871e+01
5.752624751196790953e+01
5.975874280349209045e+01
6.248637211320681928e+01
5.920432507764528651e+01
5.882517718991849165e+01
5.650657634738821855e+01
5.937879371321079702e+01
6.075488953356700961e+01
5.444194747775306809e+01
5.856913537996803143e+01
6.070103163809928759e+01
5.686476545298529572e+01
5.984304467876015821e+01
6.187080280134551913e+01
5.707806897708564264e+01
5.994107730837731651e+01
6.179196484044798865e+01
6.050338494770834785e+01
5.742581069488546319e+01
5.923067975174286914e+01
6.075298623454477820e+01
6.136793469816047519e+01
5.701568328696396293e+01
5.883493156868728846e+01
5.984795792956828109e+01
6.069695005915566099e+01
5.595556910672205220e+01
5.809412332243378785e+01
5.885549495730283809e+01
6.016162235482845233e+01
5.391800239062981603e+01
5.676228504614367409e+01
5.761996122932542619e+01
5.878098954688260847e+01
6.016784211999936360e+01
6.056937256843342254e+01
6.124985417897392637e+01
5.629040420917452536e+01
5.802198470803041630e+01
5.938863222471713499e+01
5.937084487562207613e+01
5.902181383185764929e+01
5.944549560519120490e+01
6.154212871836609366e+01
5.873948925745791172e+01
6.137424657046636867e+01
6.064015733364474414e+01
6.002094059365087020e+01
5.930755038479119889e+01
6.196515732523723585e+01
6.075288865028497298e+01
5.785548515293073280e+01
5.724887749327529463e+01
6.009170822995513106e+01
6.032636850505422643e+01
6.001361836728148802e+01
6.287572366367608367e+01
6.096856277474127950e+01
5.919984569596486068e+01
5.762766092820639585e+01
6.061666015398375151e+01
6.298232496788907753e+01
5.791620394077024514e+01
6.132687354888509645e+01
6.361510339456181384e+01
5.740740120250354295e+01
6.140094565565887308e+01
6.361537705655568686e+01
6.028083570084696419e+01
6.327837037719928048e+01
6.528961023373962291e+01
5.812189886097174707e+01
6.300911726042915717e+01
5.681499352603621134e+01
6.046466169086755826e+01
6.187279595302868529e+01
6.122001384850938166e+01
5.751465293449602711e+01
5.941550865507957724e+01
5.995656457802117245e+01
6.163510039499465876e+01
5.662268115517750999e+01
5.909513652516137228e+01
5.984898095799134410e+01
6.121773423996710761e+01
6.275263864575011752e+01
6.343746587503506618e+01
5.907542843851363301e+01
6.076131303298368636e+01
6.203663919944792582e+01
6.296935320182758034e+01
5.940510567416846044e+01
6.163857792184594331e+01
6.211331812338037395e+01
6.344862865943609620e+01
5.779157553991606733e+01
5.993871346441025594e+01
6.005456430738550466e+01
6.172780965049980750e+01
5.988935819746628653e+01
6.232539468521920867e+01
6.209222007703270663e+01
6.098080592582270043e+01
6.116354054022277609e+01
6.338511823842614490e+01
6.214119480745651458e+01
5.848780761794603222e+01
5.888385454225762317e+01
6.122632678285062013e+01
5.989597965296242421e+01
6.271924615427460026e+01
6.422646445210581589e+01
6.002274097283120113e+01
6.298768102872174524e+01
6.532413106282270121e+01
6.246430944702324695e+01
6.081251912955935524e+01
6.412829800563977756e+01
6.109526919263765876e+01
6.427044705077933884e+01
5.923698516670894065e+01
6.209961817178147214e+01
6.435664900860207638e+01
5.972371904084383942e+01
6.185552104518778549e+01
6.426224186064614230e+01
6.045606801210689696e+01
6.306491382067848406e+01
6.535349642793343605e+01
6.062159556003219052e+01
6.420283773239388836e+01
5.743209940803729552e+01
6.056883927646344290e+01
6.243496331587328996e+01
5.936426607802007283e+01
6.201033381373594011e+01
6.338340099395726668e+01
6.171212715946239058e+01
6.004681595562247054e+01
6.226447736236640651e+01
6.359527660902956825e+01
5.935010806130098615e+01
6.145046144514265762e+01
6.286685327904625353e+01
6.287134741555006912e+01
5.932928099736864169e+01
6.102249317968936282e+01
6.203270723129971032e+01
6.168656985608758703e+01
6.036816223227348388e+01
6.222902702801319919e+01
6.264217785710931707e+01
6.006545033106607434e+01
6.249256376619278797e+01
6.244666092496795073e+01
6.341315636861451566e+01
5.797332497203035473e+01
6.020789529912828186e+01
5.975789512755235222e+01
6.208373359814395087e+01
5.905248456275258206e+01
6.192652754067515986e+01
6.080539464023679130e+01
6.127448876203651906e+01
6.079548970618118631e+01
6.313215974213790815e+01
6.092319026103399437e+01
5.786943502521415894e+01
5.888555944878025628e+01
6.134984505156984369e+01
5.923965697815139464e+01
6.190592985315007724e+01
6.352510202222967450e+01
5.886884089085641847e+01
6.152861139532149082e+01
6.379362217352655762e+01
6.051344170953604618e+01
5.978716667799140083e+01
5.732528925373907214e+01
6.016788252141198967e+01
6.220376493982258381e+01
5.545904817509865836e+01
5.893637680937922596e+01
6.107951083048141783e+01
5.884555475854461548e+01
5.865639246684242636e+01
6.156978481008132320e+01
5.815248179448933996e+01
6.074463910245643916e+01
6.227635642389245874e+01
6.134132532522161085e+01
5.799182308481822901e+01
6.005297016243044084e+01
6.095737288511586627e+01
6.179842659133306171e+01
5.715440937661183085e+01
5.812996300743616729e+01
5.956175131635332320e+01
6.136134045672658743e+01
5.479844140729090896e+01
5.751407918149691056e+01
5.836071337721681829e+01
5.933331139232952012e+01
5.513430635560001747e+01
5.729093242287908794e+01
5.810082823418537856e+01
5.910781963825436236e+01
6.047843353457601978e+01
6.096123520610869662e+01
5.659908322595688901e+01
5.764050055803225803e+01
5.911568979073842200e+01
5.936630308483306351e+01
5.828338500930244948e+01
5.852318226584148420e+01
6.050857047461452964e+01
6.007585811496365125e+01
5.531702784620544833e+01
5.778660523261579840e+01
5.684922275911524991e+01
5.911854824268380071e+01
5.775351373997252580e+01
6.023706481117773848e+01
5.931286168188905350e+01
5.632419997143024659e+01
5.885251770123272053e+01
5.693485855066525403e+01
5.979856986648564998e+01
5.719979153816462514e+01
5.996780335164474707e+01
6.184462455640550615e+01
5.401233760543532725e+01
5.833956557032355050e+01
6.066982386379120129e+01
5.774877983945779647e+01
5.947267049262541860e+01
6.209722545881175648e+01
5.841357657662303637e+01
5.908174611110458585e+01
5.614730885472909705e+01
5.891850663933153243e+01
5.796161367100014417e+01
5.707491541683248926e+01
6.017640235862956644e+01
6.123482944928692717e+01
5.644976864240192072e+01
5.721436287375897933e+01
5.994100119312378894e+01
6.069852210625840883e+01
5.487388682726373901e+01
5.859619871773129773e+01
6.025253568054225894e+01
5.886395996238343997e+01
5.732005973726687387e+01
5.841688726475391036e+01
5.967582148621774962e+01
6.038761236661941467e+01
5.532831658575926781e+01
5.722076850162811468e+01
5.831265151029899130e+01
5.899787290396893269e+01
6.033333255667727713e+01
6.146959533493362215e+01
5.760296017539825897e+01
5.942657937799050671e+01
6.070581890986493789e+01
6.112197466520103717e+01
5.670780466873584658e+01
5.920627990724828749e+01
5.948962450836597071e+01
6.086772427316627443e+01
5.441975007058312741e+01
5.710004298388929556e+01
5.731282290831070725e+01
5.937041878367625003e+01
5.869812246134405598e+01
6.111173251596865441e+01
6.019849641654302275e+01
5.699656549253270299e+01
5.801629272003916071e+01
6.046266260863358610e+01
5.897041024799938924e+01
6.185962098941870124e+01
6.148949503714313636e+01
6.352969971241343217e+01
5.630349182333431202e+01
5.991233365272658773e+01
6.208304565560698052e+01
5.946657697719525970e+01
6.122731470901161543e+01
6.389283866162765690e+01
6.061075802174984517e+01
6.020554613464343419e+01
6.345384791286920745e+01
6.018229262396826584e+01
6.321631398689414993e+01
5.551990118617582937e+01
5.974179595313758284e+01
6.203520280490640459e+01
5.906947661773497060e+01
6.209506574547327062e+01
6.182187039006977614e+01
6.269604358035995517e+01
5.707743724820624465e+01
6.086482871431618236e+01
6.181733693032901300e+01
6.324442508127818741e+01
6.463750840502706296e+01
6.560957220067160733e+01
6.112456104231059584e+01
6.193615353396306489e+01
6.357655397529057950e+01
6.488120580700982032e+01
5.885008628397888941e+01
6.140306574230963577e+01
6.257246680004268313e+01
6.376505988904908406e+01
5.928662199593983217e+01
6.093060669981111488e+01
6.224452918849174665e+01
6.320450049360022149e+01
5.939241562292209409e+01
6.168586503042950397e+01
6.196177986729344411e+01
6.347628810933342436e+01
5.828882539269876162e+01
6.034067367195645204e+01
6.071521160932731931e+01
6.207904582115751424e+01
6.352204002118610049e+01
6.323502489723559705e+01
6.443853114351199451e+01
5.825351865883343550e+01
6.067342929872791046e+01
6.029761370939887399e+01
6.250233848010224591e+01
6.447798388776766387e+01
6.271438946903893452e+01
6.466900026231414245e+01
6.059017318786787598e+01
6.334400384242288595e+01
6.226663168286955141e+01
6.463801914334813148e+01
6.696195753497090664e+01
6.416978615706265998e+01
6.248887397158345181e+01
6.073700602038425700e+01
6.388639293138969322e+01
6.542049559374599710e+01
5.912743736055149668e+01
6.265011943855188292e+01
6.498170943352970141e+01
6.167440395203681902e+01
6.164253858907398609e+01
6.454860659320269178e+01
6.316087479276733774e+01
6.531903878306978584e+01
5.863879292399187193e+01
6.177048232680336781e+01
6.384971400769601502e+01
5.973742300067078048e+01
6.265456441771873841e+01
6.202351462788190872e+01
6.455613886575309834e+01
5.906659749179903685e+01
6.127889282371037893e+01
6.244035897710245564e+01
6.347869474806859813e+01
6.444689448581461022e+01
6.568336284838593997e+01
6.018207769587581168e+01
6.240831436031118074e+01
6.384888008638203161e+01
6.444308917466226205e+01
6.070234801072697906e+01
6.234126707964061609e+01
6.337995606672198790e+01
6.376177983332704713e+01
6.025485734148777084e+01
6.139325255963384365e+01
6.263095033875407580e+01
6.305690385677613108e+01
5.889948943575704732e+01
6.108924122757437658e+01
6.112749978783786986e+01
6.269855011615129570e+01
6.295907270210072681e+01
6.469940520555859109e+01
6.228077213924691335e+01
5.984815545175290907e+01
6.047516751867768647e+01
6.244521522507647404e+01
6.154919064526532679e+01
6.419998094286428625e+01
6.271392325858152361e+01
6.205750445493210066e+01
6.083963500986978090e+01
6.339104075646528003e+01
6.374024655211560031e+01
5.864194675341297369e+01
6.189993749266277945e+01
6.411958344510614438e+01
6.151027523759891835e+01
6.123526367149832339e+01
6.403176810836227162e+01
6.109830991906842002e+01
6.373493563525819638e+01
5.710801328521628051e+01
6.020145143969441648e+01
6.243554096155013156e+01
5.894305129858403802e+01
6.175952299744771778e+01
6.313233563167555218e+01
5.807144941482433609e+01
6.171726830414724674e+01
6.355632114050987980e+01
5.872648952483385898e+01
6.245960764707563584e+01
6.429714755660928915e+01
5.950113080530729093e+01
6.302278436497487490e+01
5.501562403423430681e+01
5.855727551192656932e+01
6.023395253699225549e+01
6.140657083134622951e+01
5.543779261498251998e+01
5.837469815531456163e+01
5.961336087141749118e+01
6.061382313106757636e+01
6.105639454136471755e+01
6.246173253983010909e+01
5.718567757912448712e+01
5.893672394054436126e+01
5.982513530669403679e+01
6.086531502988108855e+01
5.762292448560101832e+01
5.870183187618881959e+01
5.984254300609185151e+01
6.048232424789745210e+01
6.199489362647913993e+01
6.224286732241731812e+01
5.907503813373958934e+01
5.980300347038290454e+01
6.165322497162068771e+01
6.132555591931480876e+01
5.789227371069888051e+01
5.816538498935479851e+01
6.032300002175313125e+01
5.959165447325756304e+01
6.148119191314477661e+01
5.567860591296152961e+01
5.857671115791669791e+01
5.750818271768521583e+01
5.998223501393118084e+01
6.234544928455352419e+01
6.029113878297290796e+01
6.115709358131404372e+01
6.238571479031240585e+01
6.083624279663442991e+01
6.114928773601665313e+01
5.909561300069913159e+01
6.193716240484017277e+01
6.257913420988115405e+01
5.512025922877680273e+01
5.948172739051481273e+01
6.178953693218564069e+01
5.880161992428752882e+01
5.947947548180492561e+01
6.221497523502701199e+01
6.049070470209639439e+01
6.010165083465590641e+01
5.705573661712495692e+01
5.989797879108418499e+01
6.168013788356698512e+01
5.350478634977325498e+01
5.852665832208529650e+01
6.040951662227320895e+01
6.058031701149325698e+01
5.647506062549455663e+01
5.829417772133279385e+01
5.867835650795475999e+01
6.033270904764497544e+01
5.524122773749797943e+01
5.804538169695717187e+01
5.871239626904863940e+01
5.994888355573426963e+01
6.156733852464729750e+01
6.205302375501892698e+01
5.821176924865743274e+01
5.999255344018629899e+01
6.107434059854250563e+01
6.207254612769015978e+01
5.693331678177133881e+01
5.821880049603083762e+01
5.941827106380159762e+01
5.996180807031759485e+01
5.994920920628312899e+01
6.173111110308153826e+01
6.180202910428879193e+01
5.832143898534609150e+01
5.908813341045507173e+01
6.112963964153155416e+01
6.073154678912512594e+01
5.732436762304520528e+01
5.773312662002243201e+01
6.010274095246627724e+01
5.923551786974139333e+01
6.181454653997114690e+01
6.129160919072084823e+01
6.359223831851408448e+01
5.688442019556126183e+01
6.029068062375146297e+01
5.994044158384228638e+01
6.240369499918269014e+01
6.469605530038037955e+01
6.225230283705628409e+01
6.361815155214841866e+01
5.965829428625610831e+01
6.282220297187691926e+01
6.475972510064765686e+01
5.707484483278196308e+01
6.134093413779468307e+01
6.373893264667949410e+01
6.031148541329105228e+01
6.151285288413493646e+01
6.421287313266248020e+01
6.253889592283494636e+01
6.307751780357357774e+01
5.957573020335379965e+01
6.242046197040296107e+01
6.153506510061600210e+01
5.954024456995082915e+01
6.285750420156733043e+01
6.372034034806985403e+01
5.992952342454599801e+01
6.045332915463161072e+01
6.233809422325472127e+01
6.404260733055707533e+01
5.855354847448710842e+01
6.168123791698506864e+01
6.272577367277440885e+01
6.380008264658139439e+01
5.797051583395612795e+01
6.045384125101227824e+01
6.194990769593297131e+01
6.263008644548865078e+01
5.856854551013613275e+01
6.031013369832712101e+01
6.153458070577269723e+01
6.219798881769087018e+01
6.286333561263817415e+01
6.369361915895012061e+01
6.344654551341737658e+01
6.482247695643977181e+01
6.514666912621346739e+01
6.217897770456817597e+01
6.555248896873142428e+01
6.535778923884784319e+01
6.584916176020298906e+01
6.043742843071876791e+01
6.264943891395878950e+01
6.392439685123721205e+01
6.285888296053551727e+01
6.364235732901870790e+01
6.442510974511479560e+01
6.477967306784876200e+01
6.230137460513557102e+01
6.283887241326242190e+01
6.533560453923860223e+01
6.321349624620136609e+01
6.085020396707898982e+01
6.422709727758631004e+01
6.163924991620359606e+01
6.467001102473561502e+01
6.110487310933014271e+01
6.429005367142252680e+01
6.605783230279230622e+01
5.927504251782042388e+01
6.257345150339902062e+01
6.490618734382060495e+01
6.150427436623104427e+01
6.223559823258428736e+01
6.493434296120861404e+01
6.334494744211112049e+01
6.453670788875821529e+01
6.687155183424729898e+01
6.288649457706318913e+01
6.510074879631108047e+01
5.894108985442757387e+01
6.197963939361093111e+01
6.376358915372666303e+01
6.118534230868903023e+01
6.427396632396822440e+01
6.517228391519006436e+01
6.334351299691353887e+01
6.041911272363955732e+01
6.217753606915770348e+01
6.344329458888073958e+01
6.397922408253990056e+01
5.917844174496305243e+01
6.057418835180712335e+01
6.157350329680357959e+01
6.281657223724641881e+01
6.367937196777346998e+01
6.481851853975064159e+01
5.925613753212933688e+01
6.081393267827410654e+01
6.197551995124978674e+01
6.241142687650420839e+01
6.325179486052793010e+01
6.492804781781059376e+01
6.472826881057353887e+01
6.028349006713852987e+01
6.124954940947512227e+01
6.327500143093848095e+01
6.277830565923306239e+01
6.255588891041296762e+01
5.940656584632834836e+01
6.226361170146940083e+01
6.114313630862224613e+01
6.162242501139984796e+01
6.193803477323694295e+01
6.383819285906494656e+01
6.081800033974472797e+01
6.060812245099593554e+01
6.128151089655833772e+01
6.203156245490581000e+01
6.018280781114459899e+01
6.279855880048445727e+01
6.498621572562660731e+01
5.853594590418940413e+01
6.128788363820694940e+01
6.355368188582197320e+01
6.058627032290721814e+01
6.170363116977023310e+01
6.421812578091173407e+01
6.096721247896424956e+01
6.121821635161752084e+01
5.817895067043539825e+01
6.096094324058749692e+01
6.175805432197504530e+01
5.863139446853136150e+01
5.827647134530010220e+01
6.107818307234365562e+01
6.030268620868478990e+01
6.015126958109993893e+01
6.251498016285923853e+01
6.106938263002673040e+01
5.797607313785274386e+01
5.979174228815836756e+01
6.122700066534390118e+01
6.169051814869926886e+01
5.707976568304195553e+01
5.885662282396805978e+01
5.950461514611011893e+01
6.120885174263739970e+01
6.178781389105824928e+01
6.300308320608004919e+01
5.742885469766289930e+01
5.932319997538892409e+01
6.010455923555255708e+01
6.120891631092226959e+01
5.769491854505128003e+01
5.882367898786730365e+01
6.018101816993131337e+01
6.059683697595285423e+01
5.611640424891346868e+01
5.708245305726190821e+01
5.852845270297073199e+01
5.874100498740448728e+01
5.796306487887912340e+01
5.808731530094254936e+01
6.004124912091375421e+01
5.951281667934027553e+01
6.168384910000331445e+01
6.086064340317322063e+01
5.819041745812016586e+01
5.789694921411309281e+01
6.029140404869446712e+01
5.915583546540128168e+01
5.970490163412725337e+01
6.150171725498245934e+01
5.943155375866145107e+01
6.115357189291270146e+01
5.589975799656539834e+01
5.924694898578515989e+01
6.120406665329570473e+01
5.807355370265015182e+01
5.785102291724992085e+01
6.082102827479430118e+01
5.789908639466954554e+01
6.049172179956398310e+01
6.272918908624742329e+01
5.771162399697448819e+01
6.093954067206951208e+01
5.194275826211199387e+01
5.724986324643899138e+01
5.944263298046922728e+01
5.697538880622328605e+01
5.970874633230759088e+01
5.913642888986414903e+01
5.942756443663301269e+01
5.526801061467001830e+01
5.900616960729718130e+01
5.885661418002855072e+01
5.847600010651599689e+01
6.026963429375582137e+01
6.134210789809100106e+01
5.714753746836111503e+01
5.790933285713548173e+01
5.945651255924015288e+01
6.081947436899532278e+01
5.747250355440842640e+01
5.997871607199915189e+01
6.076585457912260324e+01
6.039636321929838658e+01
5.464944178470452840e+01
5.744002560950171699e+01
5.834641952255525865e+01
5.951417797189091630e+01
6.096549897979280530e+01
6.125537713449296007e+01
6.133650848803294764e+01
5.680290448613186527e+01
5.764633014997156835e+01
5.939615109134700077e+01
5.948989278506623180e+01
5.823223461062315920e+01
6.064733169642758526e+01
6.025139900726044573e+01
5.767549966159843677e+01
5.790829558877737071e+01
6.028887377672499781e+01
5.937491195887985640e+01
5.837631550476852027e+01
5.789514803367969620e+01
6.056579166496698718e+01
5.900910156611188739e+01
6.180917972394697557e+01
6.364749474355269143e+01
5.658573447565319015e+01
6.005913659358846957e+01
6.270965839398527208e+01
6.026361305560497783e+01
6.224021509158415455e+01
6.500102905637805861e+01
6.142365387900252927e+01
6.125372991812666612e+01
5.878113435440739210e+01
6.187607695336874514e+01
6.331850137336717665e+01
5.695627389055736245e+01
6.093344061068938800e+01
6.314000039247173390e+01
5.815733451754203287e+01
6.225678890606208427e+01
6.423490480891884147e+01
5.844126237534227641e+01
6.295462197535422177e+01
6.490706532962450126e+01
6.122641053241245146e+01
6.325537659204307062e+01
5.673036410780736816e+01
6.026603538121689496e+01
6.193198203411693470e+01
6.248142609767353406e+01
5.818483912993799123e+01
5.980720207051353299e+01
6.044411658728957093e+01
6.186781000858679391e+01
6.305264999870014009e+01
6.425200965478848047e+01
5.957389923086438444e+01
6.124651299669887550e+01
6.244135690489737556e+01
6.338417900023203799e+01
5.987320067088546693e+01
6.236052925929186586e+01
6.280172371982698110e+01
6.328197383799328435e+01
5.863683565980199575e+01
5.959694750203587432e+01
6.132701811678107617e+01
6.153022247610186213e+01
6.352028154118423942e+01
6.336307129212095646e+01
6.462748717781413177e+01
5.833166082535570496e+01
6.077449222971023346e+01
6.044551289501676195e+01
6.270960774268650795e+01
6.080061955750596070e+01
6.356541780682717047e+01
6.292376571287218212e+01
5.998161381225338573e+01
6.161083998628519254e+01
6.337540685761985770e+01
6.103290006960131109e+01
6.402691952577133350e+01
6.639137784199105852e+01
6.147826095095285837e+01
6.422581844362328241e+01
6.662848256039859507e+01
6.274571806771123761e+01
6.293970232470007176e+01
6.024428540727083004e+01
6.339001975012386936e+01
6.460694058433894327e+01
5.998907330202858645e+01
6.296305050222144217e+01
6.489485891050019006e+01
5.900576158217580058e+01
6.285965178771360229e+01
6.505862836144912364e+01
6.079091059097252270e+01
6.467108082828075055e+01
6.654561821048839931e+01
6.056590502581369861e+01
6.438261369760992636e+01
5.858234629970939977e+01
6.091984514371074511e+01
6.257031871306317328e+01
6.330516122972465354e+01
6.453902433695759555e+01
6.542752899759939567e+01
6.086827093196232852e+01
6.289231049575985821e+01
6.377485450411156620e+01
6.495532294270236662e+01
6.033690737405370896e+01
6.196268951088240584e+01
6.310927119616021486e+01
6.406236736304002477e+01
5.884601658394269208e+01
6.034286492163593607e+01
6.171454475602734391e+01
6.220810989922431133e+01
6.144852392501306326e+01
6.376974732609987484e+01
6.370088356733804602e+01
6.011757949989693373e+01
6.095654959963577113e+01
6.331644238381657175e+01
6.279131857096471236e+01
5.985384625971298789e+01
6.323307815855008585e+01
6.209998852826881688e+01
6.163557994353895708e+01
6.111114734820244365e+01
6.395914646319962316e+01
6.248570398912641366e+01
5.947822656932827101e+01
6.018607063979534644e+01
6.294258127729668928e+01
6.105062689313405144e+01
6.399319303903605771e+01
6.582325302596349559e+01
5.932848951932395209e+01
6.271322130630390745e+01
6.530966642491296170e+01
6.229015746712275359e+01
6.251411842799983987e+01
6.563486441247025027e+01
6.229004539581477928e+01
6.429821416296641701e+01
5.966304876621882158e+01
6.264557479770660109e+01
6.460782343233871927e+01
5.777568692916842252e+01
6.181735701966379537e+01
6.422850124962100438e+01
6.019415047202794966e+01
6.455701985941925614e+01
6.595935879367340249e+01
6.054085125270909629e+01
6.370760846529343269e+01
6.470046425877964680e+01
6.593424685562739285e+01
5.924115850184158205e+01
6.279057968991217109e+01
6.444867694106400791e+01
6.537892727658424974e+01
6.060380617048620877e+01
6.242257541073664129e+01
6.367968975268093601e+01
6.431356147753552932e+01
5.915923611006705585e+01
6.061680948526610280e+01
6.219365356444842519e+01
6.347519045267453919e+01
5.875958730751467840e+01
6.073222104648662167e+01
6.183682789046983430e+01
6.311774946857750734e+01
6.366473872015713908e+01
6.549437455622974369e+01
5.937757429631848538e+01
6.181248438371781617e+01
6.228599236269322859e+01
6.449641385758410195e+01
6.297972584256756790e+01
6.574649367259905830e+01
6.507887847877812248e+01
6.142921986260498812e+01
6.154656859690925330e+01
6.434587955111717861e+01
6.332996538712176715e+01
6.298048069541756178e+01
6.401479735725664000e+01
6.609430516906863318e+01
6.203007932430003279e+01
6.489652265487404748e+01
6.773060793099902810e+01
6.399398028362141133e+01
6.489692128266607085e+01
6.777947706602871847e+01
6.480203611436689926e+01
6.507535429939281357e+01
6.260335477906934187e+01
6.591802782077692768e+01
6.511510203376420236e+01
6.237088157701046498e+01
6.367239229556355440e+01
6.677251430290898782e+01
6.283476861571572414e+01
6.346813102244539095e+01
6.672491930915893477e+01
6.476392881865818651e+01
6.505581045826286868e+01
6.143737035797227009e+01
6.466791543152444888e+01
6.574594255498247719e+01
6.183871919670959016e+01
6.420693461287392267e+01
6.494729817854263842e+01
6.645303513143467455e+01
5.919430090027888980e+01
6.323701943471035491e+01
6.507793007200096724e+01
6.618535346390159191e+01
6.833857385981156085e+01
6.628160079068301513e+01
6.779770451425073929e+01
6.180488271875318418e+01
6.435885298750788763e+01
6.580246523707307915e+01
6.643893873146281237e+01
6.835115243579099342e+01
6.891892294335328017e+01
6.416805099074400687e+01
6.580204899088083437e+01
6.802524850073567109e+01
6.844190965465902821e+01
6.407695958262824831e+01
6.530606726703591391e+01
6.783143611897257585e+01
6.781354229299037684e+01
6.436894636185243712e+01
6.790176314952385894e+01
6.732857535576108887e+01
6.868900097756771572e+01
6.780047589963920984e+01
7.095027261291220100e+01
6.727850979475371673e+01
6.930930417766202822e+01
6.881237184911769589e+01
7.179504693574607188e+01
6.466654981151009451e+01
6.906967488484743001e+01
7.021997550449249559e+01
6.836413452989785355e+01
6.667986669394670685e+01
7.044449389272136841e+01
6.732938494234649340e+01
7.127882763107538722e+01
6.455550406286158704e+01
6.895759999335865587e+01
7.183113141706087390e+01
6.661134993903215218e+01
7.058207978763061874e+01
7.298250122219347702e+01
6.528146922439081834e+01
7.003085939133558213e+01
7.270776907791841381e+01
6.763115841907493575e+01
7.211829811927367473e+01
7.370727324999630525e+01
7.057252825031235943e+01
7.177826060862958002e+01
6.744255586837542182e+01
7.073167004922242995e+01
7.073491410264792023e+01
7.129833238251860905e+01
7.324401766835748617e+01
7.497714250413049797e+01
6.979677980431489459e+01
7.143876165881937368e+01
7.317810754275488705e+01
7.450598836447193207e+01
6.855057405999008324e+01
7.172012669250329964e+01
7.299918990423512355e+01
7.412324614233875764e+01
6.833264808354911679e+01
7.098897944658506276e+01
7.204252414409968708e+01
7.395144965522747782e+01
7.536464728943727209e+01
7.468270898375345723e+01
7.384566691986327669e+01
6.901280194776670385e+01
7.090781135248732880e+01
7.386463431425013937e+01
7.348408368480497188e+01
7.627058964680355757e+01
7.586308883483489751e+01
7.190548066652740999e+01
7.269396907332232161e+01
7.569469631274070309e+01
7.487130398107345286e+01
7.320268214192286393e+01
7.306054605492528253e+01
7.620457382143904113e+01
7.435990417682772602e+01
7.203454930748900154e+01
7.369801850598609860e+01
7.651066619161942128e+01
7.370945985239991671e+01
7.756482934674814089e+01
7.932408704965558854e+01
7.187367873972343091e+01
7.585764164732813697e+01
7.887998955094434450e+01
7.524146874665053986e+01
7.521780358035290703e+01
7.211925035704187792e+01
7.608952124959762386e+01
7.836762843358680186e+01
7.170315749286919527e+01
7.533745290086631030e+01
7.804421291415135897e+01
7.262959420244152398e+01
7.598527520203644769e+01
7.848123447317101409e+01
7.390197669024800575e+01
7.774622949600492916e+01
7.998154652439700385e+01
7.424013575614456784e+01
7.775757362714888643e+01
7.157314054956339078e+01
7.501141815949338820e+01
7.590974451757783470e+01
7.731261767659584905e+01
7.945857167554230216e+01
7.753715634242676913e+01
7.859296086405385040e+01
7.307852506964211159e+01
7.591276028897434003e+01
7.716138166997556880e+01
7.815958549040182390e+01
7.249408352227111152e+01
7.488151348474450231e+01
7.601720665033076330e+01
7.780640750170829278e+01
7.930996561626024288e+01
7.841627685394965397e+01
7.456125358218316990e+01
7.614866228616457988e+01
7.905581945564794921e+01
7.870547296617469613e+01
7.345323128079598973e+01
7.638107543835364766e+01
7.660522000671640797e+01
7.893363399160017480e+01
7.410586373105061853e+01
7.746395110847221588e+01
7.645016253564810427e+01
7.907940039202004812e+01
8.181672999709378757e+01
7.935024516665895078e+01
7.675465032819606392e+01
7.570756373890542079e+01
7.933264503033012716e+01
7.829659232716913664e+01
7.706806225701096480e+01
7.869333332298015193e+01
8.064512932239524901e+01
7.604906406440166222e+01
7.930724542494478158e+01
8.220899053550601820e+01
7.697497230302062121e+01
8.016562300927517981e+01
8.297261601965200839e+01
7.673333056512629469e+01
8.083167922248672710e+01
7.414670998980338368e+01
7.806132153405761187e+01
8.075055032355493267e+01
7.536777444116037827e+01
7.873286968066420854e+01
8.055204553073173201e+01
7.624194182184388069e+01
7.842034536500312925e+01
8.105006026252759455e+01
7.770678814365504650e+01
7.978215122746736654e+01
8.220864018757491465e+01
7.786905020940736222e+01
8.145138042290703595e+01
7.535212634395612952e+01
7.836998210405069187e+01
7.952506656310816879e+01
7.887902243466756147e+01
7.528844393576898142e+01
7.796064020227241542e+01
7.978091728686899842e+01
7.355364822770249589e+01
7.667040983403693133e+01
7.833120070245020372e+01
7.932295323980812896e+01
7.613148762254498081e+01
7.895155051020024928e+01
7.946363293488843738e+01
7.893919459750856049e+01
7.959825833527109751e+01
8.219256362099145008e+01
7.771983118799431622e+01
7.986278338767272089e+01
8.183814021518429627e+01
8.056364016277602502e+01
7.700579493345315996e+01
7.760129696928456156e+01
8.060363485840325382e+01
7.956256182850351877e+01
8.292216792325017138e+01
8.259628918936067521e+01
7.908472398451534957e+01
7.852664722827472588e+01
8.193033183740051584e+01
8.223814546576117834e+01
7.635557924505403093e+01
7.859301070377522080e+01
8.178410100618005174e+01
8.088559600723628762e+01
7.874623446267254678e+01
8.265773404119423162e+01
7.951168444349789866e+01
8.267093269817543444e+01
7.599301207837487482e+01
8.017695269611192543e+01
8.301551354454227294e+01
7.825508620003324722e+01
8.170723331248210286e+01
8.337463823178501343e+01
7.925199482519516891e+01
7.972013479007695480e+01
8.310206970515527303e+01
7.942367760545528199e+01
8.122674248283341569e+01
8.422231533141672344e+01
8.053160558772033539e+01
8.271515432665840706e+01
7.734649283946032483e+01
8.094210286119809439e+01
8.186697935992778241e+01
7.826032797248763018e+01
8.164618590682205479e+01
8.303956656976434658e+01
8.023669617621175121e+01
8.253098284619228764e+01
8.433336756237315512e+01
7.853057312519980826e+01
8.173695239509457622e+01
8.357969704883336703e+01
8.449457255914960285e+01
8.030098847583411725e+01
8.327392133645288652e+01
8.382646157628470007e+01
8.566878568280857564e+01
7.945414890855349199e+01
8.074000723021985948e+01
8.387836756619202561e+01
8.348060205980438298e+01
7.788158168470417309e+01
8.004819492891014932e+01
8.302738574007251771e+01
8.268989497624447438e+01
7.858340807095287062e+01
8.011784842177854671e+01
8.326336547897886931e+01
8.240635470188887268e+01
8.565421849606939020e+01
8.438826117789479042e+01
8.178614703676345243e+01
8.090096194119550432e+01
8.458023996844855219e+01
8.390345877889123472e+01
8.122617081892724400e+01
8.505595937115234051e+01
8.205943310477822195e+01
8.574772942056262082e+01
7.948366758297635215e+01
8.356168172593753241e+01
8.611900975617393783e+01
8.056147323023508022e+01
8.422677041210585003e+01
8.742038644189111096e+01
8.057414995662486490e+01
8.477021519954436712e+01
8.780889797826469589e+01
8.193727017407184121e+01
8.571698974592763420e+01
8.794849835055094900e+01
8.195875862978118676e+01
8.642469374779301461e+01
7.940141889573946798e+01
8.364587633938809574e+01
8.596406509733607493e+01
7.897032896667580815e+01
8.367599022452880320e+01
8.575486959800321074e+01
8.414854193793286186e+01
8.159694396864853161e+01
8.487066044242240537e+01
8.661959283260654274e+01
8.025769056312709893e+01
8.358315481200079944e+01
8.509753635099006885e+01
8.612237345860690141e+01
8.066921234993841949e+01
8.338704589381489996e+01
8.574159652308874513e+01
8.628922656079572562e+01
8.044388683565907172e+01
8.375146938203195646e+01
8.435036166409226155e+01
8.614388445041704756e+01
8.843495332294136801e+01
8.697825909802982380e+01
8.247459665378165994e+01
8.416501430724542843e+01
8.709089436979871834e+01
8.673086336788394135e+01
8.177065193212104077e+01
8.388892529140173338e+01
8.680431067531601741e+01
8.580988560222243677e+01
8.274253012029582521e+01
8.606337466860694008e+01
8.445996558428558387e+01
8.704491980601261503e+01
8.951365643384993120e+01
8.744904582025830564e+01
8.520535323332281052e+01
8.353234939812377036e+01
8.742335060290332649e+01
8.774632240686189277e+01
8.218234881692856675e+01
8.594688802783052495e+01
8.921655950192604223e+01
8.526351779887964710e+01
8.534158259029169358e+01
8.763665873214151247e+01
8.376657000822196153e+01
8.752149872921073381e+01
9.034343311911385399e+01
8.500559336730908910e+01
8.851042500307100624e+01
8.179333323980178250e+01
8.578662990562746415e+01
8.824311800837892861e+01
8.290946036082887360e+01
8.602980536116751864e+01
8.786487816762056013e+01
8.635668760925430831e+01
8.511211590549352479e+01
8.705699986021714665e+01
8.919572063432404718e+01
8.348318079155014004e+01
8.611958980995711954e+01
8.773336838080427924e+01
8.641238075756345438e+01
8.545553237118896561e+01
8.752859731518485376e+01
8.881285368087439736e+01
8.287007968186779294e+01
8.536258569582740563e+01
8.622820145040141426e+01
8.838485083685277743e+01
8.295565697395286975e+01
8.569361909157554180e+01
8.628400970881838816e+01
8.711858967510897855e+01
8.213520349803859233e+01
8.522034865900944567e+01
8.526279221044293877e+01
8.684993581682212493e+01
8.887556217838350392e+01
8.837040973255534482e+01
8.415107549794204544e+01
8.455414433335864999e+01
8.774907298012745116e+01
8.643130985557391455e+01
8.403227917290013238e+01
8.405566056379397821e+01
8.740922472052000103e+01
8.570010502476561953e+01
8.438641870166662784e+01
8.479385086800103011e+01
8.762317725300815141e+01
8.489507113913647629e+01
8.844416911544524851e+01
8.980160093680019884e+01
8.332105176506428279e+01
8.645780064521889585e+01
8.891386738529662637e+01
8.581216479256197260e+01
8.537308333660439530e+01
8.848046634632908081e+01
8.490647311887013871e+01
8.810189874265314813e+01
8.180911114862485078e+01
8.523300699410691550e+01
8.785528751668435632e+01
8.318459934748604212e+01
8.550405316366176578e+01
8.774446361198991440e+01
8.218083553355626236e+01
8.549270687226390919e+01
8.756059291467028061e+01
8.466053843619192776e+01
8.512794527099734410e+01
8.730460042058946613e+01
8.794269076355838877e+01
8.295476309732060827e+01
8.477260496065238726e+01
8.661453304291443089e+01
8.623722409450017778e+01
8.162193195743910223e+01
8.381888365742274516e+01
8.523367829154183539e+01
8.598349676147407195e+01
8.057821870192144331e+01
8.309856525795765947e+01
8.368270609610583222e+01
8.567429345632631055e+01
7.970573843783512302e+01
8.240126840657319462e+01
8.289748602500222319e+01
8.356666415943298887e+01
8.609113560845347024e+01
8.580191791783752819e+01
8.113288560937003524e+01
8.255414279074639694e+01
8.548393710901196130e+01
8.461768603464126670e+01
8.021186335810340040e+01
8.270586900395520047e+01
8.457726641731326822e+01
8.280760604118104595e+01
8.586779037647281143e+01
8.768921766605153323e+01
8.096119905314888854e+01
8.368725893364864987e+01
8.638512387218122512e+01
8.429166000070252096e+01
8.262387917898080048e+01
8.107672774965210749e+01
8.420023601877907993e+01
8.471412551459407325e+01
7.868683574707378625e+01
8.218435120559594509e+01
8.497591816676415988e+01
8.184400630226546980e+01
8.127069885029615648e+01
8.446210006610037624e+01
8.085400240601526889e+01
8.394660092356409109e+01
8.631736167482276301e+01
8.003999965132113914e+01
8.425357123307460938e+01
7.817902269268977022e+01
8.175544852059087475e+01
8.384487932446447189e+01
7.682593840903197702e+01
8.091973714645371274e+01
8.296569057454983920e+01
8.146683361047642791e+01
7.795353505021830642e+01
8.061923978005341951e+01
8.116292651172352635e+01
8.185411868479519626e+01
7.748470013447978033e+01
7.895595190056522483e+01
8.092963516822865699e+01
7.812089553949466847e+01
8.043595430418612580e+01
8.177189633949639358e+01
7.931581919782625789e+01
8.051638494785520095e+01
8.255882371006204323e+01
8.262998683056200377e+01
7.698770619021658490e+01
7.987509770323910629e+01
8.025208775347928736e+01
8.125140918345839225e+01
7.526921055660891113e+01
7.924596498030459202e+01
7.905896902914695090e+01
8.004784410132370454e+01
8.302179502302429626e+01
8.200018500552070577e+01
7.821810967276216786e+01
7.863666999858988049e+01
8.176978353862661208e+01
8.034130661667404638e+01
7.835921571090291593e+01
7.975656913947213411e+01
8.178980991809798695e+01
7.834976473776670503e+01
7.877633151210956441e+01
7.904737831723227259e+01
8.203861152357865194e+01
7.832793104452629507e+01
8.165171074464892342e+01
8.311704857713871775e+01
7.538917985532197008e+01
7.933798935450077749e+01
8.213282133309868982e+01
7.862273887085346757e+01
7.870574911376237992e+01
8.211542794157705316e+01
7.780130489513135217e+01
8.127356526328571817e+01
7.406647713987948123e+01
7.833629823011386861e+01
8.076831827057964119e+01
7.538939669658614662e+01
7.876794383573870562e+01
7.974076332205952156e+01
7.847019006285808018e+01
7.738802011662369296e+01
8.053342813760752961e+01
7.854307632778781567e+01
8.001125554564544018e+01
8.206265073604237159e+01
7.615926150842439313e+01
7.971950726217352212e+01
7.356881945613601204e+01
7.585853516423874510e+01
7.740443146228544435e+01
7.889250913035353108e+01
8.034564837270211513e+01
8.107337959214849832e+01
7.621889329452670836e+01
7.812292080153923735e+01
7.887324533769390200e+01
8.081417917189291700e+01
7.427300208000873738e+01
7.689126147650746645e+01
7.710557833008193995e+01
7.950810114891631031e+01
7.420018600245319362e+01
7.681682845198784548e+01
7.661135994073059408e+01
7.824759151159047121e+01
8.055468281334219682e+01
7.944306590668955437e+01
7.577768460252852378e+01
7.598278440374406273e+01
7.892346541434842777e+01
7.766377732432965786e+01
7.599424036149703454e+01
7.523450826927356161e+01
7.801969623337876669e+01
7.689704073272581297e+01
7.443034072120184419e+01
7.573452059142438486e+01
7.816779524436454096e+01
7.522157621434152475e+01
7.409814574900234163e+01
7.481288729007485472e+01
7.767974815977353842e+01
7.413262934760298606e+01
7.766625539540724787e+01
7.967103713487789207e+01
7.264218313122761117e+01
7.632870798326739248e+01
7.889377233133602374e+01
7.446161623138583252e+01
7.503564943119903319e+01
7.814293626465810405e+01
7.427601509441413441e+01
7.673855802491077327e+01
7.204318246618892374e+01
7.502133686174173022e+01
7.481052350851220467e+01
7.378842150807308542e+01
7.651876203229271312e+01
7.708168446372276605e+01
7.240379557211333861e+01
7.438929526026961980e+01
7.645868729363709804e+01
7.438323258952127048e+01
7.424329969938230533e+01
7.021398764016308292e+01
7.197350520104997429e+01
7.385561169537231763e+01
7.121117860417982115e+01
7.324503774897978303e+01
7.450695029578547235e+01
7.405867790621576319e+01
6.903101367394370413e+01
7.148026386930766307e+01
7.297264702781839674e+01
7.319708568250965186e+01
7.542300190628274947e+01
7.544919565780917026e+01
7.029531815178468435e+01
7.145301801473961234e+01
7.391977955043213910e+01
7.350137419934576144e+01
7.071612164495132902e+01
7.121017531057195527e+01
7.397273148803699883e+01
7.293328642076204460e+01
6.835276176632342526e+01
7.221033445895270120e+01
7.059169942124911756e+01
7.339785845511747198e+01
7.317684730293129292e+01
7.547919793798918420e+01
6.904283700204437935e+01
7.204718805718425756e+01
7.438079459500207236e+01
7.178967223067610348e+01
7.030992034275972458e+01
7.193753592100655680e+01
7.224984314974616950e+01
7.108026178712178478e+01
7.000101892267517201e+01
7.345490929250387069e+01
6.997555534144916578e+01
7.228920388960293053e+01
7.495902453595616066e+01
7.018060466591070679e+01
7.297879929419734424e+01
6.593198821569660595e+01
6.942392360702288556e+01
7.187256803508455505e+01
6.738073646147277884e+01
7.048093127900582999e+01
7.079702499083032308e+01
7.129016196273069284e+01
6.572041423582804498e+01
6.939102055978594308e+01
7.044380395219069158e+01
6.902913945675565799e+01
7.065153668030477263e+01
7.278905794242106708e+01
6.528659939085085284e+01
6.911148915599260079e+01
7.027430642553555629e+01
7.157973763226728181e+01
6.582196507319609680e+01
6.801904467072017724e+01
6.933438999136060943e+01
7.049817807425914395e+01
6.468227399699351565e+01
6.681549169351565354e+01
6.845432718432877550e+01
6.929001179168065505e+01
7.136091102195346991e+01
7.177829817398972523e+01
6.570625436200700165e+01
6.726087611173720404e+01
6.977474323905602205e+01
6.948012095914823760e+01
7.095785406765530468e+01
7.055882536709046349e+01
7.305675893535043031e+01
6.669706753252414444e+01
6.939354476467626398e+01
7.109785287573923540e+01
6.921039142159760615e+01
6.732330029959807405e+01
6.663301865200124041e+01
6.970294406795606790e+01
6.924166094803237570e+01
6.698200702123698136e+01
7.015432679410839967e+01
6.761157906836837128e+01
7.075330146963197819e+01
6.355446510973919771e+01
6.800190716138570224e+01
7.012701542979908709e+01
6.628162488453827450e+01
6.973040532532345992e+01
7.195574104319216246e+01
6.438977322030568473e+01
6.917993527295229228e+01
7.195750541770452458e+01
6.620717202951240665e+01
7.009306271450272163e+01
7.246279564197460843e+01
6.496649027566462564e+01
7.038184769941975105e+01
6.411958205660319265e+01
6.827139904811038207e+01
6.897382380630359933e+01
6.638310822763084218e+01
6.933509719577885733e+01
6.974780713118458664e+01
6.778436963082715749e+01
6.887246684223313764e+01
7.174206063513815934e+01
6.458998684705824189e+01
6.908372494013649145e+01
6.977455514203329301e+01
7.190512774506650828e+01
6.595182955849959683e+01
6.826819258457959450e+01
6.993237577047305820e+01
7.122127261286071587e+01
6.644976856256316466e+01
6.880026772172043081e+01
7.009364410073007434e+01
6.939344360491850239e+01
6.977545133574514580e+01
7.219745076017498775e+01
7.042057230155558045e+01
6.717693858046604305e+01
6.823395261827106140e+01
7.085293296224736537e+01
7.082175207376747039e+01
6.578419322445814998e+01
6.981109221132065557e+01
6.955203679812025541e+01
7.187186661471700688e+01
7.402373453814836068e+01
7.213322278856628600e+01
6.915554650857752961e+01
6.878079863994413756e+01
7.231358729655897832e+01
7.079652925460250401e+01
6.862354124411569956e+01
6.753713866821388478e+01
7.127716513460831038e+01
7.132454217806764518e+01
6.821575983224894912e+01
7.260489488903620270e+01
6.992031994329103384e+01
7.301622703268155590e+01
6.795108511797779727e+01
7.202643606782591235e+01
7.445785346369441982e+01
6.593854329876128872e+01
7.115737373315492675e+01
7.417331556500118950e+01
6.954319063132116696e+01
7.070930959320573095e+01
7.430577397594915112e+01
7.021185260316532606e+01
7.155989831743154639e+01
7.493685567417635696e+01
7.261951762333788452e+01
7.411501172935096804e+01
6.947037961536933892e+01
7.240417682795751375e+01
7.324626001215200688e+01
6.988213309392263284e+01
7.266002211853381709e+01
7.414203401871756682e+01
7.438188581511759878e+01
6.919561476837009195e+01
7.192976873893246648e+01
7.334170729387284382e+01
7.342177561000812602e+01
6.871942475304152254e+01
7.180738917013310640e+01
7.334455966096135171e+01
7.386238222379979845e+01
7.546008467045921009e+01
7.710302166808440916e+01
7.016212360119800451e+01
7.346832289586249942e+01
7.412999140281100097e+01
7.657541637990989614e+01
7.019012746289251936e+01
7.425172206423249577e+01
7.425185254608099683e+01
7.632869833836774376e+01
7.789960471704632994e+01
7.523782813710161577e+01
7.803566808697345891e+01
7.097834991726283249e+01
7.532077440052216843e+01
7.419222601266889683e+01
7.732796844795056757e+01
7.065451110290227632e+01
7.477916159912189187e+01
7.413040300734917309e+01
7.714149950187965032e+01
8.025390350967400366e+01
7.594267905930313134e+01
7.721204623410666557e+01
7.789799643067341606e+01
8.023872459027658977e+01
7.270899863680186570e+01
7.719516209218502922e+01
8.068488051533090299e+01
7.656679001268614115e+01
7.674086880467899618e+01
8.035288414583747851e+01
7.604046877112509151e+01
7.962418567395644686e+01
7.384031956578613176e+01
7.768688120111157502e+01
8.036943333177644888e+01
7.330015684224602523e+01
7.746023874788421892e+01
8.021059049579676525e+01
7.458674123196533401e+01
7.888464792622501420e+01
8.109300065877984309e+01
7.580612777140144942e+01
8.007843144415875258e+01
7.344220247007847036e+01
7.713347031938089060e+01
7.905816018711342963e+01
7.388400864624479425e+01
7.804402546642222660e+01
7.920709552229058659e+01
8.006536048141855133e+01
7.455008978527183672e+01
7.703398721972824603e+01
7.939898837641250395e+01
7.471781426143019189e+01
7.726762238761327239e+01
7.952401031873195336e+01
7.977680046271278513e+01
7.475543139420365435e+01
7.722313453337383748e+01
7.998502172908713703e+01
8.021051957908933616e+01
8.347158018348399366e+01
8.214073538905171290e+01
7.718983242858139704e+01
7.863360612215039680e+01
8.202960526991608958e+01
8.124907352258647109e+01
7.737124085351730685e+01
7.819723652946737502e+01
8.192258483113158718e+01
8.070577265915839860e+01
7.765678867498145621e+01
7.828501593341059106e+01
8.217198043290984799e+01
8.031065842624047946e+01
7.770149372779012253e+01
7.971861063872181319e+01
8.232095058073967664e+01
7.806196138583305810e+01
8.194003876584956458e+01
8.525867384534350890e+01
7.800159298344971148e+01
8.162587849671571405e+01
8.454236579656844697e+01
8.079331214575111630e+01
8.080113005719401542e+01
8.404436185394604308e+01
8.026078653340130131e+01
8.346823541503776767e+01
7.803647488034872026e+01
8.184716216598727101e+01
8.398164402795819683e+01
7.848676244107690536e+01
8.218923794002951411e+01
8.401267054862191230e+01
7.960638497658533197e+01
8.103388131167181996e+01
8.434510002458813460e+01
8.150336907103698536e+01
8.357080017297582231e+01
8.637535632159415400e+01
8.116279749673911681e+01
8.357276095058246312e+01
7.858157116662088981e+01
8.134919992886678131e+01
8.360654469775050757e+01
7.985678904167576775e+01
8.314194694138365094e+01
8.483875393520617081e+01
8.343206139905073826e+01
8.123613001222345531e+01
8.336553341466338907e+01
8.601496912676934414e+01
8.084352404624073074e+01
8.370186475844680274e+01
8.454424978713264238e+01
8.617641094653025391e+01
7.989825061441779042e+01
8.325295593159003715e+01
8.356345768636685989e+01
8.619021796462619989e+01
8.668669773395954792e+01
8.863088910040147539e+01
8.289431132945087199e+01
8.400639217010247251e+01
8.776400020246074973e+01
8.553301517671300758e+01
8.228931379654943612e+01
8.305222122177787014e+01
8.651122735345963122e+01
8.515860871888696693e+01
8.280492405864308125e+01
8.359463240721444777e+01
8.721781638588696239e+01
8.524436346215613014e+01
8.905415600926772868e+01
8.866219167071702145e+01
8.545331720158833377e+01
8.479540714166424209e+01
8.580203185424311130e+01
8.930898261740010469e+01
8.537315272980517022e+01
8.939310643005465806e+01
8.975038128263520321e+01
8.619131024667203178e+01
8.716942187459203240e+01
9.028647289330150727e+01
8.595201527887586224e+01
8.766555201518515616e+01
8.357238432468018630e+01
8.736777466525836644e+01
8.819871292890660186e+01
8.362126792327424596e+01
8.751316888495337309e+01
8.857683981383100047e+01
8.449604134535320554e+01
8.796886009948281071e+01
9.046214716800274402e+01
8.540161065710930188e+01
8.969061836707500390e+01
9.186298993146769476e+01
8.677011449581350178e+01
9.008737370464523053e+01
8.415997251576449401e+01
8.717464118871032497e+01
8.943465454027051464e+01
8.665160170501502535e+01
8.906721792466252907e+01
9.151203613751269472e+01
8.903585593173181678e+01
9.307509817098318194e+01
9.369516120320879793e+01
8.760630603804381167e+01
9.158828648665677008e+01
9.195469162715070865e+01
9.467568534847025319e+01
8.801236677243095130e+01
8.943050447987479856e+01
9.346399581041228544e+01
9.195055059151673049e+01
8.784286074012946699e+01
8.932434139653494753e+01
9.304355603520760098e+01
9.207875176670557948e+01
8.815690163374974020e+01
8.916147217844068962e+01
9.303846458819167253e+01
9.151237007747171504e+01
9.526155049458607493e+01
9.396781521198131770e+01
9.242576543218692109e+01
9.047223491589659261e+01
9.248486898608692286e+01
9.532234692226461448e+01
8.890189326429879202e+01
9.346339932831284614e+01
9.707762907990685619e+01
9.232024737424812599e+01
9.520870246049936725e+01
9.798664312963640555e+01
9.106690141140686023e+01
9.584479219032313324e+01
8.969372478283835903e+01
9.417494174626862957e+01
9.740542227027850686e+01
8.962803153931118061e+01
9.471292206419923332e+01
9.781966721705789780e+01
9.117059273133376962e+01
9.576747077069839520e+01
9.847636260133856467e+01
9.179193457689613922e+01
9.618410505104229458e+01
9.829091563131203202e+01
9.355709154003672268e+01
9.719285676311726263e+01
9.956657639463901432e+01
9.508229358489674610e+01
9.910226918939774521e+01
9.252548994834741336e+01
9.627732359933867201e+01
9.886645544195924629e+01
9.348787174010732315e+01
9.710960613885389137e+01
9.955878841650213928e+01
9.725123899875927691e+01
9.699211390201304539e+01
9.861843846252190815e+01
1.020833809394511604e+02
9.539426296184302601e+01
9.806812855845622323e+01
1.013353143408895676e+02
9.868410780787213810e+01
9.674048795316726057e+01
1.017843674013874988e+02
1.009370116237018351e+02
9.651407608152680950e+01
9.792448998540081107e+01
1.017994200450981594e+02
1.007122168335113344e+02
9.722421339732893841e+01
9.799410333054169087e+01
1.027232569776163729e+02
9.798913133902851769e+01
1.037909700932185757e+02
1.012358971873112097e+02
1.002171832937530382e+02
9.888153498340732028e+01
1.035880489038355137e+02
1.016633408142168662e+02
1.010657655575106162e+02
9.905829137558365005e+01
1.036654080224957113e+02
1.011331872347334553e+02
1.022031152649960575e+02
1.064544100751506761e+02
1.029296834767622499e+02
1.033799557964963185e+02
9.915948095880025903e+01
1.041805828277564530e+02
1.040698166529886066e+02
9.970130207566067781e+01
1.033028021143676796e+02
1.064809379582681572e+02
1.003998435331098023e+02
1.042798458305600775e+02
1.073671922056425387e+02
1.016291960265003951e+02
1.054289336855871682e+02
1.082382682432953942e+02
1.027139889208941099e+02
1.062727483482189683e+02
1.002477263367358944e+02
1.040475256725194271e+02
1.065511657178551985e+02
1.004598484589349709e+02
1.048792907989850391e+02
1.072311647005981570e+02
1.024620835342318657e+02
1.061896839520615998e+02
1.096603229353886064e+02
1.035375916303021171e+02
1.079705765891458924e+02
1.009919865870306950e+02
1.055039769033810302e+02
1.071696086064135898e+02
1.023595208519492559e+02
1.050226902257671497e+02
1.087620545253030429e+02
1.083050033953874731e+02
1.033765563024426655e+02
1.079756027278614994e+02
1.080370260558277380e+02
1.069606471707352284e+02
1.118590713644132819e+02
1.103343328249962241e+02
1.072941591497798726e+02
1.076644101689522870e+02
1.126148970321808633e+02
1.067063309760648195e+02
1.127311889786316073e+02
1.121953844168028951e+02
1.108264947771805993e+02
1.095846792818103808e+02
1.078182127422045369e+02
1.084128339905727216e+02
1.131012035303748320e+02
1.095133669628455806e+02
1.143398217933421819e+02
1.103584448008021042e+02
1.130159697077654357e+02
1.052188105768186830e+02
1.108222470240536239e+02
1.149597660328832802e+02
1.090342839742239960e+02
1.144960193539520361e+02
1.159383621250313183e+02
1.121999201266388297e+02
1.133916580674269596e+02
1.163898048533465612e+02
1.123313150828135178e+02
1.150424988369221211e+02
1.182473587514699176e+02
1.128146070258489857e+02
1.168530229488706027e+02
1.102984492785008825e+02
1.153824587823123835e+02
1.180813680266833785e+02
1.116371015370683466e+02
1.161564115069906791e+02
1.192261419624587973e+02
1.133021900461101410e+02
1.173182641497629959e+02
1.208339077427290960e+02
1.141612930441366558e+02
1.190370595493193804e+02
1.208470531720836760e+02
1.174648255573449802e+02
1.206011826682894679e+02
1.156555931841418925e+02
1.183473140677308919e+02
1.225985611946083083e+02
1.153538597912236980e+02
1.194728229577663399e+02
1.232297670478770044e+02
1.165517360963399369e+02
1.219966600368427976e+02
1.225469341506780836e+02
1.198293644169421697e+02
1.212286673443056628e+02
1.263948463371372668e+02
1.206662913661376137e+02
1.271317946527884430e+02
1.191266691757415828e+02
1.254593746702816475e+02
1.241943652883729925e+02
1.224494954207380459e+02
1.223478463660444504e+02
1.281590547431008815e+02
1.210568638432548596e+02
1.266587245424040589e+02
1.298599861484671294e+02
1.227347711097740302e+02
1.282149070375747328e+02
1.224522615019269693e+02
1.281305836418981414e+02
1.255950499915958432e+02
1.263901252521950767e+02
1.283200814197099078e+02
1.315625853501109646e+02
1.242256999348729778e+02
1.297556524408047949e+02
1.336289830835618204e+02
1.266650527879733943e+02
1.316842950170274946e+02
1.354861509771204169e+02
1.288623331821654574e+02
1.335897247895443627e+02
1.276027353056642824e+02
1.325274332388930816e+02
1.342312879378662558e+02
1.282141757872593075e+02
1.331413610337588977e+02
1.362113638364469352e+02
1.297140184153150813e+02
1.349294374473216465e+02
1.379450014781079688e+02
1.318035902883210326e+02
1.370021745670222799e+02
1.398441086337901140e+02
1.345774206219717257e+02
1.383317724375270643e+02
1.335044101544310706e+02
1.370163960421439526e+02
1.421360215113110996e+02
1.341782012954317906e+02
1.409549268334786802e+02
1.411122620554246794e+02
1.370380491346348890e+02
1.396177344324837861e+02
1.459514924249378964e+02
1.374569435680145375e+02
1.447669090033398049e+02
1.438565783339667519e+02
1.431186826052760352e+02
1.441892796343996110e+02
1.412451893549889803e+02
1.440398386840790010e+02
1.486575738959612067e+02
1.407593024190252322e+02
1.469496274017836015e+02
1.467021637462438832e+02
1.454913893028083862e+02
1.456125021532790527e+02
1.518349614714825009e+02
