0.000000000000000000e+00
5.012514523706175140e+01
-2.241786198849817069e+01
1.793915482409252249e+01
-1.366470213662890210e+01
1.603061111290854157e+01
-9.888707895171565454e+00
8.106692341624551545e+00
-7.738265977933353135e+00
6.106646352850478188e+00
-5.790639448122653077e-01
2.567985447347906347e-01
-2.004328558935022819e+00
3.388071228941261115e+00
-1.577141164965266240e+00
2.745581439174389349e+00
-1.476780899666124247e+00
2.467895412334661920e+00
-1.190208156416407537e+00
2.416529680987486550e+00
-8.744879801598092195e-01
2.453915503098342832e+00
-6.968641558723938090e-01
2.709206511470773737e+00
-5.180997267231661763e-01
2.972024604824411664e+00
-3.439867061330506570e-01
3.258108974821512405e+00
-1.317305325843017572e-01
3.564193861792559481e+00
1.011334125931513811e-01
3.887201291864250230e+00
3.584889813090076927e-01
4.224623177345924852e+00
6.344736330439287864e-01
4.574772554842811978e+00
9.288655221633753678e-01
4.936077218754945761e+00
1.239064747196477967e+00
5.307185598199145815e+00
1.563927447568759899e+00
5.686796979726516987e+00
1.901729739394208973e+00
6.073721881679029266e+00
9.076852231721717956e+00
1.071903440267371010e+01
7.706276061475782591e+00
1.143548407339181416e+01
7.962076749615598636e+00
1.193282382446215095e+01
8.514865883356447895e+00
1.238495321205909150e+01
8.993752900492918201e+00
1.281291829485637912e+01
9.424154636038863941e+00
1.323813796605188564e+01
9.865225150142736155e+00
1.365242833059794592e+01
1.029229056241684148e+01
1.405829565524188851e+01
1.071462126384474267e+01
1.445306738454708295e+01
1.112606721204276106e+01
1.483656948470924419e+01
1.152782597589228608e+01
1.520795832179904394e+01
1.191830934558538502e+01
1.556746667118485128e+01
1.229814101477352573e+01
1.591558326200334861e+01
1.266768776543558772e+01
1.625329351022641333e+01
1.302805798182293628e+01
1.658165671792362872e+01
1.338025676559735011e+01
1.690172186341752436e+01
2.094257406686960366e+01
2.004403972450989002e+01
2.240481949301877762e+01
1.880226634668206742e+01
2.351908654521873743e+01
1.925709371805322334e+01
2.386174393897815094e+01
1.959452586062965551e+01
2.422741226589499774e+01
1.994017494754174891e+01
2.455374590993371697e+01
2.025722722474070636e+01
2.486870252231164358e+01
2.056096330393071270e+01
2.516302235730117332e+01
2.084712589917416281e+01
2.544144363914287155e+01
2.111818550409118345e+01
2.569961139338855105e+01
2.137413053760306525e+01
2.592479162324645969e+01
2.161625908438637111e+01
2.568439971083824247e+01
2.855577317358366685e+01
3.050340292390052710e+01
2.794662112109986296e+01
3.258287804036214652e+01
2.832434451356777316e+01
3.211620382654411543e+01
2.830847962217647762e+01
3.275800221901204168e+01
2.844577094444230525e+01
3.226947555307681625e+01
2.855728721642192625e+01
3.235658502379182977e+01
2.869348247452300882e+01
3.240956454569168699e+01
2.881346114609115716e+01
3.246836394858534902e+01
2.893276275913508400e+01
3.250731666144167065e+01
3.559311687325159568e+01
3.751182227360631316e+01
3.554002397897675536e+01
3.875995960266709517e+01
3.567829089410524546e+01
3.869898043269810017e+01
3.580068860937659991e+01
3.860241843182308230e+01
3.553978766181900539e+01
3.858996138297960954e+01
3.535774950960497875e+01
3.865275402199263510e+01
3.556545701248195002e+01
3.865729559844876917e+01
3.535164091511571627e+01
3.860344702354797164e+01
4.177953205093042754e+01
4.342520294818834259e+01
4.083992921940723164e+01
4.223166862991849513e+01
4.046067043808393038e+01
4.351390766953283418e+01
3.982430690981608024e+01
4.445113738776498025e+01
3.917412542648236240e+01
4.375911289927670111e+01
3.930105271783728682e+01
4.301649839825640242e+01
3.816946079548529269e+01
4.308389266603363410e+01
4.674323951981660485e+01
4.671808471319872780e+01
4.547099397051451319e+01
4.645334164440143354e+01
4.515223935415225753e+01
4.617168323225997284e+01
4.513658177909593405e+01
4.583492179759588225e+01
4.477088068354835571e+01
4.547892686347850599e+01
4.438638319784763553e+01
4.510071283038362822e+01
4.398090112905356364e+01
4.462478610915893995e+01
5.065019952159005356e+01
4.502187104460777789e+01
5.204702070736603758e+01
4.481200313449954109e+01
5.130757193370719449e+01
4.392113951545641015e+01
5.026986031378083908e+01
4.441550759766607825e+01
5.032933365960312955e+01
4.362033874492028218e+01
4.969526942797102009e+01
4.353523541208200243e+01
5.004043312732131454e+01
5.279606158606757305e+01
5.028654898453603295e+01
5.409838506125920787e+01
4.743101481619714122e+01
5.332234768864905305e+01
4.686980953060483301e+01
5.316587512042689667e+01
4.624050868962562078e+01
5.248562014952573662e+01
4.649970437385782418e+01
5.221127070351568733e+01
5.615151195550438956e+01
5.145763037975990528e+01
5.642295683568966069e+01
4.950668158625226312e+01
5.541301955166814253e+01
4.898364440910407325e+01
5.476049989372636873e+01
4.900999963150246685e+01
5.428668165043718830e+01
4.772962313017360714e+01
5.343267017939626840e+01
5.715334395159302261e+01
5.320334779957921256e+01
5.720973494593382469e+01
5.097438499254339916e+01
5.647749165549000594e+01
5.016807611465748096e+01
5.557695381873914187e+01
5.034638227674577848e+01
5.506857229266948650e+01
4.857608078049641875e+01
5.396255080832806073e+01
5.751631162253976726e+01
5.310206604123889917e+01
5.768735215874528421e+01
5.138043563248680812e+01
5.655000402164457540e+01
4.979217616531165902e+01
5.550040186704556078e+01
5.036819854291032073e+01
5.487853234221887533e+01
4.796102931971388017e+01
5.369768110448054443e+01
5.707080293176336738e+01
5.190360453483121717e+01
5.734611330264287687e+01
5.158591282721460658e+01
5.625976289395513419e+01
5.076744870049170544e+01
5.522903788368435585e+01
4.890539181729396034e+01
5.404060438769648300e+01
5.708539542794871835e+01
5.466634365787079020e+01
5.736700168956498658e+01
5.179460915562373913e+01
5.716010909734197298e+01
5.086711857183807695e+01
5.560105006379575343e+01
4.931425039726425297e+01
5.412926541846213269e+01
5.682744117621729174e+01
5.599322795795181662e+01
5.482028255137128525e+01
5.715128135534129683e+01
5.337529256554908130e+01
5.533402149115399027e+01
5.180282179698590284e+01
5.377511177408593568e+01
5.048695970698608448e+01
5.208747270852325784e+01
5.519477422584454729e+01
5.641924744914210521e+01
5.297469627933168823e+01
5.494744787069974024e+01
5.158229457753505187e+01
5.367863558511803745e+01
5.019769655683801091e+01
5.218487216647078242e+01
4.859928540798254915e+01
5.163667334510152784e+01
5.292931794485240715e+01
5.488944795282285583e+01
5.082479351504817799e+01
5.364531206559357912e+01
4.919904378237568920e+01
5.199748199531958903e+01
4.758677966075276089e+01
5.014664800829439173e+01
5.255351103360421661e+01
5.422802256221856254e+01
5.140064220046466659e+01
5.388327783676537308e+01
4.824532351792466045e+01
5.188699620688120007e+01
4.681300241694832920e+01
4.988652836423683112e+01
5.168025278061673333e+01
5.351051651065009906e+01
4.871963394156863103e+01
5.156659370381343166e+01
4.681741525788412872e+01
4.984962800298403351e+01
4.570721176395327490e+01
4.830641415804304728e+01
5.042426291056524690e+01
5.177619358024841034e+01
4.942421804014039566e+01
5.110750436369141880e+01
4.574810195820963088e+01
4.867041125975895000e+01
4.550312762934377986e+01
4.725956023785335702e+01
4.973683167961733886e+01
5.047065237590858544e+01
4.863162929930508938e+01
4.953602543203550823e+01
4.598380149392292537e+01
4.735864621825479759e+01
4.497785194472614023e+01
4.606760230914748888e+01
4.911453392683906571e+01
4.899493622238734503e+01
4.692564257734991173e+01
4.727411673210361442e+01
4.606874509623685299e+01
4.627905855738341501e+01
4.366793829384678816e+01
4.407319063105695989e+01
4.760156538423169081e+01
4.681441649106099590e+01
4.614605224500107283e+01
4.582739238557405770e+01
4.411988140741446784e+01
4.383381635075698313e+01
4.349959985907955939e+01
4.297762622379878650e+01
4.672560869733048605e+01
4.604075863423204851e+01
4.437778701541377302e+01
4.357681190737527999e+01
4.475079956894450817e+01
4.306457586923813352e+01
4.151041946925727188e+01
4.063457124890936711e+01
4.460918583228757939e+01
4.497946387514887334e+01
4.181613206696514595e+01
4.109805233568405924e+01
4.307196622871478553e+01
3.985281186576155221e+01
4.078150744272388550e+01
4.380121783609627784e+01
4.265004121632191669e+01
4.268608249637397023e+01
4.082892597828788439e+01
4.152104978455527373e+01
3.953564412304243803e+01
3.895740662903381235e+01
4.231248276008290787e+01
4.066910899684583569e+01
4.346063153969775783e+01
3.782606343014604278e+01
4.189453900292316035e+01
3.534605003214053909e+01
3.979998860539524941e+01
3.428707304757089958e+01
3.841824338307773701e+01
4.118609668816398539e+01
3.723271366525192860e+01
4.099640721249256359e+01
3.368498236792045475e+01
3.904185042623608126e+01
4.181890835175263277e+01
3.728756810893167994e+01
4.127846768960661450e+01
3.439154624249134429e+01
3.931544980931426636e+01
3.134227620634996114e+01
3.698475796641298530e+01
3.946683789182738167e+01
3.915338453934383978e+01
3.715934111192404288e+01
3.939921071307247047e+01
3.353422335975114521e+01
3.778870625890510127e+01
3.069758534458395616e+01
3.513131251427989099e+01
3.755203494578885426e+01
3.751971464985687987e+01
3.462790737842125566e+01
3.704931351232778525e+01
3.047536951195706578e+01
3.431304542383499978e+01
3.597185318775279939e+01
3.753973651272292500e+01
3.512370706128580622e+01
3.679753036355570117e+01
3.263718528241643213e+01
3.442796720753147355e+01
3.042632246879732349e+01
3.201374125808677462e+01
3.434877369007205772e+01
3.543438955574535498e+01
3.387432311670831808e+01
3.445582327976585901e+01
3.003347529953442674e+01
3.203604104079897041e+01
3.393205910964954342e+01
3.551955412349996521e+01
3.426797154137386059e+01
3.260276134364326595e+01
3.281541022742656821e+01
2.955737849830453357e+01
3.166613260706192534e+01
3.352549715801421115e+01
3.471376790856232475e+01
3.102116740546088991e+01
3.280752601037536209e+01
2.908536491425808990e+01
3.108097860052765427e+01
3.335292450466112513e+01
3.407679881688168422e+01
3.262563548438165384e+01
3.346177674508549416e+01
2.951340364972990926e+01
3.091765881774835378e+01
3.375083011420874612e+01
3.378056563883395569e+01
3.308511780009029479e+01
3.336298557550160382e+01
3.049061748877767641e+01
3.090148094028031878e+01
2.913698605846628809e+01
3.156329776049149416e+01
3.152709922111839802e+01
3.483225426815813819e+01
2.736070248682237249e+01
3.255808983506206999e+01
2.686664899361437620e+01
3.153751145191033700e+01
3.139406714128655551e+01
3.478245743658582967e+01
2.712947106179259293e+01
3.283437898933082266e+01
2.677000210102731259e+01
3.184927377491309386e+01
3.346683552621909286e+01
3.212744471923848266e+01
3.366331439611388276e+01
2.991446511030753186e+01
3.281112206939700826e+01
3.519323037253455055e+01
3.381912147166434579e+01
3.283799570936128021e+01
3.170642180514106556e+01
3.217954287601097008e+01
3.078301778593634808e+01
3.383526061058651635e+01
3.562428108979640484e+01
3.078409931792225862e+01
3.452351148159822003e+01
2.923382960715406043e+01
3.271354126940303786e+01
3.570703388898550656e+01
3.494492437105815696e+01
3.433098648557180610e+01
3.222004562126134175e+01
3.225932754706379058e+01
3.012851264130732787e+01
3.393897745198503912e+01
3.502002481319964744e+01
3.406748481986139154e+01
3.411230811412006148e+01
3.167947057273571687e+01
3.274433645804022319e+01
3.629445108400557274e+01
3.539580928464018683e+01
3.593686259599881083e+01
3.300824104959220051e+01
3.404762594541337961e+01
3.095398074183829351e+01
3.456260061383309790e+01
3.443183917019815965e+01
3.709012425458555384e+01
3.253133537610580817e+01
3.609346525773879932e+01
2.891675759994101469e+01
3.324875773128113821e+01
3.563445241336439295e+01
3.659130867357603023e+01
3.298086456056308435e+01
3.507492614254125840e+01
3.126021463728399752e+01
3.408713670392599937e+01
3.559766157900233452e+01
3.710774851311835931e+01
3.380052095769534759e+01
3.595985882028922731e+01
3.170830120506881755e+01
3.489784952217470249e+01
3.657788500752343452e+01
3.776872404923034310e+01
3.482913212649966539e+01
3.721348900748758837e+01
3.216358776485041915e+01
3.540317103273353894e+01
3.714007936480225425e+01
3.917932232815845595e+01
3.358410699582062620e+01
3.679681607310489966e+01
3.852024326630429840e+01
4.066784047425294091e+01
3.944722255540199285e+01
3.823604892256076226e+01
3.901991409469043504e+01
3.439686454099363999e+01
3.704348443717876194e+01
3.942300266246659390e+01
4.036944649803443497e+01
3.736895000556957314e+01
3.884092307571016534e+01
4.157198853368036850e+01
4.206828587525662755e+01
4.054697752679344092e+01
4.129953157130362484e+01
3.793315657983699651e+01
3.943628437715684498e+01
4.252616313009875171e+01
4.307866545072271691e+01
4.044540466798444101e+01
4.095825021223785001e+01
4.174952275333034635e+01
3.840123510437545207e+01
4.233871954825883677e+01
4.365377494626961408e+01
4.208795133452396442e+01
4.222435936663381284e+01
4.013444127554593166e+01
4.414358763411788544e+01
4.299484910268824223e+01
4.669699208789435829e+01
4.045254800198769374e+01
4.490666682959975731e+01
4.781591905098230200e+01
4.559013777742783446e+01
4.584049106292315656e+01
4.470437997488907200e+01
4.366355464033343026e+01
4.270045497654285782e+01
4.669615527910129060e+01
4.867595785785731977e+01
4.291520871108491519e+01
4.775175388486554340e+01
4.066169295767375758e+01
4.572842138886208829e+01
4.901968969075588944e+01
4.530408501584468439e+01
4.693793956246155119e+01
4.581555283819943014e+01
4.548098676913486571e+01
4.865236813693552875e+01
4.947498078619869233e+01
4.700774803189961659e+01
4.822175418258329671e+01
4.557743755734455959e+01
4.879166903696692970e+01
5.014374656748584869e+01
5.003486447725341435e+01
4.738937672549798918e+01
4.685907683699120696e+01
4.999287480689054775e+01
5.082782015589585711e+01
5.159768308547496218e+01
4.702544806850445980e+01
5.055694827436609984e+01
4.536822790830531460e+01
4.957002617857295235e+01
5.013188752893859856e+01
5.297529222791144576e+01
4.718945673229686832e+01
5.099149313094380176e+01
5.237856646623026080e+01
5.452363739462645498e+01
4.785830023910541797e+01
5.261178160633578216e+01
4.796474855601868370e+01
5.064610849208349919e+01
5.198918130590256226e+01
5.404015460811981342e+01
5.039566986708018703e+01
5.304806417243922567e+01
4.796108805273267706e+01
5.086180849304868445e+01
5.267931658246299520e+01
5.424702298846938930e+01
5.047480392317706333e+01
5.305594620828288299e+01
5.531088150421559391e+01
5.674658378490352817e+01
5.174541413300114812e+01
5.447367392358174953e+01
4.942074585453642044e+01
5.225706744980436014e+01
5.455705503300311676e+01
5.550005002866412696e+01
5.359610876744357455e+01
5.513607805695665576e+01
5.795271895741303325e+01
5.811626211951188736e+01
5.409753399037316512e+01
5.585737014670964129e+01
5.334898782195728728e+01
5.543046096336477291e+01
5.604807834438375380e+01
5.899720088331928736e+01
5.494371599023272523e+01
5.767016751574892197e+01
6.078451862466850741e+01
5.955476013479399455e+01
5.691016190457700219e+01
5.726369041123384562e+01
5.567670671656670578e+01
5.938489643622192204e+01
5.785167041633313545e+01
6.102211024342842904e+01
5.442017603630840483e+01
5.862964849093846453e+01
6.196632711233634438e+01
5.996792494301351439e+01
5.950726355543635293e+01
5.827299087383139664e+01
5.768394458220378596e+01
6.174337598162686902e+01
5.918883342706017459e+01
6.262576753286733577e+01
5.476204326101653663e+01
6.043817476946549760e+01
6.339139278213094997e+01
5.986927068376720484e+01
6.070976440649974393e+01
5.837801324856496876e+01
5.850970398353223345e+01
6.238922623684799618e+01
5.978782260026489581e+01
6.192901406323694147e+01
5.807056848242181246e+01
6.011030496642742804e+01
6.281301113729715269e+01
6.440388325378981449e+01
5.747744414877485752e+01
6.180215762043703620e+01
5.765788390852490863e+01
6.064602001324080760e+01
6.183853848182664592e+01
6.131067439295607358e+01
6.129875301556302247e+01
5.778336088474458876e+01
6.034156493146959832e+01
6.123656801896427027e+01
6.331299282461300493e+01
5.752104272202121393e+01
6.098253104776087241e+01
6.232083940271274969e+01
6.437840473530329177e+01
5.778388071840185347e+01
6.193222750926414477e+01
5.560196836612173854e+01
5.956824157962464028e+01
6.070577471681613702e+01
6.274365977593407706e+01
5.671992219030004634e+01
6.008308803380683116e+01
6.142279333705749877e+01
6.303651314892331925e+01
5.961833571692746858e+01
6.132275961354792315e+01
5.635711890202348684e+01
5.867562304594373046e+01
6.030171388466278160e+01
6.148989581420134698e+01
5.896778267676766916e+01
6.047584604657244256e+01
6.242123153981930272e+01
6.299633477320593045e+01
5.835404368798788255e+01
6.032039483715689698e+01
6.274281807096953401e+01
6.289122573537150629e+01
6.356445367126424628e+01
5.928635480264870949e+01
6.150904006804062618e+01
6.354740619261076517e+01
6.272500030863724874e+01
5.929460258229305225e+01
5.997410312728981552e+01
5.882444615266018673e+01
5.888942100633813226e+01
6.167990225059575238e+01
6.078600814428759236e+01
5.829106223033446099e+01
5.964148961137946969e+01
6.269824509072196150e+01
6.101272052929334677e+01
6.167880003695272251e+01
6.005362863427718167e+01
6.335620708549103597e+01
6.317015151885116353e+01
5.771575809572446047e+01
5.943519987693850481e+01
6.020429358115011098e+01
6.349926116973940537e+01
6.063010158353032608e+01
6.032220556716023196e+01
5.814163914437482816e+01
5.934426625641733466e+01
6.249732809840264736e+01
5.928746405242518591e+01
6.031205931405833809e+01
5.751470433999097764e+01
5.723802693526686625e+01
6.067145950748338379e+01
5.795587299350780341e+01
6.101191522788993638e+01
5.467055914826428165e+01
5.850500190055632999e+01
6.096974076000887521e+01
5.583453054694262363e+01
5.930314129663440781e+01
5.467381024954317326e+01
5.763660797202638264e+01
5.982725132855306782e+01
5.731016376548929259e+01
5.913954630552140657e+01
5.383231166417031233e+01
5.654090431149910501e+01
5.848069763531728427e+01
5.704296218481243841e+01
5.557926939341908223e+01
5.720928343006487893e+01
5.911248768637008766e+01
5.748652894665220003e+01
5.564560170938820249e+01
5.728272743749361240e+01
5.882526152940726405e+01
5.892650249028622511e+01
5.520815123690707082e+01
5.696472983746759411e+01
5.087646610541260372e+01
5.384368929712468343e+01
5.523514751669173961e+01
5.624423798528230378e+01
5.219636574974769161e+01
5.411606518326323823e+01
5.577218603433165356e+01
5.605318226432214601e+01
5.359270877770657648e+01
5.454238583961107878e+01
5.671488694955660037e+01
5.672362436636255723e+01
5.340166632363508370e+01
5.446701715411859368e+01
5.673531732782218029e+01
5.644046422448757028e+01
5.234265319740494959e+01
5.323280684593619583e+01
5.237833517486787116e+01
5.243190479198655396e+01
5.487539418787460477e+01
5.406980902234172248e+01
5.095927852887722054e+01
5.231210948799654403e+01
5.443041794242809317e+01
5.295132937032134635e+01
5.422724621846654003e+01
5.062072715768167797e+01
5.345699450141999876e+01
5.377754956207939330e+01
5.274228116849867831e+01
5.106936287529607910e+01
5.418999051082980145e+01
5.608419888121662211e+01
4.961096565703424233e+01
5.317157007040409411e+01
4.852900381837375221e+01
5.189968002480922848e+01
5.428002295905226049e+01
4.912986943261987705e+01
5.268262370229120251e+01
5.507728926006665660e+01
4.961380655246433946e+01
5.353476033015243729e+01
4.552455995770944241e+01
5.043987547627015999e+01
5.278241256219204303e+01
5.060990113764407283e+01
5.144079425183254273e+01
4.822971068276181228e+01
4.785411284950671984e+01
5.022626931727102573e+01
5.223280869616760924e+01
4.765730507125999083e+01
4.898935482759274151e+01
5.113808063495608280e+01
5.263229169540172592e+01
4.481391660319705750e+01
4.934237118855704551e+01
5.113262952693365548e+01
5.157224430919552560e+01
4.769117736682918007e+01
4.940903843994362887e+01
4.461258320989348647e+01
4.582176761614783089e+01
4.755594011827543710e+01
4.845531977032431570e+01
4.578951252891500445e+01
4.753649247342130479e+01
4.870046873938598253e+01
4.980417949383043918e+01
4.501804041737888440e+01
4.676014842377936276e+01
4.761505789545994105e+01
4.906534557111692862e+01
4.701086276427352573e+01
4.661851331894902728e+01
4.789151085350560066e+01
4.934079530672851632e+01
4.848366086700745825e+01
4.346153877916950847e+01
4.519356018609900616e+01
4.681974973194480327e+01
4.724489749714635423e+01
4.672286418766827154e+01
4.631495723096389128e+01
4.859637348275742852e+01
4.840837137251367750e+01
4.472918901488981902e+01
4.547620136774024502e+01
4.785032481129556459e+01
4.737998217793415989e+01
4.828937154150310107e+01
4.539509926768455017e+01
4.562045650000933250e+01
4.555297982372159282e+01
4.838557173191892247e+01
4.567008092417613341e+01
4.556336038803476640e+01
4.736658078258007976e+01
4.668164001056739920e+01
4.776034494698610189e+01
4.577506979521481867e+01
4.311527154556672059e+01
4.688261713304110145e+01
4.457080406202687328e+01
4.785975609473058512e+01
4.197239933965212799e+01
4.532752967295850510e+01
4.787994096517503095e+01
4.502378146230528699e+01
4.534586018493382653e+01
4.880672848616407578e+01
4.592111600002760952e+01
4.697344335516921632e+01
4.451177193472445026e+01
4.362818757805239755e+01
4.732801276127918300e+01
4.565926241093600169e+01
4.780219617244652852e+01
4.221918896122078735e+01
4.491501878353768262e+01
4.724653231158015387e+01
4.801274970562358391e+01
4.252901956650529769e+01
4.631065256197556579e+01
4.715012009803409399e+01
4.881001981856359606e+01
4.068243487400382463e+01
4.575527883339388069e+01
4.769344856103542440e+01
4.808675636094817918e+01
4.408541101451111643e+01
4.653556059596165539e+01
4.809466352594024130e+01
4.875259744577019205e+01
4.516943648494370223e+01
4.717164064512594024e+01
4.863817395668225174e+01
4.989145476290565995e+01
4.537365483554273027e+01
4.765844006595668958e+01
4.860855460344629364e+01
5.020453050772714221e+01
4.714873724620824902e+01
4.940741434622920991e+01
4.355096918445988763e+01
4.603100573795384065e+01
4.720163731420516484e+01
4.882514854832835738e+01
4.511737867850402495e+01
4.779731196723055575e+01
4.842406695565987462e+01
5.022631370219241376e+01
4.433366790398662971e+01
4.771845383012960440e+01
4.793617409791819028e+01
5.037010255653194690e+01
4.800602131797997885e+01
5.096540806636794230e+01
5.042242008202831016e+01
4.928296468387819118e+01
4.909670973084870838e+01
4.554031861423401750e+01
4.637976784956420317e+01
4.918431631812646998e+01
4.827414537985672638e+01
5.021893684400359348e+01
5.302310602410084783e+01
5.089981429957783376e+01
4.979723623477533323e+01
4.875167673239531752e+01
5.215911237652115062e+01
5.313953534695777847e+01
4.688862485632810007e+01
5.197680250046078498e+01
5.467081330006761419e+01
5.150711559894446623e+01
5.132793182015716837e+01
4.928237415431304669e+01
4.934873119063168900e+01
5.289746646523155960e+01
4.993682816458268547e+01
5.268744239228151827e+01
4.539859428385988593e+01
5.044301769390686729e+01
5.294902659766121644e+01
4.960977891657286420e+01
5.227289401158846260e+01
5.459911810907967578e+01
5.469781758950421136e+01
5.127263721072608149e+01
5.230999523989856215e+01
5.466577833909512663e+01
5.642100153780494054e+01
4.876455208725538881e+01
5.334730621257573091e+01
4.835995956663562367e+01
5.136798473041125845e+01
5.187427174147359921e+01
5.407949629064828656e+01
4.810241226354476396e+01
5.145590310891813601e+01
5.223283246538869662e+01
5.449531902783235893e+01
4.772342131529591569e+01
5.133736510554067678e+01
5.244599943240625350e+01
5.421741331712065204e+01
4.932792006964636755e+01
5.112317373331528358e+01
5.278905422019239779e+01
5.412835148513367756e+01
5.431342639570923581e+01
5.615016375663754644e+01
5.694299556156441611e+01
5.224738624879942250e+01
5.401484330808550993e+01
5.595591680025373194e+01
5.643096235548453166e+01
5.623044064201356207e+01
5.419824648561413483e+01
5.699051283885746244e+01
5.699727757276356499e+01
5.366685164225776106e+01
5.461995023776729141e+01
5.706227529438967139e+01
5.666867599989877391e+01
5.707758197995911331e+01
5.614659917420150492e+01
5.218860553199964158e+01
5.311596869213112626e+01
5.595723994907556431e+01
5.475866618980758460e+01
5.442074511300571515e+01
5.698879437036946882e+01
5.505861289112520751e+01
5.801886893901979647e+01
5.191193690890705881e+01
5.574594289152273774e+01
5.814192388829771829e+01
5.557169970240812518e+01
5.503287734823260990e+01
5.844947523829648617e+01
5.565885168302341413e+01
5.900921020476779688e+01
5.274478521598504699e+01
5.614088710206745247e+01
5.873022290369397780e+01
5.543689476109573633e+01
5.561590240577794475e+01
5.888048055325536723e+01
5.810925462064759017e+01
5.929188849104564696e+01
5.464553268788349527e+01
5.748729202757537138e+01
5.954372685020459244e+01
5.337864595988636296e+01
5.736698533379560416e+01
5.374261154726810474e+01
5.607405465120561416e+01
5.653102032004284183e+01
5.830256897009942207e+01
5.285739616433936305e+01
5.556139869611256898e+01
5.713429393108179966e+01
5.793828534364318017e+01
5.356107245516861326e+01
5.559046700316670808e+01
5.650176594607148672e+01
5.830578723819834863e+01
5.209671607146839278e+01
5.514027637051945874e+01
5.649988732921278256e+01
5.754849951384850471e+01
5.335000344945871120e+01
5.574652564040567171e+01
5.716095512341095741e+01
5.799861246651171598e+01
5.365418632771741869e+01
5.499054770457015451e+01
5.642277337929320424e+01
5.716252758409064683e+01
5.680819405830776958e+01
5.855876289314999639e+01
5.883812615090299403e+01
5.787151339336516997e+01
5.530747302215083749e+01
5.818067863306414722e+01
5.786932017056787458e+01
5.629953584457464189e+01
5.643954590617123301e+01
5.902303939538103350e+01
5.820034594285498741e+01
5.716586845007749673e+01
5.670698333360648746e+01
5.931336984606234353e+01
5.888453920948096254e+01
5.746823288607767211e+01
5.662061045236826828e+01
5.936259456527626810e+01
5.987603922325374839e+01
5.407497242821528971e+01
5.785360808126274890e+01
6.019137199030414109e+01
5.782866681825217370e+01
5.893441329530536166e+01
5.626791876389032865e+01
5.448823603942174287e+01
5.791888142949731133e+01
5.515552715547515561e+01
5.824864645586893630e+01
6.066374757624167557e+01
5.693737431998076204e+01
5.856916210573035642e+01
5.471454936938031466e+01
5.585821786758990726e+01
5.871799334154372474e+01
5.581079019167392374e+01
5.639025360004819021e+01
5.339325810681035023e+01
5.629046667106953095e+01
5.561542605097037750e+01
5.682123267551624224e+01
5.859350495482285481e+01
6.024880531458219934e+01
5.330300540012414956e+01
5.724636424787495059e+01
5.204621488816211894e+01
5.481424944530043319e+01
5.566535682052978018e+01
5.722541352435113993e+01
5.024537610536909682e+01
5.391581772949795237e+01
5.541840208276002500e+01
5.628329651601254824e+01
5.214863389862061638e+01
5.367686167773599948e+01
5.465419425322665603e+01
5.592230271958108290e+01
5.350151484769757815e+01
5.536104740003307967e+01
5.645110916661707989e+01
5.660610703965809876e+01
5.162373778937543989e+01
5.376890896479548587e+01
5.456913573152714747e+01
5.618567856274340500e+01
5.747007736086767693e+01
5.758216161210233253e+01
5.488935526824799638e+01
5.573942923236689495e+01
5.154133674054604342e+01
5.281454159061458853e+01
5.493215563427057901e+01
5.475118351678713680e+01
5.489743857536166871e+01
5.464644904131289849e+01
5.709139527794985014e+01
5.546537492184467766e+01
5.214940434727763829e+01
5.309295935417326007e+01
5.562331445672614905e+01
5.445431265020804545e+01
5.541667593294260996e+01
5.756369243539068492e+01
5.567374871145029402e+01
5.699455926765370606e+01
5.166530995269270932e+01
5.541009720531565819e+01
5.758462293438283552e+01
5.423222074758847100e+01
5.526366462877068386e+01
5.816426153276934485e+01
5.535929785707171646e+01
5.599089834994219927e+01
5.901999750682790591e+01
5.630932214230934107e+01
5.729370056105516085e+01
5.447597895046372685e+01
5.362545369796706041e+01
5.699983385983638584e+01
5.485269618487620136e+01
5.783014096452662756e+01
5.982026641826953295e+01
5.530388502412609597e+01
5.846858723058117135e+01
5.219545178533651608e+01
5.544012407597077186e+01
5.738662469463469762e+01
5.771907510570474642e+01
5.382380154190621369e+01
5.597794747476147847e+01
5.669691897613789422e+01
5.818116620023319285e+01
5.119562087389180505e+01
5.527231139372923252e+01
5.693085175520536012e+01
5.754160700605379475e+01
5.268141981077765479e+01
5.553001291868220335e+01
5.677408229613659785e+01
5.787768455803576728e+01
5.250243518539109999e+01
5.516776587723288117e+01
5.660268120338688647e+01
5.748317744085500891e+01
5.439624919970329131e+01
5.571780471600439455e+01
5.740033552472986145e+01
5.794983343181727520e+01
5.318587783335535590e+01
5.599615447127025192e+01
5.635056938981477970e+01
5.828389116573394801e+01
5.193673427343883731e+01
5.487259659071702345e+01
5.508302305024340484e+01
5.737309330186897682e+01
5.671394757587025737e+01
5.931741620387359148e+01
5.854734664463503435e+01
5.514699795399927496e+01
5.537967115457522738e+01
5.815245003982528971e+01
5.747427063669236702e+01
5.770235833497905986e+01
5.643242875330987829e+01
5.938121587944181101e+01
5.987790054879771873e+01
5.330642083610877791e+01
5.817960424793742646e+01
6.005077909383514623e+01
5.755334095245623871e+01
5.900450541182032538e+01
5.521572652669961911e+01
5.871750378128685810e+01
6.094189364067037928e+01
5.333870537835632319e+01
5.791441079094328614e+01
6.044517372241834607e+01
5.726761599045853046e+01
5.770987159821047641e+01
6.086089805809007913e+01
5.998898244931658041e+01
6.010464066780437520e+01
5.689880427191887691e+01
6.007997676001377840e+01
5.906245317616353674e+01
5.908656558019258398e+01
5.729763587385738077e+01
5.941879134688564079e+01
6.073399799665224208e+01
5.728688104729592112e+01
5.788392132133909485e+01
5.994980628471713402e+01
6.177144066166800940e+01
5.560886164783583752e+01
5.910532231766597988e+01
6.090665169105681542e+01
6.115887360959504093e+01
5.653137369356448261e+01
5.813738205973277928e+01
5.968372974559409272e+01
6.086995057583600044e+01
5.841677435631906690e+01
5.941289746157965368e+01
6.096289842480432952e+01
6.169333114193105416e+01
5.654483397697723746e+01
5.815832670899254708e+01
5.992273666403810495e+01
6.044884308903821335e+01
5.789820214235503926e+01
5.902239341865703892e+01
6.084035199018521212e+01
6.108679969474520277e+01
5.632488954545436854e+01
5.908598028381470613e+01
5.872136105404690909e+01
6.087060718299660778e+01
5.912351733519171404e+01
6.183412904537556187e+01
6.116959107105893167e+01
5.767901612969320269e+01
5.786618883815310710e+01
6.042752302820461097e+01
6.006873116873293128e+01
6.219510188587764787e+01
5.610002518671244331e+01
5.930775803407037472e+01
5.921978193253751499e+01
6.151577581618737867e+01
5.635124018601585760e+01
5.906946154928486692e+01
6.140279599706453695e+01
5.869070515779599617e+01
5.820920093273524998e+01
6.138839012006333462e+01
5.842276445168371879e+01
6.158924478978856598e+01
5.530275490572098107e+01
5.848826345263918824e+01
6.090678257646996485e+01
5.744232348926461640e+01
6.050157097904867243e+01
6.131996181202062246e+01
6.018505093211990697e+01
5.883041857278108466e+01
6.202301937811733268e+01
5.935552787725298174e+01
6.178789781347472143e+01
5.647183894773739610e+01
5.975809685246350966e+01
5.957874113569380370e+01
6.090028759274274250e+01
5.609095746305172980e+01
5.838177824038193364e+01
5.901367111876520255e+01
6.064366304793401241e+01
5.542082672601577542e+01
5.761507145623490089e+01
5.876584234475406987e+01
5.988156707590142247e+01
5.441719557147656872e+01
5.677474750347574428e+01
5.791666484822034988e+01
5.907399358383343468e+01
5.533929014833365301e+01
5.693906201786018784e+01
5.776622897743887108e+01
5.921992686293491204e+01
5.970938467003051642e+01
6.148666201733740877e+01
5.780577845331693965e+01
5.980665035182097711e+01
5.998697061410766906e+01
6.200631112200399286e+01
5.645562622025580879e+01
5.813650429348017923e+01
5.944313565723182791e+01
5.911696735362396993e+01
5.691474503919225469e+01
5.698253295476196456e+01
5.949200329866123127e+01
5.850004843883422012e+01
5.922252540156082290e+01
5.635862477993206454e+01
5.922099894756571814e+01
5.801623871359025486e+01
5.738952906254404240e+01
5.624039411488717377e+01
5.883748518758810775e+01
5.929547946343209475e+01
5.364042553121750956e+01
5.741078463247664132e+01
5.948566388890772316e+01
5.695878543838035313e+01
5.757632876464495553e+01
6.033335728883027116e+01
5.744842461498372188e+01
5.889449083001428420e+01
5.514364411399208166e+01
5.802932972062348682e+01
5.994016164997310625e+01
5.312760025031533218e+01
5.681821187665125450e+01
5.903548812864713824e+01
5.768768130313433318e+01
5.767136030818537762e+01
5.452474276900330352e+01
5.718355744160948007e+01
5.617657188618077413e+01
5.589124393698793369e+01
5.858538697346020285e+01
5.926067099394799698e+01
5.466657321180292683e+01
5.530957086573359760e+01
5.722498617746164484e+01
5.892329688399736654e+01
5.319355825095336598e+01
5.650118027904093054e+01
5.780585901779294034e+01
5.852499155104594308e+01
5.368968857094076697e+01
5.589363283579678665e+01
5.747113835362618772e+01
5.781674873081740174e+01
5.404431590214839076e+01
5.565997837401914694e+01
5.675610630794196965e+01
5.775352175370930041e+01
5.269958870315476673e+01
5.396219537473015748e+01
5.510184477530889779e+01
5.572192421505146598e+01
5.599701326181211414e+01
5.770505474957405312e+01
5.787074495868259305e+01
5.342361245230618749e+01
5.422758690691507155e+01
5.618590631616765307e+01
5.598525801092671372e+01
5.738054037717062528e+01
5.169854962068283299e+01
5.453146827239117300e+01
5.394437135612880496e+01
5.631169009938416536e+01
5.374202487538786244e+01
5.635486294295400000e+01
5.538694055813429884e+01
5.444684531719029508e+01
5.693721316441917679e+01
5.492751189601818140e+01
5.782151542772503916e+01
5.112994929053903803e+01
5.512504408993237348e+01
5.736746986210535937e+01
5.482365782556994560e+01
5.507142447647814976e+01
5.805509512626865387e+01
5.520413651116988518e+01
5.724996414361950769e+01
4.986791589429272165e+01
5.460181548264020535e+01
5.695178786341824662e+01
5.346507491312869575e+01
5.370734354066271266e+01
5.680068641618473180e+01
5.500797784639272692e+01
5.497383464992149982e+01
5.819274276975763627e+01
5.464776008743076119e+01
5.767932911820268771e+01
4.879356552617579723e+01
5.335749593896450449e+01
5.539743847493702589e+01
5.712095644912741932e+01
4.993155628671213719e+01
5.413494561059090415e+01
5.592651161390211456e+01
5.653824778152331021e+01
5.190446608034439890e+01
5.395855766540356058e+01
5.472166980421970095e+01
5.611487248943418393e+01
5.119305522926365626e+01
5.392164853206385544e+01
5.511361790003326888e+01
5.645106401821041686e+01
5.754382400681955545e+01
5.837903780945662646e+01
5.554385093824003405e+01
5.710454341508577869e+01
5.774545597870541513e+01
5.935492168874959162e+01
5.348004269762911633e+01
5.582995571723298411e+01
5.614002575381460503e+01
5.809846534781748062e+01
5.677197190902834478e+01
5.928375944532508868e+01
5.898499595144917151e+01
5.538991509632954546e+01
5.598337989646669399e+01
5.845636498331626285e+01
5.770019694114031239e+01
5.895578418305849766e+01
5.558102205157477727e+01
5.856655750908087299e+01
5.733287614214425076e+01
5.781775520453131634e+01
5.626028668099230146e+01
5.917804266340124286e+01
5.988469037092057334e+01
5.277979964824397996e+01
5.732157648777090486e+01
5.977762921574675659e+01
5.739409144957335229e+01
5.859970035322960769e+01
6.144338245702243739e+01
5.842258015836521423e+01
5.895748265796706278e+01
5.641750611148685124e+01
5.957510340480884992e+01
5.969052632076142828e+01
5.679778632701830077e+01
5.620970464552564749e+01
5.950075711458065797e+01
5.831098352247040850e+01
6.019856338748322599e+01
5.358387118434340834e+01
5.790448255217067697e+01
6.002917482364429702e+01
5.346534509357260134e+01
5.675342314103241392e+01
5.877786988756905373e+01
5.996443423104741299e+01
5.580918069425386818e+01
5.837307806207719096e+01
5.904781689252425991e+01
6.056152840924816161e+01
5.442014941351406776e+01
5.741551011964320139e+01
5.901920284470152467e+01
5.939586410701961228e+01
5.543676530724312812e+01
5.810284603466556064e+01
5.912274876771787291e+01
6.006305230616761293e+01
6.163321182973169243e+01
6.193550254511744413e+01
5.830048026461808064e+01
5.947098064663905603e+01
6.098649585565961928e+01
6.161405466065859571e+01
5.743054849311774746e+01
5.876510674209006879e+01
6.048184782069659349e+01
6.076581503989840627e+01
5.905656686630248942e+01
5.953998008805616138e+01
6.162603582287361803e+01
6.134558042022234048e+01
5.714242739254534342e+01
5.982955607350355365e+01
5.884179097823501792e+01
6.128205701674632877e+01
5.882699627050122615e+01
6.164929204129045104e+01
6.148086556464787122e+01
5.867211034570238581e+01
6.044243642422112828e+01
6.227478162249530413e+01
6.003050957717015024e+01
6.018007872716067652e+01
6.300216135831418995e+01
6.041442396602042209e+01
6.319680258538517137e+01
5.678106755129007155e+01
6.041770045200981798e+01
6.256982357822358409e+01
5.939741318962883554e+01
5.932319715039358954e+01
6.239125333793823813e+01
5.911713841394519164e+01
6.202665931823083412e+01
6.427436824882073552e+01
6.111299469039531829e+01
6.384836811497487474e+01
5.710540335822076230e+01
6.037572421943089296e+01
6.263455985505305534e+01
5.815397685339894451e+01
5.952157573462763196e+01
6.206223870370240547e+01
6.272124008186634114e+01
5.802583094119773222e+01
5.879488701341997370e+01
6.064571431699152981e+01
6.231056946273449881e+01
5.720270885504843505e+01
5.979912719770529606e+01
6.096748884150694892e+01
6.223136539814450430e+01
5.735068720834693323e+01
5.842482433712970646e+01
5.970163015350225777e+01
6.105124351658606940e+01
5.603607772496353334e+01
5.758955052085204329e+01
5.887592427368858239e+01
5.984176771187880206e+01
5.938935601697339450e+01
6.087420939238167961e+01
6.111735039627291144e+01
5.837807067819490214e+01
5.915874345634346554e+01
6.111221442066277376e+01
6.094709463053818155e+01
5.667943213450248408e+01
5.975645075471631884e+01
5.929952339427718044e+01
6.120332442099029890e+01
5.797672615205543423e+01
6.101126410090208907e+01
5.996757996309974459e+01
6.043364580073470904e+01
6.002670637109412866e+01
6.242391186265712122e+01
6.028756280659319344e+01
5.725331649995850114e+01
5.826694263428989018e+01
6.073830152806760907e+01
5.885760147843700452e+01
5.980315070735254324e+01
6.183016411547185243e+01
5.931306681312929641e+01
5.964290238151010470e+01
6.244768335709960638e+01
5.963493420341924178e+01
6.172775737093250825e+01
5.592372560259666869e+01
5.918858364713087639e+01
6.145908320992892726e+01
5.797820137785675598e+01
5.807284881748648786e+01
6.085086504982699296e+01
5.922241017427932519e+01
5.934632650986367963e+01
5.622304732192864662e+01
5.894174535205376486e+01
5.971800970513313445e+01
5.659889083933604326e+01
5.925590196655115705e+01
5.854485724822755088e+01
6.029681531497838876e+01
5.590928452923051140e+01
5.819370119978020028e+01
5.861944544654340206e+01
5.972843203987012117e+01
5.312620609046852849e+01
5.642526916529723735e+01
5.774224218782639184e+01
5.855624054656932742e+01
6.027390303205800848e+01
6.083469722987304351e+01
5.693973095090109382e+01
5.854911914294437736e+01
5.960823472637365228e+01
6.054935836918922831e+01
5.423507206094791400e+01
5.689135211954389604e+01
5.800710465536469229e+01
5.873762152864701136e+01
5.643488272462177235e+01
5.727322879026951341e+01
5.897224539187776315e+01
5.910068066687664867e+01
5.460619675813394025e+01
5.540764795095994799e+01
5.734358130749743054e+01
5.713327034638623303e+01
5.822300276382812712e+01
5.964136818787731897e+01
5.846110912411685945e+01
5.670543400562820580e+01
5.792383774930961948e+01
5.975731794487572301e+01
5.801557311907368586e+01
5.691942124069210962e+01
5.836729358743821194e+01
5.809903964690776235e+01
6.028910891829015384e+01
5.271207741070871577e+01
5.673247282080048848e+01
5.876690899515469368e+01
5.631438133975428428e+01
5.858822311038457542e+01
6.110217090609753399e+01
5.751477332569394463e+01
5.798051084878286332e+01
6.090299476701234482e+01
5.792340068859026303e+01
5.930977408177424337e+01
5.592222809744093581e+01
5.869986712689662056e+01
5.784554944883916505e+01
5.695660296420359003e+01
6.011077517341738741e+01
6.092322198836929203e+01
5.700314978279834577e+01
5.707646425826447256e+01
5.998068679000962788e+01
6.075020977410999024e+01
5.592372655197137732e+01
5.902065471669925500e+01
6.008642747654685223e+01
6.085150458908063342e+01
5.644493819021964498e+01
5.791649683879546728e+01
5.918152438336126409e+01
6.038201038109738761e+01
5.530738853265336985e+01
5.687915826519282092e+01
5.797730922706939083e+01
5.925927621175264193e+01
5.568311445695445627e+01
5.743252920197350875e+01
5.877913078486407983e+01
5.943465581845984502e+01
5.483559478989190694e+01
5.682007259424110401e+01
5.737788602886094225e+01
5.898656350518680114e+01
5.932914641772118358e+01
6.123086063775612331e+01
6.009743003419477247e+01
5.575483249948480591e+01
5.666769330835401064e+01
5.876274852995285869e+01
5.845885756598938343e+01
6.083036938327550303e+01
6.013840245926208894e+01
6.183228004668181654e+01
5.724037875533127817e+01
6.045758944425124071e+01
5.940101700477591606e+01
6.163693687844735081e+01
5.628590540345685156e+01
5.970797353613271952e+01
6.011949459456791800e+01
6.008787288920238723e+01
5.536822509206239573e+01
5.955981101201847849e+01
5.750048917973488471e+01
6.075093845700472173e+01
6.323500009715206005e+01
6.050999407488356496e+01
6.081480002875809987e+01
5.829632102995137899e+01
6.141867696332935367e+01
6.211470096861448553e+01
5.878671729336548424e+01
5.802041865727962033e+01
6.127494328331305695e+01
5.999020164237967379e+01
6.185146913144316727e+01
6.471091072144972145e+01
5.686397662028334565e+01
6.188014337093348871e+01
5.688264969371306279e+01
5.987402885925665430e+01
5.984312301036484172e+01
6.159824383739774589e+01
5.688371902416386661e+01
5.949670307746556830e+01
6.010070407145445870e+01
6.167219272889468584e+01
6.306267648085319166e+01
6.401370660678396973e+01
5.903439689610171115e+01
6.108880228608871477e+01
6.205237806624718644e+01
6.318846153017636169e+01
5.907802774534008705e+01
6.105327658852652917e+01
6.213389312401950093e+01
6.312787417508590693e+01
5.831209871479907036e+01
6.040001843807497295e+01
6.093351713770577049e+01
6.233766212007765262e+01
5.686170378311329188e+01
5.909175601464984595e+01
5.928770772652911347e+01
6.106693041418235879e+01
6.101817017511982755e+01
6.306520880204437418e+01
6.279914706884814279e+01
5.923796052280996349e+01
6.084182661611031051e+01
6.186708862896293937e+01
6.137605295030324015e+01
6.120482342209535176e+01
6.161487257105196136e+01
6.399797855152750259e+01
6.144100064996545996e+01
6.448178906566546686e+01
6.396399830964422506e+01
6.124010399880396704e+01
6.021341466060139425e+01
6.317916300764565563e+01
6.471837460313817303e+01
5.848799052964643863e+01
6.202036490405146907e+01
6.445042110718583217e+01
6.140514841547320657e+01
6.187551334567383776e+01
6.477106751640296523e+01
6.165291323727749528e+01
6.385682820196387155e+01
5.913844103620723303e+01
6.191798602802688833e+01
6.400351165227095862e+01
5.816435416702045558e+01
6.173604098756614178e+01
6.381562592129319000e+01
6.241583655031535471e+01
6.066298516043671185e+01
6.404142425753335033e+01
6.375803257720203021e+01
5.995986324925088695e+01
6.200528777919760159e+01
6.325143173953276943e+01
6.404226899231169057e+01
5.959616826103761156e+01
6.086182700028803794e+01
6.229786005761687306e+01
6.370354321682140863e+01
5.855783752024439082e+01
6.010512501779849970e+01
6.088829885295542255e+01
6.193724282925248303e+01
5.946758908089400109e+01
6.117989685143413681e+01
6.234687087695071028e+01
5.903264599826842840e+01
6.031022563151334026e+01
6.163584707710003130e+01
6.201460766459545937e+01
6.040926507476214624e+01
6.268634412342609608e+01
6.260796198079825814e+01
6.163687152127357649e+01
6.007850668260634563e+01
6.262735532055917531e+01
6.191449502409939498e+01
5.798777855483399435e+01
5.843167014078500898e+01
6.096216145457143654e+01
5.992491831522838197e+01
6.177062843162072170e+01
6.235152941650270009e+01
6.207233207645861484e+01
6.032927191828135705e+01
5.939258053366292245e+01
6.194614104518549880e+01
6.223643326610353910e+01
5.672188995730792271e+01
6.026952819385549986e+01
6.240572875308231460e+01
5.982145027806885196e+01
6.032611021244100158e+01
6.298292782175604287e+01
6.004215661464642295e+01
6.170900594193697941e+01
5.733999848641280295e+01
6.004023976019825426e+01
6.215909403304065250e+01
5.603746903790022316e+01
5.928306976557709618e+01
6.141621764572529685e+01
5.893995081770112421e+01
5.969146790250994883e+01
6.224831235252727168e+01
5.885409200069906177e+01
5.993172049290625125e+01
6.237005640465027057e+01
6.175221001527369680e+01
5.908690017759474244e+01
6.052300844211398356e+01
6.169460725427236980e+01
6.260134471710016868e+01
5.783313482229667812e+01
5.859800757865851750e+01
6.009811497265051372e+01
6.135803326214750797e+01
5.580028670623718057e+01
5.855330014590094123e+01
5.905238328525547331e+01
6.034942941605168443e+01
5.489261272046854856e+01
5.643128026289016930e+01
5.754790913856631818e+01
5.862888180079261957e+01
5.766233311100808834e+01
5.928937094379436701e+01
5.995040271639749818e+01
5.490548296254880967e+01
5.626053721157408205e+01
5.765005637188668430e+01
5.791411240417754414e+01
5.778578795962614834e+01
5.779184040853788673e+01
5.977232085009988793e+01
5.910842080884395955e+01
6.134790817482666370e+01
6.053604942860322780e+01
5.737489789274469842e+01
5.723331469142640771e+01
5.966767054343750942e+01
5.861979494374687505e+01
5.989449906159141079e+01
5.599192005384469439e+01
5.883499568009916203e+01
5.933384300456155813e+01
5.759857397255338185e+01
6.034728491435136277e+01
6.221244040668834430e+01
5.448934897886001494e+01
5.876975168341552092e+01
6.111951386659127650e+01
5.821265208057998564e+01
5.994293921945723724e+01
5.357607624674150770e+01
5.773792142947876727e+01
5.997757868651206792e+01
5.519356731419693318e+01
5.857536352589584538e+01
6.031466834945135957e+01
5.621163616079507364e+01
5.907644357124278400e+01
6.113918995207536966e+01
5.608237220836173975e+01
5.992823585319804636e+01
6.111857474344714802e+01
6.100603372652651046e+01
5.599778555197590180e+01
5.889516466450083243e+01
6.044572631451502787e+01
6.098680466412761092e+01
5.660864598125088776e+01
5.850256014436061491e+01
5.941273428695981096e+01
6.033628907962314258e+01
5.544637880279657338e+01
5.745798269292470195e+01
5.851243821099066622e+01
5.942556964012981524e+01
5.516829692712676092e+01
5.674513476133382994e+01
5.804432601146496751e+01
5.895722671088905287e+01
5.604396469913708501e+01
5.822810387585620617e+01
5.879521293791016490e+01
5.917149647496341913e+01
6.096226729057792681e+01
6.105165816927666356e+01
5.769485004784848314e+01
5.837918809033556755e+01
6.044260149490976630e+01
6.006349924013111519e+01
5.658289995331740130e+01
5.704917283334262379e+01
5.943279820513166811e+01
5.859310847232035258e+01
5.988362116425715698e+01
5.887030536543861814e+01
6.157653705775160091e+01
5.874741176239476204e+01
5.765162854263433445e+01
5.877498833966526348e+01
6.059852642405802925e+01
5.793405117167480967e+01
6.092356095064764787e+01
6.310821176501883656e+01
5.685885798586586048e+01
6.058682861111515905e+01
6.316462882836179915e+01
5.991458661429594912e+01
5.953052091578400962e+01
6.277331678765820300e+01
5.949844894878646784e+01
6.252349966529112635e+01
5.481099099888103154e+01
5.904868590101175840e+01
6.134225041443090021e+01
5.810551533282759351e+01
6.147292605006570909e+01
6.124096303498317440e+01
6.193619228879489214e+01
5.629904596335146039e+01
6.021094825146182927e+01
6.124841252227724198e+01
6.258172726925121765e+01
5.811598751229075788e+01
6.008043971747844125e+01
6.049634379031279963e+01
6.167810931422675225e+01
6.326862947790010594e+01
6.341769696164877246e+01
5.946894440541600346e+01
6.208556277087787123e+01
6.303604053404002627e+01
6.400724176334452409e+01
5.898981921337620093e+01
6.058947012934469711e+01
6.170728143233782959e+01
6.227838192678348861e+01
5.960987501003431532e+01
6.059135632686984252e+01
6.206258439035608632e+01
6.243193578214885520e+01
5.749469479515111203e+01
5.886990538181389354e+01
6.050929409082153398e+01
6.062313486356570280e+01
5.981346981580540501e+01
6.032971885245594734e+01
6.231765934576346666e+01
6.110575914237461603e+01
6.359766731289877129e+01
6.297082781457083200e+01
6.021703213682459932e+01
6.002277540671186529e+01
6.255438586585378857e+01
6.188183633677346762e+01
6.146453260432946308e+01
6.330972276905379914e+01
6.124626558157004297e+01
6.312816144667753093e+01
5.930514005343875539e+01
6.199444015583863887e+01
6.423965358344848653e+01
5.992665401852033114e+01
6.241049518372001614e+01
6.469172121057648894e+01
6.062617743065847264e+01
6.162089606693720611e+01
6.436920515739105042e+01
6.109056651944347038e+01
6.194079436758229917e+01
5.882316617829452099e+01
6.170036662844911035e+01
6.158205759054860096e+01
5.973817510832203936e+01
6.269480163529045313e+01
6.264439349202928042e+01
6.032755956837530675e+01
6.106463088621755020e+01
6.373853719029680320e+01
6.022229303012967705e+01
6.188126670301748078e+01
6.335987040504885215e+01
6.470750896919329875e+01
5.928274222118695036e+01
6.159248506599403328e+01
6.287489216948296900e+01
6.370586510653399159e+01
5.905430487267108930e+01
6.076282070635706845e+01
6.156107312527190345e+01
6.257712077572648468e+01
5.896783282912920754e+01
6.058456487579940131e+01
6.160963596431811595e+01
6.163597954500166765e+01
5.926236602090323657e+01
6.108108699281236653e+01
6.154042194798834231e+01
6.179350090364542325e+01
6.364820617293794669e+01
6.346821774133072580e+01
5.914270352445974055e+01
6.003776811014007109e+01
6.208227278671110128e+01
6.160443189811971365e+01
6.149635335660760660e+01
5.844117773684340733e+01
6.088669202723895779e+01
5.983205785910238461e+01
6.113256139297308778e+01
6.252522812216484027e+01
6.090179732898968723e+01
6.083034590085760840e+01
5.936514924231903478e+01
6.190769159502215757e+01
6.214646909234774341e+01
5.646403656330221565e+01
5.991388621144086812e+01
6.209612217492500008e+01
5.950630819006268979e+01
6.032845026101564656e+01
6.286504174855215865e+01
5.988728412864477235e+01
6.085537781844475091e+01
5.770617831850687907e+01
6.057951442439291867e+01
6.083378592293296094e+01
5.758722432266686297e+01
6.038854715997359790e+01
5.985793246594414541e+01
5.941970638129514981e+01
5.809528206292996799e+01
6.087123390577372817e+01
6.090325573581165486e+01
5.550028128699673857e+01
5.936371344266234473e+01
6.095546730283032133e+01
5.645472029577075546e+01
5.936007216060228586e+01
6.099555392789427799e+01
6.215050567466830245e+01
5.697553630728196339e+01
5.801609727994068066e+01
5.939834609163386148e+01
6.113109872007160561e+01
5.462384472763233134e+01
5.725895768021777599e+01
5.808563400372922558e+01
5.904515470611343630e+01
5.411339746907483317e+01
5.634966943220053537e+01
5.712072075907016711e+01
5.813610274454256199e+01
5.945711088344602047e+01
5.995730639164771958e+01
5.729596386986698775e+01
5.814710186907532830e+01
5.970350080641436818e+01
5.985585320704078072e+01
5.503110114972416511e+01
5.586821073109108227e+01
5.768781628678246420e+01
5.744279489357942481e+01
5.908879707434502393e+01
5.903470891512601781e+01
6.109618830563253056e+01
5.709999802425633675e+01
5.912770828632873332e+01
5.970545426732281413e+01
5.949045992338079714e+01
5.570129917286957522e+01
5.914744713722780034e+01
5.724512476537753969e+01
6.009858422736266448e+01
5.600646390483769466e+01
5.911041300368722062e+01
5.925472191517549447e+01
5.587180460297947349e+01
6.043541967747589183e+01
6.080796341859167597e+01
5.671178732342603013e+01
5.950967663911679040e+01
6.176927641607004915e+01
5.795910488035247710e+01
5.879211732207574670e+01
5.571556044303849120e+01
5.843950373979307500e+01
5.727959993951790807e+01
5.636301531345785776e+01
5.948732814495964050e+01
6.080348888564640220e+01
5.438718298757508052e+01
5.844898192923186997e+01
5.949809694392701687e+01
6.025009494758482731e+01
5.388440871967050327e+01
5.768810594884926957e+01
5.935541026062257686e+01
5.985003571554933899e+01
5.542870867106390165e+01
5.713693868094511430e+01
5.781483167555216340e+01
5.909503448179403051e+01
5.428977586383670229e+01
5.650453378284161232e+01
5.793095632194268774e+01
5.835647070065570574e+01
5.974165038513963566e+01
6.066381076516934456e+01
5.786915000728480152e+01
5.889990954297902448e+01
5.950188537928909938e+01
6.108589221299096295e+01
5.568846544447468716e+01
5.802864764232749195e+01
5.835971313472553845e+01
5.989105008543165098e+01
5.414794941987387489e+01
5.681372575494330590e+01
5.696922594375386240e+01
5.904078597522973126e+01
5.812536369048977747e+01
6.059372709175605110e+01
5.966042762210228290e+01
5.634548682248168916e+01
5.747379496096101548e+01
5.982687488998138292e+01
5.832174812444296919e+01
6.120054519460959597e+01
6.099152993006679679e+01
6.285126611216872305e+01
5.535611039936668476e+01
5.919404530245021334e+01
6.110215689538287620e+01
5.852403641503948961e+01
6.061817880380368706e+01
6.337225828775979153e+01
5.987598416106159505e+01
5.961908878737863660e+01
6.282447863713269243e+01
5.970093504634053971e+01
6.263912012938450857e+01
5.494413235712173105e+01
5.916972505258900838e+01
6.145894600394287011e+01
5.822853943015189770e+01
6.159265660646664742e+01
6.135504260646261088e+01
6.199726014180395595e+01
5.643555611865940591e+01
6.035114873037343841e+01
6.137783139638214891e+01
6.268827788663971745e+01
6.413973803512728011e+01
6.520960836435675390e+01
6.070318587697178714e+01
6.135957965071964537e+01
6.304110574992982663e+01
6.435185645594968662e+01
5.834521134892802507e+01
6.088613022919722795e+01
6.205230393929242894e+01
6.325074103763042643e+01
5.879864028410946020e+01
6.043067233310073050e+01
6.175437453515394282e+01
6.272475372549562422e+01
5.887581157208138904e+01
6.114793752129298809e+01
6.142981536820838784e+01
6.295502754207964813e+01
5.786217904711958937e+01
5.994048107753498300e+01
6.031302487424991909e+01
6.168915190915072344e+01
6.311564007121389608e+01
6.281419408365017176e+01
6.398320348378746303e+01
5.785341463570242837e+01
6.029433547504299895e+01
5.990685273410882417e+01
6.210963481443479850e+01
6.407824092903854307e+01
6.231893480421449993e+01
6.423556118675179505e+01
6.021845793104575506e+01
6.296817115181170976e+01
6.193984972000013300e+01
6.426046958318229940e+01
6.657295314958929566e+01
6.379156383394860796e+01
6.211777969509164876e+01
6.036669260161134076e+01
6.351262076322457517e+01
6.508128328625433312e+01
5.879754881172028291e+01
6.232140936501738793e+01
6.465355805858365557e+01
6.133835599705074770e+01
6.128246948954988227e+01
6.419655686784665249e+01
6.284689041294762291e+01
6.497384108771875333e+01
6.698132746976251894e+01
6.138053443322235836e+01
6.479564999042158036e+01
5.912318619268819475e+01
6.226815074846339826e+01
6.351916041773095145e+01
6.275096072786382706e+01
6.003792348696051562e+01
6.192348065142414981e+01
6.312731792485853077e+01
6.312627897254602516e+01
6.472101088665124280e+01
6.590222345580731655e+01
6.013537704029079833e+01
6.225859566810371604e+01
6.335332503852804109e+01
6.444242367001218952e+01
6.012770412501041051e+01
6.158213505308997782e+01
6.261693844280417665e+01
6.342058121812942062e+01
6.030465386063384159e+01
6.237954592062381209e+01
6.273982119668595203e+01
6.322633443268804854e+01
5.843738799876317813e+01
5.949268980203089541e+01
6.102932229938326003e+01
6.113143540881762306e+01
6.324986131739363060e+01
6.278523216955581887e+01
6.416965305699173427e+01
5.674444590601817850e+01
6.043469812569700395e+01
5.951802899577945993e+01
6.209269918528320176e+01
6.341776622961405963e+01
6.186601504701369691e+01
6.371598835419187878e+01
5.847799729337876329e+01
6.147530570829373175e+01
6.177956053178733242e+01
6.143153345137925925e+01
5.790118499672126973e+01
6.170089584515656611e+01
5.935180270061164265e+01
6.219761327132808049e+01
6.450618040361337080e+01
6.155829026980624263e+01
6.112095285494405061e+01
5.862611784769584489e+01
6.144081424077160847e+01
6.336294341622782866e+01
5.660531846673958256e+01
6.004437426645331044e+01
6.219354083092067498e+01
5.999358607380796826e+01
5.979324588301437160e+01
6.270518355298602131e+01
5.926508120250575473e+01
6.182889642797877627e+01
6.337645155747944870e+01
6.242743586907663911e+01
5.906993685723051613e+01
6.115974096115380831e+01
6.254698261968447071e+01
6.155502513224215733e+01
5.867809404658597572e+01
6.014120436800371294e+01
6.131077890105610351e+01
6.229073246255909879e+01
5.745308137356941103e+01
5.868644413993092002e+01
6.000741106424155191e+01
6.059264791319287724e+01
5.730989876909557523e+01
5.888563939324411933e+01
5.977847155215236796e+01
6.061630466356735525e+01
6.200638585071236264e+01
6.241257065160412765e+01
5.763485268167396214e+01
5.856598529571204637e+01
6.005193078412145979e+01
6.030984179272045509e+01
5.841158173670470433e+01
6.031796161723744376e+01
6.058047633856872238e+01
6.191037431446481776e+01
5.539608977325950434e+01
5.777052934568909137e+01
5.831975791830599576e+01
5.885886001207060758e+01
5.875528769137027751e+01
6.101029959047075124e+01
6.001451290067172550e+01
5.708859242393841527e+01
5.964197599099087199e+01
5.770233285741640827e+01
6.055636750300458004e+01
5.788719480773525561e+01
6.065481182597769561e+01
6.240814820709120170e+01
5.461349793743645620e+01
5.871138065163918895e+01
6.124608103873381992e+01
5.832075731311156375e+01
6.028177483170259165e+01
6.273257598401725232e+01
5.892668095353431568e+01
5.998862340808904037e+01
6.259209964156663375e+01
6.120580762487878701e+01
6.112487531320365264e+01
5.798784249018420667e+01
6.068537404863634777e+01
5.971737232266665529e+01
5.818631154117029780e+01
6.087445293129452750e+01
6.175066397721639788e+01
5.872214429775461753e+01
5.925378209449348788e+01
6.112331295938489006e+01
6.278116802060714718e+01
5.628436427640762219e+01
5.963683125844817567e+01
6.063505689446854774e+01
6.168170804084541459e+01
5.636806320254474656e+01
5.936422981336124138e+01
5.984141134553276231e+01
6.124175988387148095e+01
6.223261391045669910e+01
6.323835678092036972e+01
5.826209316050549347e+01
5.985491214464173026e+01
6.120133747093178300e+01
6.154298500879370692e+01
6.210636840447988760e+01
5.636707476067712008e+01
5.861180533624697375e+01
5.892230729220095498e+01
6.070754986385900054e+01
6.081657349333623586e+01
6.288892972086617306e+01
6.178282161877529433e+01
5.745466912752055322e+01
5.807975207337716483e+01
6.043893146104412750e+01
5.955987390400955661e+01
6.214269243754891647e+01
6.160926059328622983e+01
6.388167726085401910e+01
5.657959691667002744e+01
6.037399581247041169e+01
6.028303783089562273e+01
6.231832848752284804e+01
6.460506139482539822e+01
6.220136814100300882e+01
6.369152848151877322e+01
5.944312102437258005e+01
6.262374432494787868e+01
6.485815834739008778e+01
5.756174404852077231e+01
6.177659794479977506e+01
6.415319012864593162e+01
6.066537894045188750e+01
6.115346059456562244e+01
6.406584112748544158e+01
6.184248806650268904e+01
6.229497726460846252e+01
5.893778864760409419e+01
6.193906150527374876e+01
6.356312642188720474e+01
5.717380337918975641e+01
6.109091732530688290e+01
6.218522191674970401e+01
6.370795090998523591e+01
5.841497826371507784e+01
6.081295570136750683e+01
6.129490697024210988e+01
6.293706782893945473e+01
5.787608502708644664e+01
6.011865991726183722e+01
6.076242246348034826e+01
6.217577742886646774e+01
6.334437975065646498e+01
6.450790400399525026e+01
6.008603668310526302e+01
6.183655621584123452e+01
6.297364991374064402e+01
6.377881030135651486e+01
6.027578621856577712e+01
6.270843663449607419e+01
6.314114459851818850e+01
6.361884342891082156e+01
5.899193196191431099e+01
5.995005581942663042e+01
6.163704858471619019e+01
6.181678261785391015e+01
6.375936536178031844e+01
6.358592461679792507e+01
6.501776797276880870e+01
5.880066619366203184e+01
6.117820511079695223e+01
6.079311823713869245e+01
6.297925991862388173e+01
6.493246089815214361e+01
6.314543410143832602e+01
6.506524229557076922e+01
6.100671413779252106e+01
6.374376295069941278e+01
6.228152674656337950e+01
6.358184386900397556e+01
6.594986939776748613e+01
6.340623865274916682e+01
6.534425744096067490e+01
6.080865010998168430e+01
6.419832241872130396e+01
6.587402580716548073e+01
5.939071365682216452e+01
6.282449305785392113e+01
6.515106277680762048e+01
6.178156372492680504e+01
6.203244925362145068e+01
6.485290737233567882e+01
6.338085343636987545e+01
6.532707131521964072e+01
6.739223068710967368e+01
6.181289434471876376e+01
6.514396156646613179e+01
5.940334350883987469e+01
6.249963120581097087e+01
6.391496026938688857e+01
6.240861919777065481e+01
6.514818369883914784e+01
6.583229515081779937e+01
6.218968477370592751e+01
6.449030682916932733e+01
6.568694085463472732e+01
6.331052101045876412e+01
6.457038232288242341e+01
5.880225850213165018e+01
6.085190821552094320e+01
6.191207099079037590e+01
6.296574561266994152e+01
5.866381386689931787e+01
5.994740652959183080e+01
6.100627053086651586e+01
6.189392388815786461e+01
6.272426517121390077e+01
6.416287270995439940e+01
6.206859535337257228e+01
6.408740648805475359e+01
6.423298822774962957e+01
6.332853820352440977e+01
5.963094631809488533e+01
6.027268477138984082e+01
6.236857575302642687e+01
6.161375911877882317e+01
6.411624366088609861e+01
6.291166145912434615e+01
6.254264242584756062e+01
6.168035861860482783e+01
6.433712523600516420e+01
6.271476689701258067e+01
6.036674430323694196e+01
5.970803298486690380e+01
6.225429493876639242e+01
6.232649536622916742e+01
6.004929059456991070e+01
6.371503898888694550e+01
6.314432593169237151e+01
6.115360239686458499e+01
5.948867584213616766e+01
6.223795812846012154e+01
6.415452573025136473e+01
5.768825226785546079e+01
6.072406628980912302e+01
6.297386145016978531e+01
5.966103605373435670e+01
6.006521527691946005e+01
6.272053941390078080e+01
6.102095475359729448e+01
6.129638129312029804e+01
6.406755161340812776e+01
6.055944543502499045e+01
6.267039662063192651e+01
5.509890637796208779e+01
5.915292446683886141e+01
6.094524631979058427e+01
6.061013290947900600e+01
6.219271373706618533e+01
6.357400143276498028e+01
5.799096443077336005e+01
6.099673842644057942e+01
6.230047222220599679e+01
6.303668335147254709e+01
5.827776945056454849e+01
5.984442446170491792e+01
6.084392929281898432e+01
6.155841353730463794e+01
5.749433025443858014e+01
5.884520886442248866e+01
5.985828063226349371e+01
6.085787076735797996e+01
5.683767069167642205e+01
5.850720284741483113e+01
5.901480864718692487e+01
6.012208686418375692e+01
6.052038556235135047e+01
6.215074394258252966e+01
6.095775991850388209e+01
5.563815149986497488e+01
5.817027078975645082e+01
5.802307148216853960e+01
5.991097042368816261e+01
5.953800982109861195e+01
6.165170299041714230e+01
6.057523391152748360e+01
5.657024571465508700e+01
5.778836303840683541e+01
5.972133284986968249e+01
5.802973376526429661e+01
6.053389308299644966e+01
6.237883046128545317e+01
5.906092506009014897e+01
6.041576598773212936e+01
6.251463333278077528e+01
6.000039340554324951e+01
5.997722021445257212e+01
5.783064152884093545e+01
6.066420574171716140e+01
6.128683358596583020e+01
5.717557427715471619e+01
6.028432935052695285e+01
6.215552640643689131e+01
5.389408117409001164e+01
5.899662268440297197e+01
6.118211214098311501e+01
5.996598563961428852e+01
5.868561892037801186e+01
6.192309117635127080e+01
5.949317926699183090e+01
6.169704883450555144e+01
5.317760233040465323e+01
5.816198981499637455e+01
5.929687969966867200e+01
6.081761282658861489e+01
6.226364943638761673e+01
6.274347411416115960e+01
5.831019491314192038e+01
5.977997173438494372e+01
6.092232378928382985e+01
6.195150346546122933e+01
5.688811891860618886e+01
5.841362467750818155e+01
5.988461181138685419e+01
6.059451702089972258e+01
5.680675554423280005e+01
5.864223815741207346e+01
5.963892241721866583e+01
6.055680637654300824e+01
5.562545606545214838e+01
5.767240567648173766e+01
5.841986186857769070e+01
5.972806068285192538e+01
6.003313180085244483e+01
6.137251765688983340e+01
6.084362612927984770e+01
6.303749733033129132e+01
6.263568157931586455e+01
5.861364481498118550e+01
5.901046560074970415e+01
6.136163358858008365e+01
6.056396765084198108e+01
6.181700243485563817e+01
5.834206333614154971e+01
6.118958859166368569e+01
5.992956010255317523e+01
6.044277783878897736e+01
6.220804235233176627e+01
6.016959093909152045e+01
6.232517078270797128e+01
5.748033961463168851e+01
6.069861863331365015e+01
6.291788372292435838e+01
5.909761932328334666e+01
6.223442056788667998e+01
6.467170709594074651e+01
5.712988052848513121e+01
6.141570820567591227e+01
6.384300866095080096e+01
6.041066214363505082e+01
6.073341917170125015e+01
6.375279096556077008e+01
6.230721199451785708e+01
6.423959021517580936e+01
5.714405488902458075e+01
6.116706774670593916e+01
6.341102164533120344e+01
5.727676183291784895e+01
6.105563787507500706e+01
6.254891199300308813e+01
6.253842948802680013e+01
5.851059458874828323e+01
6.049651526096424448e+01
6.104779760778622233e+01
6.275169162543547685e+01
5.769633126413366142e+01
6.001896028775072978e+01
6.070462411906322586e+01
6.215675168536689199e+01
6.337895413566496927e+01
6.459008701153545928e+01
5.989636007798912942e+01
6.169606015601523552e+01
6.287098388313220454e+01
6.372700632877772620e+01
6.004483002010593395e+01
6.257956647196789390e+01
6.310506374720088019e+01
6.361382548227447842e+01
5.897555873744298793e+01
5.995789653801627850e+01
6.173773773263238240e+01
6.196811561409057134e+01
6.401582305485696622e+01
6.388107087736766232e+01
6.456499779547061735e+01
5.896737522516604457e+01
6.173326398141595206e+01
6.134417451702427115e+01
6.366499995042104132e+01
5.992484440671839963e+01
6.303689016636307230e+01
6.230386413847911342e+01
6.382527592604543543e+01
6.554431794550730217e+01
6.302915460316564378e+01
6.126140059631827484e+01
6.469648056442609629e+01
6.209961251662986115e+01
6.529649472708064195e+01
6.065830914483594682e+01
6.376251644186034184e+01
6.605742104830892458e+01
6.113957810431962514e+01
6.410747092368504241e+01
6.653979557797239863e+01
6.151741584386132899e+01
6.450638907954385104e+01
6.681756751477617229e+01
6.135021316956468240e+01
6.528562963327983937e+01
5.902954169836801412e+01
6.251030777596481158e+01
6.468281587602633920e+01
5.885545935728161737e+01
6.260140273965775748e+01
6.457571772648570629e+01
6.189300630048292362e+01
6.050359212692861632e+01
6.288004035369713307e+01
6.459395343705476478e+01
6.002335780131041787e+01
6.228853926464422841e+01
6.309998982797367262e+01
6.466930883422439535e+01
5.991714829461560043e+01
6.171096245808278979e+01
6.280998605361927645e+01
6.438622054528002536e+01
6.549389731393098657e+01
6.640603922976045226e+01
6.185784378330951228e+01
6.382902722067959900e+01
6.450291057672251327e+01
6.610067479194084683e+01
6.081310177323290134e+01
6.269079910347005580e+01
6.314580460754384461e+01
6.538231042083423006e+01
6.030732414261034080e+01
6.321759136821511049e+01
6.296447880763514604e+01
6.495512202164489679e+01
5.927524647450105988e+01
6.190403891436911721e+01
6.108422156037255490e+01
6.395800489663168520e+01
6.465304232756361102e+01
6.500331052610520999e+01
6.285364414714626946e+01
6.638438822249774773e+01
6.467063933763496664e+01
6.477364099658333885e+01
6.301182960926744414e+01
6.605815101423515046e+01
6.704776328456772205e+01
6.013659661937897738e+01
6.348264256478990575e+01
6.622754795879779977e+01
6.320934812575877970e+01
6.342247345923851753e+01
6.670430325657332560e+01
6.332057892268809951e+01
6.523533036341152069e+01
6.100148796082579850e+01
6.420258999783884235e+01
6.489354623824523571e+01
6.136400210112957865e+01
6.450200648666374548e+01
6.376674957430537916e+01
6.507282946275252300e+01
6.080610716838572216e+01
6.391487171854480209e+01
6.336751139393722809e+01
6.441832904917234259e+01
6.714432178271685814e+01
6.334721045134075013e+01
6.604752687651227916e+01
6.093397524803053500e+01
6.304504984355347119e+01
6.450708449423558477e+01
6.524449428717358046e+01
6.034501886504558854e+01
6.192128317301395413e+01
6.342426601093311689e+01
6.463158465450619872e+01
6.603263486431282558e+01
6.738542279365199761e+01
6.137504778006063333e+01
6.340423695643958979e+01
6.515294791093847948e+01
6.602646967571700998e+01
6.054542706006272113e+01
6.216482238391319015e+01
6.441964807322236197e+01
6.457807531317827454e+01
6.247880102287179938e+01
6.544634763298431324e+01
6.559343917116058265e+01
6.301363505183952896e+01
6.370410731480375688e+01
6.642070427374120811e+01
6.558281846438356411e+01
6.169928254989428495e+01
6.228114296983374487e+01
6.536001411416441442e+01
6.424142858196204031e+01
6.745271677661469312e+01
6.777471927142606489e+01
6.260758051841568061e+01
6.274688046490284421e+01
6.601574571433070560e+01
6.910558616436040325e+01
6.118056813686254003e+01
6.595410218209231346e+01
6.864578416622777013e+01
6.523896391532771588e+01
6.516157400348933493e+01
6.903127374355938173e+01
6.561070699445831167e+01
6.786792252059287023e+01
7.099287465353867788e+01
6.468495665476048373e+01
6.919822023731187244e+01
5.934938363579598786e+01
6.579639326783215836e+01
6.864207236354712904e+01
6.279246568326463063e+01
6.749229661090205923e+01
6.799138177696995911e+01
6.792720913824516060e+01
6.372935926404719709e+01
6.862310889460350438e+01
6.976189710488124263e+01
6.404665365647117881e+01
6.918972021732463418e+01
6.955211330284465987e+01
6.887236991242421880e+01
6.695312808527917525e+01
6.885852747044239663e+01
7.117138790757358890e+01
6.442681239616229050e+01
6.781800040698945509e+01
6.947521105509012784e+01
7.118015884083730782e+01
6.437526150986055029e+01
6.768204750289794447e+01
6.983722962800723622e+01
7.044522726993365325e+01
6.511683142254064194e+01
6.854371803387061846e+01
6.944732119820643845e+01
7.175102563079479978e+01
7.217994319766592071e+01
7.467886739310186783e+01
6.738609954991291318e+01
7.061595694715022375e+01
7.272121479229308250e+01
7.178385873464324618e+01
6.978483996848170534e+01
7.036123292011735941e+01
7.378194253469469288e+01
7.185131460867135900e+01
6.889550996970818630e+01
6.945974538138690946e+01
7.313226209756213336e+01
7.136882442506207269e+01
7.529571197363166846e+01
7.578223101893591718e+01
6.891616464076501813e+01
7.398158683351792320e+01
7.730126481563638663e+01
7.378489108704025057e+01
7.342225531071301248e+01
7.725187967582527904e+01
7.334691186506027805e+01
7.605470021841644268e+01
7.248861607068529622e+01
7.628642907115180094e+01
7.555794716470747119e+01
7.188475950392822256e+01
7.489420947357288583e+01
7.826587716200903344e+01
7.233891443918565756e+01
7.653997016039284063e+01
7.858112901044917464e+01
7.467436481177692542e+01
7.604706811333574024e+01
7.184871099311583009e+01
7.535938630148702089e+01
7.578830594078681315e+01
7.570037960579568903e+01
7.899707514955582610e+01
7.719652267601851747e+01
7.658198180875163530e+01
7.482658557775003771e+01
7.754678934584364924e+01
8.007294700596501968e+01
7.290428767957932621e+01
7.694148700819779663e+01
7.871129276996583712e+01
7.857902321649871169e+01
7.383805601182528733e+01
7.668232415167108229e+01
7.940249916490009241e+01
7.791231937121951034e+01
8.125101235494554430e+01
8.184768831850946924e+01
7.558724226742812391e+01
7.838500385208848797e+01
8.186607750388778015e+01
8.161187777111243236e+01
7.602096060206768868e+01
7.828078990963696526e+01
8.209760442892265075e+01
8.125876987436301135e+01
7.682904547405513540e+01
7.795237758231732528e+01
8.145246140139099111e+01
8.073645056868839731e+01
7.726777006862234032e+01
7.780567909579559682e+01
8.148691435990427578e+01
8.028685331151949356e+01
8.393034844835069919e+01
8.557522245424239316e+01
7.927196425270992108e+01
8.291547263390249611e+01
8.614062408710593388e+01
8.153136086163632967e+01
8.297112162376703282e+01
8.552088336120448275e+01
8.180213954164248946e+01
8.262861537020978631e+01
8.677354750306507469e+01
8.253289809738076599e+01
8.605998362687461167e+01
8.134084345034978014e+01
8.544604004555189647e+01
8.599807299551102346e+01
8.162178469512090828e+01
8.388018577491132532e+01
8.755233892980450605e+01
8.249460728615194682e+01
8.453641583757146805e+01
8.813276811902889563e+01
8.423258336217028841e+01
8.675749868450618862e+01
8.148901352662586817e+01
8.549981867659192858e+01
8.672147712763043614e+01
8.311179894591212758e+01
8.670144826744854072e+01
8.899090882784570056e+01
8.266870135190809776e+01
8.640680846368351808e+01
8.823945487778458130e+01
8.948404430339004989e+01
8.359958074418665319e+01
8.711347355682413252e+01
8.846353494994066580e+01
8.973996857099240287e+01
8.319203041207551053e+01
8.680329283052982703e+01
8.796922493279089394e+01
8.980112887366375674e+01
9.185309805631854374e+01
8.641214318749489109e+01
9.057037586529020246e+01
8.440428731081206593e+01
8.909517679353191966e+01
8.893321201810829280e+01
8.917952722779655517e+01
8.879229978107622401e+01
9.313177278848274909e+01
8.725946913281852346e+01
9.227619147984157166e+01
9.174267285372853564e+01
8.991287027188303682e+01
8.938644205993570324e+01
8.871107253557660499e+01
9.221444770382724698e+01
9.021487816178218111e+01
9.147083513457270953e+01
9.153012829006613060e+01
9.505365589901452950e+01
8.909315266892129159e+01
9.212812182128281790e+01
9.527559867491892476e+01
9.013188799678248131e+01
9.409267818071612055e+01
9.763186130141042440e+01
9.042450027823284131e+01
9.526335497639858829e+01
8.933055616125956533e+01
9.377752023882284504e+01
9.617125512734642712e+01
8.908768933412210345e+01
9.329049677948370345e+01
9.675527111465481767e+01
8.987840408015263449e+01
9.458976163805836279e+01
9.766787254232875171e+01
9.107733398504103661e+01
9.558004351074023930e+01
9.825488607307059397e+01
9.243343427007356183e+01
9.690185801213226569e+01
9.023615250591230108e+01
9.433919576686739106e+01
9.684619493759586817e+01
9.134322254029582666e+01
9.507692043864339837e+01
9.772182762656098021e+01
9.520076601496113256e+01
9.700229411544408720e+01
9.995795332163693558e+01
9.526034133924689229e+01
9.925016805871766223e+01
1.008584378701048365e+02
9.544286063599651015e+01
9.842823334062472895e+01
9.242037810992309232e+01
9.540134742991443773e+01
9.918697987746757860e+01
9.898395367185872828e+01
9.323647340532885153e+01
9.774424156463688007e+01
9.820345607384813036e+01
9.940522319341583568e+01
9.929997756693637712e+01
1.032023800807415483e+02
9.504617878131108455e+01
9.996467897868660657e+01
1.021351891940022796e+02
9.678881339362779102e+01
1.010792623310038465e+02
1.046670660111555549e+02
1.011612504336569032e+02
1.006662804058077825e+02
9.962843842264028638e+01
1.049011496327618715e+02
9.945296986215288371e+01
1.038941214180330661e+02
1.080071371465289189e+02
1.014969389586476325e+02
1.043559699490629953e+02
9.506094234573107826e+01
1.023319759044969288e+02
1.053957171391759715e+02
1.001888511157741135e+02
1.051830230695366311e+02
1.075375783888236469e+02
1.027826821755828917e+02
1.047612091398030003e+02
1.070293674408600708e+02
1.026198325213925244e+02
1.058931883494448130e+02
1.091611629343559713e+02
1.046965020118965555e+02
1.081539784337913659e+02
1.026053230117955621e+02
1.066454437021668866e+02
1.096726182891564605e+02
1.038572975539535150e+02
1.075480739261427772e+02
1.101508088463132964e+02
1.041299374494578842e+02
1.085809544265313349e+02
1.122953273027966503e+02
1.058368256887322474e+02
1.100846754791405004e+02
1.120918505197760595e+02
1.084915725769601806e+02
1.121326636016530216e+02
1.058192758927768580e+02
1.098012553535813822e+02
1.124819477276694073e+02
1.066201519337361390e+02
1.100318680356431571e+02
1.144526811284274856e+02
1.090101621047480052e+02
1.146183468885210033e+02
1.148227482430909276e+02
1.104861028049653129e+02
1.128716391587892076e+02
1.076812884026755484e+02
1.101713154295651549e+02
1.155498439666219639e+02
1.106774195023972993e+02
1.173884002760226366e+02
1.146925170947486663e+02
1.131291913066447705e+02
1.133036490293247454e+02
1.182952594393057240e+02
1.134952513043847233e+02
1.190452315821058988e+02
1.178915902588901048e+02
1.180580823107598150e+02
1.162022164268588398e+02
1.155320350653449992e+02
1.158666737129056230e+02
1.214511105051195017e+02
1.144179410649075237e+02
1.202663078440542535e+02
1.199381101784877188e+02
1.192653929357948641e+02
1.165093542142988241e+02
1.216593692303672043e+02
1.208438595515638809e+02
1.177142912994785320e+02
1.214413825000165730e+02
1.248366048349505348e+02
1.179661998505368103e+02
1.231880161447032407e+02
1.268433155983038176e+02
1.203098320938773043e+02
1.251758799576517447e+02
1.285172744008713153e+02
1.223671703730206701e+02
1.270032032098604304e+02
1.208123336380608066e+02
1.252161870600071012e+02
1.288344444592918876e+02
1.224849165523626198e+02
1.269288088172808955e+02
1.293199938583235564e+02
1.239830736076919777e+02
1.275016158837887303e+02
1.324923048345571033e+02
1.249669391670525442e+02
1.296751155745081405e+02
1.228998352780389780e+02
1.288636246626892898e+02
1.298327131138863706e+02
1.254597353255329040e+02
1.284837631224141035e+02
1.336118157800897848e+02
1.264890225201420861e+02
1.318923087834892556e+02
1.333405508536131947e+02
1.302029711319856915e+02
1.319104919501298241e+02
1.375983451245471940e+02
1.299873032007762959e+02
1.368607001616761352e+02
1.290404488441662920e+02
1.356733277698735662e+02
1.346007509139002138e+02
1.331631972815679035e+02
1.335540770032058902e+02
1.396432063068230320e+02
1.324102649969946697e+02
1.391037232591892518e+02
1.391991475095009321e+02
1.383292303924986300e+02
1.366350748963907051e+02
1.420828555745848973e+02
1.382447632068887060e+02
1.426824721733041770e+02
1.363623537251096707e+02
1.413971242076214025e+02
1.435732822433888316e+02
1.364228000230433508e+02
1.428709848925125527e+02
1.467707669450708465e+02
1.393859762101177182e+02
1.452219375363198139e+02
1.489342706523627839e+02
1.420672868926690171e+02
1.473947353986756070e+02
1.511432379790833522e+02
