0.000000000000000000e+00
-4.389391610284776846e+01
1.997236446911778529e+01
-2.584252572120818314e+01
8.385351592607717564e+00
-1.802022271640089457e+01
9.933423060570653051e-01
-5.062396390181567618e+00
3.131274838378777403e+00
-3.553794735660234405e+00
3.038711591657780264e+00
-2.873645525532449341e+00
2.828870193861130478e+00
-2.334823719195135983e+00
2.490367048272269290e+00
-1.856845212622502128e+00
2.391059931620361123e+00
-1.425136474127643771e+00
2.404119333194226993e+00
-1.028970303668048869e+00
2.477415283308041616e+00
-7.050450412492057506e-01
3.279445821257735094e+00
-4.905542537954623028e-01
3.594798186675502549e+00
-2.894283651551422532e-01
3.925505107478776345e+00
2.675441733335301997e-01
4.151860233242413045e+00
4.157003612854850427e-01
4.358412634335081748e+00
6.196073471709123703e-01
4.697150260977427827e+00
8.704315554861358217e-01
5.042064905538609310e+00
1.149666694393081334e+00
5.404537454971829469e+00
1.450024619077925569e+00
5.784575081514915063e+00
1.768112129977852387e+00
6.178048584677182653e+00
2.101071137709424885e+00
5.451838208060851620e+00
2.464883659910970692e+00
5.957539670085544969e+00
9.359322106070424141e+00
1.085998812455852658e+01
8.349948692611162571e+00
1.211248235993350342e+01
8.984050698614494124e+00
1.253080164954900511e+01
9.359791968633491166e+00
1.296719116087303547e+01
9.753494575599537697e+00
1.337760989883594220e+01
1.012208967272311178e+01
1.378079415600014457e+01
1.048767788260014200e+01
1.417739540555137090e+01
1.084862561386872670e+01
1.457194807270801640e+01
1.120787592405905464e+01
1.496420624694523838e+01
1.156534667399252569e+01
1.535499610984487973e+01
1.192134535820513364e+01
1.574410066503774175e+01
1.227564859267274500e+01
1.613143411214512213e+01
1.262801453218039605e+01
1.651669504829944657e+01
1.297809678315020321e+01
1.689958611454397186e+01
1.332552776920835491e+01
1.727976865782225957e+01
1.366991741417276351e+01
1.782586404299452809e+01
2.024750012623491813e+01
2.320982169471266587e+01
1.943605429246707317e+01
2.415671153139778582e+01
1.985754848820930363e+01
2.451743101089894239e+01
2.020530803282900933e+01
2.486132926587296765e+01
2.053713339701124241e+01
2.454952551540904437e+01
2.088518914109575064e+01
2.490528378114626662e+01
2.122008638967236038e+01
2.522423532471408691e+01
2.152475876544971456e+01
2.552023614996918965e+01
2.180956064492242774e+01
2.579365326174676554e+01
2.207478648799366994e+01
2.604830127832324749e+01
2.232336926692863699e+01
2.644333521791230979e+01
2.928204840487778426e+01
3.062356156574214339e+01
3.026952113591465832e+01
2.951802393201182184e+01
3.161072140888932935e+01
2.940637713712842327e+01
3.152276258390450181e+01
2.962022007105753119e+01
3.193603671507629471e+01
2.916887769250398321e+01
3.208055699170801489e+01
2.932154008418136115e+01
3.212028001713196801e+01
2.949154183313923383e+01
3.216876260211001437e+01
2.965288503083048610e+01
3.220622841442484940e+01
2.981919981246596763e+01
3.280507245606553823e+01
3.662493450615912849e+01
3.930300669290159732e+01
3.626003197934367961e+01
3.937827872190894851e+01
3.636997057068113293e+01
3.930025846363017195e+01
3.611335067277576627e+01
3.842459073794612578e+01
3.294823812882777503e+01
3.846181527545463297e+01
3.557369740147023407e+01
3.854376853127230618e+01
3.542754722266374046e+01
3.856915461174005344e+01
4.143619666151656133e+01
4.258357674183861974e+01
4.145129839906021374e+01
4.289106699495986419e+01
4.149664997811488121e+01
4.289822778395382130e+01
4.128138768211459819e+01
4.276545798350736760e+01
4.102909866757803314e+01
4.257909959626792329e+01
4.076385048340094386e+01
4.236739871994598161e+01
4.048061722962571451e+01
4.200562273797822144e+01
4.069787871842266469e+01
4.476486377586166299e+01
4.557020427744401303e+01
4.999401568669470208e+01
4.335770613991396516e+01
5.055935766143959142e+01
4.266548145433471717e+01
5.014121354712046497e+01
4.188569457365874626e+01
4.989397651681581181e+01
4.325318551007016765e+01
4.521769487693487832e+01
4.602579803972043493e+01
4.564988794632658653e+01
4.452402344270986134e+01
5.051952801733048659e+01
4.882358362236555394e+01
5.316123109124961132e+01
4.650317683359880050e+01
5.346518538465374348e+01
4.552627537298120330e+01
5.246198700870829867e+01
4.528487985502341218e+01
5.176967555117928299e+01
4.436238920515152273e+01
5.101039708130419115e+01
4.379306605930119645e+01
4.986002542457455888e+01
5.269224549419634229e+01
5.120257214414570512e+01
5.357973071502098605e+01
5.110314276291698832e+01
5.184545675241952267e+01
5.128691440361129850e+01
5.087886328676323444e+01
5.043953641141310840e+01
5.016906988597825290e+01
4.970664457973412453e+01
4.957828626950016826e+01
5.449358577745740462e+01
5.266745494725431342e+01
5.591602060754875936e+01
5.105564417043300551e+01
5.645727797164739314e+01
4.965005042159540949e+01
5.539882666174203507e+01
4.879308513195636010e+01
5.456736033835275634e+01
4.905408271179558000e+01
5.409384108775943645e+01
5.737668747586512552e+01
5.311930953822887602e+01
5.770524876194218677e+01
5.122337620636857025e+01
5.662038855159708106e+01
5.028650545305131203e+01
5.567734247471113918e+01
5.058841522322708073e+01
5.519381646474601411e+01
4.881194332312337991e+01
5.411205712977462667e+01
5.766197423651250631e+01
5.333873895922871355e+01
5.792291739919347293e+01
5.165630989316558441e+01
5.676623678434784637e+01
5.070828422941894331e+01
5.573312305798380351e+01
5.062763323901434376e+01
5.507174433350615317e+01
4.826808699965977212e+01
5.389266578426634879e+01
5.727029085173628431e+01
5.216572333236874925e+01
5.759365268543005811e+01
5.176805713233032691e+01
5.646345723700267882e+01
5.109335927193117044e+01
5.545984214838880177e+01
4.902542016970270566e+01
5.420554165864828633e+01
5.724756059602655256e+01
5.467589609117832339e+01
5.784492623492381114e+01
5.168073650269384700e+01
5.727170644430417923e+01
5.096426487832238905e+01
5.572363260918711347e+01
5.046721698655019850e+01
5.444822408762374266e+01
5.676711878443499160e+01
5.668824718456219358e+01
5.439983500013033790e+01
5.652990782349589693e+01
5.310907261345138863e+01
5.504771389436157136e+01
5.168267332650520984e+01
5.359301846305145745e+01
5.023461725696265034e+01
5.224114375506599117e+01
5.509852096945615330e+01
5.642800123590236439e+01
5.298125346097326371e+01
5.510903170739372570e+01
5.146084940003070329e+01
5.345149000540696704e+01
5.028380680318360163e+01
5.233592634729003379e+01
4.867546786413369375e+01
5.176379370918068901e+01
5.334062647672425328e+01
5.483608139554574024e+01
5.133900531728121308e+01
5.432143964314397522e+01
4.905716084347207584e+01
5.154882964937993250e+01
4.854262969496109292e+01
5.089752228227429498e+01
5.310727969344443977e+01
5.415694482967421663e+01
5.136074366623951448e+01
5.357432391336217137e+01
4.893216106884468530e+01
5.180809854570852480e+01
4.708928969780890128e+01
4.991110447182184373e+01
5.115730786404697739e+01
5.372446502110462063e+01
5.029739365609303547e+01
5.293952915341734666e+01
4.775415217549983993e+01
5.074208153014824774e+01
4.685192364115179231e+01
4.970537388942813095e+01
5.096215711466646781e+01
5.283214121031060273e+01
4.858386716463060395e+01
4.993428695687776298e+01
4.682893099398179260e+01
4.850272639059829771e+01
4.535043934114381159e+01
4.704090857165972039e+01
4.950391763379953147e+01
5.023131478753163037e+01
4.858563528507545470e+01
4.943853527223783573e+01
4.578533720860531275e+01
4.715493023018745333e+01
4.472943575552351092e+01
4.581994249050816848e+01
4.885404442389830137e+01
4.873066688247595124e+01
4.668813525756042537e+01
4.701967085494642618e+01
4.578480815966214834e+01
4.598583013323871427e+01
4.339840656748307168e+01
4.378417664742011794e+01
4.730004769877760396e+01
4.650887693073450890e+01
4.585707872626133508e+01
4.552378828054460058e+01
4.379720497805342205e+01
4.349926610044226294e+01
4.318181125379251029e+01
4.264691504225734064e+01
4.638302816754534064e+01
4.570297911025176774e+01
4.402779687287849697e+01
4.321574189204018523e+01
4.442147719495594060e+01
4.264879635628524568e+01
4.111025172025048846e+01
4.022792950011318425e+01
4.419573896397792367e+01
4.456761304367461918e+01
4.145125839334961171e+01
4.069657807361138424e+01
4.267422510850417439e+01
3.939576072400260642e+01
4.048514763871880717e+01
4.347366149700479099e+01
4.230773067059578096e+01
4.209698364439552165e+01
4.026964123453819155e+01
4.143699767025047720e+01
3.925488563953230425e+01
3.860068722704273370e+01
4.194815179819315176e+01
4.029345591416360861e+01
4.366080063677174650e+01
3.661584083049351079e+01
4.098442296977587773e+01
3.643997113617398043e+01
3.974399628762711956e+01
3.244306288935317895e+01
3.751994177392065666e+01
4.036134773314955027e+01
3.737941645317453521e+01
4.088660286070508931e+01
3.302195058430767460e+01
3.876789277369302056e+01
4.147012144745232831e+01
3.662583245748317040e+01
4.050432696634020147e+01
3.415895059301987402e+01
3.886525727681380005e+01
3.085952672196827606e+01
3.635568749635163499e+01
3.882810181459264953e+01
3.869355710787230862e+01
3.590149550942907553e+01
3.859832546133404918e+01
3.157030509883029623e+01
3.620874795915681688e+01
2.958358805006239578e+01
3.421181953746244631e+01
3.681235870402357335e+01
3.659389025123242334e+01
3.469374679262548256e+01
3.678615179137149482e+01
3.163570844287755079e+01
3.426952056148404324e+01
3.633715448306968909e+01
3.757877810649345207e+01
3.381538398605456308e+01
3.595345310287040519e+01
3.164614833751845424e+01
3.316028964596958417e+01
3.089341549242396212e+01
3.310355924759900859e+01
3.486537957674157440e+01
3.544168464197738189e+01
3.184103224174199198e+01
3.403460875767572702e+01
2.961267813509382663e+01
3.179215471715750141e+01
3.353225039613069924e+01
3.510823203374882695e+01
3.352860701917173714e+01
3.370864946266955542e+01
2.975176768013222528e+01
3.232918755238137720e+01
3.373582400644890811e+01
3.573595861017609820e+01
3.199063527796133144e+01
3.488224836784198857e+01
2.916465604210688767e+01
3.221431032004148420e+01
2.726703960133104232e+01
3.026764628288952963e+01
3.122057684889465534e+01
3.366693846228176312e+01
3.147754721740554018e+01
3.262060952098146771e+01
2.707874463221973471e+01
3.094473151973022951e+01
3.121085048856642530e+01
3.417190476397616550e+01
2.953433379152016869e+01
3.340652208574800142e+01
2.672389872057258842e+01
3.111652129165132408e+01
3.092231938486018805e+01
3.424750647422601446e+01
2.952258466346399501e+01
3.370842866475636868e+01
2.606904326127281024e+01
3.139303384004173125e+01
3.192542188334769904e+01
3.540889054237634781e+01
2.774638562611573533e+01
3.340547824419849832e+01
2.836179971592731874e+01
3.298551349897078921e+01
3.307612073852011747e+01
3.575447749000290543e+01
2.831451445316253768e+01
3.460129840315813254e+01
2.609314719459611354e+01
3.138741736832316320e+01
3.447394179143979187e+01
3.323035082348644664e+01
3.378816895262220044e+01
3.232272115971144899e+01
3.120378046205997080e+01
2.998907722244311458e+01
3.309828644641356732e+01
3.586325959205999681e+01
3.058676920047723513e+01
3.402693163390905084e+01
2.934233962823233810e+01
3.292415882707580721e+01
3.590293875622931097e+01
3.265407437940682200e+01
3.678496787874357210e+01
3.058624893863899175e+01
3.451231361749446336e+01
2.850305493459787343e+01
3.267382239753651163e+01
3.564605518517308269e+01
3.143584522391421743e+01
3.548672912698163628e+01
2.770116653271785978e+01
3.320697407264551515e+01
3.594871016157613752e+01
3.534761432003755743e+01
3.291740935888309849e+01
3.556948148131826315e+01
3.071753644478703649e+01
3.230448983093526749e+01
3.550741106131488323e+01
3.770280607502032666e+01
3.101135182821087000e+01
3.565866401039617273e+01
3.107019620105625890e+01
3.423291690563183920e+01
3.661248721131646278e+01
3.724811197428777376e+01
3.384047073197347544e+01
3.704233433312666790e+01
3.114810223978412651e+01
3.513178175794745073e+01
3.722218284283732714e+01
3.869031055247969419e+01
3.298098716017145193e+01
3.681184066063738669e+01
3.089108283345332850e+01
3.484493423248057553e+01
3.689538161259017812e+01
3.837665592602586173e+01
3.513682117919110226e+01
3.759313436310522860e+01
3.256510001273237265e+01
3.551584064596120527e+01
3.742984089920086177e+01
3.899874874583391460e+01
3.627097436541862407e+01
3.819822511318723457e+01
3.378330284029554065e+01
3.610031680399722376e+01
3.807906716014095139e+01
3.957145756876975895e+01
3.731344462450221755e+01
3.888056286577680964e+01
3.397622048339977141e+01
3.671884057247729771e+01
3.910044782645041295e+01
4.009155491315692643e+01
3.810278229723986243e+01
3.943792566556608392e+01
4.221231688076140642e+01
4.254621365686892887e+01
4.056047681983424980e+01
4.138345751729266908e+01
3.791492993155002011e+01
3.943833929476924283e+01
4.253791858686690119e+01
4.305260935297193470e+01
4.049275203168989634e+01
4.100751129213043811e+01
4.176343989298116810e+01
3.866113740555174161e+01
4.253927327167804862e+01
4.377307655537372710e+01
4.220479728860356516e+01
4.220445550898936204e+01
4.018789323221141530e+01
4.419721488374854346e+01
4.305076998327904647e+01
4.676220631603789002e+01
4.054464826163393099e+01
4.501022453887549801e+01
4.791585489584629443e+01
4.568462816519692637e+01
4.594712117227841475e+01
4.481414364228852065e+01
4.377332756636363342e+01
4.281574441334900882e+01
4.681625015613161622e+01
4.879176463421626408e+01
4.305251859744806353e+01
4.789551205674174383e+01
4.079654964609586898e+01
4.587046499316066672e+01
4.916757807983984918e+01
4.542316596884855073e+01
4.713095017448773660e+01
4.588403677048059137e+01
4.560464701019395051e+01
4.877521658083232126e+01
4.967579147620428870e+01
4.701313479374294246e+01
4.840168365588045418e+01
4.574336578755730187e+01
4.894129917533144436e+01
5.012425542431560643e+01
4.926950722359604384e+01
4.983030262912020447e+01
4.687524957477788234e+01
4.828722912557878999e+01
5.133061079280575711e+01
5.258513470118618471e+01
4.678823329657084429e+01
5.052307754161267894e+01
4.531144573431426892e+01
4.936398960314863871e+01
5.015287280044774576e+01
5.315849163289370694e+01
4.738038280694676274e+01
5.104055190309076551e+01
5.282649643677006424e+01
5.398296739023528090e+01
5.127911109633964770e+01
5.323900258091728688e+01
4.898190970946698997e+01
5.102460630718797319e+01
5.322608463347619789e+01
5.471479734922935023e+01
5.072666870592503585e+01
5.369335377137775822e+01
5.474489247204628128e+01
5.669970271186032562e+01
5.281517037181112784e+01
5.561279487366906693e+01
5.024208135455962321e+01
5.327265227698325845e+01
5.436280744953105426e+01
5.678193716566112670e+01
5.343429580733103279e+01
5.573584964891833238e+01
5.030643449731043404e+01
5.371587841388405593e+01
5.486046154437586608e+01
5.728782624479833885e+01
5.277538832419475767e+01
5.551415683873822360e+01
5.737505321699031668e+01
5.821337341326439940e+01
5.419654951415422772e+01
5.597876826467241784e+01
5.264055208636536776e+01
5.424555531268790531e+01
5.727754882709940176e+01
5.705594736489622676e+01
5.537750680618896126e+01
5.584886457621699662e+01
5.912823268131874954e+01
5.894316796601040664e+01
5.632484102692126982e+01
5.655853894634688572e+01
5.709893356335499703e+01
5.800608436412037605e+01
6.113426009020140839e+01
5.916012980279603539e+01
5.737660639288110076e+01
5.695995908705461375e+01
6.032821880204224385e+01
6.289182992117930837e+01
5.506320520211897218e+01
6.019043215345229925e+01
5.637007101132115139e+01
6.033233597595214803e+01
6.335430790352793906e+01
5.545124108188860390e+01
6.109125553100033557e+01
5.597185374426857862e+01
6.035825404988751330e+01
6.319534141922571990e+01
5.601631225581537166e+01
6.136475899138198287e+01
5.487846423137118279e+01
5.975738469163795941e+01
6.255402233118469724e+01
5.700560912038926631e+01
6.207821341804573478e+01
5.406117038914894835e+01
5.960409362568613290e+01
6.133470102575520855e+01
6.432742509988085544e+01
5.611945771481270384e+01
6.090400459139501521e+01
6.340744581994081130e+01
6.387261941702857371e+01
6.009526850687420563e+01
6.135864307861390188e+01
5.771906244233238681e+01
6.035846949471455503e+01
6.134223148626258393e+01
6.335281200617038166e+01
5.738362696055166623e+01
6.095368648734376649e+01
6.315129248838649545e+01
6.305987332017847535e+01
6.127504005253074126e+01
6.156656738547862062e+01
5.763884251290126315e+01
5.974134503755115588e+01
6.112297082833583062e+01
6.306792450084426349e+01
5.705787897397721053e+01
6.043082608345074647e+01
6.156764095710159523e+01
6.337353335149931155e+01
5.811330034158950752e+01
6.097581142714882674e+01
6.251598412901136470e+01
6.382035715928529385e+01
6.047628945279008406e+01
6.234376247178135344e+01
5.712774065394690837e+01
6.026238003762236417e+01
6.073765759695048416e+01
6.294152479872956718e+01
6.171652841942955803e+01
5.725967583813851292e+01
5.933685221317145420e+01
6.179132641668235948e+01
6.190015639315078033e+01
6.194560795878958004e+01
5.669338305863630012e+01
5.976166068644756280e+01
6.110049865225202126e+01
6.129995757886274532e+01
6.045500257274267142e+01
6.011618968816882358e+01
6.292042809612172505e+01
6.276177656306673924e+01
5.967139905407015732e+01
5.967261304963907520e+01
5.819674378870058007e+01
5.910373121820234132e+01
6.198348331669822642e+01
6.017663094581205740e+01
5.930721716575828140e+01
6.235401579033064934e+01
5.998728741149270149e+01
6.332882421239379056e+01
5.824760242397050547e+01
6.127146029695742868e+01
6.390553492138139546e+01
6.073006489743414704e+01
6.037856678663681009e+01
5.820136417164190590e+01
5.935796972344317624e+01
6.252555103226040956e+01
5.930626467170603888e+01
6.043343803317829099e+01
5.759996846078517763e+01
5.726846285389213875e+01
6.070598331641975420e+01
5.795284618986340774e+01
6.102975549695219826e+01
5.465627612846941474e+01
5.848012081856219879e+01
6.095098485892150819e+01
5.599570733101500508e+01
5.944142126219888667e+01
5.451904005097603800e+01
5.750053947583989356e+01
5.943896948896742316e+01
5.972649906789209240e+01
5.582185046416753238e+01
5.769550934082350580e+01
5.947708203852886300e+01
6.040860170357380809e+01
5.598456250112575816e+01
5.720971866351607815e+01
5.920354481224847376e+01
6.052524757463698535e+01
5.470787826156180955e+01
5.792643431154861844e+01
5.151624535729296639e+01
5.476779769725582270e+01
5.579779910892077766e+01
5.715311439085730427e+01
5.479470481902639278e+01
5.602970828593246466e+01
5.752167861628071677e+01
5.842385433057153676e+01
5.298149494131912007e+01
5.495499742963082923e+01
5.663006700026438978e+01
5.718105493614120860e+01
5.668570094057071174e+01
5.404299418079033757e+01
5.534534826908875971e+01
5.620554377931897250e+01
5.719339168793744221e+01
5.164356231555512977e+01
5.384286606617629189e+01
5.607397850046392307e+01
5.576529213961520526e+01
5.532670906923610232e+01
5.497276661499081740e+01
4.967263858302052171e+01
5.291467977708708048e+01
5.215837832227777682e+01
5.462675027903442526e+01
5.232317190616755909e+01
5.518126461787341697e+01
5.553746808327065310e+01
5.149140868078838906e+01
5.179818654885762186e+01
5.146298268117536878e+01
5.411822641342870099e+01
5.225815567678230877e+01
5.506692401392160008e+01
4.857076528538026139e+01
5.178295966629267610e+01
5.411651185505712647e+01
5.168757441027965882e+01
5.239586256063863345e+01
5.035677724307689829e+01
5.322884649785019917e+01
5.384037202795860821e+01
5.076031925253396793e+01
5.016600708412775589e+01
4.810969317977787085e+01
5.106749876537830346e+01
5.278846186599982104e+01
4.620583619274685105e+01
5.055485858964622281e+01
5.284246084419984868e+01
4.944198806300511251e+01
5.232276956739775642e+01
4.441840905649212345e+01
4.964269068730572343e+01
5.095097968629679741e+01
5.264433410669673918e+01
4.499556213792835280e+01
4.940801612435441825e+01
5.145945531316206001e+01
5.186564862469154491e+01
4.784822054639915478e+01
4.856556317747624263e+01
5.075081837485719660e+01
5.231597515834489798e+01
4.540597458876563763e+01
4.916907862160650211e+01
4.282545474729062818e+01
4.656774895074092768e+01
4.727197391879538202e+01
4.890211385888552797e+01
4.486621847929886542e+01
4.705029967347544329e+01
4.804483460367670489e+01
4.932493037244334744e+01
4.538272248411029608e+01
4.676785673875782834e+01
4.810719062816427538e+01
4.906011932462704550e+01
4.671646937994173499e+01
4.740827508194897888e+01
4.905547876194190593e+01
4.976187305335506039e+01
4.509272420940728665e+01
4.650387553415786357e+01
4.827101787331978500e+01
4.868210850674685020e+01
4.888528474971693072e+01
4.423732680948094753e+01
4.688821461001827373e+01
4.706255436297130501e+01
4.923070756529185132e+01
4.602359010954022267e+01
4.786231357803770692e+01
4.786077212844033824e+01
5.010920072551289906e+01
4.476786342095769555e+01
4.831051675359726971e+01
4.087432899625950711e+01
4.498774817826459582e+01
4.449914524635297397e+01
4.740199420633850735e+01
4.432070566749766982e+01
4.754454735319473002e+01
4.849454428044903409e+01
4.440899830129419001e+01
4.776132467913862456e+01
5.021374913185146482e+01
4.752832057548011591e+01
4.679277359929989899e+01
4.522933940030506506e+01
4.449195986764306809e+01
4.803078150913619737e+01
4.530610637931804519e+01
4.845423727834303662e+01
4.178083469726535526e+01
4.526330825972988237e+01
4.793494380571912927e+01
4.473840948493653258e+01
4.532023683557400062e+01
4.316689851421011070e+01
4.555690769993904610e+01
4.636828554578636385e+01
4.729339482548115825e+01
4.162706300865622211e+01
4.424240096686421708e+01
4.658544781152166792e+01
4.828072409926603825e+01
4.279404995615833940e+01
4.553952151353228572e+01
4.770328865250627359e+01
4.778506921186478706e+01
4.371698814144921386e+01
4.519531533142037460e+01
4.762074621169460187e+01
4.835186226775973495e+01
4.440078176232552210e+01
4.568642085364006533e+01
4.788963652305011465e+01
4.931828498249392112e+01
4.395696363048195821e+01
4.661653439206329352e+01
4.821344523038051477e+01
4.918565179400849985e+01
4.646247301169501753e+01
4.797416007597177412e+01
4.956368508928978400e+01
5.037185318857467564e+01
4.631535682169180035e+01
4.785899207774258457e+01
4.365687304993975459e+01
4.559640401805440035e+01
4.729752442468515738e+01
4.816161315639596552e+01
4.367371908669576897e+01
4.542807150494598289e+01
4.731043393027083965e+01
4.786917204412696947e+01
4.780137309719478367e+01
4.818362817998860947e+01
5.055079785099117373e+01
4.967539043021852052e+01
4.572371504478420690e+01
4.687264185290977991e+01
4.945432163777733336e+01
4.892058392146521584e+01
4.869082030483449586e+01
4.825894971934695832e+01
5.102295328807482377e+01
5.077907874205329364e+01
4.851926639346691417e+01
4.819580407794867938e+01
5.130254523866793193e+01
5.208846560301503104e+01
4.553615772934369232e+01
5.046383939267113306e+01
5.292495195783236284e+01
5.052533711035081865e+01
5.222563257978946183e+01
4.785854735893109790e+01
5.175935867791675093e+01
5.431031238919744908e+01
4.729425990091285570e+01
5.210430537290819331e+01
4.521840292611216228e+01
4.999694758581370735e+01
5.263478617040575358e+01
4.877822217335942412e+01
4.992229883303859594e+01
5.338674126586231239e+01
5.236162354116301287e+01
5.201720286054889186e+01
4.908773409851108482e+01
5.168366826971835337e+01
5.419840354919590197e+01
4.907682012519482129e+01
5.171532956310073814e+01
5.397971603118246264e+01
5.576369032843707885e+01
5.055676141249148259e+01
5.235068721439965600e+01
4.878405673296902734e+01
5.090526910193228360e+01
5.155500992113762493e+01
5.387569188914476825e+01
4.682375288205932407e+01
5.113010167978365672e+01
5.229434063271076383e+01
5.428813803056146270e+01
4.761257579220937686e+01
5.135131088310217962e+01
5.202736316492325841e+01
5.392951480356568084e+01
4.957030432219293914e+01
5.179186393300339830e+01
5.283099313605522696e+01
5.429877010493576250e+01
5.122335589597877004e+01
5.375297193204494306e+01
5.459252202538893073e+01
5.631794526035089632e+01
5.144197580752996402e+01
5.389958171318280478e+01
5.451302609453760795e+01
5.652490499128444412e+01
5.084019820552379088e+01
5.335736183435970759e+01
5.400345421615921992e+01
5.618583967746514674e+01
5.566201530059839797e+01
5.822448157158905957e+01
5.774839711787651453e+01
5.420500931507147158e+01
5.464313618627002000e+01
5.368386263563193950e+01
5.374574655776078203e+01
5.660243513131531046e+01
5.531229512053722885e+01
5.314637226870669906e+01
5.601571095041717996e+01
5.413958499757519860e+01
5.744866271298121774e+01
5.393283253880790085e+01
5.709991565721547602e+01
5.927705384260568167e+01
5.387659777958984364e+01
5.704971938765811501e+01
5.968660164164538173e+01
5.677278316334007258e+01
5.637277570480492273e+01
5.415648350118667054e+01
5.750078681212323062e+01
5.973301750899123164e+01
5.332715899186936070e+01
5.708797357495976854e+01
5.955046769459757172e+01
5.851188181763751572e+01
5.712536995367913306e+01
5.431985763108403376e+01
5.671680433063247051e+01
5.934885371874484150e+01
5.305292423963771142e+01
5.704779666856928344e+01
5.371627674476585668e+01
5.603096964870945840e+01
5.656423484074227304e+01
5.823273272054321836e+01
5.250215697094921552e+01
5.531003459509272346e+01
5.710295054530546111e+01
5.770678092455020902e+01
5.340406314334474303e+01
5.561443206128269168e+01
5.634052414591457847e+01
5.821616209180035639e+01
5.258939763309797399e+01
5.516514167667850899e+01
5.605303765590232956e+01
5.751473588483749211e+01
5.343353355914282332e+01
5.604733426312348854e+01
5.688176378669467681e+01
5.841094308770653498e+01
5.379119544013811094e+01
5.553084078439268723e+01
5.645050110270313581e+01
5.812427639285434111e+01
5.341416052257088154e+01
5.579152027586395235e+01
5.605099732591268236e+01
5.787414910057372452e+01
5.686553069869006549e+01
5.949305418399211476e+01
5.904587157888214932e+01
5.517932829462939992e+01
5.602326926083321723e+01
5.862782448306764849e+01
5.782669275872815007e+01
5.903663534197063711e+01
5.578162156699148966e+01
5.847034632088638517e+01
5.761777631104067865e+01
5.870864453368302094e+01
5.593936345906460161e+01
5.899845485277096913e+01
5.981598799919489551e+01
5.461794584195292401e+01
5.819676641504857173e+01
6.064229767442231633e+01
5.823829433779349785e+01
5.769337152081765652e+01
5.584988937087993577e+01
5.498248422586710404e+01
5.821789086879675068e+01
5.540408251909708071e+01
5.847831479368877439e+01
6.089915453227589381e+01
5.686523249274858216e+01
5.896642906562980357e+01
5.312528957773333360e+01
5.676511955716279090e+01
5.904857841704355792e+01
5.532641657075104291e+01
5.842425440088902633e+01
6.045177733068896941e+01
5.616076029207010123e+01
5.913256730976245024e+01
5.340835145863965039e+01
5.686196587799138769e+01
5.803038791998458379e+01
5.749648803079178094e+01
5.412337485248132651e+01
5.624262564016040500e+01
5.791887372910593257e+01
5.833845906043386975e+01
5.382418584508858572e+01
5.586568306663765071e+01
5.719368214059691269e+01
5.801056640781647644e+01
5.369937293134669432e+01
5.515158244164111068e+01
5.652781087051266695e+01
5.744997156928320692e+01
5.418152773587505777e+01
5.601532311189001234e+01
5.757966026392065828e+01
5.746548216087239069e+01
5.425901699911732123e+01
5.534885334095626064e+01
5.692054833305847694e+01
5.768841325212061832e+01
5.282293865209415173e+01
5.420850690694955176e+01
5.584148802479649021e+01
5.629413102789665402e+01
5.462009765201992906e+01
5.580935911971116781e+01
5.788993389839476578e+01
5.751002426366027720e+01
5.295449022234459591e+01
5.383757203279663628e+01
5.621136217489148379e+01
5.559701226697433185e+01
5.663935655322958951e+01
5.305041812795700196e+01
5.599737113621699081e+01
5.545610365970586741e+01
5.630441946104013340e+01
5.747400553637634602e+01
5.740989182196692298e+01
5.867692202376836974e+01
5.112259011112399065e+01
5.546567138453320212e+01
5.792932041489930839e+01
5.552933067282156543e+01
5.730850338064477256e+01
5.090570379093806963e+01
5.536915901240164573e+01
5.754436256155433682e+01
5.408944075677433005e+01
5.479387858563112701e+01
5.779812364752134357e+01
5.481624740644923577e+01
5.565957018814714274e+01
5.859814813342607209e+01
5.778615988026651706e+01
5.682493529948960287e+01
5.371872757475991733e+01
5.714074631844126628e+01
5.671121824119389743e+01
5.593491324191725766e+01
5.554936443935275037e+01
5.791723930128856068e+01
5.985306004449599016e+01
5.470252629242499864e+01
5.675453764851263827e+01
5.871838586459558229e+01
5.965964562735575782e+01
5.522696218690498426e+01
5.621523293056876724e+01
5.798666901452769196e+01
5.938664674292560619e+01
5.338730644864952524e+01
5.630875762144430752e+01
5.757654501774915445e+01
5.873703350979493365e+01
5.549121415127331147e+01
5.737097113609582522e+01
5.840177922812166145e+01
5.994929802591048684e+01
5.355436674100744909e+01
5.625234421468644541e+01
5.705535360350005902e+01
5.878296264287036621e+01
5.724253724945108956e+01
5.446803285230333813e+01
5.720548077815786314e+01
5.750677700003367931e+01
5.851714312426081221e+01
5.250302998256456988e+01
5.558860277324512822e+01
5.576917708886787040e+01
5.800719005016527063e+01
5.528845912947799945e+01
5.811683855200405446e+01
5.743502685355718285e+01
5.698940753835644557e+01
5.637339032898174196e+01
5.918257718336998607e+01
5.818789620991927336e+01
5.513458923143953427e+01
5.479607851386228390e+01
5.771523685401248116e+01
5.866896923521625240e+01
5.673971797717062771e+01
5.597923136139601041e+01
5.922529741857324126e+01
5.675993529324134101e+01
5.968867647364490381e+01
5.199618071508831463e+01
5.663994420218243420e+01
5.902769134667119744e+01
5.598479198201637530e+01
5.667493736640543744e+01
5.978873387986442367e+01
5.663160989778450016e+01
5.821645418669806560e+01
6.098365500490466928e+01
5.977363312144537133e+01
5.879060498416763636e+01
5.585184299079554648e+01
5.914812121180541027e+01
5.955689670314634299e+01
6.067998239313190112e+01
5.282000854114772181e+01
5.712772046331012632e+01
5.922684425182539769e+01
6.119556955905990492e+01
5.344728646915175574e+01
5.738077140282953081e+01
5.925656983015522883e+01
6.027981522345734788e+01
5.594002599036442547e+01
5.768480123017008054e+01
5.862877076770095641e+01
5.985817802678496236e+01
5.490739884681971716e+01
5.660808024461379517e+01
5.792544741678339193e+01
5.920169730708641964e+01
5.515302790545278810e+01
5.708637996698818284e+01
5.806173900069232729e+01
5.965442476966369156e+01
6.035708666442880599e+01
6.192703590659006352e+01
5.731003859016708191e+01
5.963238326280153956e+01
5.561074606706431211e+01
5.808372355404085852e+01
5.851324680508809450e+01
6.015041499596564023e+01
6.127180894573658776e+01
6.095040998519700537e+01
5.864199510588539255e+01
5.879629368810295631e+01
6.120344920054148474e+01
6.048207411700340685e+01
5.754904569297457329e+01
5.764185042468477604e+01
6.020590353207889223e+01
5.972582306964121557e+01
6.177184743057430438e+01
5.559388070304306240e+01
5.877444466411633073e+01
5.890362092058185084e+01
6.063790924662015414e+01
5.420768077253620021e+01
5.772731736920303547e+01
6.017321542805023427e+01
5.760559699623981800e+01
5.931022862303281329e+01
6.217247612240664267e+01
5.911767565749757836e+01
5.882847063955352951e+01
5.637483695300888087e+01
5.950574791647353834e+01
6.157785659219689478e+01
5.540769786312935707e+01
5.849706735756320342e+01
6.080014526169402700e+01
5.928901167325992816e+01
5.952420411099392084e+01
6.246182011606047979e+01
5.852996154196519285e+01
5.955266484551627570e+01
5.615743418802559006e+01
5.910652791513206239e+01
5.842826697369672928e+01
6.035070772264292316e+01
5.626822518509198545e+01
5.854103684197867352e+01
5.862758173973212905e+01
6.028397521665387160e+01
5.542753194768570069e+01
5.736703074493257759e+01
5.798004963596918060e+01
5.950653116000964360e+01
5.485019230543344548e+01
5.642927154911934906e+01
5.749141434375667359e+01
5.854079848753198689e+01
5.581426840282159674e+01
5.696401900270816299e+01
5.834595862991260162e+01
5.892533218243541171e+01
6.036274167409137448e+01
6.093478625098868662e+01
5.657465559648549913e+01
5.781332837122726431e+01
5.970994461471978099e+01
5.966531456154636714e+01
5.915504434530669187e+01
5.645211876902033765e+01
5.921306601318743645e+01
5.865649540364111658e+01
5.694720055289744209e+01
5.694456400864036993e+01
5.946421270132557169e+01
5.844316171982831065e+01
5.782923810700678757e+01
5.703164215029275397e+01
5.956483717712343662e+01
5.825359259770005593e+01
5.567987376598085092e+01
5.491957804232341545e+01
5.752376559232694575e+01
5.814721310359065853e+01
5.570340420150673566e+01
5.893041514885289445e+01
6.097937588944488851e+01
5.473510969568535245e+01
5.789297860601060819e+01
6.027242258027721533e+01
5.735722936352672008e+01
5.779387227989233367e+01
5.516132602474627333e+01
5.808300880378177311e+01
5.866863490733094011e+01
5.567251687138366378e+01
5.482823940516010452e+01
5.782763848066179690e+01
5.627145794771425358e+01
5.829464677616179102e+01
6.063071438108517697e+01
5.537819436594174505e+01
5.885708593419644075e+01
5.064844568217492338e+01
5.528564523231588623e+01
5.643562201425254443e+01
5.806420084815456306e+01
5.121221425715753384e+01
5.506503645634944633e+01
5.675881745363229669e+01
5.731479142729625664e+01
5.274336869184785570e+01
5.459999598604845517e+01
5.531474694667653580e+01
5.661439420643052500e+01
5.182946591843475659e+01
5.428617101920503529e+01
5.532869778915147663e+01
5.662051192721896342e+01
5.765241124778201964e+01
5.874397706831214094e+01
5.352359630016558611e+01
5.498076521045683052e+01
5.608233852818927545e+01
5.672683902093336883e+01
5.739855956530895753e+01
5.225519267330421513e+01
5.452979366468614586e+01
5.470513206890557001e+01
5.642668104933491691e+01
5.464038105434038073e+01
5.708490537271331533e+01
5.679506474797624094e+01
5.413787946173265198e+01
5.446813114688654878e+01
5.675965569728141702e+01
5.598075198458209911e+01
5.408796280927028022e+01
5.376878094249099149e+01
5.624039698346964400e+01
5.541434919055281938e+01
5.354604315080676713e+01
5.613188411263482891e+01
5.417613866555618785e+01
5.712076659600656825e+01
5.268403033936781554e+01
5.607697035893730231e+01
5.832023871168011198e+01
5.327779408369725900e+01
5.683323216355097429e+01
5.916105746508122820e+01
5.485879562157360567e+01
5.697741462143481073e+01
5.005135907038755505e+01
5.465986500158204109e+01
5.699328242087986496e+01
5.290368103740468797e+01
5.403379676725349867e+01
5.693542862230759027e+01
5.483831706765959524e+01
5.466689559619062067e+01
5.793793071102777503e+01
5.443215954840074033e+01
5.754677764225819914e+01
4.864977118680645418e+01
5.322972787344470191e+01
5.527457902401413747e+01
5.702379576286971030e+01
4.976398846881146909e+01
5.398333791221172362e+01
5.577849998780658325e+01
5.639990125937676879e+01
5.176364343181501937e+01
5.381372910767925788e+01
5.458325726532298461e+01
5.597534842834072322e+01
5.110159072556889726e+01
5.382750262763814675e+01
5.499005040228442454e+01
5.594815026669128599e+01
5.749501549921360066e+01
5.806099938529295912e+01
5.618419704447977381e+01
5.626704776857351931e+01
5.802067044569861309e+01
5.859442109452753300e+01
5.351435620957189343e+01
5.625738399778094134e+01
5.657481163871035079e+01
5.854752628509068302e+01
5.515734865788284935e+01
5.790994827768563624e+01
5.773428301942497853e+01
5.889047625103827954e+01
5.544715035672169279e+01
5.822827867239099220e+01
5.748257557729735368e+01
5.900461063580952725e+01
5.504706844569086854e+01
5.802797070398617763e+01
5.683918262448771230e+01
5.878310504869062214e+01
5.428634504632852753e+01
5.733515183998355980e+01
5.829471253043936940e+01
5.654364952211700057e+01
5.976073593953995555e+01
6.187765476378761775e+01
5.434641889821435257e+01
5.868775758805374920e+01
6.139256602471247248e+01
5.837569884649752083e+01
5.917517677737981785e+01
5.652125417564526089e+01
5.967731880346712359e+01
5.929626250061035364e+01
5.654496231003199114e+01
5.670988999028979549e+01
5.984142234198801447e+01
5.836378406104724803e+01
6.069391170578957428e+01
6.297278154200201783e+01
5.506326824764005323e+01
6.024523622722570337e+01
5.523252637245632712e+01
5.749963322406955513e+01
5.969394868038246926e+01
5.900239417279036758e+01
5.552316187309479290e+01
5.776736303327908217e+01
5.905576942513260974e+01
6.029513525807167440e+01
5.345011021214825320e+01
5.705404422718480362e+01
5.858067455917437627e+01
5.941271119322177441e+01
5.493167606242793255e+01
5.686967870161048921e+01
5.819245279248778502e+01
5.909978524739995720e+01
6.043822484466026879e+01
6.140418381239032897e+01
5.886668659433618700e+01
5.955949990084477719e+01
6.141791005296135353e+01
6.178663410356359265e+01
5.741184852462432531e+01
5.851517572421779789e+01
6.027126681532825359e+01
6.056892291485404911e+01
5.994911227928917441e+01
5.637755939986848830e+01
5.910407650699855964e+01
5.922961781246960555e+01
6.101517908717362815e+01
6.166328849741687890e+01
6.257441727134921194e+01
5.769907734900655072e+01
6.069900908018795604e+01
6.282675026291913412e+01
6.096815580219256248e+01
5.864885623406584614e+01
5.937027066539068443e+01
6.210472863837190260e+01
6.012805409513356381e+01
6.122003518123382548e+01
6.309997661115824030e+01
6.050595491700926232e+01
6.189181487416865224e+01
5.894900127194530626e+01
6.209777346521421748e+01
6.328576569136587437e+01
5.872242238198194286e+01
6.152376533747256815e+01
6.384502197260250966e+01
5.918134578318333183e+01
6.207664056500996708e+01
6.426659454332681776e+01
6.096000875929529883e+01
6.280610580970942891e+01
5.881304985747395619e+01
6.152627710327174526e+01
6.172378458703729365e+01
5.922148343809516291e+01
5.973080634309806669e+01
6.256456013922411330e+01
5.975075521901651143e+01
6.156848439890353575e+01
5.718086937209034915e+01
5.888084886425848197e+01
5.965903996517401708e+01
6.113954942389525371e+01
6.271124295050026376e+01
6.292817081605689111e+01
5.835894492169780534e+01
5.952135181820561627e+01
6.087027399125163640e+01
6.193864201190269370e+01
6.026958495518036329e+01
5.883961780143228992e+01
6.051140675150569592e+01
6.135264641064302538e+01
5.946742519003563388e+01
6.155195288216614813e+01
6.199822345652768973e+01
6.122359933006398336e+01
5.727078926711833873e+01
5.950637521153635845e+01
5.959360710061722699e+01
6.123365011676323633e+01
5.715518327397045084e+01
5.986043237128881600e+01
5.935684127668003640e+01
6.081504006237643978e+01
5.783510080467964798e+01
6.079564667206476258e+01
5.973602436352060607e+01
5.973311344118280175e+01
5.943339285388773163e+01
6.182239869481236383e+01
6.010842514392384572e+01
5.683855932766079633e+01
5.798316251406576782e+01
6.050239472878146074e+01
5.844314854454857766e+01
5.964202438655456007e+01
6.188474234156866061e+01
5.932485245934366702e+01
5.903492473694640097e+01
6.195584832705738876e+01
5.909307962419441651e+01
6.185196252051486709e+01
5.490950703998481686e+01
5.841716440946778022e+01
6.072589387055604249e+01
5.728597702701068783e+01
5.770718884799083526e+01
6.048009138739134016e+01
5.850262858819848333e+01
5.938123617187837056e+01
5.612685556753311289e+01
5.877690002934819091e+01
5.821287811414631364e+01
5.659949985877695866e+01
5.954681190502103050e+01
5.971789197738077348e+01
5.730886037530964217e+01
5.838248867738201398e+01
5.999255736662003358e+01
6.129666516465174197e+01
5.444948830317223809e+01
5.776150652500105309e+01
5.912985507705521826e+01
5.993565819523691829e+01
5.530570444659453955e+01
5.673822264888768530e+01
5.792910264010741628e+01
5.908759695294079961e+01
5.308019892256113081e+01
5.564499422920242466e+01
5.659127571040438909e+01
5.752924030479340445e+01
5.883505656417563756e+01
5.944806382368113873e+01
5.882620805335822922e+01
5.851811971525427225e+01
6.036332031457406799e+01
6.048919804738007144e+01
5.528180072133414313e+01
5.626148440665638617e+01
5.813704271791196021e+01
5.794271576351594888e+01
5.952892198033752891e+01
5.415010619774684386e+01
5.689658937899636726e+01
5.627864923524266771e+01
5.860713022308773645e+01
5.526061548915519950e+01
5.785142387124712116e+01
5.675885377378808982e+01
5.817503731824898949e+01
6.064866220354613091e+01
5.860657792726527049e+01
5.815464660902288330e+01
5.675347446715247202e+01
5.946635871687587382e+01
5.916837622587548395e+01
5.501146997051137078e+01
5.911990014462628551e+01
5.680630920462489541e+01
6.007128176371054451e+01
5.319300948147487418e+01
5.749366297137112980e+01
5.981492017477103218e+01
5.628470678330394605e+01
5.643323299607772725e+01
5.938208245298661581e+01
5.822532310722280613e+01
5.975796879482850699e+01
6.211188818829808866e+01
5.447185864179460424e+01
5.957442311890960696e+01
5.348053412910004312e+01
5.724280297121146788e+01
5.822980939554520319e+01
5.908474054058142855e+01
5.236108103374296263e+01
5.628380033284837936e+01
5.805769277207876655e+01
5.892786658530542354e+01
6.038491399843165652e+01
6.203402262941786205e+01
5.529971747799950066e+01
5.811513664297559245e+01
5.939342688702868855e+01
6.070355821072682545e+01
5.528427866082755315e+01
5.733096422121820268e+01
5.818452780605652919e+01
5.940924330827259325e+01
5.601309316655472514e+01
5.737447075672689323e+01
5.862228573313105073e+01
5.922122416442341830e+01
5.819752983368843502e+01
6.035064312860685476e+01
6.051358577187243526e+01
5.876548564803480446e+01
5.887849119540988596e+01
6.110610194347296442e+01
6.064411946037874657e+01
5.651829958355276773e+01
5.706417941274884953e+01
5.948714975553818363e+01
5.868529851326982083e+01
5.978100962875397073e+01
5.895133128541782952e+01
6.168878230885434988e+01
5.952784264276799320e+01
5.761780482168245499e+01
5.947921144448238806e+01
5.917367950469566296e+01
6.165778739188164792e+01
6.368669409160441575e+01
6.112172806369066080e+01
6.007862367842320594e+01
5.831813548615873799e+01
6.131457630435372153e+01
6.358533586378487712e+01
5.595254040234708981e+01
6.031791732442705722e+01
6.275785160313427724e+01
5.935432433321874868e+01
6.017602505861050588e+01
6.306457015757083440e+01
6.157757316753063748e+01
6.267144625459865637e+01
5.881708159040330486e+01
6.175118925817195503e+01
6.083067383649526505e+01
5.900643907289325796e+01
6.100835407932198962e+01
6.266383679024689712e+01
6.345925343552021758e+01
5.608026119713033353e+01
5.979383198871079230e+01
6.160159771750740276e+01
6.304583303478720779e+01
5.779679725096855947e+01
5.936496220866779794e+01
6.090853897118842752e+01
6.194117883122340373e+01
5.696016609228658467e+01
5.878643802410378782e+01
5.980561948435064323e+01
6.092329714332226587e+01
5.756639631221060682e+01
5.958098599635029302e+01
6.041787869611666650e+01
6.177030475185672032e+01
6.296012242376405510e+01
6.309365401296571463e+01
5.949771507928070946e+01
6.041622678326496754e+01
6.216080194239589929e+01
6.239825790475431688e+01
5.968833791954111945e+01
6.202736154066180774e+01
6.153279640284289798e+01
6.355031317010996617e+01
5.827434200969688050e+01
6.095146184427979108e+01
6.055963574904007629e+01
6.280725354654470038e+01
5.889448844245401915e+01
6.190345380034175804e+01
6.132699517282691914e+01
6.318621424206660464e+01
5.708225923855586359e+01
6.017183239633160241e+01
5.989372653120241807e+01
6.222353814954387019e+01
6.434934190185542491e+01
6.184019430878139900e+01
6.204458445849412129e+01
5.977941356183153943e+01
6.286843502776695658e+01
6.438059057945727659e+01
5.761867826965657713e+01
6.101688738131817757e+01
6.339136155784785842e+01
6.006012148019564023e+01
6.067416244429485062e+01
6.346302496890154998e+01
6.213309642965159441e+01
6.319107359088541642e+01
6.560759686982420646e+01
6.173254208394323683e+01
6.394767909819033491e+01
5.794543028919282790e+01
6.108452320296107985e+01
6.283889801533305075e+01
6.001447517671008569e+01
5.922965035454332394e+01
6.138549175685090376e+01
6.304423898124871073e+01
5.767506649609697433e+01
6.018461656107259472e+01
6.160738690976940291e+01
6.238116023057341408e+01
5.899882618151428915e+01
6.116031224226878038e+01
6.216770366977754492e+01
6.291792977319262548e+01
5.748391553117239994e+01
5.927606406463303301e+01
6.025396328250642597e+01
6.112191028635183443e+01
6.237971514581423804e+01
6.283151956033967878e+01
6.243946449465523330e+01
5.801087273503839015e+01
5.896871254074869029e+01
6.084202858630850130e+01
6.073085704161350407e+01
5.953120751136492572e+01
6.171461319877456475e+01
6.133090002639636396e+01
5.830040120398405179e+01
5.833086332329077806e+01
6.087048544597461586e+01
5.981863881170931307e+01
6.137709648780840865e+01
6.198996924955946497e+01
6.171413478689395049e+01
6.005312126116036353e+01
5.910068208879059171e+01
6.165417891910200154e+01
6.193962194866828952e+01
5.637783454288006624e+01
5.991870714434572420e+01
6.206879639759537071e+01
5.948949206017746150e+01
6.012262254241002779e+01
6.275124498508470339e+01
5.980629204949359234e+01
6.127578085438345568e+01
5.748302245691601797e+01
6.023334791824618151e+01
6.201155214622377798e+01
5.528491716074574214e+01
5.879184867878058185e+01
6.094927631792815959e+01
5.841531753306891517e+01
5.838289981164612641e+01
6.130169542582117259e+01
5.818186821731595160e+01
6.078775839260011082e+01
6.229829861346765796e+01
6.090183599648481305e+01
5.810201778099884962e+01
5.987617952182838366e+01
6.114999497279207930e+01
6.191906641765164920e+01
5.725189733309119333e+01
5.832933311311881397e+01
5.975461299800688408e+01
6.099197742336233574e+01
5.574020883375671076e+01
5.844478900036182978e+01
5.906731919356331417e+01
6.023410842527764686e+01
5.376138525211027286e+01
5.653742178264005958e+01
5.737001611793517952e+01
5.849158753239672848e+01
5.959406890450518546e+01
6.038717096059490785e+01
5.831545343170299134e+01
5.878843815549679874e+01
6.053416253296332883e+01
6.066023046398047569e+01
5.628924012551868827e+01
5.695189298744276130e+01
5.885080986411504966e+01
5.862044732622830168e+01
5.983757603307993378e+01
5.989765619003771491e+01
6.192675235487239860e+01
5.785787586138645366e+01
6.005325235863885069e+01
6.050812881284532807e+01
6.067141347356231051e+01
5.554101775131686480e+01
5.650555507839467140e+01
5.885764647733704180e+01
5.982400892029458106e+01
5.681869171188230183e+01
5.973134124348442242e+01
6.190454438600511367e+01
5.543359918480943094e+01
5.945502750131146996e+01
6.174181885589544549e+01
5.869217186140659237e+01
5.838288021221039514e+01
5.603675452229767728e+01
5.890324202352108784e+01
6.012566995679270576e+01
5.470606662951194465e+01
5.834453170988847148e+01
6.035414079204955584e+01
5.428367543328954525e+01
5.901786143161160680e+01
6.109979437220074061e+01
5.673045159035233098e+01
5.900583617740225151e+01
6.125540254739518531e+01
6.000172669451883678e+01
5.687581049184178283e+01
5.872556330399888935e+01
6.020737350197848770e+01
6.086712692743500241e+01
5.650053962601464974e+01
5.821513334073878809e+01
5.928603278156356282e+01
6.017160850033393871e+01
5.543036881624757228e+01
5.753197551831950562e+01
5.846293227480869348e+01
5.960072852965383561e+01
5.354924494275898894e+01
5.626696818782364318e+01
5.710883082341798911e+01
5.827480425904406758e+01
5.966050652570871193e+01
6.005195846444427588e+01
6.080816746975015263e+01
5.557331971426970796e+01
5.787885153204778987e+01
5.806396454266680252e+01
5.981187953159344772e+01
5.696324367823597612e+01
5.935298694159265409e+01
5.908740154091974972e+01
5.977605448552787237e+01
5.921867675391811048e+01
6.166674622758185365e+01
6.004562845846102448e+01
5.661101262161373882e+01
5.706705264176846271e+01
5.973074947097286014e+01
5.827800648528052818e+01
6.113892174958818515e+01
6.172491054950392453e+01
6.047554509552693958e+01
5.863646070795927301e+01
6.176510316121765953e+01
5.941379560173620433e+01
6.233704570947466550e+01
5.486770012349361991e+01
5.906830048361350549e+01
6.155467311606787462e+01
5.841381892468226766e+01
6.154983723659360351e+01
6.360603041710902517e+01
5.624822148684224032e+01
6.045318719479982406e+01
6.274640687236722414e+01
6.117380259252566788e+01
6.138992937941431904e+01
5.800966987079321768e+01
6.103873681383642236e+01
6.014076568908755149e+01
5.817305579168758101e+01
6.151898091336490637e+01
6.232691054537657038e+01
5.916695487936337372e+01
5.973721791482097387e+01
6.165452926809404488e+01
6.335007250231182496e+01
5.792520281704410934e+01
6.037427005258306423e+01
6.144410788390670319e+01
6.262485130682250656e+01
5.691482998821463468e+01
5.941809757003606052e+01
6.096648364114179230e+01
6.160069622335833373e+01
5.784990239028793724e+01
5.965096860239803789e+01
6.051616245420208173e+01
6.203084668664673984e+01
6.256012181122975591e+01
6.410740489715503543e+01
6.039923420639457419e+01
6.252905332732296984e+01
6.256461663578983945e+01
6.428737890339954220e+01
5.905583824877756172e+01
6.116058968608871993e+01
6.164133827193628434e+01
6.249592755686991552e+01
5.988002828075610751e+01
6.271750598878310257e+01
6.280820041027548939e+01
6.214476483688027741e+01
6.264807175606308931e+01
6.490662913646825416e+01
6.303132538715453848e+01
5.976022329097651919e+01
6.048471259337670602e+01
6.316729452941297041e+01
6.109269664842460656e+01
6.213745461766765033e+01
6.324569637013581769e+01
6.169750978919986295e+01
6.204164233242194371e+01
6.493268814021810442e+01
6.185650220419056922e+01
6.483870112361972815e+01
5.811168427129759095e+01
6.151253269630893783e+01
6.383306312636539559e+01
6.029067698088722693e+01
6.073131904417366655e+01
6.353778250196180721e+01
6.076512634815119895e+01
6.229060427039894421e+01
6.476735277581515504e+01
6.234968878607793386e+01
6.273248486731005613e+01
5.892351953275633747e+01
6.181187576900141067e+01
6.275335666768977916e+01
5.969486079654644328e+01
6.186586945646180169e+01
6.323636258534678944e+01
6.184357333335508145e+01
5.862425466098979143e+01
6.049547308267039369e+01
6.131081941377978950e+01
6.259755783593318768e+01
5.723242578913688305e+01
5.944690128580317179e+01
6.044031068729186984e+01
6.175005015551489862e+01
6.261384000817065498e+01
6.379608670951258631e+01
5.827075212888616562e+01
5.991758670030817768e+01
6.109641783846486618e+01
6.155145550595558035e+01
6.248306266373680273e+01
6.414157759060149999e+01
6.395020896124448484e+01
5.965250451854535640e+01
6.057013490212023044e+01
6.262882443271457333e+01
6.215637810828143017e+01
6.191714934333300846e+01
5.894525205346344876e+01
6.179407254545687778e+01
6.071004192841110836e+01
6.076777992302305620e+01
6.130062533346091413e+01
6.304273137749864020e+01
6.048853210382547019e+01
5.936911819051252337e+01
6.062047271042215613e+01
6.020562671544010414e+01
6.224622422614993411e+01
6.444300306625451924e+01
6.188216445500488305e+01
6.106096098630975177e+01
5.904303419091931460e+01
6.187118657475434702e+01
6.364995992801362235e+01
5.714550270373027274e+01
6.020837711071387588e+01
6.248173392090745892e+01
5.919893621090491820e+01
5.980830667950913693e+01
6.245110141494298261e+01
6.082686502658010141e+01
6.063166740482328265e+01
5.706712860549039590e+01
6.016969758543046964e+01
6.149536499707328829e+01
5.594751700702710195e+01
5.938958976975000326e+01
6.081489912662870978e+01
6.014062770005238434e+01
5.670811986156229523e+01
5.842734762360672107e+01
5.894812534872714593e+01
6.045437043097674490e+01
5.484749994654742977e+01
5.745281783538104037e+01
5.856707830214634924e+01
5.989894778453187740e+01
6.028883747367804347e+01
6.170500528350421376e+01
5.641374550893182516e+01
5.815521434241261289e+01
5.896151437363449332e+01
6.002636038291022658e+01
5.595920707168036046e+01
5.793010045704458832e+01
5.907677850987641932e+01
5.974804744635846987e+01
5.482130652562688766e+01
5.658635049045553700e+01
5.700111292958528253e+01
5.851865311291413718e+01
5.837655484291161656e+01
6.034648896928327133e+01
5.995229749867512936e+01
5.594900188760398407e+01
5.667483782321320263e+01
5.880095450959718306e+01
5.799418865144780000e+01
5.924307060308523631e+01
5.897646133301193316e+01
6.124672617327279056e+01
5.734137565739038678e+01
6.019914534047077126e+01
6.038287971364341189e+01
5.973933667102403433e+01
5.496548107841783093e+01
5.888298480208723618e+01
5.886125770880199326e+01
5.928869802020219026e+01
6.208175422935348564e+01
5.975990518154051756e+01
5.867138828994715993e+01
5.653259496156017150e+01
5.947391700955266458e+01
6.165368586237984516e+01
5.481973082331833780e+01
5.904156663847088282e+01
6.121643666888236623e+01
5.836122212160510259e+01
6.052795661721315668e+01
6.268386131222120383e+01
5.566968265952741035e+01
6.042876848339817286e+01
5.495172455925040111e+01
5.826518402809440289e+01
5.813305888868700322e+01
5.968911712868234076e+01
6.134149432398504587e+01
6.229481489124637505e+01
5.781619552874386869e+01
5.872588045175077553e+01
6.020682404407814658e+01
6.150962516470907815e+01
5.626948389736060818e+01
5.921251133935979993e+01
5.985652561810667294e+01
6.111720858577473336e+01
5.526967315031706107e+01
5.746007775769398762e+01
5.832729106136270758e+01
5.955419292237083084e+01
6.099627080594810735e+01
6.137015539462635871e+01
6.170618469999271127e+01
5.716056891387922434e+01
5.807179990745531484e+01
5.985168022181027681e+01
5.997257719179383173e+01
5.868914703573445024e+01
6.115063547673655364e+01
6.078549463890898608e+01
5.819185900678749590e+01
5.847362681419473773e+01
6.087735468565711017e+01
5.999183491613833041e+01
5.890987937035529143e+01
5.850473738710607563e+01
6.119753464861100412e+01
5.967339414531668496e+01
6.249853870165636494e+01
6.436754013085368342e+01
5.729372916147386974e+01
6.078923042131662413e+01
6.345749064288386165e+01
6.103120763053181719e+01
6.314207060273061245e+01
5.611208737609591424e+01
6.028375891041028467e+01
6.236733260815235980e+01
5.911722333339645274e+01
6.224966145389517891e+01
6.396839776523655985e+01
5.725542828820114494e+01
6.137162836275597755e+01
6.362155431265961880e+01
6.134726857336015371e+01
6.260566654963011501e+01
6.513724493862423515e+01
6.092136589683668291e+01
6.339320880132506630e+01
5.686569700122635140e+01
6.061514453386269707e+01
6.163773468220860252e+01
6.300796548176555945e+01
6.444424696034309363e+01
6.563990243758087217e+01
6.110099150927798917e+01
6.175408215775610898e+01
6.342592361617406027e+01
6.475431360820135751e+01
5.877156029152192929e+01
6.130598108229592214e+01
6.246886029554182329e+01
6.365606470285649721e+01
5.922475211975978482e+01
6.086297188412564907e+01
6.217459779565771782e+01
6.312148638597762584e+01
5.921409422158948388e+01
6.144944445349298690e+01
6.173369085249283472e+01
6.326159315770747327e+01
5.823147328593368854e+01
6.032628161144254619e+01
6.068657598986928292e+01
6.198981316309691891e+01
6.349043418665449678e+01
6.322308473899899894e+01
6.397967928588104769e+01
6.393697872872360222e+01
6.612333788383359945e+01
6.200147304805651061e+01
6.437458438169518615e+01
6.490494725032286283e+01
6.477246620512534037e+01
6.025347099951826380e+01
5.991897999107416695e+01
6.269542340692933635e+01
6.468104475662190112e+01
6.078614139870061450e+01
6.392810311632117504e+01
6.615434646489545401e+01
6.116051912038913940e+01
6.375076694228006602e+01
6.605533769992021575e+01
6.269415235354104254e+01
6.204365966325175208e+01
5.950882478204409409e+01
6.254857795994755776e+01
6.466387632819711939e+01
5.857287046444695733e+01
6.149411534282329228e+01
6.369396840906449597e+01
6.089307648604043521e+01
6.099805998265262730e+01
6.383342230729470401e+01
6.117163920526078869e+01
6.379638778734309312e+01
6.577958965847635397e+01
6.039517299750016832e+01
6.430019997714350666e+01
5.878011789658079778e+01
6.095305206806527565e+01
6.224065916326360082e+01
6.287339474167954734e+01
6.385612726778334292e+01
6.507365468786575491e+01
5.978089470057591370e+01
6.206239404289092931e+01
6.313652683213630468e+01
6.423472455966614802e+01
5.991018009152251267e+01
6.125982089871072134e+01
6.232917632928587182e+01
6.319138426367263150e+01
6.013078760714087423e+01
6.219286997831395780e+01
6.251493951127201854e+01
6.301853046310716877e+01
5.808368615358834575e+01
5.965106414009701297e+01
6.062172544333550661e+01
6.049929176660443630e+01
6.250859630004668333e+01
6.210507515741267071e+01
6.371672122699688856e+01
5.678018503274446971e+01
6.053646025547797649e+01
5.950685490177461645e+01
6.210456417314037481e+01
6.248736190515548827e+01
6.286651570533089028e+01
6.223655376197599765e+01
5.782309805039378148e+01
6.139934106937615610e+01
5.966067096898474631e+01
6.229975700335787536e+01
5.926745193825787794e+01
6.191767435464042535e+01
6.187533132777463862e+01
5.896151758552736055e+01
6.166057350326209985e+01
6.205152639151258143e+01
6.000668887483931258e+01
5.885391846247618730e+01
6.188662364816363493e+01
5.856937296646638202e+01
6.149026460636081026e+01
6.361128971434438029e+01
6.066668765863190771e+01
6.130957077538084121e+01
5.769079890628839280e+01
6.072698148130746887e+01
6.137386102304408553e+01
5.831018487441855314e+01
6.076473452100185568e+01
6.003357364149562869e+01
6.171507781212127952e+01
5.733149208612335457e+01
5.952705910697626024e+01
5.991603450107575668e+01
6.092372093060050986e+01
5.443053453754421867e+01
5.755225672506875867e+01
5.878812765073264046e+01
5.957890051156762468e+01
6.108721869369053792e+01
6.183097779537921213e+01
5.750970437618205011e+01
5.869731249556448205e+01
5.985756372459193386e+01
6.087656958306144617e+01
5.783168967177829245e+01
5.966435509218692346e+01
6.034619232001638522e+01
5.974386783218393759e+01
5.855148650754120609e+01
6.051410039162091437e+01
6.064966935890674904e+01
5.596002232478472393e+01
5.699575172819500324e+01
5.877727642337999470e+01
5.851887276669040716e+01
5.985068555001869584e+01
5.973021298822075664e+01
6.180501484198203599e+01
5.788012912963303336e+01
6.063715068206916214e+01
5.972871109244698573e+01
6.142980582557338920e+01
5.649613151959937341e+01
5.955183320636233191e+01
5.964662287212227199e+01
6.001885578727716108e+01
5.305079646668823301e+01
5.766470294387921314e+01
5.993563242686694537e+01
5.740687331484333100e+01
6.026244907307022203e+01
6.237867235988564119e+01
5.522765156742110548e+01
5.944529337722519102e+01
6.173870256913968291e+01
5.846595710985783256e+01
5.855200904560411601e+01
6.143903483128040222e+01
6.027693781217666213e+01
6.186747155258495923e+01
5.322296885124750077e+01
5.860707031097167174e+01
6.065248371019161766e+01
5.569359720935184299e+01
5.905693976215486884e+01
5.871710468952813500e+01
6.050385522613082401e+01
5.661372867402790376e+01
5.855160232014959121e+01
5.927276402427864355e+01
6.036175650085851885e+01
5.379195810711265580e+01
5.716979857586667180e+01
5.844482087307137164e+01
5.943372464052553283e+01
6.096851982462856512e+01
6.164619029625460200e+01
5.756733485492782876e+01
5.936252359488310759e+01
6.040777652979951284e+01
6.148988115877308758e+01
5.630677687481556859e+01
5.763445629528935399e+01
5.882355096099543346e+01
5.940257853379695518e+01
5.962308711738483424e+01
6.139842940844349073e+01
6.146959517273449336e+01
5.797902407874093456e+01
5.875004509124050855e+01
6.079653272052877355e+01
6.040272130544892093e+01
5.703845715023688001e+01
5.744964495645218250e+01
5.982508037188326000e+01
5.895788485259391365e+01
6.154228475257146158e+01
6.104368586099463556e+01
6.332519586405018686e+01
5.660381575146440269e+01
6.002833374212313089e+01
5.967249230613188615e+01
6.216128196243477788e+01
6.445104731995485281e+01
6.201008270747457374e+01
6.337215654118532626e+01
5.944817959858717415e+01
6.261341754567720841e+01
6.456410699871570102e+01
5.685953955493683054e+01
6.113825595918201827e+01
6.354081242528368989e+01
6.011806392607557115e+01
6.130323549118068627e+01
6.401503728040358965e+01
6.236814247662181288e+01
6.290318163374998761e+01
5.940902349554044548e+01
6.226198842796416244e+01
6.137776158565688434e+01
5.939206787944899446e+01
6.271502370922894443e+01
6.356880827611747264e+01
5.980425896858102419e+01
6.033346942524770640e+01
6.222419914535311847e+01
6.393322581363702994e+01
5.841485899951297256e+01
6.155475290985791759e+01
6.262381394113718613e+01
6.368898150795979518e+01
5.787568177161728045e+01
6.035294564777942838e+01
6.187887555340814316e+01
6.250256357562783904e+01
5.871096047681928098e+01
6.049545751706713048e+01
6.133469810503576269e+01
6.282485832486102595e+01
6.334816039251762732e+01
6.486825719210956720e+01
6.102307319742489966e+01
6.289408378627707918e+01
6.341320189666928542e+01
6.509704573814182993e+01
5.962665321641082272e+01
6.195013178386088271e+01
6.190610855918664868e+01
6.371716188883674192e+01
6.029653277645191167e+01
6.309028105663490038e+01
6.255817193488806538e+01
6.435350888708667583e+01
6.624086658225408542e+01
6.410346786577261469e+01
6.158724835248249718e+01
6.091585558158085689e+01
6.380899371131208397e+01
6.272846572605705262e+01
6.462763306714602152e+01
5.840001947829886575e+01
6.156738544755839371e+01
6.332254266723992231e+01
6.053046794770462924e+01
6.358083680121863068e+01
6.579640754793440749e+01
5.941211187835301644e+01
6.284991760278418127e+01
6.516385253225354290e+01
6.180340576266436869e+01
6.169351946008710996e+01
6.459581448372362900e+01
6.319400879300710017e+01
6.537847556628518930e+01
6.735913454852544646e+01
6.175621213170245483e+01
6.511325854172609695e+01
5.944215554002588675e+01
6.255497263751561832e+01
6.381433679987438268e+01
6.299289336097190528e+01
6.037104641473199251e+01
6.236856384429486155e+01
6.341826289978464359e+01
6.329183306040578572e+01
6.487296317748067054e+01
6.604814572044131182e+01
6.030552573191754107e+01
6.238750498222962193e+01
6.347038548036547212e+01
6.454139986380853600e+01
6.027901346078874667e+01
6.171960999558168481e+01
6.267672478297393468e+01
6.362021344448512394e+01
6.001592257734806424e+01
6.202829674698246265e+01
6.235836627575367430e+01
6.332239506836590692e+01
6.497146156840514664e+01
6.482685839413345263e+01
6.119642040119898496e+01
6.202664104424084002e+01
6.407523166419628069e+01
6.353729935875562518e+01
6.138452477295989951e+01
6.107386075906813971e+01
6.360561033709102219e+01
6.237107035267134592e+01
5.915740186989795291e+01
5.993613201312516736e+01
6.226333440165458910e+01
6.082031864791091635e+01
6.229093828562585600e+01
6.311063191971663855e+01
6.183747798133769891e+01
6.028161557145317317e+01
6.308974472382218579e+01
6.063922060575812623e+01
6.349843932432678884e+01
5.925721361125510356e+01
6.201510474986252319e+01
6.376058273069464377e+01
5.855128034894007527e+01
6.151547271568897202e+01
6.370495128423234377e+01
5.987835090525240389e+01
6.070272831045835460e+01
6.320605181148251717e+01
6.137022709818204902e+01
6.085752747921686989e+01
5.730789972107603347e+01
6.039801231005663595e+01
6.212555103567024872e+01
5.522007446062753644e+01
5.895501670905488112e+01
6.074939433313509340e+01
6.096788637072297234e+01
6.243444664629222984e+01
6.384496897639120050e+01
5.782015734126512285e+01
6.091577933799862166e+01
6.223584889413836407e+01
6.300484494302934024e+01
5.829795153598117707e+01
5.988972487896711527e+01
6.091433577548914968e+01
6.158989943046931614e+01
5.792039464101208779e+01
5.942600914501516485e+01
6.033717857391272332e+01
6.127035005469069517e+01
5.656337033886981658e+01
5.800524808532582455e+01
5.873083248828678649e+01
5.998164097350886692e+01
6.040983502749163847e+01
6.204453630626638017e+01
6.155510011649328561e+01
5.572811233012438237e+01
5.834107239899534392e+01
5.821591877891278699e+01
6.008996130726254847e+01
5.838507358984929851e+01
6.080448539830231880e+01
5.993539655550321044e+01
5.757278230912120165e+01
5.789102257052752520e+01
6.021608189080586016e+01
5.882686576514838350e+01
6.135459093172225664e+01
6.202455914146582927e+01
5.986154230324810754e+01
5.918206018122035772e+01
6.200074418727910341e+01
5.959521799800549502e+01
6.199594969131371158e+01
5.415310429013997151e+01
5.849666665191124082e+01
6.046042421656987642e+01
5.747303028814915393e+01
6.032606433413887004e+01
6.237135123493837341e+01
5.407185519028029574e+01
5.919782050868988676e+01
6.139540991792842561e+01
6.014604713844109085e+01
5.918507460395297670e+01
6.234781185193325825e+01
5.892691538050323175e+01
6.126431080854417388e+01
5.382087657546841086e+01
5.838293548823678236e+01
5.941371779887568039e+01
6.076197305063853094e+01
6.214395579668385494e+01
6.325075614780838862e+01
5.864170959432702546e+01
5.926657878817135838e+01
6.082009718540357568e+01
6.216137515835759331e+01
5.665789264481674792e+01
5.959781753466625531e+01
6.019471364261469404e+01
6.151094851405292729e+01
5.556377816439430006e+01
5.776194636109237024e+01
5.876664493086756380e+01
5.984263982985976327e+01
6.125176400850318714e+01
6.163945215170727465e+01
6.205727960018497669e+01
5.742247767385388357e+01
5.834102846064836001e+01
6.012884036771941254e+01
6.024826568123451409e+01
5.821967185786194676e+01
6.109965350842697518e+01
6.070723133673443783e+01
5.887912854532458340e+01
5.895357319367176530e+01
6.137384982629755115e+01
6.043967296278619727e+01
5.771577375413600208e+01
5.782658711853370903e+01
6.051158461585838921e+01
5.905908430878273663e+01
6.191309743641156160e+01
6.278450899686367137e+01
6.031122790936297662e+01
5.832222012363895658e+01
6.159753013061646243e+01
5.926713078329451889e+01
6.230610702916740706e+01
6.479293160841079668e+01
6.190561904352247780e+01
6.228879876652612069e+01
5.966410419282547650e+01
6.279105539192477892e+01
6.293798222727629366e+01
5.985153048523833519e+01
5.909493486589156674e+01
6.237312758743635044e+01
5.971782308975262765e+01
6.273929323490588672e+01
6.496666015562632879e+01
6.078265766877638754e+01
6.371791647285058247e+01
6.477911711671443129e+01
6.604547306176911547e+01
6.153419761156913381e+01
6.200359535961325719e+01
6.395513389033614260e+01
6.555142645148714564e+01
5.891781276515881416e+01
6.212989028331727326e+01
6.356605205119698354e+01
6.448165031852590801e+01
5.932311109550914097e+01
6.156248943923519334e+01
6.269186908115855061e+01
6.353392531065998128e+01
5.813004263074522271e+01
6.008820265584660092e+01
6.111823369653717464e+01
6.197706108581061812e+01
6.351756392598819190e+01
6.400285874049251333e+01
6.469989939528775835e+01
5.907663150072019675e+01
6.153038265802900497e+01
6.169534467756831475e+01
6.328991448899913763e+01
6.470730716579316777e+01
6.440229322278869972e+01
6.486558712527535420e+01
6.067124036434201173e+01
6.380199680367451975e+01
6.330424844958034214e+01
6.529297944217094596e+01
5.895993739089101382e+01
6.185405038546994660e+01
6.132783696842302135e+01
6.383486367753342705e+01
6.650255080284527764e+01
6.431376790278133626e+01
6.270427600176195426e+01
6.291471401931270435e+01
6.594875576851646315e+01
6.336075422094688037e+01
6.294560869181781015e+01
6.618366646375159235e+01
6.299732193542069325e+01
6.630046460269511499e+01
5.923682295519546415e+01
6.298611026195866458e+01
6.550657307900752357e+01
6.172029211158756112e+01
6.500591158499837263e+01
6.521563951344330690e+01
6.239044515485682041e+01
6.243848694642778696e+01
6.563981237537258551e+01
6.291166482907439672e+01
6.519637207444434068e+01
6.780936125212302557e+01
6.217458558849872929e+01
6.590551749096587741e+01
5.905683941887328814e+01
6.249580396540399363e+01
6.364725479237208816e+01
6.547606165288122781e+01
6.670559949871829986e+01
6.768310211141097454e+01
6.263034994900500152e+01
6.478462113226666474e+01
6.576602097565847771e+01
6.707126805054922158e+01
6.196780762860743863e+01
6.380434866476614530e+01
6.511424716006983715e+01
6.606300506530102723e+01
6.074804852604100347e+01
6.242228663977149239e+01
6.382671148683666473e+01
6.458305957357254101e+01
6.192021556154782047e+01
6.486730834398582601e+01
6.501463994747382458e+01
6.413881956328256706e+01
6.452189143433687946e+01
6.718360058549480129e+01
6.362978907621720026e+01
6.553674032994304355e+01
6.503222244410564201e+01
6.788269238288566498e+01
5.965794766441655383e+01
6.437846089550851048e+01
6.359280905908437376e+01
6.642623029158785641e+01
6.210539290572452131e+01
6.514312169015229870e+01
6.568359104581806207e+01
6.434778350740221242e+01
6.747900154605957823e+01
6.710818207157015536e+01
6.341506649860146894e+01
6.238237071536755707e+01
6.585017476060033914e+01
6.835710148826902355e+01
6.127729406768423104e+01
6.507281081279491275e+01
6.790990153106723426e+01
6.418308327239093103e+01
6.403589403235268662e+01
6.758920719142172118e+01
6.385721423443448685e+01
6.650735141184816257e+01
6.929951632116974736e+01
6.341836355178703855e+01
6.835699994492965459e+01
6.184210624206326656e+01
6.587698787996532701e+01
6.754939381387843866e+01
6.171731806292761036e+01
6.564722725069894693e+01
6.568460257991151252e+01
6.769643135537749856e+01
6.334346141582047807e+01
6.501335799938890148e+01
6.662977965445672623e+01
6.738951271880264926e+01
6.203132063431424115e+01
6.468693978799807098e+01
6.598262248008636277e+01
6.610159517296800402e+01
6.779518208375533561e+01
6.948689512282901148e+01
6.364240353652504467e+01
6.577546306135435827e+01
6.733334718305894739e+01
6.827786063488086654e+01
6.331808251309932700e+01
6.655746020781893435e+01
6.694429674413142095e+01
6.912416059230592680e+01
6.275119518411053576e+01
6.606886290997749711e+01
6.608381125532199007e+01
6.821247474651744369e+01
6.788942464219609008e+01
7.061095053196999061e+01
6.649811949800316313e+01
6.875181829797365651e+01
7.089165855433344632e+01
6.611812471682391390e+01
6.946071617046158053e+01
7.236381412623681797e+01
6.951485482732508103e+01
6.748552926992246626e+01
6.655660024992047852e+01
7.019658076200097696e+01
6.908547828795664714e+01
6.703506823153323069e+01
7.069089996702963674e+01
6.765815683341453735e+01
7.158103929706888380e+01
6.333151227034150565e+01
6.852241764813065572e+01
7.188038960972890834e+01
6.731847824168187344e+01
6.900534126196535567e+01
7.262472697468832905e+01
6.809519840725505446e+01
6.929185136232506181e+01
7.302388055953876744e+01
6.883862337403472509e+01
6.994906237788885051e+01
6.619792501339676960e+01
6.984887378560125626e+01
6.974334779938826046e+01
6.820655272208981046e+01
7.215237492241297446e+01
7.247202463261322691e+01
6.813919555454820909e+01
7.149978678631519813e+01
7.248177516368639317e+01
7.289760047703610724e+01
6.726754595549529370e+01
7.082290430376409063e+01
7.281923539035777537e+01
7.276995723888572343e+01
6.715543544986873314e+01
7.120282567634245652e+01
7.311446369128266554e+01
7.014289227267312299e+01
7.353756551356016757e+01
7.468483876330390103e+01
7.227314939370243962e+01
7.345605072818439396e+01
7.637318683823839649e+01
7.430669671281651745e+01
7.122498348451881611e+01
7.283407198052006493e+01
7.598251411724753268e+01
7.583131614028610556e+01
6.894224115350239401e+01
7.414275933934118257e+01
7.421386262766904451e+01
7.702060821220879916e+01
7.939269214938882158e+01
7.294530452534544906e+01
7.731658005386555033e+01
7.293587016605737006e+01
7.734065834490269253e+01
7.687142054669742208e+01
7.473681081082210653e+01
7.601694312473107118e+01
7.993319400377465911e+01
7.708059631082956287e+01
7.536265507913233819e+01
7.595949058715677893e+01
8.004962143965724408e+01
7.679187091288491729e+01
8.116244651346323735e+01
8.003601852160200281e+01
7.705578516486691854e+01
7.731442673893431561e+01
8.162400985945372156e+01
7.742982502216933938e+01
8.114506518072816732e+01
7.540078757775907548e+01
8.007512756269049703e+01
8.091046593516834662e+01
7.640882842237432726e+01
8.073027949958181182e+01
8.113336108485671616e+01
7.691785369905724679e+01
8.055102739623517039e+01
8.364155136422830594e+01
7.612666154875722668e+01
8.178969285080280827e+01
8.436085612950157042e+01
7.962489568434450860e+01
8.425834333513411423e+01
7.720183577343327386e+01
8.146815332007776078e+01
8.323693089304086357e+01
7.911831457484049679e+01
8.287876028199002576e+01
8.487758847587198829e+01
7.843791424051879346e+01
8.181749078151072752e+01
8.475098603068228442e+01
8.583479672915252934e+01
7.958017002283042984e+01
8.259823411344741828e+01
8.591805867936277252e+01
8.592298862887236055e+01
7.990264374011070458e+01
8.258194292055719643e+01
8.628729854662695686e+01
8.558837935689440712e+01
8.921037582379753417e+01
8.819821350341121047e+01
8.377645571612477227e+01
8.537955459583270112e+01
8.977860221402551133e+01
8.773818586209384307e+01
8.538424745256372717e+01
8.482287219108820864e+01
8.875087666762135541e+01
8.753406671438031594e+01
8.497709750227828351e+01
8.501242563538450270e+01
8.906081759315442525e+01
8.740858817682715198e+01
8.557427037841888762e+01
8.659688342388022875e+01
9.044608899559149506e+01
8.671060156371963501e+01
9.134000115605856251e+01
9.122058989054033873e+01
8.781054590849646502e+01
9.207526514758868075e+01
9.356309609627047053e+01
8.924614795846483162e+01
9.051073339016005548e+01
9.257445265040072968e+01
8.887488286527171510e+01
9.121076660615295850e+01
8.646248137820634838e+01
9.124390890477111782e+01
9.311825193478510698e+01
8.803237104929819168e+01
9.095999631758151338e+01
9.422770168275724245e+01
8.780702268001660116e+01
9.208527630513495410e+01
9.469883941322970600e+01
8.978322732129899464e+01
9.423934335924992922e+01
9.652678105967872568e+01
9.098975723623034639e+01
9.457087804762377914e+01
8.870630104583686659e+01
9.199110698681424481e+01
9.419144132215585330e+01
9.055128013755627592e+01
9.395931542332797903e+01
9.639934198095514262e+01
9.500185346740013870e+01
9.006439770159917657e+01
9.431573134589613971e+01
9.545604449497083976e+01
9.525934487770376791e+01
9.906825765459062438e+01
9.814913390250021052e+01
9.398808290821915534e+01
9.538044887693237683e+01
9.943028230333649731e+01
9.793474440533283598e+01
9.421326014113343206e+01
9.508430471337501899e+01
9.940744699247748883e+01
9.739571720543052891e+01
9.461019208047832763e+01
9.499477474665189902e+01
9.959081978325649231e+01
9.727113287248315032e+01
9.480702014806523437e+01
9.479173694185303134e+01
9.950365110885326203e+01
9.675561926292937187e+01
1.012102680368732734e+02
9.866599746080756006e+01
9.790390127713587276e+01
1.016690457870061266e+02
1.037007018364300706e+02
9.939846876516254781e+01
9.989028973861378802e+01
9.939134996706407321e+01
1.032745648880775065e+02
9.836193121298278186e+01
1.016205646983787432e+02
1.042182584899349962e+02
9.850214303932980897e+01
1.023020443200880578e+02
1.055055301755622281e+02
9.929219307302317077e+01
1.037146623368000462e+02
9.840267305198273107e+01
1.021454640834562184e+02
1.045259652169334288e+02
9.909885458626288823e+01
1.024150003121393411e+02
1.050200924751283935e+02
9.940974728940983596e+01
1.030176544345373912e+02
1.055060604502616002e+02
1.014825556603853869e+02
1.050852739016092272e+02
1.077935592223864347e+02
1.024446722306298909e+02
1.056378182910013379e+02
1.003638145107273942e+02
1.031190827894102995e+02
1.062056057317960267e+02
1.014629333464966123e+02
1.057298969304263210e+02
1.071678356382879826e+02
1.022471273434576347e+02
1.046216567957081622e+02
1.079906579535792304e+02
1.076697070626132273e+02
1.035862033867821026e+02
1.053726200735096796e+02
1.092873419204237422e+02
1.064376692526458754e+02
1.061103326584206741e+02
1.095068016426100570e+02
1.089500348442911957e+02
1.055257685323895913e+02
1.061189061682950268e+02
1.100236842330667599e+02
1.079382666462019102e+02
1.060736776319407255e+02
1.063926893497371253e+02
1.103729091633256871e+02
1.070023556869814314e+02
1.069586581390064168e+02
1.062211583196215798e+02
1.110350338809891042e+02
1.058218805578759429e+02
1.105271214145650873e+02
1.133217949110944573e+02
1.068468099736518582e+02
1.110923737883742746e+02
1.150997848596548039e+02
1.086233633726847216e+02
1.127890504699816745e+02
1.167766064690625285e+02
1.088071125587213572e+02
1.146868003368316380e+02
1.093411990347081542e+02
1.129809637695725684e+02
1.157764875612558484e+02
1.093515014095121103e+02
1.123026824234473509e+02
1.153109867846617504e+02
1.100804569732121223e+02
1.138585286357685789e+02
1.170370376262688410e+02
1.112315917277790618e+02
1.147671288308143005e+02
1.095082946177651735e+02
1.132427092892035887e+02
1.158220987044973640e+02
1.104399824582576031e+02
1.135733168305661707e+02
1.156986556700613704e+02
1.139997968258514760e+02
1.168545276262359778e+02
1.205103671440922994e+02
1.139096195285646616e+02
1.170399928051210452e+02
1.203001105294690518e+02
1.149093495188312914e+02
1.190170112421338899e+02
1.124772784279237356e+02
1.169390458351455919e+02
1.177056032883711651e+02
1.141904879649134159e+02
1.163515392123333640e+02
1.207658848700491063e+02
1.174934399248849957e+02
1.175998623199175199e+02
1.223734376397954975e+02
1.172513584688797152e+02
1.225748361255300836e+02
1.216590055935774757e+02
1.194704016609296247e+02
1.195492021076225342e+02
1.247613810581609073e+02
1.201000007921127803e+02
1.243615075441217357e+02
1.184464931129475076e+02
1.228797377160928193e+02
1.225849025204471445e+02
1.221563542531869331e+02
1.260749627690746877e+02
1.229493985691201630e+02
1.237233573226278907e+02
1.212514933315647454e+02
1.261163013529039603e+02
1.223897557433505341e+02
1.253666666985391487e+02
1.176858299722471486e+02
1.238047644524251467e+02
1.273405979507929970e+02
1.211887837516533608e+02
1.260458763491569414e+02
1.291739891819995023e+02
1.218948327218727030e+02
1.273501193405410845e+02
1.303981058523565366e+02
1.247211241632588781e+02
1.285056593750794605e+02
1.313304340270416048e+02
1.261808830517386610e+02
1.296980100657887363e+02
1.242330836002286389e+02
1.279956071515081248e+02
1.310126691926961087e+02
1.248478428053437028e+02
1.289637863982143813e+02
1.311928438452852959e+02
1.270499705172120457e+02
1.301072767215300701e+02
1.342311780612171503e+02
1.276273894090352883e+02
1.316830261816637631e+02
1.255668900089756193e+02
1.305882330170338150e+02
1.313707965318764934e+02
1.286193903727821066e+02
1.309655561163804975e+02
1.353117516541770158e+02
1.288784113039340866e+02
1.330369153480544639e+02
1.360917037875523476e+02
1.301069260479744685e+02
1.359282477438735839e+02
1.357448042792455567e+02
1.341708315926773878e+02
1.346658046970333942e+02
1.319853160682262967e+02
1.334352463892938090e+02
1.383012259381921751e+02
1.321193335259228832e+02
1.384798702826299746e+02
1.367812195505844386e+02
1.360833289869958378e+02
1.351296164951513106e+02
1.403692760607584376e+02
1.348452773022820850e+02
1.396898115672663323e+02
1.437675271103880164e+02
1.382582118826018132e+02
1.419121028330361298e+02
1.361545040999241110e+02
1.404713250489109271e+02
1.439723243524549048e+02
1.370553541415614802e+02
1.425930710655662494e+02
1.453679233418798162e+02
1.387982053577950126e+02
1.438070790606920468e+02
1.472302782613732859e+02
1.410239507630543301e+02
1.456690630289773765e+02
1.489509460615477110e+02
1.429925568491757701e+02
1.474630435940107986e+02
1.418225016832560357e+02
1.462023206364945054e+02
1.491982127632118420e+02
1.433825436655092744e+02
1.476807015739057647e+02
1.506669426716889006e+02
