0.000000000000000000e+00
-4.220263224124511936e+01
2.174846426903437191e+01
-2.500804381755966688e+01
9.567535865739898782e+00
-1.737409151153647713e+01
1.852158944446421263e+00
-5.583421304755328940e+00
3.545801410293533795e+00
-4.091144581606019237e+00
2.633605550820845576e+00
-3.188333861560207705e+00
2.604940334079161257e+00
-2.525067796025517008e+00
2.351960967024135929e+00
-1.975420398374153841e+00
2.305925803938301044e+00
-1.500624672951436089e+00
2.351443409998573930e+00
-1.078554399397509300e+00
2.444236915334205840e+00
-7.251999723089537220e-01
3.250730461532032489e+00
-5.164234585365194974e-01
3.572105602946131775e+00
-3.100874821293115313e-01
3.907889677930965977e+00
2.508721942998792809e-01
4.143975475113639284e+00
4.078974603050688486e-01
4.353674219205286633e+00
6.145489405525682569e-01
4.694140708796226136e+00
8.668696437499753271e-01
5.040172823050363071e+00
1.147099579607374187e+00
5.403402829408853414e+00
1.448177163358152608e+00
5.784029048252194549e+00
1.766822734792093508e+00
6.177966165650916608e+00
2.100231561489545040e+00
5.451903671390625483e+00
2.464385140900872795e+00
5.957906709829069669e+00
9.360074305443159659e+00
1.085782427785484217e+01
8.350530647872625778e+00
1.211538386521254651e+01
8.985767451713220666e+00
1.253260767868473380e+01
9.360727702752210888e+00
1.296905132026505925e+01
9.754567081710481702e+00
1.337955396429733135e+01
1.012321429326346944e+01
1.378281121021555933e+01
1.048889595092136418e+01
1.417955888858073799e+01
1.084999078255771643e+01
1.457428360933025679e+01
1.120940445116249506e+01
1.496673336797233311e+01
1.156704935752154917e+01
1.535772120934729656e+01
1.192322410330975657e+01
1.574702695098305938e+01
1.227770242735349626e+01
1.613456134581742063e+01
1.263023984677220923e+01
1.652002187060674032e+01
1.298048895299993255e+01
1.690311006999795040e+01
1.332808103776616626e+01
1.728348703367603534e+01
1.367262563141647647e+01
1.782986893825810881e+01
2.025113353204801214e+01
2.321202206172931071e+01
1.943802043884799247e+01
2.415902674602041245e+01
1.985983922613386099e+01
2.452006246275023926e+01
2.020787781409906714e+01
2.486426655230800620e+01
2.053997640434864991e+01
2.455270562841871040e+01
2.088831144581673271e+01
2.490876669474370786e+01
2.122346087873170717e+01
2.522796065555812817e+01
2.152834007773866887e+01
2.552417091145663264e+01
2.181332317705285462e+01
2.579776891926549354e+01
2.207870570092541840e+01
2.605257529118984294e+01
2.232742531969269706e+01
2.644773302143607552e+01
2.928656268843556632e+01
3.062655699975955059e+01
3.027849434064625811e+01
2.951558112205238871e+01
3.160960426221785724e+01
2.940638911999845817e+01
3.152464597722099171e+01
2.962225161948005336e+01
3.193928365585868079e+01
2.917172436354339382e+01
3.208413479648206135e+01
2.932480838114799226e+01
3.212423070327211150e+01
2.949517005345228426e+01
3.217303647129182309e+01
2.965686104919073074e+01
3.221080979340511163e+01
2.982344803448922121e+01
3.280910665302295826e+01
3.662873222982874921e+01
3.930824313464844977e+01
3.626446260150324008e+01
3.938328872016339233e+01
3.637450677716373804e+01
3.930534479961771410e+01
3.611786481619088107e+01
3.842980069247252572e+01
3.295892432707125153e+01
3.846847006074236219e+01
3.558098190837650776e+01
3.855032553572882392e+01
3.543455492773327364e+01
3.857590087259404754e+01
4.144292041833384133e+01
4.258668700396841444e+01
4.145747710247450613e+01
4.289668218162177027e+01
4.150207334445833851e+01
4.290343182810472200e+01
4.128709295853109751e+01
4.277096729178278167e+01
4.103455254527289497e+01
4.258453410316575827e+01
4.076927251826413823e+01
4.237280981813924541e+01
4.048601381269183008e+01
4.201102118382908657e+01
4.070324509430949433e+01
4.476947274746964922e+01
4.557560302304783306e+01
4.999969413294505216e+01
4.336298086708698918e+01
5.056535274367297461e+01
4.267069794568900676e+01
5.014596080993322857e+01
4.189083038699762085e+01
4.989977439106515078e+01
4.325831146131395855e+01
4.522305164663316646e+01
4.603072061045740782e+01
4.565529157265382310e+01
4.452935112694477482e+01
5.052615211629748160e+01
4.882886954770533094e+01
5.316414608818259069e+01
4.650792849904575377e+01
5.346775776128687596e+01
4.553101877052689872e+01
5.246557111572828802e+01
4.529024826378893920e+01
5.177571578297339272e+01
4.436756053822448820e+01
5.101457362546475593e+01
4.379828669619445236e+01
4.986452754931865172e+01
5.270259604716544999e+01
5.119812579076936032e+01
5.360236286922788906e+01
5.103841608362601789e+01
5.199373783474534605e+01
5.137609525507836139e+01
5.095644892089453037e+01
5.051031388395105637e+01
5.016023821347675238e+01
4.970406298988412885e+01
4.958963171138139359e+01
5.450174355885578592e+01
5.267565411666386410e+01
5.589188059031139488e+01
5.115721127762396492e+01
5.649498005595979322e+01
4.968581088850356053e+01
5.542988176115026988e+01
4.880676207059295990e+01
5.456005544424985487e+01
4.907351960639824284e+01
5.409259120300603740e+01
5.737418471136998477e+01
5.309624017455931977e+01
5.769694728949666995e+01
5.121583306573448624e+01
5.661150602460507031e+01
5.030357443081977920e+01
5.567534616382234702e+01
5.058230732356062020e+01
5.518836077780164828e+01
4.881447357833032896e+01
5.410987920939835760e+01
5.765937922285433359e+01
5.333744445271390333e+01
5.792219981300257814e+01
5.165627727085202281e+01
5.676478882782869562e+01
5.071206017514170128e+01
5.573233767662448201e+01
5.062634682407414743e+01
5.506955675359020574e+01
4.826921546875414748e+01
5.389067043982354477e+01
5.726788762159026902e+01
5.216504090698904861e+01
5.759236400154958346e+01
5.176465761305237834e+01
5.646083709250002158e+01
5.109410706502438870e+01
5.545797956934125494e+01
4.902029767861529308e+01
5.420178149674074319e+01
5.724366753840976685e+01
5.467026565202547772e+01
5.784465045828930840e+01
5.167215532351227125e+01
5.726651694602134768e+01
5.095898251183717775e+01
5.571855250269345561e+01
5.047503509151844980e+01
5.444607140917167953e+01
5.674386665066988655e+01
5.675787237492181703e+01
5.429562624086985778e+01
5.636183223807991283e+01
5.301147485743783250e+01
5.501911891260002818e+01
5.162726859071885599e+01
5.346547618759863951e+01
5.019442834298148881e+01
5.230031884651311458e+01
5.509814619191775620e+01
5.629674493929169898e+01
5.306996909090891279e+01
5.544185075652174532e+01
5.153699611255996160e+01
5.362783706232904279e+01
4.996181696021419327e+01
5.227755876893046150e+01
4.843939460540602227e+01
5.066208973548713601e+01
5.253585933321941326e+01
5.476260158184027205e+01
5.122148069946429416e+01
5.363486221368443552e+01
4.910083651453405196e+01
5.162436725726172426e+01
4.843463015770737456e+01
5.111666053697894796e+01
5.303870139045846344e+01
5.397028297777762162e+01
5.165053492805783719e+01
5.409274814562616740e+01
4.905677776847069538e+01
5.191859883044804747e+01
4.703079960860140574e+01
4.980325147631413074e+01
5.179565298051965527e+01
5.362965436599169777e+01
5.075805047222282695e+01
5.371336730551194449e+01
4.787188401632977275e+01
5.084181879065195631e+01
4.622850616990874073e+01
4.924130329013857477e+01
5.068739635991313008e+01
5.275844272732667406e+01
4.980134928072850187e+01
5.244437796915936190e+01
4.688353973738255576e+01
5.025608822368025130e+01
4.467605770656981434e+01
4.804228847872899877e+01
4.375651904979275741e+01
4.643244004171428685e+01
4.745417401480394659e+01
4.995840173987855337e+01
4.716316832689501837e+01
4.945811621585356477e+01
4.358820467594802750e+01
4.722247085539138567e+01
4.229839829014553487e+01
4.538997087628976601e+01
4.564369671721571109e+01
4.871072348785376249e+01
4.497624350885229205e+01
4.831069687195079609e+01
4.197002101146861008e+01
4.606790773970845265e+01
4.688367241453945411e+01
4.985938103155458379e+01
4.420331968938193512e+01
4.771284447034781095e+01
4.247739009852718794e+01
4.625756976931177888e+01
4.073849017852951704e+01
4.410240850903363707e+01
4.675532452289273522e+01
4.493968746546571680e+01
4.469250758095755316e+01
4.378651060693122332e+01
4.256636802031177069e+01
4.172725273539963098e+01
4.186564250605206183e+01
4.079744251297336177e+01
4.473944999756400165e+01
4.389385576350082374e+01
4.111936290907861746e+01
4.516093495384495782e+01
3.873762588865573520e+01
4.229227996876672080e+01
3.845844245049327981e+01
4.179191684293002851e+01
4.473349076956988313e+01
3.962592258669502598e+01
4.342104340673098761e+01
3.710391771179813958e+01
4.125584040092226701e+01
3.665688059108078534e+01
4.022442152540299531e+01
4.309550251523666731e+01
3.778823089243042688e+01
4.230797321305580283e+01
3.568301767421669268e+01
4.012361220870248246e+01
3.487542816036596349e+01
3.890433199780373741e+01
4.162137913373134523e+01
3.767769831768563904e+01
4.184416830218209071e+01
3.389463132485879981e+01
3.935168930527964193e+01
3.453604528062128054e+01
3.764550322547850669e+01
4.076927632740756735e+01
3.479478124857268995e+01
3.989462870877360245e+01
3.249322440127067324e+01
3.784503557854167610e+01
3.002865971797254119e+01
3.559387603836670877e+01
3.805838328542704119e+01
3.781024729770083326e+01
3.499355540490440575e+01
3.786784131222003680e+01
3.062459868567916033e+01
3.517209593790729372e+01
3.739796142990719829e+01
3.799052806689340400e+01
3.525867752103386721e+01
3.736510843232242962e+01
3.125642998084977364e+01
3.525390554142087751e+01
2.941357721256613900e+01
3.315563044580679275e+01
3.485272250545611428e+01
3.648680570318494887e+01
3.293990624808918710e+01
3.462531614321163431e+01
3.101558978075118134e+01
3.313578976475785254e+01
3.510708608684322485e+01
3.626563132410995394e+01
3.326668307257693158e+01
3.585373971148128902e+01
3.081652813193113971e+01
3.277264875647303199e+01
2.916800538460800851e+01
3.135297975586144759e+01
3.318625248578007358e+01
3.481778999750932968e+01
3.097395186532056854e+01
3.317846079546801263e+01
2.831704408607108547e+01
3.088507848779499554e+01
3.234970084763355658e+01
3.435377375601584760e+01
3.269569719757133441e+01
3.276238293216287190e+01
2.994259706776310281e+01
3.263168788893748484e+01
3.326250600312356198e+01
3.548176457704018105e+01
3.015386469301072125e+01
3.365296055493681138e+01
2.828479063645248104e+01
3.182801336439153062e+01
3.204110425559276365e+01
3.494813719884415804e+01
3.087114160320015444e+01
3.462010032313069274e+01
2.790773895365528290e+01
3.220800323167368617e+01
3.228000788417392641e+01
3.548374071812116881e+01
3.010118100456073620e+01
3.440778299708494359e+01
2.750432162935653935e+01
3.232850734609127130e+01
2.674880956022311906e+01
3.142943322761006186e+01
3.089631136291218283e+01
3.447111126141847848e+01
2.652457978854326015e+01
3.233060101218695337e+01
2.644833231667923457e+01
3.146806660390454979e+01
3.317795890179293394e+01
3.231292252712714941e+01
3.111837482912117281e+01
3.040664330388044689e+01
3.053101460931837607e+01
3.361315520341634766e+01
3.266105480109561654e+01
3.521526932178383618e+01
2.974786878259084588e+01
3.302080134339906436e+01
2.868965958439201103e+01
3.193709844201671899e+01
3.495884886456645546e+01
3.187576240161300234e+01
3.276053441599235327e+01
3.118434077512662483e+01
3.081420038731022260e+01
2.931631320969698251e+01
3.255361371473177456e+01
3.497923778241118242e+01
2.935653478279953177e+01
3.330408292047331287e+01
2.792798122890027201e+01
3.201054280646495442e+01
3.499221756510630144e+01
3.375472768093241172e+01
3.491815310087555702e+01
2.842436049099856277e+01
3.371993615189152393e+01
3.647797610456402850e+01
3.480899375687994279e+01
3.549060846025083293e+01
3.031534707786068594e+01
3.538833072973073968e+01
2.992013665695552760e+01
3.373409895647727552e+01
3.642542939107824651e+01
3.361108689689948648e+01
3.629988768173552671e+01
3.239272021678105062e+01
3.499708618464854482e+01
3.678661721294793807e+01
3.790461188539504889e+01
3.402160736914142092e+01
3.610438927564622702e+01
3.221090632391985054e+01
3.405881234312750649e+01
3.624575959525132873e+01
3.845185024553830289e+01
3.368781157243771673e+01
3.748959732418067858e+01
3.143791476471111679e+01
3.534961012747930198e+01
3.741741873970011056e+01
3.880743421808616489e+01
3.450797641342033018e+01
3.744988881146303328e+01
3.263044631720708821e+01
3.563856435525680411e+01
3.755143658851140032e+01
3.913221273837411474e+01
3.665812590111175240e+01
3.859711473026805351e+01
3.412932830336080059e+01
3.645178886454027634e+01
3.844455395441669054e+01
3.992665851852952130e+01
3.630625139887371233e+01
3.887985577591573616e+01
3.410673051446353554e+01
3.683900193452400629e+01
3.921768379152701556e+01
4.022385292397567014e+01
3.871032729220608815e+01
3.993550471480899944e+01
4.272865391143982805e+01
4.300880531804865115e+01
4.048722518090487910e+01
4.138494540287751278e+01
3.940108599131836797e+01
3.995270293820506424e+01
4.306449680300418947e+01
4.349398494530290549e+01
4.081024962062499384e+01
4.132765879148095678e+01
4.182753001818299765e+01
3.979729777327736429e+01
4.333568256400722873e+01
4.446237607337780418e+01
4.069534253820894776e+01
4.165992439473101427e+01
4.182386848590410011e+01
4.550118119772825054e+01
4.426086395864948031e+01
4.643740253831734321e+01
4.127717828898541796e+01
4.579162894726243849e+01
4.868562837140704858e+01
4.553428505223487832e+01
4.743208013082820429e+01
4.363084131813737798e+01
4.754935486481977591e+01
4.060241739823830187e+01
4.540847657390794012e+01
4.850486135334099203e+01
4.526724848096510101e+01
4.664740870178300725e+01
4.418084866390663734e+01
4.842416625955786458e+01
4.762736175703899733e+01
4.701175060910097869e+01
4.816460125770605316e+01
4.591487268322627102e+01
4.587756264129007633e+01
4.905911903969347776e+01
4.934848331266849186e+01
4.793465686844720608e+01
4.676997929480859995e+01
4.780348132059780397e+01
5.077379305343663418e+01
5.187877541341133991e+01
4.668059616807573775e+01
5.050770546896981017e+01
4.576862209356596622e+01
4.928642795622901218e+01
5.146390744476938295e+01
5.216288223724984618e+01
4.888613763591916950e+01
5.055746585668020288e+01
4.712524881005807487e+01
4.967559675584294610e+01
5.067782758045813551e+01
5.370460205564835832e+01
4.801726653968979264e+01
5.151298593872501641e+01
5.341537135091591892e+01
5.444882596092524096e+01
5.053575508027093832e+01
5.266627021279472132e+01
4.893736658648021631e+01
5.085959984969247216e+01
5.315819068776428225e+01
5.468971925777132981e+01
5.093320016623030710e+01
5.329634438545095065e+01
4.859278217122481891e+01
5.120942010782768961e+01
5.282758969229885082e+01
5.522812618714225152e+01
4.970175497675514009e+01
5.253259723794442237e+01
5.392059514654035723e+01
5.633861812403220881e+01
5.511781992317256851e+01
5.406883778510231764e+01
5.361070446368106701e+01
5.619931400655072196e+01
5.716998509993417343e+01
5.274521245729742702e+01
5.503767291025306463e+01
5.186672686289497847e+01
5.382723175605777044e+01
5.658062528685788806e+01
5.686324443048016519e+01
5.382194552193664805e+01
5.525652832308245621e+01
5.830773379268227075e+01
5.808885393722709267e+01
5.632069023440580224e+01
5.683724121276387820e+01
5.387934363558187556e+01
5.501287240054851679e+01
5.828337033689791724e+01
5.751747606968771009e+01
5.660938795867407691e+01
5.642739234135826365e+01
5.976131935181555122e+01
6.127369392097019585e+01
5.489760092045717954e+01
5.978016850047162478e+01
5.524812985693728251e+01
5.910084654479265964e+01
6.219743230555413049e+01
5.830072373417229414e+01
6.097432122065857385e+01
5.453550544163903169e+01
5.954233563345062663e+01
6.249339504403103263e+01
5.891839625192925922e+01
6.032962175122234783e+01
5.808133537270153113e+01
6.188489283229683480e+01
6.085090338836121049e+01
5.880553181130751028e+01
6.090754976236224394e+01
5.643991973076226998e+01
6.075552023989965278e+01
6.311893913114342780e+01
5.590254779599946033e+01
6.136644760580647784e+01
5.469693303918877803e+01
5.973672802124665537e+01
6.141042199505338317e+01
6.298762223692705930e+01
5.888621607773458777e+01
6.055168742799470039e+01
6.294247039289010104e+01
6.470160904254072420e+01
5.710011893702084507e+01
6.196732819275365500e+01
5.778967427602924545e+01
6.047382915010594928e+01
6.134242239176470690e+01
6.338397120501944926e+01
5.754524011714974563e+01
6.101388829778844070e+01
6.289805820193393515e+01
6.404928810543663076e+01
5.746002755882642532e+01
6.163799835091278823e+01
5.546951996812157404e+01
5.944305200825450441e+01
6.054777012669379133e+01
6.264743064634920700e+01
5.660300169520994018e+01
6.002232944319640495e+01
6.132545495745753072e+01
6.295908075223027112e+01
5.971012284794495883e+01
6.144528031749788965e+01
6.304288871892969581e+01
6.428845095583581326e+01
5.964925939455941517e+01
6.176786246621839638e+01
5.740318857453883794e+01
6.057214996876247426e+01
6.119931878788696622e+01
6.341978497893919808e+01
6.044538339351633738e+01
6.168907125864478758e+01
6.413820212790434994e+01
6.402109127610461314e+01
5.938887729509892210e+01
6.095959898031500757e+01
5.675982306841639513e+01
5.814718169410376447e+01
6.072461692229492769e+01
6.046083241752737791e+01
6.013156042593340800e+01
5.974926261238031344e+01
6.254036452558293746e+01
6.240298015109666352e+01
5.968541056882136076e+01
5.958791201272918414e+01
5.795921631507440708e+01
5.920178898019823066e+01
6.187889318857833842e+01
6.009749896469806885e+01
5.938469796524134381e+01
6.221249171219433549e+01
5.984219637156132876e+01
6.312538557343695089e+01
5.783264640519171707e+01
6.092565036206704576e+01
6.359941946967498438e+01
6.060766454866285358e+01
6.016577276828796528e+01
5.799550948796129290e+01
5.926168314387413716e+01
6.252040977208218919e+01
5.927770174630908429e+01
5.988018255671248369e+01
5.718565072571495023e+01
5.739223664724733709e+01
6.075349003411900384e+01
5.794598874880468031e+01
6.033328463615126225e+01
5.607306345899037581e+01
5.930560719321898233e+01
5.945508514100207975e+01
6.030842923521065302e+01
5.387005447051254947e+01
5.717703530511047205e+01
5.941885123373823063e+01
6.138199631641888487e+01
5.539855013610716128e+01
5.854425773794765320e+01
5.376745178676977588e+01
5.641555875196876713e+01
5.717728090771171878e+01
5.903673517582934238e+01
5.344830286759021476e+01
5.620373467001444823e+01
5.783652682383996080e+01
5.853716972036041710e+01
5.362852261436253798e+01
5.678611719152666382e+01
5.757444968836326638e+01
5.916696787415899195e+01
5.400038835685274563e+01
5.597497276277756839e+01
5.726307896603756831e+01
5.852273428657132825e+01
5.492636640979367968e+01
5.651114665477392407e+01
5.168998629174895854e+01
5.337750648259986264e+01
5.510854025666619549e+01
5.563727019025512277e+01
5.527124207224851205e+01
5.130916305010079981e+01
5.383530227345361396e+01
5.405558453104275429e+01
5.624876823146054505e+01
5.121072895837445316e+01
5.358775735365695425e+01
5.348894668864111424e+01
5.591948044444731636e+01
5.316657967828827935e+01
5.260274379635121988e+01
5.312067895197404965e+01
5.552260832035863558e+01
5.385501466233090895e+01
5.094368381354865960e+01
5.218215945007110435e+01
5.451661380258634182e+01
5.305911670465817309e+01
5.379910821743386151e+01
5.139513710505564603e+01
5.417908176191708236e+01
5.400295667797424670e+01
5.172592045982631248e+01
5.073786493397512487e+01
5.375959568694451463e+01
5.580927740159312123e+01
4.926551391100682054e+01
5.285038053804287728e+01
4.891186368381978866e+01
5.208457042851936336e+01
5.441801753949865628e+01
4.779534278239897560e+01
5.182517456321524918e+01
5.427802876084304984e+01
5.137576745037198123e+01
5.139309068680171322e+01
4.893308570984659411e+01
4.917618421175132681e+01
5.239842840339813534e+01
5.003205267827141967e+01
5.104620538255158380e+01
4.795681651226644959e+01
4.761193135446398372e+01
4.998278891476811481e+01
5.205417171929775577e+01
4.782595189297641980e+01
4.871864678592087472e+01
5.092285618996021412e+01
5.251450944481744898e+01
4.467625604835158271e+01
4.921427642809528891e+01
5.101045765091652839e+01
5.147053119393545728e+01
4.757488834321109294e+01
4.915008945758926728e+01
4.453970158873165275e+01
4.574967672827292375e+01
4.748666538976050333e+01
4.838142906505783714e+01
4.564039650505442580e+01
4.740714440128234486e+01
4.856168185848151353e+01
4.965511491877994388e+01
4.494526108354402538e+01
4.671729010212701638e+01
4.808769609179881144e+01
4.895995581641710004e+01
4.745774819965288316e+01
4.517559910242349730e+01
4.675612985247860109e+01
4.848036113632836219e+01
4.826879318253268281e+01
4.378975540273837197e+01
4.520664438206283364e+01
4.696430096563923229e+01
4.737465506693003192e+01
4.729061490511990229e+01
4.389422282902162209e+01
4.666015728871816748e+01
4.667629021308422210e+01
4.869025970121674618e+01
4.254275965659263647e+01
4.602814941405511462e+01
4.575365082664018956e+01
4.824727111042837180e+01
4.535196483913811960e+01
4.574283413839226142e+01
4.559860785403880357e+01
4.844131846162377997e+01
4.528705135676801063e+01
4.613787866479728450e+01
4.905634667618954126e+01
4.711823149334909289e+01
4.826165384487353549e+01
4.428556282760440155e+01
4.810903678019542440e+01
4.914236005571035548e+01
4.548352478582703640e+01
4.859242439989210283e+01
4.204672057936937080e+01
4.533564999105157511e+01
4.788834667137412282e+01
4.504980571429051395e+01
4.557674978030523505e+01
4.899634151121748715e+01
4.605704400948080490e+01
4.679224131893032279e+01
4.453123769301773649e+01
4.378173282477457207e+01
4.747268441594751920e+01
4.547390548084360518e+01
4.765616563603527567e+01
4.218169803871774803e+01
4.489550748788825985e+01
4.722589714783431702e+01
4.861025405627628970e+01
4.256148187539065475e+01
4.633285331032033838e+01
4.709326702862772862e+01
4.937093474358876222e+01
4.119590779600419239e+01
4.624968836584552889e+01
4.816647249741625814e+01
4.833607990577397118e+01
4.418391184300924124e+01
4.675056682249758921e+01
4.820988767661684449e+01
4.884731827934847104e+01
4.533058001107976054e+01
4.779221202014824854e+01
4.887537142049523453e+01
4.995551985929800054e+01
4.562312292022758697e+01
4.793467819596496327e+01
4.887469821944480231e+01
5.045244753233386348e+01
4.680078049856020783e+01
4.923215459930490567e+01
4.342834113906558002e+01
4.589010393697977719e+01
4.709297059561851739e+01
4.872332054686642522e+01
4.574875142154718333e+01
4.841976010731283964e+01
4.899739454961962792e+01
4.980044583768172828e+01
4.632885680112745064e+01
4.933966719191122507e+01
4.939813168388474196e+01
5.102514989205241847e+01
4.614331854972424196e+01
4.952620930953704459e+01
4.914646698857823992e+01
5.181867170216550278e+01
4.625904949968188618e+01
4.995574091852322596e+01
5.000821156914602739e+01
5.284934880446088812e+01
4.642809586303678060e+01
5.046660364122770659e+01
5.152518554675991425e+01
5.087158319014812946e+01
4.897373305555562695e+01
4.811664749983994938e+01
5.156776332324412948e+01
5.236886407532646359e+01
4.974532765195313289e+01
5.279076763795995930e+01
5.540081687196009597e+01
5.030438102086517205e+01
5.412942637797117840e+01
4.596290418940093758e+01
5.108852710412843834e+01
5.376267006200324516e+01
5.051142362467744107e+01
5.077323500458879124e+01
4.832716859020102618e+01
5.189733533931704557e+01
5.145634351972479692e+01
5.204208442037469240e+01
4.855447564969042418e+01
5.141532138981565936e+01
5.386235961796396055e+01
5.185538125214568339e+01
5.229049402290021931e+01
5.482140894487767468e+01
5.533222797931308889e+01
4.912182439172493531e+01
5.310271151090670827e+01
4.756198724017436064e+01
5.097244458875103135e+01
5.247081576094871025e+01
5.390139031359613142e+01
4.691482297751500141e+01
5.117307037581912255e+01
5.250746509138641471e+01
5.380862346821035658e+01
4.956154082855765353e+01
5.117520822444961226e+01
5.335576413727027756e+01
5.415886653082758784e+01
5.172883844459475000e+01
5.402825304975663556e+01
5.488848949492392393e+01
5.547174963152659188e+01
5.125680705484658972e+01
5.347793208512782570e+01
5.449783469009884840e+01
5.624040180506362674e+01
5.077395649434615166e+01
5.301771905278196328e+01
5.371079245847959527e+01
5.579300109079488834e+01
5.527248345983486644e+01
5.773330930688632634e+01
5.764885949716092028e+01
5.349646359207059731e+01
5.457147942401382323e+01
5.701191879370519899e+01
5.662438186596013878e+01
5.727399577793008234e+01
5.609134205747072599e+01
5.216183642126283360e+01
5.315797984207848970e+01
5.598873419832266052e+01
5.478701222294069595e+01
5.448514817963484802e+01
5.697413994482338495e+01
5.504937721819830898e+01
5.798867515809828177e+01
5.187914203082638664e+01
5.570681270743073554e+01
5.815961504594560694e+01
5.560694812738044845e+01
5.506013270604797327e+01
5.847884208794745575e+01
5.568344327118864356e+01
5.903723315870918498e+01
5.277346902467782286e+01
5.617254997273066408e+01
5.876204536041987581e+01
5.545991115997812670e+01
5.564076309967683898e+01
5.890512818019793428e+01
5.810359197273913878e+01
5.939997449423053411e+01
5.463457150300609300e+01
5.765066738315540817e+01
5.948940438688104138e+01
5.381848396398362411e+01
5.749332900507162947e+01
5.396473933847466498e+01
5.610491630588943224e+01
5.652858601820106799e+01
5.831413811772674194e+01
5.294423587418663857e+01
5.562315646821374315e+01
5.709870936359344995e+01
5.812005607586397815e+01
5.366047675450753474e+01
5.582889904602001963e+01
5.710589749064711640e+01
5.783817060962542200e+01
5.279514889148985901e+01
5.581877511966931849e+01
5.668748676780133877e+01
5.812936791310097817e+01
5.355165523567374208e+01
5.529934026025411242e+01
5.627761091080992628e+01
5.778674199335534922e+01
5.496869974576441109e+01
5.734813694883528967e+01
5.796475422082156115e+01
5.862765188042696707e+01
5.305890317812370682e+01
5.577088225532171606e+01
5.623531626378845516e+01
5.811024683603724839e+01
5.545811685105769584e+01
5.827145652166373679e+01
5.796140524317207365e+01
5.822050233476059589e+01
5.699197164121635950e+01
5.979127090809149792e+01
5.884931686840755560e+01
5.556853416381597555e+01
5.588892810321186744e+01
5.849841732737805700e+01
5.780415397238174791e+01
5.819613195048524545e+01
5.683828677979050070e+01
5.960228775562841008e+01
5.998835218741464814e+01
5.413296787811449917e+01
5.787614219635545965e+01
6.021742537080930902e+01
5.785393843727686658e+01
5.890308339062809750e+01
5.648307528917401754e+01
5.417562885597602218e+01
5.769857821717214108e+01
5.496755310284067519e+01
5.809602486039337776e+01
6.051338378881829527e+01
5.715552465509433944e+01
5.809237022590859567e+01
5.504554022748595088e+01
5.444054195281444208e+01
5.764773422148810056e+01
5.501065670471589186e+01
5.799409511733360034e+01
6.027813779155553675e+01
5.637441219502372292e+01
5.936292247517067011e+01
5.356714812183773233e+01
5.705303970106488265e+01
5.828289436642038623e+01
5.577770219755917225e+01
5.694587786241083904e+01
5.883420480482342185e+01
6.010285612845829917e+01
5.409695178420913919e+01
5.731883637008392185e+01
5.028339125123361697e+01
5.391718428270537089e+01
5.542922133451029509e+01
5.630113582343297907e+01
5.214231217607824931e+01
5.366067278575459198e+01
5.464168529158234122e+01
5.590553383531976550e+01
5.355420666586613976e+01
5.539598373622078498e+01
5.649107107313014353e+01
5.657463504216664774e+01
5.164954584203022137e+01
5.379410507235724737e+01
5.459191256349865995e+01
5.617967525131748374e+01
5.739938136319630502e+01
5.767472594359826843e+01
5.490726328281816393e+01
5.577480022926546610e+01
5.130653879559719144e+01
5.400690604808843887e+01
5.368532987358956632e+01
5.585045602252770180e+01
5.430740291734004899e+01
5.694871426440925433e+01
5.632330813570079187e+01
5.363071845752325828e+01
5.365688698037597959e+01
5.621133579379583978e+01
5.591404056440589443e+01
5.448253559623395148e+01
5.372783750467743147e+01
5.645593789570876453e+01
5.663553526920338754e+01
5.384502164315527040e+01
5.771090382355151149e+01
5.585516976061351357e+01
5.873182902693410057e+01
5.043619751880415691e+01
5.575964341686083259e+01
5.824002216273689925e+01
5.541020108342438988e+01
5.623703856401026258e+01
5.920631002775331098e+01
5.628788046124350331e+01
5.698475272387111801e+01
5.426148290322876733e+01
5.352428199269430564e+01
5.687592835394953283e+01
5.497822332394561329e+01
5.792101593857346842e+01
5.990519445122755116e+01
5.490247998596604617e+01
5.805002738939163009e+01
5.176834920805076479e+01
5.503370017361071831e+01
5.698139386036375953e+01
5.736015765481013062e+01
5.349870899362249332e+01
5.566231114579347405e+01
5.635881397980240592e+01
5.806667543988018565e+01
5.109683666848947325e+01
5.516524195157103350e+01
5.676305814802552163e+01
5.751803545876602897e+01
5.267519402531870298e+01
5.538672022172895737e+01
5.665415352564166795e+01
5.794034202867540984e+01
5.314868928891525712e+01
5.496513893313846211e+01
5.593681920648898398e+01
5.708959227169669504e+01
5.492853016568230373e+01
5.666974450873210145e+01
5.838072058537933628e+01
5.802801464772473139e+01
5.346358112660706041e+01
5.469826189161245367e+01
5.659169825208337556e+01
5.681438426395592245e+01
5.428630964281347815e+01
5.518496104228659505e+01
5.742541097602557443e+01
5.718466864318656917e+01
5.396317694224420336e+01
5.471432720369436709e+01
5.726733788067969044e+01
5.649749939039446645e+01
5.601915482974914795e+01
5.582067338929223865e+01
5.863227454745229039e+01
5.714470419389524380e+01
5.426503584280512626e+01
5.631668709755571456e+01
5.701350170162694297e+01
5.678700247291864400e+01
5.776707611612135196e+01
6.036028569786549269e+01
5.799501183723089071e+01
5.770566807797813880e+01
6.110479132328237029e+01
5.824562720150816375e+01
6.137056648831310213e+01
5.348167391995789188e+01
5.811850547154447355e+01
6.065339535703803620e+01
5.730655201220116624e+01
5.779823966559519022e+01
6.093282522669332479e+01
5.977302516554082246e+01
6.116723609125889283e+01
5.667021821484212296e+01
6.008482015511759045e+01
5.946480796351404763e+01
5.748287164117913051e+01
5.944647695437426194e+01
6.129517992189181541e+01
6.258647441898273911e+01
5.518413357110208750e+01
5.914066119272199984e+01
6.104206053106710783e+01
6.223711692159334063e+01
5.780478085264751087e+01
5.863103527892997846e+01
6.048219182234085167e+01
6.187797937516672420e+01
5.582934239742850480e+01
5.876659214046613755e+01
5.993933705870931306e+01
6.154890706458232330e+01
5.633204972550349510e+01
5.791341989872421436e+01
5.897607173267243041e+01
6.043619420424379030e+01
5.902885267175491180e+01
6.128156748561112721e+01
6.186828723258570761e+01
5.933080745452496529e+01
6.041921423818985915e+01
6.226130640067245281e+01
6.253639334931878579e+01
5.763417965458216230e+01
5.894422803871057681e+01
6.096322283915290541e+01
6.102277258936913995e+01
6.127418975508195587e+01
5.854481379537468655e+01
6.142999178909000335e+01
6.073815905050910402e+01
5.846322862112901220e+01
5.841760653290837979e+01
6.099857883294533423e+01
6.046051280395791139e+01
6.194558566610706407e+01
5.630560930429086852e+01
5.959818071204160361e+01
5.969585554397720983e+01
6.140439763758366354e+01
5.459740372108670670e+01
5.787420191862409524e+01
6.055383033185182740e+01
5.799363397123442354e+01
6.029154187826913613e+01
6.291681963882832207e+01
5.971650575665177030e+01
5.913685379322253510e+01
5.671245096841361288e+01
5.986375445398451234e+01
6.204932390846936840e+01
5.587194902720985823e+01
5.897574714480846580e+01
6.128105634806215107e+01
5.909869929125123633e+01
5.906307443160257264e+01
6.211328849311760081e+01
5.866769859692728772e+01
6.177609999481531133e+01
5.499182855834478545e+01
5.836341622818216024e+01
5.954247293902926685e+01
6.125285119134614575e+01
5.522202179539947764e+01
5.799270260776211927e+01
5.972166773275659324e+01
6.046109913935816849e+01
5.594665978904755121e+01
5.766147554625180049e+01
5.862636439898459884e+01
5.998488994961002163e+01
5.426962045421380054e+01
5.677437733164072142e+01
5.820972580476897917e+01
5.916250908431493372e+01
6.026455513825330712e+01
6.088988152245006802e+01
6.060090016968742077e+01
5.631615674769530244e+01
5.794811661890783938e+01
5.867385496339030482e+01
6.006714092019041118e+01
5.466451842525385985e+01
5.656253239502008512e+01
5.677507808044488513e+01
5.878301278408694230e+01
5.806371798011002738e+01
6.049878277570901020e+01
5.983208535042879817e+01
5.579510323525294524e+01
5.640665374928481413e+01
5.890313850731652678e+01
5.796701304812700783e+01
5.990431643348925661e+01
5.491697652254457296e+01
5.755217044956902583e+01
5.648440536743267160e+01
5.903691073096845088e+01
5.485665118466886980e+01
5.739743166274488573e+01
5.796203511453181534e+01
5.687536899859802020e+01
5.975904898300904478e+01
6.147378475668753595e+01
5.490379422085307226e+01
5.799400055988158442e+01
6.039969366080587321e+01
5.752942721624273759e+01
5.875554788831033193e+01
5.568586031024368310e+01
5.843971420794198224e+01
5.906995060408208786e+01
5.602692829204106317e+01
5.522381882458776658e+01
5.822091403825606193e+01
5.669617257841645142e+01
5.866134037645984023e+01
6.101151087702033493e+01
5.585305408910942049e+01
5.927544949649554695e+01
5.111529946659188539e+01
5.571166414345188400e+01
5.686145576166346416e+01
5.847178739265758907e+01
5.162194016804787111e+01
5.546523927158139600e+01
5.715841335409620427e+01
5.772104503873499226e+01
5.314837560881293399e+01
5.501322231619055003e+01
5.572587145109061879e+01
5.702936370291511992e+01
5.213561284442553045e+01
5.461714589613522008e+01
5.566232708388335482e+01
5.696498943175095775e+01
5.798573888213564231e+01
5.909277587555555300e+01
5.387076314345548411e+01
5.534642274713877441e+01
5.644599662384401739e+01
5.709154849833813472e+01
5.779158488778652014e+01
5.252236775535457269e+01
5.480433359510830371e+01
5.520067659164764962e+01
5.692091137801160272e+01
5.521922211096558897e+01
5.743940435547413159e+01
5.714063294525949033e+01
5.451452082685666767e+01
5.487544201509597031e+01
5.714187120079925819e+01
5.643673715694154680e+01
5.363544040229834309e+01
5.354468979690453523e+01
5.600185397284592881e+01
5.543660327680875355e+01
5.506816229154988918e+01
5.636817296961769586e+01
5.622780947383850503e+01
5.824795797426590838e+01
5.030562695015029107e+01
5.456170454305033246e+01
5.691590722188968954e+01
5.444331812877268106e+01
5.678559759717489186e+01
5.932880030212090361e+01
5.576775433616769817e+01
5.633606573964836883e+01
5.377712309765062315e+01
5.671051376805973376e+01
5.609284431052205377e+01
5.354298253584342859e+01
5.412578425839168261e+01
5.713890045812509300e+01
5.486523248642789952e+01
5.492232138643325356e+01
5.813990220294770239e+01
5.500044517445911652e+01
5.807613661459251375e+01
4.919493846662500403e+01
5.376321195623769711e+01
5.580475257395999478e+01
5.752490197139473338e+01
5.004687831736104897e+01
5.429134034740881987e+01
5.608429282716278408e+01
5.670587321973371076e+01
5.206203998707081126e+01
5.409844258922853300e+01
5.487522882246926059e+01
5.625580571273923880e+01
5.127484851855951575e+01
5.401493820896507003e+01
5.515583389090951272e+01
5.655533487547944560e+01
5.765026356615132386e+01
5.846920373523025916e+01
5.568499406105072325e+01
5.709709877061479943e+01
5.777158081574108905e+01
5.938568345538446636e+01
5.356842467369262550e+01
5.592045525502387449e+01
5.623463249890201610e+01
5.819105731525034741e+01
5.686549486628560857e+01
5.937547240562634698e+01
5.907506717742991498e+01
5.547531884942882385e+01
5.606682031864279736e+01
5.853852385038964456e+01
5.778089210491488359e+01
5.904083490964269032e+01
5.564454846975171165e+01
5.862995718857429495e+01
5.738874111014512636e+01
5.795494817779018604e+01
5.632021692330087603e+01
5.925300998823944809e+01
5.992865637251650668e+01
5.281717538144888380e+01
5.737667839547550130e+01
5.982591393017371217e+01
5.744045405160325402e+01
5.870672734132905646e+01
6.152461993998969092e+01
5.849394517206665967e+01
5.890833203403953888e+01
5.640424419895834518e+01
5.956486153693820995e+01
5.995803782443904595e+01
5.692897791037039212e+01
5.618535604415848894e+01
5.949513775057156550e+01
5.832313489094273962e+01
6.014521226213386029e+01
5.381075070735609955e+01
5.803136752865311365e+01
6.011993586710011783e+01
5.282073858340949357e+01
5.658792127626836077e+01
5.864222539556760694e+01
6.086432615291560921e+01
5.298995407395933199e+01
5.687345961437470976e+01
5.872365504023461114e+01
6.012504081914448761e+01
5.506522724113262512e+01
5.656172910494958472e+01
5.825267614835611596e+01
5.949101546367641191e+01
6.065961440134807958e+01
6.185135917991230059e+01
5.873158751304245584e+01
6.070693708525221410e+01
6.165123880874100593e+01
6.309656611534833814e+01
5.754623008535085660e+01
5.936669024752808355e+01
6.002879628562572378e+01
6.160856802319751324e+01
5.997916239771154778e+01
6.231819713519226411e+01
6.261937958920643865e+01
5.911197145255366792e+01
6.026004086658824832e+01
6.223783721536199209e+01
6.233797871580981820e+01
5.832280653801101522e+01
5.913463318198392216e+01
6.139569717423038497e+01
6.067321620101628099e+01
6.044636891586687000e+01
5.959401976415777114e+01
6.218726247278264907e+01
6.111572405614768400e+01
5.814040622245967427e+01
6.007360297056953868e+01
6.063428069188257297e+01
6.028094553365876607e+01
6.173429253760946267e+01
6.418874242496525540e+01
6.146235143591298566e+01
6.049016507501312390e+01
5.850331948980587526e+01
6.166634175428288245e+01
6.368426694105298225e+01
5.727736518697156498e+01
6.084911020491944811e+01
6.323829250956760717e+01
5.985880694939979918e+01
5.982615319195316772e+01
5.697088730149321378e+01
5.999220289348914292e+01
6.159040409057777765e+01
5.626540341050505845e+01
5.996805655439219152e+01
6.212420417562893959e+01
5.877696287085241522e+01
6.146868312743897889e+01
6.336226030015928501e+01
5.803213969891700685e+01
6.112730920651085853e+01
5.746932265439892262e+01
5.915906468996189460e+01
5.960239581381345175e+01
6.121679992603966269e+01
6.261385051704026239e+01
6.341644852799856125e+01
5.872236236815265187e+01
6.059499444063862228e+01
6.138862893329196169e+01
6.251045252806814290e+01
5.843880531783854337e+01
6.004301289166176758e+01
6.112259840287521939e+01
6.181288654878780164e+01
5.874241387622801369e+01
6.090794115839274525e+01
6.134017260808431615e+01
6.182295605616860001e+01
5.706295440064550206e+01
5.817975771689994957e+01
6.007798855814817074e+01
5.997534988474852469e+01
5.899844078213405396e+01
6.118156559149799989e+01
6.082873980337173236e+01
5.710098098656726506e+01
5.758725909934415199e+01
6.014111037898897649e+01
5.914789041211468401e+01
6.096888544074311511e+01
6.161466688898402566e+01
6.132845115762687271e+01
5.957642065139902599e+01
5.869612667986795174e+01
6.128483764454029625e+01
6.150890866394394152e+01
5.619614054346089205e+01
5.919567765846647944e+01
6.144501357285667353e+01
5.900979933014207290e+01
5.953079349605362580e+01
6.228098369239386756e+01
5.943593887361841155e+01
6.109543925593894897e+01
5.649129797230381911e+01
5.956694136067083178e+01
6.173818611063855144e+01
5.566641775707196160e+01
5.899143252082637190e+01
6.115541333489959896e+01
5.919875383815331560e+01
5.992351850785535561e+01
6.250852449728923688e+01
5.850369525818053518e+01
6.035262941402857706e+01
5.502491762117170992e+01
5.818516396156170600e+01
5.806632982035402080e+01
5.971781101133373681e+01
5.504102726550207336e+01
5.734921037489073115e+01
5.778733569463201292e+01
5.929727733917839316e+01
5.399014942791895777e+01
5.626992554014906744e+01
5.693063216338751431e+01
5.819438040327815997e+01
5.362901625729684696e+01
5.591095125955753531e+01
5.693180048863616349e+01
5.765117865161906963e+01
5.877509174412782755e+01
5.985633890392561796e+01
5.649981503971749675e+01
5.792195246771745332e+01
5.918985313381131874e+01
5.964209315619603302e+01
5.469136329132733465e+01
5.707686911199768076e+01
5.748950824605048382e+01
5.915147414864010500e+01
5.673610132791952054e+01
5.894590183291683871e+01
5.866591172661202336e+01
5.788776430253204808e+01
5.644907616930922956e+01
5.875908400428927081e+01
5.804287260167118490e+01
5.585418006898208176e+01
5.673247401942992951e+01
5.898061614619303583e+01
5.763331076589378910e+01
5.697589960660354080e+01
5.788403438841594095e+01
5.910758874867170221e+01
5.747916030164566337e+01
5.518232003785698936e+01
5.851139442560700843e+01
5.614900350228639780e+01
5.908738197370746548e+01
6.145067601995823026e+01
5.850520737387545012e+01
5.849762129222627038e+01
5.612713304491732913e+01
5.901674203935001373e+01
5.973090397066450663e+01
5.645539163821709394e+01
5.555105507321492553e+01
5.871832902117536435e+01
5.754655096188490404e+01
5.927920646040625030e+01
5.121772123649311226e+01
5.672366976036595787e+01
5.877229900685871655e+01
5.367045951562926120e+01
5.650728002267560157e+01
5.754133481170586606e+01
5.886544080068600238e+01
5.423429195830166805e+01
5.634264642617640106e+01
5.770124661950738698e+01
5.775822089143513693e+01
5.932338081382955153e+01
6.062611882401160557e+01
5.645039303019328969e+01
5.879900859736063978e+01
6.031599645453766101e+01
6.018902477165882914e+01
5.473974348073740970e+01
5.749047772432177794e+01
5.831999915984344085e+01
5.965419078710589673e+01
5.498537355970646701e+01
5.642856603575938834e+01
5.763113544335025296e+01
5.826659529510365587e+01
5.861707425649142778e+01
6.044263325799551012e+01
6.056147611615399029e+01
5.734290176757027524e+01
5.806965563154791710e+01
6.017913418265737846e+01
5.982324743239267661e+01
5.615707992148724514e+01
5.665400864615574505e+01
5.907084843410147812e+01
5.827276736630907550e+01
5.975061729376424324e+01
5.883701353517822241e+01
6.156616387004149971e+01
5.847901838415417330e+01
5.859606830743744865e+01
5.947084811586359621e+01
6.073137681000054755e+01
5.852419851468945211e+01
5.637197004477143025e+01
5.981002034910518717e+01
5.732525111313983501e+01
6.035354436069548711e+01
6.300073307370345077e+01
5.991558175165763345e+01
5.999712949426995579e+01
5.752381549306061004e+01
6.065767637239141408e+01
6.163469167313049013e+01
5.760415257027539582e+01
5.863327228951523296e+01
6.150169048236654135e+01
5.891474616022233590e+01
5.905766712838850907e+01
6.230599380434950518e+01
5.895664606507406091e+01
6.206230944883738232e+01
5.360054716710947531e+01
5.855811492066630564e+01
5.974590224576520114e+01
6.150949702863009350e+01
5.451422518268964268e+01
5.821195361559951920e+01
5.997144253104020351e+01
6.077185084418198358e+01
6.237324372404117412e+01
6.353928226099639431e+01
5.765642426906116924e+01
6.032569219118902026e+01
6.139636341980415324e+01
6.247141668074417709e+01
5.882494760626180863e+01
6.062185581172704474e+01
6.177080044657286351e+01
6.243250038590311135e+01
5.754565258251868443e+01
5.952603638459624591e+01
6.060792941699104830e+01
6.098812144119565204e+01
5.965204404819425577e+01
6.034156720092752124e+01
6.213598397705532506e+01
6.195139771699479780e+01
5.659591279946835840e+01
5.926703957937375833e+01
5.906872169176946841e+01
6.105859940108224748e+01
6.158187455231992402e+01
6.316321147482062059e+01
5.926256706321709089e+01
6.207850310750927747e+01
6.406949233027201274e+01
6.191106740998096569e+01
5.941869553949700844e+01
6.041581366921701601e+01
6.300998805203962405e+01
6.094591256273177038e+01
6.210207385610713970e+01
6.315763105089758511e+01
6.176528814017561331e+01
6.151833431501864169e+01
5.936511152454303186e+01
6.250370771233494338e+01
6.400445032386242872e+01
5.722826097065520656e+01
6.065591695984969789e+01
6.304422522880242497e+01
5.989146747558464057e+01
6.090073910608373353e+01
6.360436182222623813e+01
6.225058697648979944e+01
6.259409098043418851e+01
5.910148859260976906e+01
6.191711967351451307e+01
6.124025042432159438e+01
5.979910823476644310e+01
6.285262652442935405e+01
6.346344215969249092e+01
5.956910796957033227e+01
6.016817909514593765e+01
6.199315335337375643e+01
6.364405271881345527e+01
5.890175321105395767e+01
6.102098434911314229e+01
6.221655374989426690e+01
6.313961877352525676e+01
5.758413266677732167e+01
5.983331198902017434e+01
6.094742835762414757e+01
6.203426878072535544e+01
5.820590264517956314e+01
5.974573734682876136e+01
6.087716090584481776e+01
6.144034149608372530e+01
5.808393181232592895e+01
6.009183470817635708e+01
6.034282726884502779e+01
6.171221069035716766e+01
6.203207180547300936e+01
6.401140591957751269e+01
5.886282650555250484e+01
6.006022539643723945e+01
6.219630586656712978e+01
6.151032355625751080e+01
5.846659579968841314e+01
5.850787596974068094e+01
6.105896629953029020e+01
6.001095288718654785e+01
6.153292738091186465e+01
6.215675516628115105e+01
6.189171277524612691e+01
6.022514051020482384e+01
5.928371324198757009e+01
6.184452891763024240e+01
6.213967145726366681e+01
5.656857919659410072e+01
6.011018743340683557e+01
6.227883080364535573e+01
5.970659549340143002e+01
6.034933886874132725e+01
6.297992507098777537e+01
6.004043819791282033e+01
6.149138900492111759e+01
5.776910791529765987e+01
6.051734536311915491e+01
6.223033326815374977e+01
5.558975498321005659e+01
5.910856657509275180e+01
6.126542304679216500e+01
5.857222241706705290e+01
5.864402574273313462e+01
6.155990764570735507e+01
5.850513308380271837e+01
6.109848163170379820e+01
6.260588509914955324e+01
6.104238691796333427e+01
5.858328595016934770e+01
6.027062481629163671e+01
6.155994610055333993e+01
6.234635708345456351e+01
5.765425297595004395e+01
5.864514983956719618e+01
6.011241672784084500e+01
6.137064263576300505e+01
5.592948115884085780e+01
5.867637367339904841e+01
5.927664696054115012e+01
6.048706528636343194e+01
5.488256377628955818e+01
5.681658949653684942e+01
5.764064999576395820e+01
5.876885189688397304e+01
5.986601744535723668e+01
6.068864188601239817e+01
5.861306347110191695e+01
5.906661675665507261e+01
6.081815204529232233e+01
6.095361503610941867e+01
5.658404160264286986e+01
5.725361894794713180e+01
5.915240409525499388e+01
5.892764099377370712e+01
6.016944570537364001e+01
6.012033227755414799e+01
6.223879845879514505e+01
5.830828636293047396e+01
6.033276122677432340e+01
6.081251009079301184e+01
6.104820638745079719e+01
5.566277848824907437e+01
5.750647694657647691e+01
5.986883286237809187e+01
5.838138228870983681e+01
5.870015706280440071e+01
6.127812329945160030e+01
5.906580416787765131e+01
6.153349906770827005e+01
5.365350729791092732e+01
5.810596585297020766e+01
6.014952199242668485e+01
5.718619548840699451e+01
5.841142156167076394e+01
6.103633870906298142e+01
5.776613437779936078e+01
5.781835191893092940e+01
6.075340904590670732e+01
5.964563237470397894e+01
6.084207258141815089e+01
5.496286462545925389e+01
5.881059561307241523e+01
6.030989971538236460e+01
5.537815949552572903e+01
5.820114548318790071e+01
5.924296292225728422e+01
6.062881220888613854e+01
5.612843821207185613e+01
5.805185585312708696e+01
5.877184081553412653e+01
5.987171632823208256e+01
5.354748403121340772e+01
5.679239812279042354e+01
5.823896078104591112e+01
5.916963771277715978e+01
6.080943770279431249e+01
6.154978025506402872e+01
5.698421045525383022e+01
5.868837664376905394e+01
5.975957886299131161e+01
6.101667944315079950e+01
5.705422138019428502e+01
5.906636359192894759e+01
5.954576899971527837e+01
6.116824744231177391e+01
5.608039981123557993e+01
5.848066257612419605e+01
5.880755142113288514e+01
6.018157630878732789e+01
6.178990365472936475e+01
6.146363396752741437e+01
6.048295217595070028e+01
6.030524379840768034e+01
6.276967399698239092e+01
6.180876715195062587e+01
5.833134007980026325e+01
5.830622977344292224e+01
6.098978123857706635e+01
5.966204341324770155e+01
6.132585378657353203e+01
5.730497767189631020e+01
6.027801911713392258e+01
6.008551188822822553e+01
6.098494654075876298e+01
6.340256797764624963e+01
6.094643954797284380e+01
6.044132346822301116e+01
5.851382373161739991e+01
6.144639045170056590e+01
6.358086692108245330e+01
5.585457951675041954e+01
6.016926893265061693e+01
6.257585596461551347e+01
5.915037311989608071e+01
6.000378488314409253e+01
6.283636116680639816e+01
6.134283370919869327e+01
6.227849756256972569e+01
5.854467969216882040e+01
6.139985255321028745e+01
6.044881475274436866e+01
5.866065895928910123e+01
6.196851295947684690e+01
6.272266660362396351e+01
5.895023298947600665e+01
5.951588074456974198e+01
6.141905254721210383e+01
6.313680221568737494e+01
5.756542278266275048e+01
6.075335218823332895e+01
6.204755843206631738e+01
6.276618912190133415e+01
5.730796618865136338e+01
5.969325582543472564e+01
6.086569608241036633e+01
6.202606207733125387e+01
5.776084479815378359e+01
5.947139471395552590e+01
6.070243502498763633e+01
6.154259192899720432e+01
6.222501267608198106e+01
6.346243037805498943e+01
5.875472008069132812e+01
6.026136657162676613e+01
6.222474333333877183e+01
6.217331309730797528e+01
6.290033239165039447e+01
6.272071695571388261e+01
6.477633170356618564e+01
6.209288473692257071e+01
6.044500611160113834e+01
6.061932366209407519e+01
6.284443844027472181e+01
6.186014207463394854e+01
5.825963826735873141e+01
5.844008713466091365e+01
6.097853509641661418e+01
5.968610445717065716e+01
6.251227052011096674e+01
6.408505055096860303e+01
6.096765795671430510e+01
6.115143572132834038e+01
6.397316489914670967e+01
6.132166503429228044e+01
6.388036854224734640e+01
5.759898121168102136e+01
6.113535136559109873e+01
6.314522451302025274e+01
5.989124312328495847e+01
6.291257527734592969e+01
6.474114643792619006e+01
5.875288664435190356e+01
6.171859834437746173e+01
6.392612925510702837e+01
6.237846669396738974e+01
6.190584798179728665e+01
6.477812998249343934e+01
6.147429109159731553e+01
6.348884607561693372e+01
5.880252158995877210e+01
6.174104164283208007e+01
6.105620882222115853e+01
6.277504439573032613e+01
5.860649643892963212e+01
6.028802047454951918e+01
6.103364597310974204e+01
6.229080992741937450e+01
6.376995421579785983e+01
6.387818111516305208e+01
5.923750276361599276e+01
6.024474900357081708e+01
6.151764366810294860e+01
6.292842396822242534e+01
5.798910536767385793e+01
5.961598539819326703e+01
6.051898937866762651e+01
6.147729582842443108e+01
5.719441442631183037e+01
5.929017051132229454e+01
6.035304381253514094e+01
6.083234274336675185e+01
6.024213560810295576e+01
6.212445424955839002e+01
6.198311273880407413e+01
5.957663452903742041e+01
6.002708307493089279e+01
6.218935733799935406e+01
6.134501879415264369e+01
6.389580294849904618e+01
6.264806061979289353e+01
5.962297031069484632e+01
5.955687204755952990e+01
6.218352187197431391e+01
6.078008403003889981e+01
6.275109168820453220e+01
5.736334510817617627e+01
6.035273955429813952e+01
6.093844601359545976e+01
5.973724951366327929e+01
6.237720437609537782e+01
6.461895317874784439e+01
5.849188916133217475e+01
6.141739233598281800e+01
6.368432984318092593e+01
6.070664205765154264e+01
6.096718504626507240e+01
5.830241402082246793e+01
6.110395733107916527e+01
6.206469642704229273e+01
5.794038324121537897e+01
6.066451053656635395e+01
6.206409938460178921e+01
5.688190968071586440e+01
6.089692881260967994e+01
6.276847994707344469e+01
5.695932887981012982e+01
6.119748483818942475e+01
6.301970281537426644e+01
5.956298109769159055e+01
6.205108100843211361e+01
5.508647422304587593e+01
5.845209799078603652e+01
6.006682471015907510e+01
6.065535994135053954e+01
5.599634565912874251e+01
5.758366757011798853e+01
5.852124726768962404e+01
6.001097448208050622e+01
6.042249040071572352e+01
6.182330141081084207e+01
5.677231775810729886e+01
5.797692972716823334e+01
5.902783480883253731e+01
6.014770714998690693e+01
5.922240607211836760e+01
6.083983248760562645e+01
6.150429957718097285e+01
5.631061094547848001e+01
5.746654229689816873e+01
5.888669856576294137e+01
5.914043833199234257e+01
5.926041725495679913e+01
5.918261356783344240e+01
6.119560304002868634e+01
6.060224951456408604e+01
5.543786178224930694e+01
5.820317605714473075e+01
5.750613890850502230e+01
5.969618159680670288e+01
5.792770807297862490e+01
6.052820657414317651e+01
5.921980172093035577e+01
5.680825816026816000e+01
5.938062606748623296e+01
5.740478986737234379e+01
6.025734185232327178e+01
5.676682637232296003e+01
5.959184047153067354e+01
6.146331656506653474e+01
5.464048219902016257e+01
5.870467035861135940e+01
6.101642841876963530e+01
5.806213287552959201e+01
5.863627000081236673e+01
6.144373929652875432e+01
5.834234952587722489e+01
5.944590590302235711e+01
5.625333586444992306e+01
5.897545406304061544e+01
5.789249861276858411e+01
5.741628480649529109e+01
6.021810411376600314e+01
6.143338386049419597e+01
5.582057415651765808e+01
5.891294475127997998e+01
5.999349768829406315e+01
6.081504144398944334e+01
5.670450595032216512e+01
5.721299814269184481e+01
5.903916842001495269e+01
6.065080652330243538e+01
5.397351289535290420e+01
5.736662159366136393e+01
5.872323916763286178e+01
5.960199900770920323e+01
5.476608169187135644e+01
5.678962737387156068e+01
5.757130581779355794e+01
5.885825040595302937e+01
5.972445085208860149e+01
6.096194721009936757e+01
5.672257269293795900e+01
5.809509863111757255e+01
5.929925929265878892e+01
5.988920934896261628e+01
5.996704074498553183e+01
6.176502206391722893e+01
6.184904742503771757e+01
5.835366140133987756e+01
5.904195725786193805e+01
6.109609009753944520e+01
6.072340132699529391e+01
5.741791699234465796e+01
5.783291739017805355e+01
6.021366112994053310e+01
5.936559530860136391e+01
6.032212317929441525e+01
5.936597622561479426e+01
6.206445857943352706e+01
5.975078277570155194e+01
5.733323214800714140e+01
5.897083610971539258e+01
5.928335418399193912e+01
5.945237393045372443e+01
6.224687248505127712e+01
6.127833408435709828e+01
6.154170776611439919e+01
5.927264672165335924e+01
6.220983960838774607e+01
6.309028163567253955e+01
5.799863833823129511e+01
6.133706996622466789e+01
6.361881199283311616e+01
5.745111477712484316e+01
6.142852231637939298e+01
6.363212636117826548e+01
6.039745930592433609e+01
6.341295221194060616e+01
6.528683746267843446e+01
5.821437929876393014e+01
6.304917617120624840e+01
5.652419619387027439e+01
6.024353121176261538e+01
6.130956549708536585e+01
6.276142512364558712e+01
6.415844842700472839e+01
6.525598382793586438e+01
6.076596844491479033e+01
6.150922424227987051e+01
6.316026570728080003e+01
6.448110120828735603e+01
5.855039086292259043e+01
6.106690840323642533e+01
6.222824442604677131e+01
6.341367139721459978e+01
5.902670522071921511e+01
6.067086550725397132e+01
6.198088453160396227e+01
6.291324695525580069e+01
5.896822082124774766e+01
6.117465065709112082e+01
6.146528308861910261e+01
6.299950257949672050e+01
5.806159498815741671e+01
6.018221048510324778e+01
6.053730288652101166e+01
6.182983852180169038e+01
6.333826737738438339e+01
6.306852828606466232e+01
6.362053269536877309e+01
6.366352073967090064e+01
6.584697440961119241e+01
6.201365866151672179e+01
6.412137343711272308e+01
6.339251244247656558e+01
6.572240877113493696e+01
6.012173697354496227e+01
6.300244188624645858e+01
6.478821782673948348e+01
6.240649236725046478e+01
6.117134728058260151e+01
6.419640592826171144e+01
6.157150933083939037e+01
6.459084865239384499e+01
6.035586742397331506e+01
6.323466234684843812e+01
6.497615687071383661e+01
5.985225595989199121e+01
6.263118052648103884e+01
6.491159954089299333e+01
6.113478831702528993e+01
6.131369459338321803e+01
6.416734142284245479e+01
6.281139198972026350e+01
6.465059479317655189e+01
6.673942095614503955e+01
6.124300791108486663e+01
6.474020850734575561e+01
5.863138657588018532e+01
6.174240530949325745e+01
6.350664913863435146e+01
6.071123410199798087e+01
5.989657614083672854e+01
6.201541807771429404e+01
6.360632163754828383e+01
5.861152099163320628e+01
6.075267265790055404e+01
6.172221143748447503e+01
6.294084782303774972e+01
5.905832141417065628e+01
6.107423503526496944e+01
6.212383018528652912e+01
6.314086782549361487e+01
5.684812105896356371e+01
5.939271527851643384e+01
6.067122008258539978e+01
6.147642844176191090e+01
6.220446450472434918e+01
6.358503291602739438e+01
6.214346924895657054e+01
6.442926421561448080e+01
6.433564354481768532e+01
6.131672183543175692e+01
6.315131430349549646e+01
6.283757419328875216e+01
6.502100565354251671e+01
5.963102903380647746e+01
6.048420042918844786e+01
6.279749663351442024e+01
6.165135754343683061e+01
6.163449336848910320e+01
6.122752657586507041e+01
6.356162359161537978e+01
6.182178620866414320e+01
5.855651323358039662e+01
5.964567812054725948e+01
6.197532419427361816e+01
5.985077514270017218e+01
6.123285025267143311e+01
6.335451426614775983e+01
6.072968223651363218e+01
6.017935684264548968e+01
6.306991172488980624e+01
6.016348811779723604e+01
6.294322928173330212e+01
5.635855090536435341e+01
5.947536279840278439e+01
6.171822791826599541e+01
5.822967383447831224e+01
6.105257984815496997e+01
6.237539671706974076e+01
5.760471884929609843e+01
6.135408947935026447e+01
6.313429138419796516e+01
5.728942574575233238e+01
6.148976749267861663e+01
6.331358214133921791e+01
6.006727190141734241e+01
6.240485947543032097e+01
5.522536718515306831e+01
5.866087546952237375e+01
6.029259131615126677e+01
6.114756310627578983e+01
6.241082013456313149e+01
6.361746432742305046e+01
5.862294098671944909e+01
5.950841735057970538e+01
6.107271101804801816e+01
6.189122392531062644e+01
5.727974753324766510e+01
5.840950104868621651e+01
5.952103640217954705e+01
6.061421218038702818e+01
5.801563014868856527e+01
5.989419553217592096e+01
6.064846718445416940e+01
5.824760473092961632e+01
5.968987392420291371e+01
6.119784419162224509e+01
6.123176896533313140e+01
5.660470874717441347e+01
5.725813651148770589e+01
5.915291888872486226e+01
5.887176220292258932e+01
5.917849003574186639e+01
6.098838637761814852e+01
5.988626358378729719e+01
5.876316641212737579e+01
5.885210273654162449e+01
6.119300616990221897e+01
5.974143762837410065e+01
5.702745690931048728e+01
5.837129629442544143e+01
5.906996840694471018e+01
5.783462674457724972e+01
6.066017438885096880e+01
6.291077748214145515e+01
5.785599436355149550e+01
6.108357300897254305e+01
6.350705526865606032e+01
5.960165128629337516e+01
6.107247972649616941e+01
5.593473961122725768e+01
5.946645683147530548e+01
6.158018514944335209e+01
5.396081372265513920e+01
5.850434018297022476e+01
6.069697473088666584e+01
5.825173081791832175e+01
5.865615263024443493e+01
6.147800210425953082e+01
5.873088690528942379e+01
6.011448738817232851e+01
6.235423446660206537e+01
5.983033558050936307e+01
5.867520489921627558e+01
6.010611037159993941e+01
6.164829932831140979e+01
6.193643005756742781e+01
5.753771574714804871e+01
5.939767874096217071e+01
6.025861587434584266e+01
6.122594013699644933e+01
5.619702658222588809e+01
5.805430991913584649e+01
5.924918813365085413e+01
5.985227025055998951e+01
5.663867844851037603e+01
5.838017533647422397e+01
5.955178380723929621e+01
5.910739943521799944e+01
6.017282993145188641e+01
6.151793915512451605e+01
6.138882630492918224e+01
5.570556088054556909e+01
5.799392290088961488e+01
5.830487410378971447e+01
6.006953616951804520e+01
6.018471964778564143e+01
6.225448472668597333e+01
6.124365557338417432e+01
5.689148691009805958e+01
5.751356894708358425e+01
5.987560056094444860e+01
5.899306720583754782e+01
6.157792459946949037e+01
6.103063616220786969e+01
6.325550262335453056e+01
5.649955836952262445e+01
5.992030302895408056e+01
5.962652025801248357e+01
6.200590150092811115e+01
6.432941883408027195e+01
6.188961462584850182e+01
6.327349633220956093e+01
5.928105718690553516e+01
6.244785640777897129e+01
6.443662632858224981e+01
5.677575486267257077e+01
6.104240029104344245e+01
6.343991591746159742e+01
6.001040960594701090e+01
6.115273953277128527e+01
6.387330218552121863e+01
6.223193180558775595e+01
6.281696984728822741e+01
5.929898920263443785e+01
6.213947600224864232e+01
6.123204295729616575e+01
5.930211580605516275e+01
6.261197077779637965e+01
6.346898283949419550e+01
5.961562446658000169e+01
6.013645464181914235e+01
6.202494702542718841e+01
6.373138854758632732e+01
5.832513099751508889e+01
6.146146591244465895e+01
6.254956683662398120e+01
6.353243019897210075e+01
5.774527495782227504e+01
6.018743546982546633e+01
6.133009208048051164e+01
6.250304500404544683e+01
5.818074548647119570e+01
5.978431230501936255e+01
6.107755463074227720e+01
6.201070157343320233e+01
6.262058180369838567e+01
6.380186379678396946e+01
5.937673046677038258e+01
6.059811661085140599e+01
6.252640325788728859e+01
6.245464583266164027e+01
6.317286845659496919e+01
6.298734962548602567e+01
6.502132363020048444e+01
6.230575055225470038e+01
6.072253106486789420e+01
6.085298301853936920e+01
6.305628801217142154e+01
6.204604246935524969e+01
6.458835989571224445e+01
6.433957809439527864e+01
6.229919601049783751e+01
6.131650555511605205e+01
6.417124567464749418e+01
6.372027395422354346e+01
6.126634897749052300e+01
6.460280494354736902e+01
6.198773869036023143e+01
6.496631511544272541e+01
6.010725039762403554e+01
6.291425106013247870e+01
6.506266148455199527e+01
6.138968087606516377e+01
6.122346920341902887e+01
6.420770833114502807e+01
6.082017064230206671e+01
6.368224922071830463e+01
6.584152288927701591e+01
6.160781404088518087e+01
6.528924947636782861e+01
5.855490808309882311e+01
6.164075924319264743e+01
6.370128199636626931e+01
5.951154613707699070e+01
6.239741125748310679e+01
6.175915702603192159e+01
6.427380320756465437e+01
5.879556530033642048e+01
6.097736118140549877e+01
6.210091364567420413e+01
6.318155643786760578e+01
6.415378106661658819e+01
6.534861082566172286e+01
5.988633807592305658e+01
6.208893249934587288e+01
6.315678760767360700e+01
6.425937639072554930e+01
6.003526614710252574e+01
6.138265409522744420e+01
6.248809098368639070e+01
6.334348011257591082e+01
6.010865337737003244e+01
6.206619056082471531e+01
6.238379827081602969e+01
6.362690789888436171e+01
6.442027038280551210e+01
6.493763059794730452e+01
5.947002333113149319e+01
6.131696379290625742e+01
6.165331799265675983e+01
6.328417794084566594e+01
6.240795880269541840e+01
6.499923172692729167e+01
6.366802096755228035e+01
6.019784420507427569e+01
6.012090439322040680e+01
6.273695230979887327e+01
6.130821547246991798e+01
6.333852930368556144e+01
5.793724241276311915e+01
6.089014633840557167e+01
6.135483245021425347e+01
6.059962703509457072e+01
6.297350640909970565e+01
6.504483233740361925e+01
5.887181926441894575e+01
6.175206276810775563e+01
6.400437739331407272e+01
6.102211943398747707e+01
6.154635832837195863e+01
6.422122520464706952e+01
6.099100399133242689e+01
6.255199182853081652e+01
5.868265669100164672e+01
6.129714488349159041e+01
6.191285241804167327e+01
5.886763943797958376e+01
6.176832839695294552e+01
6.081028099255923536e+01
6.222884938349454131e+01
5.856724775250906134e+01
6.091446772016480793e+01
6.017148449773638674e+01
6.157055239753598386e+01
5.702542273900267134e+01
5.939682357871770080e+01
5.920387107020735584e+01
6.063042139132787156e+01
6.199704341650696904e+01
6.295129220250049684e+01
5.814036926725020749e+01
5.926016421075751595e+01
6.066193238148519384e+01
6.132160472679326801e+01
5.767817133644823002e+01
5.918705069037600452e+01
6.008509848647452145e+01
6.113571850383057438e+01
5.591730836574936347e+01
5.744815933874750868e+01
5.814625354071130658e+01
5.934116089327031318e+01
5.970218816456775102e+01
6.130899688770451661e+01
6.119967690838198848e+01
5.592001452184962318e+01
5.740166524004560955e+01
5.889956471745568933e+01
5.847256811198234772e+01
6.060243425707196963e+01
5.990389801197164132e+01
6.191641285620631407e+01
5.619835593963854592e+01
5.906548094176964980e+01
5.803840791074749461e+01
6.050770551921441864e+01
5.711288191790505664e+01
5.968099384686719588e+01
5.993269430010930421e+01
5.842316772144634740e+01
6.114423676854365652e+01
6.123823806350754495e+01
5.681086886704673589e+01
6.092753462554517796e+01
6.147647216373387380e+01
5.955531184697038327e+01
5.835050223957524196e+01
6.159003608683273256e+01
5.834361342403241224e+01
6.124210576399265449e+01
5.266971166207549260e+01
5.787042107468911922e+01
6.007075038858525318e+01
5.685666860863234717e+01
5.988213835418616071e+01
5.927800579288134486e+01
6.057822685399273155e+01
5.585780273141816110e+01
5.912760982861064463e+01
5.846241076460701436e+01
6.008577992413820823e+01
6.175335952182393839e+01
6.304421171645839195e+01
5.616548338635566040e+01
5.966423690558280413e+01
6.095838159481324681e+01
6.194431710403554803e+01
5.691527984204071089e+01
5.845044102606056668e+01
5.992150757574056286e+01
6.062817710649773062e+01
5.700126222158549893e+01
5.885674723224887828e+01
5.986062405122257246e+01
6.070499660968342681e+01
5.551496517228868299e+01
5.747801329255062086e+01
5.824511561882463440e+01
5.959805500950056967e+01
5.995430256748001341e+01
6.161064133025409006e+01
5.964107739569419664e+01
6.011112828201317626e+01
5.998515123496520118e+01
6.206975437561033004e+01
5.817875185473862132e+01
6.101719127251509889e+01
6.042042933416907147e+01
6.175111537820920660e+01
5.841249406763825647e+01
6.122255281874039667e+01
6.019858431228407625e+01
5.970161254418182750e+01
6.116971699766612147e+01
6.080558594259097305e+01
6.316573251042875370e+01
5.624473646859205189e+01
6.003826176039790141e+01
6.081892157747022765e+01
5.902237807067027830e+01
6.220667726138420761e+01
6.467373564871400049e+01
5.762616344677831393e+01
6.183659242882994533e+01
6.422328376907894665e+01
6.070020874966721891e+01
6.060950133347182600e+01
6.371183537376118977e+01
6.234351818553046343e+01
6.465644492448947744e+01
5.656384677443985964e+01
6.111919552129958788e+01
6.338918051127909337e+01
5.864762149548695902e+01
6.062117537464408201e+01
6.293081322629879537e+01
6.208988532325415832e+01
5.848046764788353613e+01
6.068049423277290089e+01
6.256480306045146733e+01
6.175954499485312965e+01
5.837569099883170765e+01
6.027998918311766374e+01
6.104878124515782645e+01
6.243037068810951951e+01
6.401118669812299800e+01
6.451696375644030468e+01
6.034033077042096949e+01
6.212256408437829691e+01
6.299930575465822358e+01
6.453626677846401094e+01
5.940403167098350679e+01
6.137980462098664702e+01
6.193028801016839680e+01
6.316841772250825215e+01
5.774458642736857428e+01
6.005697917530242336e+01
6.051223182182738469e+01
6.204585917869353295e+01
6.329442550587078387e+01
6.298871013190980506e+01
6.500260367459968336e+01
5.945131764516651884e+01
6.212552430931679481e+01
6.167945433832019120e+01
6.389842374684115356e+01
6.003082315270886937e+01
6.308547794390344166e+01
6.236840081194708318e+01
6.400084631232337529e+01
6.645249129878241945e+01
6.415362005807294565e+01
6.185315925943918813e+01
6.341153655838015624e+01
6.415940537469707294e+01
6.231021957619795870e+01
6.260151071948715895e+01
6.561555830792785571e+01
6.250958946133432192e+01
6.549540201239976511e+01
5.869301373079217399e+01
6.219826573689557137e+01
6.459826555491191868e+01
6.097270635022393748e+01
6.402790013732136742e+01
6.480507082260561447e+01
6.185657182804130372e+01
6.172927358631131511e+01
6.470278565620220945e+01
6.257613330906882254e+01
6.451847329282853138e+01
6.689238584647618779e+01
6.188270599744322453e+01
6.509253089529921965e+01
5.808752962625424487e+01
6.145604118904885382e+01
6.248909207612283723e+01
6.417781027469754918e+01
6.521272302378645236e+01
6.613716877322333687e+01
6.151564441367487035e+01
6.338714543523357747e+01
6.431335555400924875e+01
6.544576334309067533e+01
6.104540169816750250e+01
6.270957528916757440e+01
6.380524372760994112e+01
6.483861010224407551e+01
5.953041904943219720e+01
6.102883717232639782e+01
6.198806382183605734e+01
6.356583253776001641e+01
6.154692749053911172e+01
6.371965464829109749e+01
6.396692313278140318e+01
6.146678133486952333e+01
6.445854985682555593e+01
6.403539126403387627e+01
6.490298426540637422e+01
5.950080905708426826e+01
6.203114553751901639e+01
6.106669442107411783e+01
6.385079836281965981e+01
6.378003952762254869e+01
6.606655946306857174e+01
6.253257911893378918e+01
6.362522613361674217e+01
6.551224276811424829e+01
6.308715436920274300e+01
6.141295616168767424e+01
6.452665934765249744e+01
6.228122217619111467e+01
6.541227376086995093e+01
5.970788117648876892e+01
6.293154655682399579e+01
6.474591607104314051e+01
6.102880012590371450e+01
6.424465810832930401e+01
6.618065841026850649e+01
5.962863385854679166e+01
6.308618765602487599e+01
6.547552297569052371e+01
6.239041166378375891e+01
6.269927328947242984e+01
6.574839558850401033e+01
6.232015713849557415e+01
6.500564119487296466e+01
5.825794110648641322e+01
6.211719945663192988e+01
6.400697326286103817e+01
5.944873005225293383e+01
6.339686756006553026e+01
6.532801917285941329e+01
5.802413305770562602e+01
6.161608940047479877e+01
6.333758500956855642e+01
6.476839607141822341e+01
6.026549425285644901e+01
6.130737916605828275e+01
6.321503073299295039e+01
6.425034242759876690e+01
5.930957349547723112e+01
6.071771430254775481e+01
6.222657422234559021e+01
6.347109002457388982e+01
5.903028480114736709e+01
6.123004402273559776e+01
6.209650663021299977e+01
6.324098532023467101e+01
6.363060718488075196e+01
6.553505308772849958e+01
6.198478571369517454e+01
6.394610473422866193e+01
6.384545170714101658e+01
6.595736293572231546e+01
5.988722010571236609e+01
6.262449746308379162e+01
6.230632908752037480e+01
6.484678964796935929e+01
6.125732414957671068e+01
6.412790216861563408e+01
6.314283058913021307e+01
6.327658029398477169e+01
6.441809805693907265e+01
6.505413496568620246e+01
6.335237526151582443e+01
6.096874994394582359e+01
6.303157128718192581e+01
6.203249955693231499e+01
6.530129705502260151e+01
6.803940853359462437e+01
6.499279904673377928e+01
6.471533502173824104e+01
6.237444842945642165e+01
6.562846950746758523e+01
6.586794432425347168e+01
6.276899272477594138e+01
6.191643720032817555e+01
6.548461673514367476e+01
6.195148404222761940e+01
6.501997502890208125e+01
6.732359299556881638e+01
6.227951200833406631e+01
6.642722408145610302e+01
6.874642323596589222e+01
6.205836381876603980e+01
6.660352233202503669e+01
5.789525904084714369e+01
6.314739913601660959e+01
6.536362454802359423e+01
6.353735963499909900e+01
6.587057901969673424e+01
6.770612841171173102e+01
6.395988985901788482e+01
6.634275168834201963e+01
6.831023783839418684e+01
6.420951717078156662e+01
6.649121964461532741e+01
6.130964526954645777e+01
6.342780998038143991e+01
6.484494737667881736e+01
6.602936840889054793e+01
6.689071025380518165e+01
6.881911272122445666e+01
6.288048202645099849e+01
6.551085525137342813e+01
6.613194646125566578e+01
6.840063556479324802e+01
6.406700006830750738e+01
6.719329176548791338e+01
6.729735122496050792e+01
6.909348996188803937e+01
6.184216003821308050e+01
6.517044283969526930e+01
6.532183247250618763e+01
6.807119312367522923e+01
6.316274862784059252e+01
6.681738910654944164e+01
6.592229567765815545e+01
6.693225934951543366e+01
6.768755206343421094e+01
7.037664628404115774e+01
6.432850933520909109e+01
6.834652403597229409e+01
7.084975720981671543e+01
6.697295619499125507e+01
6.851346336044471741e+01
7.160463319511099201e+01
6.838476881303532195e+01
6.832326866666851117e+01
7.195956657247904786e+01
6.874908920934338141e+01
7.133313741707183908e+01
6.481269525225368966e+01
6.930440690092791556e+01
7.203232080080337596e+01
6.430029230679600971e+01
6.912691007060777793e+01
7.185536149519847982e+01
6.655151427040934209e+01
7.108498302880538233e+01
7.262562335706518013e+01
7.019372418633004429e+01
7.105867126397343725e+01
6.665194845141550672e+01
7.001747255307596163e+01
7.005156258943728176e+01
6.956235519582183713e+01
7.175689650361519512e+01
7.350984748831039894e+01
6.835534410611523981e+01
7.016403715143111697e+01
7.192964579524121405e+01
7.397488976333200128e+01
6.725712585197756255e+01
7.058953085720473553e+01
7.189563839706575266e+01
7.309659663093604820e+01
6.737636621241964008e+01
7.014176495250515586e+01
7.123199802086342913e+01
7.321112848232104398e+01
7.488247124860441772e+01
7.479535639510660872e+01
6.945796070165084757e+01
7.152172448141550376e+01
7.467149063521969765e+01
7.430784163825457256e+01
6.941368084525821303e+01
7.083411357228547445e+01
7.426337564909034938e+01
7.340355894014712135e+01
7.024894252454247123e+01
7.105746522466795057e+01
7.423743184772855841e+01
7.331364221839079676e+01
6.966942755391582409e+01
7.086650062508893200e+01
7.420632814412894618e+01
7.232669270937552142e+01
7.605069050165849376e+01
7.766900905678437539e+01
7.008839961873826496e+01
7.435455406297076308e+01
7.751319839772779119e+01
7.405280116245620547e+01
7.330894247816510756e+01
7.633930413693252603e+01
7.287840947286018434e+01
7.654524169442893822e+01
7.073606302175204519e+01
7.470226475495043417e+01
7.770857713485658280e+01
7.077265078393025988e+01
7.487320810901846357e+01
7.788323444025488129e+01
7.228837205601726623e+01
7.608594859222432660e+01
7.811069916932257229e+01
7.530186086117249999e+01
7.810979359053378346e+01
7.965140466020858412e+01
7.503048606252747277e+01
7.690577874403443559e+01
7.213091313477181643e+01
7.572570227786604846e+01
7.649664621601517922e+01
7.734969277128962517e+01
7.928077698392068839e+01
8.077131943685357385e+01
7.480020250352563949e+01
7.746421988059888974e+01
7.883094641050708162e+01
8.043649186934419504e+01
7.428776932550887580e+01
7.712848516962496603e+01
7.895027231911556953e+01
7.811619625828947733e+01
7.383863416295852744e+01
7.616211505092174150e+01
7.911794897740622901e+01
7.881474031359449839e+01
7.321276010852835725e+01
7.654141432761969099e+01
7.672529419929969663e+01
7.980657844154141856e+01
7.966536209936970181e+01
8.147742674586986311e+01
7.663154720896702088e+01
8.010682531175491761e+01
8.063558084802218673e+01
7.873481294155638466e+01
7.862990115943487979e+01
8.264562969080802191e+01
7.845812556961861617e+01
8.124802287554436475e+01
7.603456673969472490e+01
8.043776747631460466e+01
7.951085422297109062e+01
7.804326708399233326e+01
7.940146511898308290e+01
8.302391654085097628e+01
7.958889100835442321e+01
7.857241677608061536e+01
7.953312235442011513e+01
8.315046453685550887e+01
7.872421893762296463e+01
8.303327426396867850e+01
8.309912119937425246e+01
7.945836495930046794e+01
8.063295966809657500e+01
8.460386174029379447e+01
8.000105977586964912e+01
8.165464978793066564e+01
8.545997824896744532e+01
8.052505366205141968e+01
8.232423969248793583e+01
7.779623412251676484e+01
8.176126920009730270e+01
8.254591778437172422e+01
7.930331368416437954e+01
8.319106986911511115e+01
8.452991878289257954e+01
8.000255722484976673e+01
8.344165587163966791e+01
8.581524856453349059e+01
7.967014114263918145e+01
8.390571965725548864e+01
8.582837841697036652e+01
8.676795310423361229e+01
8.109314786724785051e+01
8.433612390189335883e+01
8.559668461515182969e+01
8.723427296434623202e+01
8.017427011406230974e+01
8.369844457938616245e+01
8.502868008583978110e+01
8.756466629023974235e+01
7.993456132768491784e+01
8.469355294155397473e+01
8.518291530164883341e+01
8.607046085115345591e+01
8.048650777603262441e+01
8.473660499132304835e+01
8.457784516868851199e+01
8.545571043887467511e+01
8.536315013486047576e+01
8.905467013186223824e+01
8.243049251763727625e+01
8.694948096139935956e+01
8.850698380387247255e+01
8.660684755402670021e+01
8.650163884643508538e+01
8.784365292280473625e+01
9.138241792269822383e+01
8.399812821229271265e+01
8.774932115003110766e+01
9.152929396899601500e+01
8.750602150872164486e+01
8.884699238166872703e+01
9.122588310345739160e+01
8.705042678407576773e+01
9.118544451082331648e+01
8.358048192503581220e+01
8.862164583704235099e+01
9.238498413916724417e+01
8.497776940063712914e+01
9.003027953947129447e+01
9.367202887032067338e+01
8.649501735071150677e+01
9.152573258381627852e+01
9.494996601029855299e+01
8.683383101550924721e+01
9.237576071366882502e+01
9.574088976219736935e+01
8.796427621361026183e+01
9.356533947794316930e+01
8.661649478510342703e+01
9.148323889699544509e+01
9.370853290110927958e+01
8.790874658313282453e+01
9.169305772213419914e+01
9.412472080090640247e+01
9.075014658576975535e+01
9.437344510132925279e+01
9.708910902516386443e+01
8.974509612234277256e+01
9.425988190288471458e+01
9.734522249789948489e+01
9.656077550983786750e+01
9.159995330995822371e+01
9.552554346132711771e+01
9.709892177755956766e+01
9.146538601534135182e+01
9.513493468809764408e+01
9.918572787777621613e+01
9.888591336300693513e+01
9.259207112904194048e+01
9.501888061106947703e+01
9.981684243432380299e+01
9.564673921965965064e+01
9.960159734868425119e+01
9.232790361227813491e+01
9.691898497247167654e+01
9.684716344935918642e+01
9.788965357671261813e+01
9.717136985672948413e+01
1.020338827242990618e+02
9.474052903318803942e+01
9.884333676101006461e+01
1.022721697337741205e+02
9.835145159050300379e+01
9.901932557846534166e+01
1.018194489467870483e+02
9.956851265123245298e+01
1.019882327276059186e+02
9.853676983944343704e+01
1.034313022842916467e+02
9.696028632728817342e+01
1.025509946997612047e+02
1.067122374797015283e+02
1.005083789736821416e+02
1.049467507997630094e+02
9.781582304419771390e+01
1.030259242781808950e+02
1.060448394283368998e+02
9.843806282712019140e+01
1.036145782429093458e+02
1.073143979679910274e+02
1.009505725317780644e+02
1.056176610663161739e+02
1.087402929503496267e+02
1.028876942662443383e+02
1.068768258540530383e+02
1.098399630396958315e+02
1.039097327496243253e+02
1.076935308975754708e+02
1.017571414430745165e+02
1.056179571268602473e+02
1.084078208631857052e+02
1.018547220022817754e+02
1.064604056287756464e+02
1.098061626694170769e+02
1.038913065180904027e+02
1.085592156082400521e+02
1.103795225639523920e+02
1.064476111767164923e+02
1.101266599685863383e+02
1.042129929324194535e+02
1.078759711646424932e+02
1.108450186251760101e+02
1.036336753989808130e+02
1.089583088460540807e+02
1.102291628861030546e+02
1.085553339334337721e+02
1.100146741022524708e+02
1.147419827956441338e+02
1.090762651834267132e+02
1.151862802446501632e+02
1.144876488436126749e+02
1.127480120446700909e+02
1.127927332720207261e+02
1.082405982448460833e+02
1.137801254142791123e+02
1.131288675609023215e+02
1.129452040561012325e+02
1.155365167462890241e+02
1.149858712807061920e+02
1.145422820793338445e+02
1.131346323542785086e+02
1.187379159919650959e+02
1.120613929634443195e+02
1.174388382396442125e+02
1.220285734564011761e+02
1.151673206559368339e+02
1.189955795317882092e+02
1.122894333386387586e+02
1.175444060248244966e+02
1.204979473570795818e+02
1.137513099288410103e+02
1.184604051299654088e+02
1.225396389431942055e+02
1.163838515719704674e+02
1.205348637085235737e+02
1.243851755898421914e+02
1.180557798222911572e+02
1.221623185567228518e+02
1.157565069640511695e+02
1.211625282578918075e+02
1.235261926435137525e+02
1.168322671290366230e+02
1.219433254305968717e+02
1.245243375836544999e+02
1.177897539208298809e+02
1.232426193993756556e+02
1.260282338602252992e+02
1.200172809061464392e+02
1.244378804500167917e+02
1.283954560985891646e+02
1.206665612919618837e+02
1.269140362730332328e+02
1.286756271298499712e+02
1.249417609542707339e+02
1.281060546125968642e+02
1.230681077697591661e+02
1.261592883356613157e+02
1.306659734417748666e+02
1.228266820297073991e+02
1.285064141155615118e+02
1.296597483007348330e+02
1.267065085676232030e+02
1.285077258164557463e+02
1.335875622851819173e+02
1.264888453849074779e+02
1.336442562072634246e+02
1.251988737989900926e+02
1.322593912948762807e+02
1.319207211627738729e+02
1.297223907763130626e+02
1.308818349873918407e+02
1.364724782299948060e+02
1.282841309056442185e+02
1.352551789127803659e+02
1.348107864693804743e+02
1.339363384781643163e+02
1.333153268066751309e+02
1.383573197485455921e+02
1.347378737129612603e+02
1.391072697123472608e+02
1.321660838191348830e+02
1.375605800554918119e+02
1.383672281453627591e+02
1.352530794419004394e+02
1.413491433294967123e+02
1.379907739974695744e+02
1.398176392280497566e+02
1.367730309004482194e+02
1.422036772303847840e+02
1.388376538031983216e+02
1.410253097182801696e+02
1.452183305277667671e+02
1.402394379951564929e+02
1.447865029765208362e+02
1.385639056308033048e+02
1.434004116470247254e+02
1.470710589315845880e+02
1.405891988619719370e+02
1.455824274937028520e+02
1.493423647938345482e+02
1.441430850040397047e+02
1.470585416769908988e+02
1.506368782424241317e+02
