0.000000000000000000e+00
4.668026345824963386e+01
-1.856058794998552486e+01
1.907792551377046664e+01
-1.162232612384326913e+01
1.675698189071538025e+01
-8.528650519821596276e+00
8.969301879853238901e+00
-6.729863495425264297e+00
6.777613709585069479e+00
1.862283347301844638e-01
-2.096252358005383343e+00
3.484773866640216600e+00
-1.728182245900927727e+00
2.792252181201139827e+00
-1.663403552576638411e+00
2.421470993139051675e+00
-1.372030120832862687e+00
2.338335428045474895e+00
-1.051368948880323062e+00
2.360950389387672654e+00
-7.531830395261727151e-01
3.113994291309701623e+00
-5.901153438721177258e-01
3.403200083090361705e+00
-4.154052323247851564e-01
3.711584941817432259e+00
-2.053565968799092867e-01
4.023930467417850210e+00
3.534348982269303052e-01
4.249351337938839457e+00
5.006822146292688736e-01
4.455592093021482292e+00
7.055804585867350154e-01
4.795290569479622178e+00
9.576604805542821008e-01
5.141475862125875373e+00
1.238284696706795529e+00
5.504687704280856408e+00
1.539873469403422179e+00
5.885529454981751840e+00
1.859070828727285241e+00
6.279648933683783518e+00
2.192984708019266371e+00
6.796834640918010706e+00
9.035614454924260741e+00
1.069725077428124216e+01
8.105913024515004395e+00
1.174766976676369623e+01
8.677940143903908776e+00
1.220000246062819471e+01
9.079182293859734187e+00
1.262801876240061283e+01
9.461266875431789458e+00
1.303552487908621949e+01
9.827669504188060401e+00
1.343298125691117306e+01
1.018756243147094942e+01
1.382448239814930879e+01
1.054336505159849935e+01
1.421309007494672905e+01
1.089720965637065397e+01
1.459979891048990552e+01
1.124968548876045737e+01
1.498518719183300441e+01
1.160104461052588931e+01
1.536928090108527556e+01
1.195117541066865030e+01
1.575195793717167270e+01
1.229984104560330671e+01
1.613295769971612970e+01
1.264671562524579507e+01
1.651197371934028268e+01
1.299143645068547315e+01
1.688866791678505308e+01
1.333361960442555905e+01
1.742791219656652046e+01
1.988451798438137530e+01
2.286810863648728542e+01
1.911054465317466011e+01
2.381651596666957715e+01
1.952817616156372438e+01
2.417391010600288936e+01
1.987277458535891483e+01
2.451494336551130715e+01
2.020229100414605838e+01
2.483733833510440192e+01
2.051490196634015462e+01
2.514335581828850152e+01
2.081210399777804199e+01
2.479790941565955364e+01
2.112559639672407030e+01
2.511755759607200034e+01
2.142895974836357098e+01
2.540459666966777519e+01
2.170552771095561795e+01
2.567161677535303355e+01
2.196433454297826060e+01
2.607259305113246128e+01
2.893328408326370393e+01
3.029497110648312486e+01
2.988854195609563291e+01
2.922779719198464576e+01
3.132487945190078094e+01
2.909449962982295546e+01
3.121976502314607060e+01
2.929625612970504278e+01
3.163012312769845025e+01
2.951243463121624444e+01
3.174016974815624437e+01
2.895554293881392738e+01
3.178727938340610848e+01
2.912912153784047931e+01
3.184162519308767614e+01
2.930167002372546037e+01
3.189194104585740774e+01
2.947270723967849904e+01
3.244564317235671780e+01
3.629218570016353596e+01
3.898287350600801204e+01
3.589486372090444632e+01
3.907042309985926920e+01
3.601273651748823568e+01
3.900439734236088185e+01
3.574180582563281661e+01
3.891948238845051833e+01
3.588813535366550411e+01
3.892490158958052859e+01
3.563038463549855095e+01
3.896812888769601102e+01
3.583265128128676480e+01
3.894921512913331441e+01
4.193453330757026976e+01
4.379110337237662520e+01
4.130194825964480287e+01
4.376129991928105767e+01
4.110704677421750119e+01
4.252914151977193313e+01
4.081607016292998225e+01
4.460842488971106690e+01
3.974849864850536818e+01
4.519636466262809904e+01
3.921217045191604456e+01
4.400170610377288938e+01
3.893235564368222867e+01
4.419103584889909797e+01
3.873591862444713030e+01
4.409969855595859656e+01
4.441633092092342849e+01
4.912940993519495692e+01
4.262530082211688409e+01
4.950805900390165704e+01
4.198347632748549785e+01
4.983332608425983778e+01
4.128957967462064715e+01
4.930308329234451747e+01
4.051761389367090516e+01
4.886125261410290221e+01
4.194185059345723232e+01
4.585547955199165671e+01
4.130200496751507444e+01
4.844742258595180573e+01
4.926098121875705260e+01
5.089294898169432457e+01
4.990245105180792251e+01
4.916647379636162185e+01
4.931287962073979259e+01
4.854041092701146454e+01
4.871439181753339653e+01
4.807244187618507425e+01
4.822335872205857754e+01
4.752632860388695946e+01
4.767010484802614201e+01
5.258405244731486761e+01
5.255932271432993730e+01
5.233715586224407446e+01
5.197252053682614559e+01
5.159436848838319634e+01
5.136327890272879415e+01
5.095221240725636846e+01
5.089372632261349594e+01
5.043316758889124429e+01
5.017143713169683394e+01
4.971307412257914393e+01
4.952199703706125433e+01
5.447067029656044213e+01
5.263025402256541696e+01
5.598580803825885965e+01
5.113623022181430144e+01
5.633072036074727151e+01
4.950081229276036510e+01
5.528680454047675141e+01
4.907726214984955959e+01
5.460626333452140102e+01
4.865890816199711111e+01
5.395499488550520795e+01
5.745620193306645973e+01
5.362776518124099567e+01
5.745813040385957748e+01
5.143575723779719766e+01
5.685999178710597590e+01
5.039878182993186329e+01
5.583017201121179340e+01
5.067262949234369529e+01
5.532493278926745006e+01
4.888256615979494057e+01
5.421566897131168616e+01
5.776291985971332821e+01
5.342442612097087817e+01
5.796607490435123822e+01
5.169893031447073639e+01
5.682400730454551052e+01
5.066417484745957722e+01
5.577006295818411274e+01
5.068932165105617571e+01
5.513410011485233042e+01
4.827720656388178355e+01
5.394610310723928137e+01
5.732826387241971133e+01
5.220506806168413760e+01
5.764187924919126971e+01
5.183146798835819169e+01
5.652429250795491100e+01
5.112610983576812629e+01
5.551662954049469789e+01
4.910709937646923606e+01
5.427956829481961165e+01
5.732362720538058909e+01
5.476484334866201209e+01
5.789724217784312543e+01
5.178931461098696332e+01
5.736036932753388129e+01
5.105270287881023705e+01
5.581410238896415166e+01
5.004985391679330320e+01
5.453636109059665671e+01
5.701425467885478326e+01
5.618773397635114009e+01
5.502071641052525308e+01
5.700732225641628048e+01
5.364026142616716442e+01
5.525785094809853604e+01
5.199523441837988713e+01
5.393227022184803587e+01
5.066733697854105856e+01
5.228262901041994581e+01
5.538079992890745018e+01
5.658447888934658465e+01
5.310601056296388123e+01
5.508181317484262252e+01
5.173049449040250636e+01
5.383042219188489952e+01
5.034135911448127132e+01
5.232419270354539975e+01
4.873642901031608687e+01
5.177066230788645385e+01
5.306762337256467532e+01
5.501693116567294339e+01
5.094958094227835943e+01
5.377182336453957845e+01
4.931565152727990409e+01
5.210905091420222845e+01
4.769808324135597388e+01
5.025797052648931640e+01
5.265915752750311896e+01
5.432802212596258329e+01
5.150982681528947182e+01
5.398547877082471302e+01
4.835096247655770441e+01
5.198438000640837231e+01
4.690422412826352172e+01
4.997661595660522238e+01
5.176901464320037149e+01
5.359486622093005792e+01
4.878660232956756460e+01
5.163635874414404014e+01
4.688098762354020721e+01
4.991076580496184789e+01
4.576889046832811658e+01
4.836396735860345331e+01
5.047855747142006777e+01
5.182660898284732554e+01
4.947509941763151886e+01
5.115621903355292943e+01
4.579182051929554831e+01
4.871025091622385617e+01
4.553602625308859331e+01
4.729182933826641033e+01
4.976571559492452224e+01
5.049589156065665208e+01
4.866684550086876015e+01
4.956548806987158429e+01
4.599050968796500882e+01
4.737169169968854732e+01
4.500051797611681792e+01
4.608268101622400792e+01
4.912591579173550826e+01
4.900211772647696051e+01
4.692941539944614959e+01
4.727409757364408449e+01
4.607166368224976338e+01
4.627720969933550776e+01
4.365472560462381324e+01
4.405901052374998983e+01
4.758233805113327008e+01
4.679489941906614092e+01
4.613597327679389082e+01
4.581132359459758874e+01
4.409450529202742075e+01
4.380449490640389598e+01
4.347818881293090243e+01
4.295107769905995099e+01
4.669390924434934931e+01
4.600368075757202746e+01
4.433951664894586031e+01
4.353465497184066635e+01
4.471453797835456356e+01
4.301040628772253882e+01
4.145675362247966689e+01
4.057793416486147464e+01
4.454765012928974954e+01
4.492952072661892515e+01
4.172323019964066759e+01
4.102837191916052006e+01
4.300673324699353373e+01
3.977023964144910195e+01
4.074879980672110236e+01
4.375532445308829210e+01
4.261361656368682560e+01
4.255739118052656522e+01
4.071124167754756940e+01
4.159793475541182062e+01
3.955163580694625125e+01
3.890973590993711895e+01
4.226063879728373252e+01
4.060862315356078511e+01
4.421125676945467831e+01
3.683656068133403494e+01
4.122960275173822708e+01
3.743607008044734386e+01
3.965970413395287864e+01
4.244612835758339031e+01
4.088931916889491447e+01
4.237444464410397416e+01
3.863742238371883531e+01
3.929199983955706443e+01
3.681089712259130664e+01
3.735080275376429171e+01
3.482256969383452372e+01
3.841954319501542869e+01
3.761280132786193775e+01
3.992259910203922146e+01
3.450172525810307178e+01
3.885549481772373070e+01
3.084109225939553767e+01
3.625284361539486611e+01
3.868782195118367184e+01
3.783120616077349752e+01
3.646132966590551661e+01
3.871196221849790220e+01
3.175812515991973939e+01
3.637586164889633267e+01
3.894668457990395893e+01
3.671064465361305196e+01
3.890550701768583508e+01
3.399485393716313553e+01
3.708436835489548145e+01
3.224479655664466549e+01
3.375709536062704075e+01
3.592715150769592469e+01
3.763728777496515931e+01
3.410165497773959942e+01
3.731229860455685099e+01
3.179139195444538757e+01
3.475042466191711554e+01
2.916105493169656171e+01
3.228058649977025851e+01
3.359690645741103765e+01
3.544483172137913840e+01
3.153152335161074049e+01
3.399466509548540927e+01
2.936517717127576432e+01
3.175674006928876025e+01
3.310826991661547680e+01
3.489375233139862331e+01
3.306693766577721760e+01
3.477925155812626912e+01
3.008661521701248631e+01
3.222841705715381266e+01
3.411962591491604968e+01
3.533039244115475697e+01
3.168219021759433929e+01
3.367517680978860994e+01
2.971036109570407291e+01
3.158953541030238199e+01
2.805211752687250737e+01
3.002410747032866567e+01
3.230506271358063941e+01
3.300997880305244792e+01
3.131347266600817747e+01
3.218853028878507416e+01
2.823659516805976821e+01
2.985424871565541594e+01
3.266838830230189217e+01
3.268427690920548656e+01
3.229350654751375771e+01
3.243142685205793896e+01
2.877580183268127811e+01
3.171303621039008647e+01
3.187208868881645785e+01
3.508617992935231200e+01
2.884505989821262872e+01
3.349683921311746815e+01
2.722577270137007588e+01
3.196496285791200620e+01
3.180881922608038437e+01
3.528133913108981545e+01
2.855084328887955891e+01
3.369690351998097810e+01
2.700170625673867519e+01
3.224825979908814588e+01
3.399584885044499316e+01
3.282732227564721228e+01
3.288859016257541157e+01
3.203114741467041426e+01
3.062495072332211166e+01
2.985036381387509863e+01
3.279032439433565571e+01
3.572038344559584289e+01
3.074661617203938135e+01
3.394927138617106266e+01
2.952753338703181285e+01
3.269656702631605327e+01
3.568222699040947532e+01
3.356684591206544610e+01
3.345107747384688679e+01
3.191407104540961015e+01
3.245572137618874820e+01
3.076881325694325398e+01
3.008536294596804694e+01
3.358065499394871978e+01
3.264478077721568638e+01
3.539510910134316646e+01
3.047132757213254450e+01
3.407020584366593141e+01
3.694826167030455366e+01
3.109749087799664835e+01
3.624646677482475354e+01
3.046869548343107326e+01
3.473880319911122427e+01
2.869743095276025358e+01
3.258532108340718025e+01
3.536158190114926470e+01
3.463996885574010065e+01
3.325514577909084579e+01
3.401305816092843770e+01
3.094457535119624580e+01
3.442610320497141174e+01
3.461372885615200801e+01
3.699010301322028482e+01
3.267363472301607885e+01
3.572556964485621478e+01
2.876342225538010666e+01
3.325340233601871631e+01
3.562149424739364889e+01
3.666389020421015488e+01
3.298432976578436637e+01
3.507359246164403999e+01
3.127354367870245966e+01
3.416019518271944833e+01
3.565070102581080391e+01
3.715108465763264434e+01
3.383679150256050150e+01
3.600179472474787445e+01
3.176235855535402663e+01
3.496259157483650881e+01
3.664602889364562088e+01
3.784514093061183360e+01
3.488385493814067217e+01
3.728048124350537051e+01
3.224156363696477712e+01
3.548882262904538010e+01
3.723211635338791581e+01
3.928374490716619505e+01
3.368345878033929353e+01
3.690355457949966222e+01
3.863387176341908003e+01
4.078967222600673637e+01
3.956239222280068191e+01
3.840027323640644852e+01
3.912119229571626278e+01
3.451727562139766547e+01
3.716900374710499477e+01
3.955633225393602714e+01
4.050939014688595563e+01
3.754699616530262318e+01
3.902238032042023264e+01
4.176263447884144142e+01
4.226033307172917830e+01
4.066737480705502605e+01
4.143880622251886336e+01
3.816975239504560591e+01
3.965760797126990411e+01
4.275927755047661805e+01
4.331161634345296818e+01
4.064927664090625115e+01
4.116845651709049747e+01
4.193654305515049430e+01
3.865317034314841749e+01
4.257871563155473638e+01
4.391530105506775072e+01
4.210994479931854073e+01
4.235877008233263297e+01
4.033803386644514433e+01
4.434586145902170529e+01
4.319853246981592321e+01
4.690918795248691708e+01
4.069299731783749507e+01
4.515427063031751942e+01
4.805577083265372806e+01
4.582585560587365592e+01
4.609029013428882848e+01
4.495630364196561146e+01
4.391431961027340236e+01
4.295608850685001556e+01
4.695473380414298958e+01
4.893346414069365835e+01
4.318485263084924242e+01
4.802397017251581701e+01
4.094071745340344393e+01
4.600272910635613499e+01
4.930154266554570341e+01
4.556564524603404465e+01
4.724628912057408314e+01
4.603635946683191094e+01
4.573862979993123190e+01
4.890779348932672121e+01
4.980207806630787815e+01
4.712784158384786792e+01
4.855564469995083243e+01
4.588911044913491821e+01
4.908101541940104084e+01
5.020182770049249399e+01
4.945309774738789343e+01
4.987233958966152159e+01
4.701607997415343476e+01
4.842473035984298946e+01
5.146128879223093833e+01
5.212547994722905287e+01
4.760616314650567205e+01
5.158706702290699297e+01
4.594364811508403790e+01
4.953233876764957699e+01
5.166941050875226438e+01
5.213377335172211957e+01
4.861392614742835860e+01
5.132438881115565010e+01
5.350190069010048433e+01
5.437952023063022722e+01
5.029454793775740740e+01
5.307913555081768919e+01
4.789483251538562314e+01
5.014803004275345444e+01
5.252293271312807121e+01
5.402534390965872291e+01
5.255487210001858500e+01
5.326902495647248514e+01
4.884035381539092668e+01
5.130107883813585090e+01
5.305884851835024563e+01
5.562514527760870209e+01
4.970174704655652675e+01
5.257620912369674215e+01
5.397168263005824684e+01
5.636053654558933346e+01
5.502729401332731385e+01
5.426575983472032760e+01
5.299261205325175439e+01
5.557869131932987017e+01
5.660816657706321564e+01
5.353245314856867765e+01
5.542795418731015644e+01
5.107835596302744108e+01
5.339369403628472099e+01
5.612239259759158472e+01
5.645888144826771082e+01
5.525050592687481554e+01
5.604307682225941534e+01
5.913129683335139930e+01
5.875315777501023717e+01
5.555112320156314354e+01
5.650302913534017080e+01
5.464492984123430830e+01
5.543156899054991982e+01
5.871269264570432256e+01
5.788532431119498511e+01
5.577263822367012835e+01
5.593520948343631716e+01
5.927684529078187836e+01
6.085146252701868264e+01
5.716152849606154263e+01
6.049704994704731575e+01
5.391646436926622954e+01
5.816171676038331384e+01
6.136059934272120842e+01
5.928810365305864138e+01
5.877016861625084942e+01
5.752808688285419692e+01
6.116464470559466093e+01
6.335636027182118113e+01
5.572119770503515213e+01
6.133321141440459456e+01
5.564065770327822236e+01
6.015477974723500409e+01
6.303281468927080766e+01
5.771876126934197515e+01
6.206619071349103933e+01
5.398891445872578743e+01
5.959181441097443610e+01
6.242516894719398124e+01
5.900455410635310471e+01
6.169134411054621125e+01
5.468685484532373664e+01
5.993068317311180948e+01
6.161800326396522820e+01
6.320261306684891167e+01
5.880587611850801011e+01
6.196709847928485004e+01
6.363543667620610478e+01
6.347050607854136928e+01
5.999390862173967776e+01
6.174595359514155035e+01
5.803846100190319390e+01
6.074788413379577179e+01
6.154898582519961536e+01
6.356244656290532191e+01
5.644616809387807876e+01
6.094952097483299980e+01
6.284888079310780284e+01
6.405881451751285738e+01
5.978446289089919929e+01
6.233708237770588312e+01
5.669336721949622415e+01
5.938024645355827147e+01
6.069961847630364105e+01
6.275287828999248774e+01
5.682565261928329647e+01
6.022119747027889503e+01
6.131495313452928997e+01
6.311601750018460422e+01
5.820946580065267284e+01
6.133367539075206309e+01
6.290966552718160187e+01
6.417608659099659008e+01
5.982222855517477456e+01
6.187327145783810067e+01
5.850390979271094949e+01
5.971215833755098146e+01
6.166608451476744790e+01
6.233183841097166322e+01
5.942963596721820352e+01
6.093097417998821186e+01
6.336841783565206754e+01
6.346097734088949949e+01
6.188396509835017412e+01
6.190926422771953241e+01
5.769401252119842383e+01
5.902619748932466592e+01
6.163037323671887435e+01
6.124656644492007729e+01
5.847107059920875116e+01
5.898430910058060306e+01
6.177962601379741869e+01
6.119997549904535106e+01
6.081430971124841278e+01
5.998150425664336183e+01
5.719818734517932768e+01
5.782493190218870893e+01
6.096195230857482983e+01
5.935819748742716939e+01
6.009121604276111128e+01
6.315471303170129858e+01
6.079270909229627051e+01
6.301308955705025738e+01
5.909956477975317313e+01
6.148898224236003784e+01
6.430228427260115609e+01
5.991198036867990595e+01
6.276567710445460335e+01
5.636616373651399670e+01
6.037267870514888557e+01
6.301261735837924505e+01
5.948262102180600408e+01
5.965213223302284007e+01
5.704523414669242243e+01
5.817150130976109068e+01
6.129451388249380983e+01
5.835336585380756702e+01
5.905568117905004755e+01
5.600753711452091466e+01
5.935149509393562539e+01
5.950204483333454419e+01
6.037317872283220055e+01
5.392096332871737019e+01
5.722042348356652042e+01
5.946038405413773376e+01
6.142189991394047865e+01
5.544018577118360014e+01
5.858231749767151086e+01
5.380782028435216802e+01
5.645188035379727154e+01
5.721120618083457288e+01
5.906847460103274017e+01
5.349029797873077996e+01
5.623537455785589856e+01
5.785481594106180125e+01
5.859154649612452204e+01
5.352352839734006551e+01
5.673948923831267166e+01
5.755225773207531859e+01
5.913189442781711591e+01
5.434291570660498394e+01
5.589378165885439387e+01
5.272550558758965877e+01
5.435843382027651671e+01
5.577262795363845527e+01
5.670537039165059667e+01
5.162903123472428035e+01
5.340829088438146499e+01
5.489883087475558909e+01
5.567561869552687881e+01
5.523491434574890491e+01
5.153080522225502591e+01
5.408964470836933458e+01
5.429185520948788479e+01
5.648065239997839626e+01
5.116640461934168371e+01
5.345148107224949285e+01
5.336493502983282866e+01
5.579149117175255412e+01
5.359482452570244959e+01
5.100085294407971048e+01
5.261405264686526095e+01
5.469890446021119601e+01
5.359943797683018119e+01
5.114169989503292157e+01
5.219585522708003111e+01
5.470519930801385300e+01
5.327487218298460903e+01
5.353662201444913649e+01
5.175659698373234363e+01
5.463404271719692673e+01
5.435741804829638824e+01
5.114737118145531269e+01
5.036248154861681314e+01
5.339197005904543403e+01
5.557304299168282569e+01
4.991871453932223091e+01
5.349489445866809234e+01
4.680453248253304110e+01
5.075758513945179118e+01
5.321359742848080998e+01
5.049627218447841415e+01
5.090424481431194437e+01
4.845498098612577564e+01
5.143030974129924005e+01
5.094244325588849875e+01
4.872641975814875082e+01
4.907748318800064879e+01
5.229089821770524793e+01
5.031531098322716389e+01
5.059014158684580309e+01
4.759642796723602487e+01
4.992371233152837107e+01
5.147982121736433214e+01
5.173130314529239371e+01
4.784037001910792242e+01
4.820545537237727984e+01
5.053365160479572182e+01
5.236354390264303760e+01
4.601296073484322591e+01
4.964530471938627443e+01
5.078508024153003220e+01
5.241997162511233199e+01
4.703027393580733673e+01
4.858018170882137809e+01
4.493206087628821166e+01
4.661558663275578596e+01
4.780705943706218619e+01
4.913519659635414172e+01
4.458012014334912010e+01
4.659450202355141357e+01
4.778558616014253602e+01
4.920699549893640778e+01
4.462574251659101776e+01
4.615315123443109968e+01
4.732250793957582147e+01
4.897520649515265490e+01
4.507411922228843082e+01
4.711409860327615462e+01
4.822840441313400817e+01
4.963800549333984691e+01
4.756942856661802210e+01
4.563997074941882914e+01
4.866748557565198041e+01
4.902147167426409879e+01
4.752888166520305901e+01
4.802161289731378702e+01
4.289690980198032122e+01
4.454950607291017661e+01
4.656645828850032132e+01
4.646829553474173480e+01
4.593436222172907435e+01
4.596198143145966242e+01
4.840211276208415825e+01
4.751146197141834193e+01
4.407374938570489320e+01
4.435422687545862175e+01
4.687948476376865869e+01
4.699982986936288398e+01
4.534738582478041735e+01
4.480710430476630535e+01
4.775123342842977081e+01
4.753768493163616427e+01
4.824944282347052393e+01
4.374672860448387013e+01
4.776287129052474967e+01
4.895455470325381953e+01
4.608407871902283404e+01
4.578667355814551598e+01
4.419191700426985392e+01
4.743171441702390467e+01
4.927004265517650339e+01
4.317704792574040340e+01
4.665613538609608923e+01
4.933233067366360558e+01
4.613105340003133392e+01
4.671934351774302030e+01
4.453654806935377053e+01
4.387588170400767495e+01
4.755334645192180432e+01
4.537703620963102935e+01
4.756843096795229542e+01
4.216552603621083506e+01
4.486377414495092353e+01
4.719492337938146420e+01
4.871407856818606064e+01
4.342592607027317797e+01
4.611043056336615820e+01
4.772174200832633773e+01
4.825508291661162730e+01
4.420963075486324101e+01
4.524533611368683239e+01
4.769831413112270013e+01
4.925831134078666906e+01
4.198865125660579878e+01
4.628213618298282483e+01
4.787748157322904063e+01
4.870507799783315050e+01
4.537356205832930556e+01
4.758822780156896926e+01
4.891028344622539237e+01
4.999130954582201980e+01
4.553397207767392985e+01
4.797828035423876969e+01
4.880203267088545260e+01
5.039535029695775847e+01
4.685686150329719624e+01
4.926565369465332367e+01
4.344293957210493318e+01
4.590493371297556280e+01
4.710557939786939841e+01
4.873884608028075149e+01
4.566479102151220104e+01
4.833899707194457562e+01
4.892144515558214835e+01
4.985729544468649976e+01
4.605398958286804856e+01
4.908074800570526008e+01
4.916245424811927478e+01
5.120881952206648435e+01
4.559589099471984497e+01
4.902933388751341681e+01
4.870007537372651285e+01
5.143672228858630291e+01
4.760303755143741000e+01
5.045830088286591320e+01
5.105597648149877443e+01
5.175212158533188500e+01
4.865231439750574083e+01
4.990099752136680422e+01
5.269986627441613081e+01
5.067368362974227836e+01
5.057508297606678838e+01
4.925642144590894134e+01
5.263799135552321928e+01
5.292054163130890032e+01
4.861727430837974850e+01
5.287674288249375820e+01
5.548890568814387336e+01
4.940136465027593715e+01
5.374306760689630380e+01
4.588283340417031297e+01
5.092377829507925924e+01
5.360387152750663375e+01
5.042810298494455168e+01
5.079904049563592849e+01
4.831339849122984731e+01
5.186907220121102569e+01
5.119548550832592326e+01
5.195072290019746220e+01
5.052198164636919842e+01
5.302475341964574085e+01
5.387591035675255569e+01
5.104102325390157091e+01
5.147449330550244184e+01
5.394453756170122460e+01
5.605132617961312747e+01
5.040447607438132849e+01
5.363055033048747333e+01
4.595939583530095263e+01
5.067346556454234019e+01
5.265880647181406005e+01
5.324884903469308028e+01
4.870188216741563281e+01
5.133579306361312433e+01
5.214195531107436210e+01
5.434636030908384896e+01
4.759388173596467198e+01
5.128847803661236071e+01
5.264586090859221201e+01
5.403263043938443388e+01
4.837337151326307350e+01
5.159453921155203204e+01
5.268971224790760743e+01
5.406251204447957548e+01
5.187813594114120264e+01
5.412476464328474179e+01
5.560495549644629421e+01
5.620153577837348990e+01
5.112393061617368772e+01
5.297527541388881644e+01
5.487393467290433335e+01
5.530200084948787520e+01
5.405500826736943765e+01
5.495376651234417409e+01
5.719594782822883872e+01
5.656222580798563371e+01
5.252923319640402156e+01
5.351612830491787776e+01
5.593861274848088527e+01
5.553312793629181954e+01
5.432312346843925610e+01
5.398534754400135682e+01
5.683755753079733353e+01
5.605728264548310591e+01
5.388630722674946583e+01
5.326169355322435450e+01
5.625478702468317493e+01
5.741154003458654387e+01
5.521162252708786156e+01
5.384014216350138327e+01
5.729571070937451083e+01
5.498151535535004086e+01
5.838515486113024622e+01
5.323250390472750126e+01
5.650452581966639798e+01
5.897269025207137361e+01
5.553590989168238679e+01
5.547526461200661885e+01
5.882921977908144129e+01
5.576843254083367896e+01
5.881104747241958819e+01
5.225501370361615727e+01
5.593069009458721297e+01
5.838412969217902315e+01
5.572841809863612639e+01
5.615414338672994177e+01
5.301308101428669772e+01
5.642550581048860181e+01
5.688449384707998036e+01
5.705074654225313679e+01
5.914648276651929137e+01
6.007854382970228357e+01
5.565641810113098842e+01
5.650160405051899204e+01
5.312834969857251366e+01
5.555188797382407273e+01
5.637911547330362794e+01
5.813690710624493363e+01
5.206808149662013818e+01
5.510592283910257549e+01
5.650485229245143870e+01
5.752760488353480639e+01
5.321055943211819539e+01
5.527498141025542111e+01
5.630418927741704493e+01
5.745940198807532795e+01
5.406496746928490893e+01
5.587246490140472588e+01
5.703154279277712391e+01
5.825497476921695750e+01
5.394855078800208759e+01
5.574251747076295516e+01
5.657913361783363371e+01
5.808953012096451118e+01
5.416672974893565140e+01
5.674812701976221518e+01
5.693085704027922844e+01
5.869044609738445928e+01
5.200364350118285017e+01
5.566862743406596081e+01
5.559460445763748027e+01
5.798114776573501672e+01
5.612220653871796827e+01
5.895559904355082637e+01
5.811804920582640932e+01
5.625866675253779192e+01
5.598595003113467072e+01
5.858105607529866177e+01
5.827729124745574296e+01
5.852653825503303153e+01
5.613132603519761687e+01
5.909274285413692951e+01
5.953670809152971799e+01
5.384483464875665959e+01
5.739431864270314776e+01
5.978287174767545764e+01
5.746816061318579472e+01
5.858923623139324377e+01
5.590893598722384183e+01
5.441010489127663874e+01
5.775906772621718943e+01
5.497660852851817737e+01
5.807222159582313736e+01
6.048873951934028526e+01
5.668252836636504810e+01
5.836694259203959234e+01
5.404042390997426537e+01
5.643975851737605609e+01
5.890136399866233319e+01
5.492759879843505644e+01
5.792573604961273048e+01
6.000730639492847729e+01
5.627478702601686678e+01
5.924566359678279781e+01
5.325779071814594801e+01
5.684268795658422846e+01
5.770167477049789539e+01
5.918359195708504217e+01
5.333033964676526750e+01
5.606565207112690530e+01
5.784785949898711976e+01
5.651694492413939486e+01
5.649212973316827657e+01
5.051170688202881820e+01
5.402043771361792324e+01
5.549704024618002762e+01
5.635065584165036512e+01
5.199695384198876269e+01
5.346823814732480429e+01
5.451803652795552324e+01
5.569960619486003139e+01
5.332799801866081424e+01
5.507912269672607408e+01
5.617749919369982337e+01
5.639253737571575442e+01
5.192880722154437478e+01
5.317690853311076893e+01
5.473598580527118429e+01
5.558900785487744400e+01
5.720961776904839269e+01
5.764114499223791910e+01
5.502983524783662972e+01
5.589682054519473553e+01
5.045812451431088874e+01
5.356725127285924515e+01
5.362781399472366672e+01
5.579699401864798602e+01
5.458609850309068179e+01
5.718460820725482563e+01
5.642911718147171030e+01
5.362017975667466629e+01
5.367888266052571566e+01
5.626234232122524759e+01
5.544225538553065036e+01
5.541732434106418026e+01
5.777883090206400851e+01
5.584962252944583838e+01
5.835896127268841127e+01
5.158918027831707320e+01
5.579070139946315265e+01
5.824224244169253240e+01
5.577368791054302477e+01
5.585927289044077071e+01
5.901731431792764226e+01
5.625285587020131572e+01
5.862197493829582839e+01
5.012372415753292643e+01
5.576540028564329532e+01
5.823639983559703381e+01
5.494232018120953853e+01
5.512987257083963044e+01
5.826590402559962456e+01
5.729623064321726389e+01
5.887683498343550070e+01
5.309728522477329449e+01
5.629130310135261794e+01
5.846404218963147059e+01
5.316600863226607032e+01
5.643926425512658085e+01
5.764926817001828852e+01
5.959730659879579662e+01
5.276591563180317479e+01
5.646648516167977760e+01
5.829563529942800670e+01
5.885635464675188899e+01
5.409480367228186282e+01
5.521994911836325315e+01
5.709330863757176644e+01
5.859913928798991378e+01
5.446802479146708009e+01
5.706624794518096166e+01
5.833992211951759543e+01
5.978840590413997091e+01
5.450270917290672656e+01
5.627932457855443005e+01
5.721437214723051312e+01
5.890594918864535146e+01
5.382435274435312067e+01
5.589134157476573961e+01
5.678138836584492566e+01
5.849433390886267148e+01
5.743315121039588433e+01
5.318567286824266205e+01
5.447208300292798100e+01
5.639339426616717788e+01
5.667383469185617173e+01
5.435721134701079649e+01
5.521968013786048601e+01
5.746523589792732878e+01
5.720192174022035658e+01
5.350997785654888617e+01
5.435066941339262314e+01
5.689556449255534432e+01
5.614525764191782997e+01
5.684369426706270900e+01
5.629723970490308460e+01
5.912118535597294056e+01
5.714520041865748823e+01
5.453705517866285390e+01
5.657417454047980954e+01
5.697999672287026129e+01
5.782530218604139804e+01
5.287081482732581605e+01
5.693025216466403293e+01
5.939213055317483736e+01
5.679887335609421228e+01
5.556941255116200296e+01
5.917762550623461948e+01
5.630262513351534182e+01
5.963082430395284206e+01
6.211591878443918091e+01
5.817576646809291674e+01
5.977125998040634869e+01
5.652871700953503620e+01
5.968513252217969267e+01
5.858011980887236092e+01
5.866378011130750281e+01
5.646529963693163268e+01
6.071723478694036658e+01
6.105973863998632822e+01
5.719001934914048491e+01
5.741009368436395022e+01
5.963635231469515929e+01
6.170087743856216633e+01
5.678110631114361695e+01
5.934624821685759599e+01
6.085498088373129377e+01
6.161050088753324872e+01
5.735212651322871125e+01
5.910806551123960872e+01
6.049742038147998358e+01
6.132568863474930509e+01
5.660278583955238219e+01
5.902050407421455702e+01
5.988314889844316014e+01
6.121816142121330984e+01
5.660491549318847149e+01
5.843513815703705205e+01
5.936811489934346042e+01
6.098296783087398154e+01
5.698843361635582738e+01
5.918164414629184478e+01
5.986164342256264348e+01
6.144669090329522732e+01
5.723573614746531035e+01
5.950965508244099311e+01
6.012244232170599645e+01
6.161403656526697148e+01
5.554612758037594489e+01
5.773537919025248044e+01
5.842864345828407124e+01
6.026170637906959371e+01
5.928449441482747062e+01
6.180613107431808118e+01
6.114357107565787430e+01
5.756052974803868949e+01
5.775250493363900262e+01
6.031120566724171539e+01
5.997309616006425159e+01
6.203796133892689113e+01
5.594268293886600674e+01
5.915427959105858946e+01
5.906160546816543899e+01
6.137030598040232832e+01
5.622023131864943224e+01
5.894361876602891215e+01
6.126658298605742203e+01
5.854960651075055722e+01
5.803152870710492550e+01
6.121853000053188509e+01
5.825609633001513998e+01
6.142845880992327068e+01
5.515412174505929954e+01
5.834601312029923292e+01
6.076445382838117837e+01
5.730009565072539601e+01
6.035913125675682522e+01
6.114799298166676778e+01
6.012761621576812843e+01
5.846409655627488178e+01
6.173630235880219885e+01
5.961438898781184292e+01
6.158976435072731448e+01
5.738369309190288448e+01
6.018360732724626416e+01
5.955754562929141827e+01
6.084841628226875798e+01
5.613768071842354601e+01
5.837342273268868809e+01
5.891198499044147496e+01
6.057371296597604982e+01
5.552323192510456806e+01
5.761428998475241769e+01
5.833117245474760182e+01
5.979752962433130392e+01
5.497205731253978200e+01
5.676960737030233872e+01
5.765855255974072691e+01
5.882859122755887427e+01
5.578492066294362672e+01
5.749048414339438295e+01
5.833724345915866394e+01
5.965499578079201370e+01
6.029539675660441844e+01
6.182095976148939087e+01
5.633189951445285004e+01
5.819048823157948647e+01
5.837284826183460495e+01
6.040052708736152454e+01
5.934693893418964450e+01
5.458715215481510086e+01
5.578505213469838964e+01
5.798499993535747166e+01
5.742556478191011138e+01
5.620518485884839066e+01
5.611323114289443481e+01
5.863535440993911152e+01
5.757479796289409535e+01
5.559737166619736826e+01
5.590039164604325350e+01
5.832333106808046352e+01
5.695267176834900624e+01
5.593774153282624439e+01
5.714153407717543587e+01
5.718615469836295517e+01
5.805164022918667399e+01
6.068618808067192560e+01
5.839683209497077598e+01
5.723074056965009504e+01
5.538792493986154142e+01
5.829553740802514028e+01
6.053122382476711749e+01
5.449488305912311858e+01
5.782065013340135806e+01
6.013559845154347272e+01
5.719831987451473054e+01
5.710678466305147083e+01
5.414548899056570264e+01
5.715208647282747734e+01
5.743457796173500185e+01
5.560323117085734168e+01
5.854446294443818744e+01
5.771926248202680654e+01
5.751635890504579862e+01
5.545316623277529544e+01
5.843466480810484853e+01
5.799916687281164940e+01
5.582890319385109734e+01
5.752749646521144200e+01
5.910037273123652568e+01
5.935674271358941922e+01
5.479508651398334962e+01
5.673285643441051462e+01
5.783343763332410248e+01
5.864171960747242451e+01
5.403194121958881624e+01
5.583869565964840831e+01
5.701840949636215328e+01
5.766336326893097919e+01
5.420363005257435418e+01
5.585206501666247902e+01
5.679161343082645885e+01
5.781393838354065906e+01
5.148567795315247508e+01
5.413958912825550840e+01
5.528803287935652833e+01
5.589775927995781757e+01
5.606535836306946408e+01
5.777882367387314844e+01
5.794354659767852667e+01
5.349365707273197046e+01
5.430030426104808328e+01
5.626055238464397235e+01
5.606057437410646571e+01
5.742808028446105340e+01
5.177621769120874262e+01
5.460946035144886679e+01
5.402309131239452000e+01
5.639207355452358428e+01
5.376405469723836461e+01
5.638187907191694848e+01
5.541820096855261113e+01
5.464478413968777204e+01
5.708716021651702732e+01
5.507561492974935646e+01
5.794823019486813820e+01
5.103573314781912984e+01
5.507519146519024389e+01
5.733788602044840133e+01
5.481571100446958411e+01
5.547886671515718859e+01
5.833576962147720479e+01
5.546919714614401187e+01
5.670772898163750142e+01
5.301577468698443596e+01
5.622772202773485617e+01
5.714409078561130428e+01
5.331247370485516512e+01
5.394554173547452081e+01
5.705160738435719026e+01
5.480311308244355928e+01
5.649031626972887210e+01
5.899711811098013214e+01
5.526212868346566864e+01
5.747973535515944832e+01
5.304288546366120016e+01
5.561189316504695057e+01
5.606817793800879457e+01
5.658925995223846428e+01
5.214633445970971337e+01
5.420283056466838190e+01
5.597567122742043466e+01
5.653253236286610672e+01
5.191177202196970342e+01
5.398806613302991764e+01
5.473139011096049700e+01
5.612582725701744835e+01
5.118921456928958946e+01
5.389197930943669235e+01
5.508549161803061622e+01
5.645620411214279954e+01
5.749133042978225205e+01
5.833872689133842471e+01
5.547023254902690326e+01
5.721681510593379727e+01
5.779956228100807891e+01
5.939204194309280638e+01
5.345039578130528923e+01
5.578913067473122567e+01
5.609714028954961407e+01
5.804922430480246476e+01
5.671827086421549780e+01
5.922509408330948588e+01
5.892073025774297435e+01
5.533357531559324372e+01
5.591441903304603755e+01
5.838261454554475449e+01
5.762085596827740375e+01
5.888473008101073702e+01
5.547005839540648964e+01
5.844872129847595943e+01
5.721238918134852014e+01
5.783666839687543870e+01
5.613670672364430203e+01
5.907820741041190615e+01
5.977981825669375127e+01
5.267125772919705895e+01
5.720162704128507869e+01
5.965417587902882701e+01
5.726683918263019279e+01
5.849086449949795252e+01
6.132263488882166769e+01
5.829420741083103508e+01
5.878458208707183985e+01
5.625528400403104712e+01
5.940805000095019039e+01
5.962457688539724643e+01
5.668627405736505409e+01
5.601765854108362674e+01
5.931493917149290240e+01
5.813601635914668009e+01
5.996040824481754328e+01
5.361977216071768737e+01
5.783855366110879004e+01
5.992491443508031779e+01
5.262947144321554305e+01
5.639570217881546910e+01
5.844727899716541941e+01
6.066192460737089931e+01
5.278802638794361002e+01
5.667184171255886582e+01
5.851941501983869642e+01
5.990521725581540124e+01
5.486022190661103792e+01
5.635777251454921810e+01
5.804093467969087783e+01
5.925866078388425962e+01
6.043820526574985763e+01
6.164491458950006120e+01
5.847668579641417352e+01
6.046847827482658033e+01
6.142885994586733034e+01
6.289953351697633366e+01
5.729798613219069381e+01
5.910379696625041390e+01
5.977725676144533651e+01
6.135641613003341632e+01
5.996333455200397822e+01
6.225566555146241399e+01
6.254282620050013719e+01
5.853050994672820906e+01
5.981265356733398875e+01
6.177246867775835426e+01
6.188596196721690745e+01
5.889324439203746664e+01
5.917707884917286520e+01
6.144010704124765709e+01
6.069277742620705141e+01
5.938613501402652872e+01
5.884730574576237672e+01
6.141561356309759390e+01
6.043944515046947430e+01
5.826397168458878895e+01
5.955105387968185937e+01
6.201117342108130970e+01
5.996727132752711498e+01
6.137118712198005710e+01
6.248129581969991619e+01
6.102363018368473746e+01
6.058168961756350512e+01
5.850949813882991180e+01
6.168005492523128197e+01
6.344309401856262554e+01
5.678650695977542995e+01
6.030472156462583655e+01
6.271553600949670226e+01
5.949591733744563271e+01
5.999942198718917297e+01
5.705234273320926519e+01
6.003472978987699094e+01
6.062463212115276434e+01
5.822649495652848373e+01
6.113311293857853457e+01
6.048477993292640065e+01
6.144389074860986000e+01
5.731893095878191247e+01
5.999428615797614839e+01
5.964013173142497237e+01
6.134236291059827550e+01
5.702172659062846805e+01
5.885771492071508249e+01
5.966331373883796374e+01
6.106204151147174031e+01
6.254806523774038851e+01
6.306795580160265047e+01
5.793050436747412846e+01
5.947106745921569626e+01
6.052000296930671652e+01
6.157256704515480550e+01
6.060132654993235235e+01
5.717411146172997860e+01
5.868646593431109437e+01
6.000697391174940520e+01
5.979305563859715278e+01
5.771015258797964265e+01
5.956724039374563517e+01
6.010396106042849595e+01
6.003709595155505951e+01
6.204170257617857231e+01
6.193166218518743449e+01
5.838861719430978781e+01
5.922497222960947738e+01
6.135582101289146806e+01
6.086027531194185514e+01
5.894865514037487486e+01
5.877279811874570470e+01
6.124201074773203857e+01
6.009442423150037627e+01
5.669084378727225015e+01
5.796247333517717237e+01
6.022016801060470215e+01
5.881501951935300809e+01
6.018022352317154144e+01
6.217581889920988658e+01
6.003262364112277538e+01
5.920294552137647059e+01
5.765008541806709985e+01
6.048147740085259727e+01
6.072353647117889608e+01
5.534362800195872722e+01
5.928966645185278139e+01
6.150400125462905976e+01
5.846476190278654883e+01
5.836311958568492031e+01
6.127307597541767592e+01
5.804054474172485811e+01
6.066174214036598045e+01
5.371378010854622431e+01
5.730673603855073139e+01
5.949920633539048964e+01
5.648255060183596044e+01
5.958538625720512982e+01
5.904283824414697790e+01
6.012991039536877480e+01
5.549814024473821661e+01
5.841932023205702507e+01
5.834904498825154207e+01
5.978902264062024585e+01
5.466650946882487716e+01
5.707629501846405162e+01
5.796198165169028726e+01
5.916948976977384689e+01
5.260911229888927920e+01
5.577679003453651774e+01
5.715586474328213029e+01
5.798786868923833282e+01
5.968153565887163836e+01
6.025355082528525230e+01
5.645460175694112337e+01
5.806306699129005722e+01
5.911521998988870052e+01
6.008500368362983579e+01
5.364197849179411293e+01
5.634505147338094133e+01
5.746723562955239828e+01
5.823264519814615880e+01
5.564614378737006462e+01
5.687969162230605491e+01
5.839134802550664460e+01
5.855223927091333280e+01
5.393107687778631032e+01
5.476697427200266333e+01
5.669382560970553442e+01
5.647391764241199041e+01
5.792247808719253044e+01
5.783784045306739330e+01
5.999614084953728366e+01
5.565834664217955918e+01
5.869640453953550008e+01
5.788874140319285999e+01
5.993610050446181248e+01
5.437403045523807066e+01
5.756404695547572459e+01
5.802367876236917965e+01
5.769744482230411364e+01
5.521999648019394868e+01
5.869803761350504345e+01
5.653590573609690040e+01
5.945041423888935128e+01
6.180782519264430874e+01
5.860781642945221392e+01
5.822007402395866649e+01
5.596178376699786838e+01
5.887579039550497129e+01
6.029330920300782992e+01
5.401254289979640077e+01
5.822855930200309871e+01
6.039671375903822081e+01
5.691701197509316756e+01
5.982859636665896375e+01
6.191008441883232649e+01
5.677671156733327251e+01
5.973604836982481459e+01
5.121130850405847923e+01
5.651272446008853478e+01
5.768392956314719555e+01
5.934751424491656735e+01
5.225011141570848139e+01
5.628099015583828191e+01
5.803147845303250563e+01
5.869221733445028377e+01
5.402144268360343915e+01
5.596200756480789096e+01
5.675878185933586906e+01
5.805456583777511526e+01
5.964403513434536563e+01
6.049198034886903486e+01
5.606880244140584324e+01
5.783994455774455901e+01
5.905921419080690526e+01
6.021233883023774780e+01
5.642628863511563253e+01
5.835807115019888158e+01
5.958846495641644481e+01
6.010798913581216851e+01
5.499660716725878729e+01
5.770014356456113092e+01
5.805179918861057331e+01
5.981018278000365740e+01
5.365996510599863711e+01
5.638746876324658075e+01
5.649615752540157132e+01
5.863360947368439469e+01
5.790765279961117784e+01
6.038401277827032487e+01
5.950904453008956096e+01
5.618228011619591911e+01
5.748984691694260363e+01
5.981945479329646531e+01
5.836832299904440191e+01
6.008322555920851471e+01
5.940920057320934689e+01
6.203977248564883951e+01
5.802016741440686332e+01
6.036294958193468574e+01
6.275960716980605980e+01
5.975264053717640422e+01
5.871224925570201236e+01
6.214096336713470237e+01
5.916122521678794755e+01
6.237371979291616242e+01
5.480808077604378070e+01
5.918364590538200787e+01
6.159617117204071945e+01
5.810442484584937262e+01
5.874755715904803566e+01
6.168950982029675600e+01
5.923640439422502624e+01
5.960916836155912080e+01
6.281835645163283743e+01
5.932698962038322321e+01
6.238638464275487650e+01
5.393168754665310871e+01
5.890185982290653754e+01
6.009273859015010544e+01
6.185486230277558661e+01
5.489986959417393564e+01
5.861123924984860878e+01
6.037929307747540264e+01
6.119588625676340854e+01
6.280007840424647725e+01
6.398272537300186968e+01
5.808954022057906030e+01
6.078094511419568846e+01
6.187512442192431905e+01
6.294330387239806868e+01
5.875857401677472325e+01
6.107375268031097448e+01
6.221196256229277566e+01
6.286374749664462058e+01
5.803689138698129568e+01
5.958712515655169994e+01
6.107306525774268380e+01
6.158418761759504889e+01
5.935421447676559836e+01
6.025124450922105268e+01
6.202839346995519065e+01
6.213288100646453671e+01
5.703860652266268971e+01
5.953493341091794377e+01
5.914532849786233726e+01
6.119589907655117145e+01
6.286827921244094597e+01
6.188810948395401113e+01
6.397482244534230489e+01
5.794800938924090872e+01
6.066132676888672393e+01
6.037727303274800050e+01
6.287667254943580986e+01
6.491556945274243162e+01
6.266494673604369581e+01
6.340828094584657748e+01
6.132406451232338185e+01
6.430062231772025427e+01
6.457666682419758786e+01
5.847259259393489117e+01
6.209502673155315478e+01
6.452808569776743752e+01
6.146837409843977440e+01
6.197127659454502435e+01
6.487326283290015283e+01
6.168862458279480165e+01
6.387581069570503445e+01
5.916164181593423876e+01
6.195737539819225503e+01
6.404800453670550553e+01
5.821585897771126383e+01
6.181735704504981044e+01
6.390616235558609759e+01
6.242183395953740188e+01
6.158634815451256372e+01
6.434476991828005055e+01
6.385738129988274636e+01
6.005594091749726005e+01
6.179153861625541566e+01
6.322215033177779731e+01
6.439639750566091436e+01
5.976426731911522694e+01
6.053339401444601720e+01
6.217919453518253903e+01
6.350770972963516670e+01
5.806454287488830346e+01
6.041255211502603117e+01
6.150227786110944095e+01
6.264106035810947759e+01
5.844097965150742624e+01
5.978884158621924882e+01
6.103139060248262382e+01
6.193620033027607974e+01
5.844349268235945516e+01
6.037941147239678941e+01
6.065432923671890109e+01
6.233278446130037764e+01
6.239299628662433861e+01
6.438557302031676954e+01
5.947340110577263061e+01
6.109714339388975901e+01
6.254570165107277546e+01
6.211727883230269498e+01
5.827681775975202072e+01
5.873320845908128973e+01
6.128194392786340217e+01
6.024775118581752764e+01
6.204006735453403110e+01
6.262991304011993066e+01
6.236860358100636148e+01
6.055648079621061441e+01
5.964940336284053757e+01
6.221219807002048441e+01
6.254733994552416476e+01
5.723675740949013147e+01
6.054541167734755902e+01
6.277522124036786977e+01
6.020378667394333405e+01
6.060127389563892564e+01
6.328261705646596624e+01
6.034974525872091533e+01
6.219496355115700226e+01
5.679955308400040082e+01
6.006654000534652482e+01
6.224470074775904749e+01
5.772207867355231770e+01
6.042472207043844890e+01
6.239815597563697480e+01
5.621597956203522273e+01
6.064874597419753144e+01
6.266565141291329866e+01
5.874971607888137726e+01
6.083929399278760997e+01
6.307017920034513736e+01
6.132036506628006123e+01
6.147171953934767430e+01
5.464038210149846719e+01
5.826198964577752548e+01
5.993830033290456782e+01
6.111038103572579416e+01
5.653906261035755421e+01
5.759815658909085556e+01
5.880720284355651728e+01
5.957685636672644591e+01
6.126025071713689130e+01
6.187442682090667034e+01
5.792161884402221261e+01
5.945378393409637852e+01
6.039430862437585290e+01
6.155194340216476689e+01
5.674929738427606907e+01
5.819820118910044471e+01
5.902259573744117205e+01
6.026052266656120793e+01
5.928023247203144308e+01
6.122618290217713621e+01
6.137670763408299734e+01
5.653216005515640319e+01
5.734998439298891526e+01
5.922477885545276877e+01
5.900259615653416034e+01
6.045150668021831564e+01
5.470838940192707156e+01
5.733372910038421821e+01
5.672960336561515504e+01
5.902660312614789007e+01
5.988353454448258617e+01
5.911564135182453583e+01
6.046313206197356038e+01
5.662129327715255300e+01
5.950162728443533666e+01
5.930160340814285291e+01
5.949526017629671770e+01
5.488503890297755561e+01
5.823628954659577772e+01
6.042584459534285202e+01
5.619092143118883342e+01
5.942881283860021568e+01
6.161033981615000243e+01
5.504482212963006305e+01
5.914021168435932196e+01
6.142660077710913669e+01
5.785892382361171116e+01
5.810281225236299463e+01
6.099353693501708307e+01
5.987905884562677272e+01
6.065986190375235054e+01
5.666106716849439806e+01
5.963159489633613219e+01
5.854981414948800023e+01
5.716751770286857237e+01
6.029928754925590795e+01
6.131016070931806894e+01
5.696921417416713496e+01
5.746881032845548987e+01
5.935554466965470510e+01
6.107058728591163543e+01
5.599700933340816533e+01
5.920954584926981568e+01
6.082130898086491300e+01
5.913856050510128171e+01
5.934830697691728574e+01
6.048539986264083268e+01
6.192873284006626022e+01
5.607380018666781041e+01
5.835604587177420655e+01
5.921405888930888750e+01
6.047235285726787168e+01
5.657708182881884085e+01
5.797843117021299264e+01
5.920423272381570001e+01
5.978736114975396987e+01
5.930170416607472106e+01
6.127637286452326748e+01
6.138703438860294170e+01
5.844712546222953620e+01
5.906986330010659003e+01
6.114300477268073308e+01
6.073935322253913682e+01
5.687869290102207742e+01
5.739899331015502781e+01
5.977952033300375234e+01
5.895486545921512089e+01
6.062035055465108258e+01
5.949514220004970610e+01
6.219406945989908309e+01
5.880422764001671254e+01
6.006579981409516478e+01
6.061529542639741663e+01
6.174998299341471153e+01
5.737649652964162073e+01
6.061644590607851057e+01
6.286419771962430048e+01
5.951224237868810718e+01
5.919832885417575596e+01
6.240582358313117339e+01
5.937705220971317033e+01
6.237811932569714912e+01
6.470970152911026219e+01
5.995516233430295472e+01
6.303713704092096748e+01
5.525574497854154998e+01
5.948738074153531841e+01
6.177149945052472901e+01
5.850265909883635373e+01
6.188347013203765101e+01
6.161083972405319287e+01
6.223947294929445206e+01
5.680136357786897605e+01
6.067844076658515462e+01
6.165458031154980745e+01
6.299621804675711445e+01
5.849559552207745128e+01
6.052662547912874658e+01
6.065656199025293205e+01
6.208725519912960777e+01
5.674680781865146884e+01
5.903332013949092527e+01
5.974156716157417435e+01
6.114295869467233047e+01
6.270829532764346226e+01
6.330406921186983737e+01
5.941766137848748741e+01
6.138035331535682815e+01
6.243881792347325188e+01
6.334107831607555283e+01
5.821271362926069060e+01
6.009386227937567782e+01
6.067935608489230503e+01
6.187793975112949596e+01
5.707399087435780416e+01
5.941087878886822438e+01
5.976635986256202671e+01
6.138763203664548485e+01
6.178175732724236013e+01
6.349636085900286275e+01
6.286374124288839482e+01
5.892773625092515744e+01
6.025376218607286205e+01
6.215133245859978217e+01
6.081967157606749197e+01
5.946586399802189504e+01
5.951606181671874651e+01
6.188847185719740196e+01
6.048651968708026772e+01
6.333675333501305715e+01
6.371159772579274261e+01
5.920394745292711036e+01
6.413639077048769366e+01
6.576061999832502636e+01
6.079004708545467395e+01
6.358381741469855086e+01
6.595862240337073956e+01
6.276587109520941965e+01
6.214112843440543799e+01
5.962809680333148066e+01
6.268528541355269113e+01
6.482838289142465271e+01
5.875821089899045546e+01
6.170127291471782627e+01
6.391420467977835074e+01
6.135058161125796516e+01
6.139366188995715845e+01
6.427146475188141039e+01
6.108490898152816584e+01
6.393879108901005992e+01
5.743687365826929181e+01
6.057287648696279092e+01
6.242006147282665296e+01
5.957326486835217594e+01
6.212108795429693942e+01
6.362442760704274036e+01
6.312019213653596239e+01
5.873393678014431885e+01
6.051263778733717658e+01
6.117817396495234306e+01
6.252452014987947848e+01
5.790695011118101121e+01
5.933876635630652885e+01
6.032993094321190597e+01
6.163479585793099602e+01
6.249697632991087914e+01
6.367096211269234374e+01
5.815886573809429194e+01
5.979872618957698194e+01
6.097729167458371080e+01
6.142570197423226119e+01
6.234690011482361882e+01
6.400797242618044436e+01
6.381733793266751320e+01
5.952521778835193089e+01
6.044528835660180732e+01
6.249813181820857722e+01
6.202226208203892099e+01
6.174249816389269085e+01
5.888674137338355052e+01
6.171016401569119125e+01
6.061723279527835473e+01
6.038870042889867307e+01
6.095134341603881012e+01
6.278141500764980520e+01
6.061374584955665767e+01
5.850657252979181777e+01
5.993820594103049615e+01
5.942007356451102851e+01
6.166266568317607977e+01
6.386366062666220955e+01
6.135489647202995656e+01
6.230777977885895069e+01
5.928233859087399082e+01
6.221836944221183785e+01
6.335052298149297201e+01
5.710760110510416609e+01
6.018829651033831851e+01
6.244082653512699466e+01
5.912621704759078511e+01
5.914343416729145275e+01
6.191888951126716734e+01
6.067124841794696266e+01
6.200427917363188612e+01
5.569616831478536056e+01
5.930777742963915955e+01
6.124294172713521078e+01
5.551844247489182749e+01
5.894495531913601383e+01
6.054370368755512288e+01
5.980866811982266285e+01
5.640518324081298829e+01
5.820934851473349880e+01
5.958343869377603852e+01
6.003150283550511546e+01
5.416314511018529032e+01
5.725234393076533479e+01
5.866070567015032822e+01
5.925078848323646952e+01
6.037661512941497222e+01
6.117979799091595794e+01
5.751695117834277227e+01
5.894150705708762672e+01
6.002818989018719975e+01
6.097185648879469966e+01
5.654205135953757377e+01
5.813791299697069803e+01
5.875598137708846735e+01
5.994911560435014763e+01
5.726265593308573187e+01
5.950112572233390296e+01
5.971464518341289107e+01
5.706589735447734313e+01
5.765715612211846519e+01
5.957385038470312111e+01
5.923546447972836404e+01
5.692042243227901821e+01
5.753442946601651897e+01
5.967133381280174831e+01
5.875707858102567371e+01
5.574908878808710000e+01
5.656637315409189881e+01
5.878913616726114810e+01
5.740867515927110531e+01
5.996699342579503167e+01
6.014834331917182908e+01
5.950057894891656218e+01
5.473120812811518476e+01
5.864602861716616644e+01
5.866456934208808605e+01
5.895028491277557947e+01
6.174892113762159340e+01
5.979094578660088644e+01
5.854824535802178787e+01
5.641016029276799770e+01
5.937026948749663546e+01
6.151422298929890786e+01
5.491398891393365034e+01
5.903847710762482848e+01
6.120157346498655926e+01
5.628932695481497461e+01
6.035867230824607788e+01
6.216625733619886063e+01
5.617137692864233856e+01
6.067283312595792921e+01
5.458675135967179415e+01
5.820144071142895115e+01
5.912787756107108095e+01
5.802566631762709903e+01
5.950849234192596526e+01
6.040480738490310131e+01
5.872738347889903565e+01
5.919046229183138763e+01
6.070816881918704411e+01
6.189666201762749864e+01
5.595390630534104304e+01
5.891452335347681668e+01
5.956598377648182208e+01
6.082763726106351498e+01
5.503506517498326644e+01
5.719390198271107550e+01
5.806027842727875310e+01
5.929089919931772101e+01
6.073322929380321256e+01
6.110132892885624045e+01
6.146797345349030195e+01
5.693690311542270166e+01
5.784580479870670899e+01
5.962494968512624638e+01
5.974592842588215547e+01
5.854355081853082510e+01
6.098301962265573906e+01
6.061165340536290813e+01
5.788879736197919357e+01
5.819806964205945832e+01
6.059954765794843468e+01
5.971927963659598504e+01
5.899747532339829803e+01
5.848160075097531063e+01
6.117783329664826653e+01
5.961133450837908754e+01
6.244315517702913354e+01
6.432266831441297938e+01
5.704148665965349352e+01
6.056018034931660310e+01
6.322899598143134625e+01
6.080448441989896935e+01
6.301324801633412420e+01
5.582401359819928643e+01
6.000888343386223056e+01
6.210785208290806025e+01
5.890007469696989517e+01
6.202521131350587780e+01
6.395566798106604267e+01
5.673048919993451022e+01
6.088522356492431697e+01
6.315945196940490547e+01
6.163494977811561171e+01
6.156683865522546029e+01
6.450682323585903077e+01
6.096230988104023396e+01
6.255002449172028633e+01
5.856896357558571253e+01
6.054000705079651112e+01
6.081715502435221765e+01
6.254942742262134203e+01
5.738652617990173610e+01
5.994188083390025668e+01
6.093028361336213550e+01
6.206095415847870811e+01
6.324747199142701959e+01
6.431111434755788991e+01
5.867833771893006656e+01
6.116220741662056071e+01
6.234200396096678531e+01
6.350129645035560344e+01
5.920376876508514385e+01
6.094207481525909742e+01
6.218374894155549271e+01
6.298702873047036377e+01
5.925945392691096458e+01
6.158891124491551494e+01
6.184379678679357539e+01
6.332287518356719147e+01
5.797117540776634570e+01
5.995277061232363991e+01
6.033359517063696842e+01
6.177773931956754438e+01
6.308220475339473410e+01
6.272395216416641262e+01
6.420609212953237943e+01
5.842230452565732435e+01
6.094234562744258454e+01
6.048796207595916030e+01
6.264170157434675446e+01
6.449157494675604596e+01
6.270515778638494453e+01
6.353943818034720437e+01
6.158071979184001066e+01
6.452148096871492555e+01
6.336954934000821282e+01
6.100801633652997680e+01
6.400866244055740140e+01
6.143222744553207093e+01
6.443489425133066106e+01
6.011294858275662989e+01
6.299191604211812034e+01
6.519337281357893232e+01
6.075416616826902327e+01
6.328932331573297887e+01
6.555086467079486567e+01
6.089009138836639323e+01
6.363031405327600254e+01
6.576062003808878842e+01
6.224018443985749371e+01
6.475887075195589659e+01
5.848981236030284947e+01
6.169282158655322945e+01
6.372641993002631722e+01
5.939491314662060262e+01
6.208726484287795699e+01
6.223520224688279967e+01
6.378082671634128076e+01
5.894203432864722458e+01
6.113413379491989730e+01
6.258995911153252933e+01
6.240485592562962580e+01
6.371284672896355517e+01
6.459029370428453376e+01
6.104962325603931106e+01
6.266615081590398972e+01
6.368122615027120759e+01
6.484865965348338079e+01
5.847278644754256760e+01
6.097278729864062541e+01
6.229912761169499191e+01
6.327157561857953993e+01
5.942270199289857402e+01
6.138388995911059709e+01
6.180336411293095722e+01
6.246444778348327276e+01
5.900248058254167205e+01
6.004351010391734178e+01
6.158121650936940483e+01
6.161084394064022973e+01
6.374020386058595733e+01
6.322376857691218532e+01
6.329409726851950069e+01
5.659200863956292693e+01
6.032513057035659898e+01
5.938716794492736284e+01
6.195944906595040180e+01
6.324385421487517789e+01
6.169536767491651119e+01
6.350608987121046312e+01
5.831956269100525958e+01
6.131361397620180753e+01
6.167917340310797414e+01
6.113041138105267436e+01
5.864503910120984642e+01
6.188944231781898964e+01
5.946356098563475712e+01
6.228675580130412470e+01
6.457135582746805369e+01
6.153334106711280072e+01
6.094275209441379104e+01
5.845003123285326296e+01
6.127559483699771192e+01
6.324815570900226902e+01
5.645748298567335155e+01
5.989106977606228099e+01
6.203791602155755669e+01
5.948424739400252292e+01
5.944990822778568429e+01
6.232086936164630941e+01
5.896022790841893624e+01
6.175582883369953180e+01
6.346660795478756967e+01
6.126694112355085764e+01
5.877269346042115927e+01
6.116691578323072775e+01
6.198352369143174911e+01
6.238099973154039191e+01
5.655840735651094775e+01
5.956195545746460596e+01
6.091668331667466418e+01
6.177403160976633245e+01
5.704314623840571130e+01
5.862201133372217043e+01
5.957517700238006597e+01
6.047429572701512512e+01
5.473881911102780862e+01
5.731349129504569362e+01
5.812402758099057110e+01
5.918980934294497587e+01
6.041578251159285173e+01
6.105354381019313337e+01
5.760011676794795932e+01
6.016372168850139701e+01
6.055525891301788732e+01
6.171295769305512380e+01
5.842891545580787493e+01
6.096682966037157314e+01
6.070339629533326331e+01
6.135451003762150890e+01
5.608727804129967609e+01
5.870434687175120558e+01
5.809041326124534521e+01
6.035929039987592404e+01
5.770326860907649547e+01
6.023920417602678157e+01
5.904977662697675811e+01
5.850345743008827526e+01
6.062890231308955435e+01
5.859221325412462988e+01
6.110142173761975215e+01
5.470448337466007871e+01
5.843725805389083661e+01
6.041250352333091911e+01
5.782197078742002105e+01
6.067274889970657625e+01
6.275541353966025326e+01
5.510782736482037336e+01
5.949222759097534663e+01
6.180451560383424692e+01
5.864431350851109670e+01
5.924034456623432021e+01
6.198867998398571189e+01
6.077700948693176741e+01
6.141182974310365239e+01
5.758478865279462866e+01
6.046789108317724271e+01
5.932684487155530206e+01
5.754687597348078754e+01
6.073956032642636416e+01
6.174329173228422718e+01
5.754784252150186319e+01
5.808642663366070025e+01
5.995233890511860864e+01
6.165046148391121505e+01
5.633378062110583784e+01
5.959470661831238658e+01
6.090140456821391268e+01
6.115021754039652535e+01
5.648217630445674331e+01
5.926207826882252050e+01
6.000894657818722067e+01
6.095434723955310830e+01
6.200567721088425088e+01
6.314169081355021973e+01
5.773934896145443929e+01
5.926030629703024033e+01
6.065025689882204318e+01
6.101473877893960207e+01
6.150958507122300745e+01
5.662038255138642739e+01
5.775475818981036724e+01
5.950246881680262589e+01
5.958955291599890103e+01
6.161222908417143884e+01
6.132198714437183895e+01
6.123467097764734746e+01
6.031331553868059103e+01
6.286035624238731856e+01
6.185858869734891385e+01
5.834231356544633229e+01
5.867502691283999638e+01
6.132395327084218195e+01
5.990357434011943383e+01
6.166416221650697338e+01
6.112781658979415056e+01
6.372983310019722580e+01
5.969831515641330100e+01
6.142083184762037007e+01
6.426296536918165714e+01
6.138812973496593628e+01
5.988929100546909012e+01
6.327644212201468576e+01
6.025078480730641672e+01
6.341342670410400473e+01
5.613970580809284172e+01
6.036031131174926401e+01
6.268433103308115051e+01
5.909897346025280029e+01
6.212207394805793825e+01
6.300159518008582893e+01
6.042433143183745159e+01
5.999609776515977444e+01
6.308293249899456612e+01
6.160042622370407628e+01
6.324647333130006643e+01
6.544447496793543451e+01
5.898517741120448221e+01
6.268087636783381811e+01
5.929005392908074157e+01
6.152629585884311325e+01
6.198376190205080150e+01
6.269984524504758383e+01
6.427718626268989510e+01
6.484061290919235887e+01
5.971214401531330651e+01
6.223291583464573762e+01
6.370699098366119983e+01
6.442091787116257251e+01
5.876653031971905250e+01
6.063644697159639207e+01
6.184786893011702347e+01
6.272482837965871738e+01
6.240051410351644989e+01
6.421041244279572879e+01
6.448734961690759349e+01
6.030015030730208991e+01
6.153832008374477880e+01
6.349879349834040454e+01
6.334795015411427244e+01
6.071033867926033167e+01
6.121978721668895673e+01
6.319194166972843618e+01
6.290959033162199887e+01
6.007541342845662768e+01
6.267513963711386538e+01
6.178707945008487457e+01
6.393615897297240735e+01
6.588259550195624570e+01
6.393503208224873191e+01
6.162035019999892427e+01
6.090091413388708474e+01
6.379366339842539446e+01
6.228401067175464334e+01
6.267101410419182628e+01
6.524289139608558230e+01
6.273764089725706583e+01
6.555613475182045136e+01
5.919696748169131695e+01
6.269050817555918087e+01
6.453434922523545936e+01
6.128309829325939262e+01
6.129318740945006283e+01
6.422913678337485521e+01
6.089523951354783549e+01
6.368250494956465957e+01
6.584876208840005063e+01
6.116896006245517725e+01
6.545917600417462268e+01
5.871321061831976351e+01
6.178775188837671806e+01
6.384404429325478247e+01
5.954259563645990028e+01
6.240653711384589997e+01
6.176649809505921951e+01
6.428176062684072178e+01
5.880672012479164579e+01
6.098593999074142857e+01
6.209667532511773658e+01
6.320329906481337190e+01
6.418765656243800777e+01
6.536990924392378588e+01
5.990640971234299172e+01
6.210673590485232864e+01
6.317872074683949535e+01
6.426400608877969489e+01
6.010461625001781272e+01
6.146626131975041574e+01
6.263344683741832597e+01
6.346266911943889966e+01
5.981286190201648623e+01
6.162625681484084339e+01
6.190818883036377684e+01
6.356611123290991117e+01
5.808333023624563651e+01
5.987866182768964762e+01
5.995035503622533923e+01
6.094582664098869884e+01
6.277577993801548928e+01
6.231141757657972846e+01
6.362276073624042994e+01
6.508153200447097220e+01
6.399014394873577061e+01
6.047469913083187265e+01
6.039890591852732626e+01
6.306396996987278669e+01
6.154378925408401102e+01
6.360296519991013042e+01
5.806870074585060593e+01
6.103175529331733173e+01
6.064776463521382510e+01
6.265377459219376988e+01
6.484728608027189978e+01
6.229956199743391920e+01
6.186201854139972767e+01
5.974677824875634968e+01
6.254093217190118992e+01
6.415688361241900850e+01
5.756056967270112068e+01
6.059846775875359981e+01
6.286503372345801210e+01
5.954825684244327277e+01
6.037821149985005320e+01
6.293390496877535156e+01
6.112569453443683187e+01
6.087460362904943167e+01
6.378130791104134545e+01
6.024668908657447730e+01
6.275979638330770172e+01
5.494909424223462935e+01
5.904113289789418673e+01
6.085629271040897237e+01
6.098541783940180494e+01
6.237821855790848957e+01
6.379096440579938587e+01
5.868936151353526753e+01
5.967318694704321302e+01
6.111815985275092089e+01
6.237131817020945590e+01
5.875304446055336172e+01
6.079906926587884186e+01
6.155333096636942969e+01
6.230293158401722309e+01
5.676682141433956730e+01
5.851678428154079370e+01
5.935658503576804179e+01
6.042905586265763418e+01
5.587467214147624617e+01
5.711184967206475704e+01
5.823941852949521092e+01
5.887109664502118278e+01
6.031547654461318331e+01
6.060102099072329906e+01
6.102936244322000903e+01
5.732496750037424249e+01
5.984927568240322415e+01
5.961548401946561881e+01
6.111374731881625166e+01
6.106671916021659285e+01
6.306743087511232915e+01
5.905866248005729346e+01
6.113047442503864914e+01
6.152522171799520834e+01
6.183961545859827424e+01
5.548181288503523945e+01
5.973739463843622843e+01
6.027022643737348773e+01
5.940561504520764657e+01
5.841973613592001868e+01
6.094075433391208918e+01
5.861129681767297939e+01
6.129099452964440076e+01
5.530166994467001018e+01
5.902505496790821127e+01
6.111301131722072455e+01
5.786978821369306303e+01
6.072398196897163558e+01
6.216296804001507326e+01
5.557662255395555917e+01
5.981760639550161329e+01
6.195822368907641930e+01
5.753907604682294874e+01
6.216613183153311439e+01
6.360922722528472661e+01
5.697745907477475669e+01
6.133339420793462438e+01
5.268091224481938184e+01
5.769705617774683759e+01
5.958972271382555164e+01
5.951845757988538566e+01
5.681048011822812782e+01
5.893001976458890567e+01
5.967051354700927135e+01
5.764141303366405111e+01
5.890046394982692846e+01
6.005942647756170771e+01
6.084190890627223069e+01
6.245322604147943935e+01
6.278193886001113810e+01
5.808999367511405154e+01
5.960158114211814961e+01
6.081657866213350871e+01
6.192095990325795185e+01
5.876298416394502766e+01
6.086507368783139782e+01
6.135075617620052668e+01
6.253195992439383133e+01
5.623792664702492772e+01
5.867543481135596295e+01
5.900512070494677630e+01
6.079820785714507991e+01
5.864424183044340566e+01
6.125763865949277687e+01
6.090136724231319221e+01
5.805834204339432603e+01
5.837727897218555029e+01
6.076542739305416063e+01
5.988969277581157513e+01
5.960150337619847249e+01
5.895623231253438945e+01
6.165825335606113100e+01
6.000391473365176864e+01
6.285442388432591798e+01
6.452909436495103535e+01
5.706599866320108561e+01
6.060071754535343302e+01
6.329321004953666119e+01
6.085363392352419964e+01
6.310204669474697425e+01
6.583276788357366627e+01
6.204783034373406991e+01
6.221965747106136035e+01
5.966654409208634746e+01
6.277829681578148069e+01
6.384400084586942370e+01
5.940147521089878779e+01
6.260168993157694217e+01
6.376242016946199698e+01
6.054585240404956181e+01
6.164977726702653626e+01
6.420841703389498889e+01
6.161478026880150338e+01
6.235667081065825101e+01
6.520184204484340285e+01
6.190312233828399258e+01
6.309879695515656550e+01
5.896919068634817762e+01
6.103502476282335465e+01
6.274142503885403954e+01
6.187634425506991676e+01
6.056009600504906132e+01
6.187946013099612941e+01
6.309390468511260508e+01
6.078975780999147105e+01
6.265784425482257802e+01
6.379671545777969044e+01
6.325010390056923626e+01
5.891414988022582833e+01
6.062888642664659500e+01
6.185428642336284355e+01
6.246281106930853610e+01
6.317001919732628323e+01
6.460996006158750049e+01
5.961302397381620466e+01
6.179109578639398137e+01
6.226580920665568897e+01
6.409222105905678291e+01
6.292639605549361193e+01
6.536430003825603308e+01
6.510835589140974378e+01
6.134771603857033284e+01
6.174213850169589080e+01
6.397869073431654385e+01
6.340773438283295604e+01
6.390666274314441608e+01
6.391007649546980218e+01
6.629201460106465049e+01
6.284326165637967421e+01
6.262637900552223869e+01
6.270359461640796894e+01
6.541038906413793086e+01
6.264485387538319827e+01
6.576478724679608945e+01
6.648683681839956705e+01
6.032157095536347668e+01
6.393442545599069149e+01
6.641470412687336022e+01
6.320467891493470347e+01
6.266198767654307744e+01
6.008788350258491562e+01
6.326477893733292035e+01
6.542436486040503496e+01
5.905007799377180788e+01
6.209129566113209364e+01
6.443116849563459425e+01
6.149594234515605962e+01
6.162819166933626036e+01
6.463953376687815933e+01
6.170775677780424928e+01
6.436558243495515796e+01
6.654426030859103491e+01
6.083374043543010856e+01
6.500393426136827202e+01
5.926773221260437197e+01
6.161400964474172781e+01
6.310586896123093936e+01
6.336610597492379071e+01
6.455509756353646367e+01
6.583721826516942599e+01
6.045301643181558404e+01
6.287757889328244687e+01
6.408245896755219917e+01
6.529606378943020673e+01
6.053487627580364716e+01
6.206304324693343233e+01
6.315218561198162206e+01
6.418772781503929536e+01
6.034708831045607980e+01
6.245847586718986832e+01
6.296415320488111433e+01
6.418387769923666042e+01
6.558518152799211975e+01
6.574426650375427528e+01
6.115950651006966865e+01
6.208412869122118849e+01
6.431592846383361461e+01
6.387080822310841910e+01
6.349704124844365793e+01
6.115851173175790478e+01
6.413256159419667313e+01
6.288110834678138161e+01
5.950180786589915272e+01
6.009403516932639633e+01
6.262908072435402573e+01
6.128879544858313722e+01
6.329378286603147785e+01
6.523320266218553343e+01
6.290096918190431552e+01
6.153649076821545805e+01
6.433715529525058230e+01
6.185591494151542236e+01
6.491067298623880788e+01
5.921097774909869571e+01
6.232974666643440287e+01
6.413227295045696508e+01
6.075632843110634695e+01
6.379870762976366905e+01
6.563753705114392289e+01
5.927789981615978832e+01
6.263960340362832113e+01
6.494085357893985133e+01
6.196798635637885155e+01
6.233447956864375783e+01
6.527326551026541779e+01
6.191484224480411314e+01
6.442570158345050402e+01
5.821196729545751225e+01
6.166113145846097865e+01
6.336769903852609787e+01
5.926396864925929009e+01
6.299781751243676808e+01
6.404308135310530758e+01
6.419882456074543597e+01
5.915079063639759482e+01
6.122923777690714076e+01
6.201910657493537116e+01
6.388682080446811540e+01
6.463536050124464793e+01
6.588910237772917355e+01
5.998736944286088146e+01
6.214856048898830920e+01
6.313559078751628562e+01
6.442579275433685382e+01
5.901942533709079441e+01
6.059796642446659121e+01
6.200619773213962560e+01
6.271094917413285685e+01
5.958916843210280945e+01
6.066944399952406997e+01
6.233863373403411146e+01
6.268099786589712608e+01
6.476246693580932856e+01
6.460379143340243502e+01
6.107079607458295101e+01
6.161992578705987711e+01
6.398963919575042780e+01
6.335044144682912304e+01
6.318836680545688722e+01
6.213242608118467558e+01
6.483519846488476901e+01
6.343426947874373667e+01
6.037101718500903758e+01
6.225027183771609174e+01
6.207175392584037610e+01
6.444225629530247090e+01
5.870212813430060805e+01
6.210668843196684463e+01
6.447991331349368238e+01
6.175518925797180003e+01
6.116680201719050558e+01
6.440570294210519364e+01
6.151562204805546230e+01
6.413907447338065992e+01
6.676590573527120398e+01
6.098378633865144849e+01
6.479605966288627883e+01
6.714030809604287242e+01
6.223183339810147174e+01
6.534397904612474406e+01
5.788474914479308353e+01
6.249929010386325245e+01
6.485089521759938691e+01
6.014665513551351239e+01
6.307206871230667389e+01
6.492518757755566128e+01
6.271718121619353781e+01
6.025908483306671570e+01
6.257439672811924680e+01
6.426435475317778412e+01
6.366120727604621976e+01
6.012825027359663466e+01
6.308218290981213983e+01
6.453357723629697773e+01
6.247149878361936715e+01
6.509675934646118378e+01
6.577965779185788620e+01
6.216991043390048333e+01
6.431692810842540098e+01
6.556562192394524402e+01
6.647756145021330099e+01
6.116213108140414789e+01
6.279446669679938964e+01
6.439355075302634646e+01
6.467740378444456439e+01
6.221181354101974392e+01
6.492871306544375898e+01
6.522075465546376449e+01
6.486751624873284072e+01
6.509833414375628990e+01
6.736324602159636754e+01
6.526788709548561940e+01
6.279818577355698750e+01
6.551487211727409488e+01
6.450825519935396812e+01
6.604355031252018193e+01
6.580343413883407777e+01
6.844945739036727161e+01
6.511414245953500313e+01
6.542827483938899036e+01
6.573894554725383443e+01
6.836068860652628132e+01
6.426860088936165027e+01
6.634135921897457422e+01
6.858386975190248336e+01
6.470009450061927225e+01
6.656313750554157593e+01
6.920893275623286911e+01
6.622230786691390847e+01
6.562371649171214472e+01
6.912652778619398930e+01
6.578444073184077467e+01
6.897598165821864313e+01
6.113797353391626643e+01
6.554268347963156316e+01
6.801065048172260674e+01
6.418282329286198262e+01
6.468852619556881223e+01
6.773859330242919441e+01
6.702479092427149965e+01
6.559168136865004328e+01
6.870693495531922679e+01
6.898337785157258395e+01
6.409137065255517030e+01
6.781476339790249597e+01
6.814461199255572410e+01
6.887085589050246881e+01
6.348211629750963425e+01
6.601561095291673098e+01
6.727803284508553361e+01
6.855362876665408578e+01
6.237907255119478833e+01
6.522111055152882386e+01
6.652784497394539187e+01
6.783458686895275491e+01
6.934134686938496372e+01
7.007764783361696459e+01
6.613137698499056683e+01
6.796842695259977063e+01
6.986217656582574875e+01
7.000918150394383588e+01
6.459869776069032810e+01
6.699997323596507215e+01
6.737087608816074180e+01
6.919935046874851992e+01
6.509126068244573560e+01
6.844239360916780868e+01
6.804209292074102677e+01
6.978951978769224240e+01
6.936237464198171665e+01
7.174505967219469937e+01
6.725257606943313249e+01
6.901583211948900498e+01
7.097684369306334418e+01
6.941250252393167841e+01
6.637308422077515502e+01
6.671777882060737852e+01
6.947905097681949371e+01
6.762394216112977574e+01
6.802535967284129015e+01
6.917761850914418176e+01
6.864314889491622296e+01
7.063903974230336758e+01
7.297489904875209277e+01
6.958431656809969468e+01
6.871029765966828506e+01
6.631621427358275866e+01
6.972887659106199010e+01
7.193769021883669268e+01
6.521659464069198009e+01
6.879564267960058999e+01
7.122693048226818746e+01
6.725648662442907266e+01
6.766940675689278351e+01
7.063869465681523252e+01
6.947401245079909415e+01
6.977060690291071410e+01
6.551895442001385561e+01
6.847511666622079929e+01
6.809793986480498518e+01
6.865332896393481121e+01
7.112299409857524779e+01
6.960860833846535911e+01
6.637958713084971407e+01
6.871462069420120145e+01
6.983013837495020937e+01
7.083659176587904938e+01
6.593009225047329380e+01
6.756561771746868317e+01
6.887399829342639634e+01
6.977906643542206666e+01
6.482408430840175129e+01
6.694182573497913324e+01
6.795454461200533558e+01
6.886704681908240389e+01
6.429150829247575416e+01
6.620280559606599979e+01
6.688940272838669898e+01
6.829351158392576338e+01
6.959809376830517635e+01
6.976325221187244097e+01
6.640792061487898934e+01
6.744916019062510770e+01
6.980547921071031681e+01
6.924662249991189356e+01
6.459290012113096680e+01
6.812099835699274308e+01
6.737675525678088206e+01
6.904683828920758515e+01
7.092397455478415225e+01
6.948616735243857079e+01
6.685873759329393806e+01
6.632202782315476952e+01
6.945677477513055464e+01
6.750843383328916048e+01
6.943524769738939995e+01
6.500363515530010261e+01
6.775967089698382040e+01
6.930817169960410240e+01
6.473521096601687930e+01
6.754288336988874164e+01
7.019972655859689326e+01
6.644416408712258715e+01
6.638852132817739005e+01
6.948284539310748187e+01
6.613883679263355475e+01
6.889670124370474014e+01
7.122046035851521140e+01
6.576441271341013817e+01
6.934024759310906916e+01
6.227421186159285327e+01
6.587814503216924322e+01
6.810508301032129452e+01
6.468550783398883652e+01
6.763961441715606782e+01
6.715259185782372242e+01
6.838690713932140852e+01
6.431343708977351525e+01
6.657916406797602349e+01
6.638830965277561802e+01
6.784317665205563230e+01
6.296973371855766999e+01
6.481292561783850203e+01
6.608180284271296046e+01
6.684300521305162590e+01
6.864882829407866893e+01
6.791354697735211232e+01
6.477920061933942009e+01
6.652978578843307389e+01
6.795848642294579633e+01
6.642386639684143290e+01
6.646819260325693790e+01
6.832670942514130275e+01
6.890738864719828882e+01
6.363128427273969123e+01
6.491223198856064869e+01
6.689616454583978111e+01
6.689655740416138485e+01
6.552719590043800224e+01
6.791176191193700618e+01
6.785561490198450940e+01
6.518684772836283514e+01
6.531694744144498088e+01
6.773171465530226953e+01
6.698549365667250299e+01
6.337763634939278035e+01
6.399395426064218384e+01
6.652712445690505660e+01
6.531934214724054755e+01
6.559891657316697433e+01
6.568568011274231822e+01
6.825426997338055912e+01
6.490769799933944739e+01
6.785921217238340830e+01
6.889500087375878934e+01
6.293176962612638903e+01
6.671220528144165485e+01
6.927943594263426519e+01
6.625179602755844144e+01
6.542541856781002707e+01
6.889232096043983233e+01
6.559800295048528085e+01
6.856164865657601126e+01
5.956212799134993929e+01
6.493815723478421376e+01
6.743324791886954017e+01
6.350523981504252902e+01
6.653643386751400612e+01
6.611047248134967447e+01
6.655094846759840266e+01
6.221508635536236653e+01
6.624296516399016355e+01
6.628808695549604124e+01
6.376976361727631115e+01
6.704576391677225899e+01
6.712757689970159447e+01
6.573502047567178863e+01
6.498448332726499643e+01
6.691872403314499707e+01
6.875467075939019423e+01
6.290658420384967542e+01
6.468138821303257657e+01
6.653783088880010155e+01
6.737109735686492229e+01
6.265599310913025732e+01
6.455236272365885952e+01
6.592637148448798712e+01
6.712014538334389613e+01
6.202761274933560998e+01
6.411601233498710428e+01
6.521046669069599488e+01
6.669671527954479018e+01
6.698126098843945897e+01
6.886728983159279949e+01
6.404444698781189516e+01
6.667450812617131817e+01
6.677543842699668630e+01
6.913497647631189125e+01
6.308168434470474040e+01
6.639669109048796258e+01
6.604984937663731159e+01
6.856430899247742161e+01
6.283564018323640710e+01
6.617870173656504562e+01
6.531678361734407190e+01
6.802900488193760964e+01
7.062801148634500237e+01
6.822860923731106197e+01
6.619640114510997364e+01
6.495488065843683501e+01
6.836482069638091730e+01
6.747123790323306025e+01
6.746256007285467149e+01
7.061919243428651782e+01
6.752468372815729936e+01
6.981021249558365582e+01
6.421981651982299866e+01
6.807128386645301532e+01
7.041496701096804145e+01
6.301697959646874381e+01
6.761237842912909457e+01
7.025334516612075220e+01
6.568195636875023524e+01
6.730312381500532126e+01
7.027176974859051484e+01
6.805962866348731666e+01
6.919942936989191651e+01
7.216868505148794100e+01
6.620749518954100665e+01
6.995303870285019343e+01
6.175353264551988275e+01
6.665030611879632261e+01
6.867329595287176858e+01
6.754174800979312465e+01
6.966780509305624491e+01
7.146676835329277822e+01
6.591343278342898770e+01
6.895667881120176901e+01
7.047178488023237719e+01
7.167369978384486728e+01
6.564337550112283282e+01
6.813005884356113029e+01
6.947481694805527752e+01
7.007717958383470602e+01
6.576187937613261170e+01
6.769769151893942194e+01
6.976356124132088610e+01
7.010558062688029679e+01
6.457086916665105036e+01
6.719339600402463475e+01
6.764993271397676722e+01
6.965031975974287093e+01
6.995143255957798090e+01
7.230787000649088725e+01
6.796244807621826567e+01
7.075675534244344078e+01
7.049291041131452573e+01
7.257226642136352268e+01
6.604582640005347116e+01
6.933055663171991512e+01
6.880793826897293286e+01
7.158918588544278805e+01
6.739717501358094864e+01
7.047177627330088967e+01
6.970228321942553862e+01
7.099213350126068178e+01
7.296390717042586971e+01
7.008979229514078213e+01
6.923989820573143561e+01
6.732079375608832095e+01
7.082327988149681630e+01
7.334317993926848089e+01
6.619611900093727286e+01
7.024267209119682320e+01
7.293046210946587848e+01
6.909271107489050223e+01
6.917261198635677033e+01
7.260016726769811157e+01
6.863764254258552455e+01
7.182059965343641750e+01
7.425186599980082747e+01
6.873525460915683993e+01
7.300413909855622308e+01
6.687455404092676758e+01
7.057285258411403106e+01
7.229046650605951641e+01
6.674198456006375579e+01
7.031073521605679844e+01
7.076827513822756544e+01
7.240406907786655211e+01
6.730983748631716423e+01
7.030252778309535699e+01
7.059007577454806892e+01
7.209772241482370703e+01
6.688120954348461566e+01
6.861471882587213145e+01
7.007639315883301379e+01
7.152657862940147027e+01
7.248696589241551180e+01
7.410870441183102741e+01
6.834112166315151171e+01
7.039092289173754580e+01
7.191243921070035583e+01
7.234008138965282342e+01
6.712146715620860959e+01
6.900390559039473715e+01
7.093968254326610179e+01
7.132227639019755827e+01
6.635098751015817697e+01
6.947705796217803709e+01
6.951578459451128822e+01
7.166884049515553556e+01
7.218041763090855056e+01
7.423160361650565164e+01
6.779733929678334903e+01
7.043236118594020923e+01
7.235934855342684102e+01
7.058128374389957571e+01
6.802357647929649431e+01
6.892049753711567917e+01
7.213797539547195470e+01
7.006390525139548231e+01
7.100778493210189879e+01
7.154573917110117520e+01
7.270652720940002212e+01
6.883745975378519688e+01
7.204021441586050400e+01
7.467849677112033646e+01
6.872279182035153156e+01
7.195288400549463859e+01
7.463419844784871771e+01
7.052275327161932239e+01
7.100828600009069191e+01
7.428147074764594038e+01
7.055747484374734313e+01
7.275345382988925280e+01
6.832118815678795443e+01
7.139867079201624733e+01
7.129050193620295772e+01
6.849724707096029874e+01
7.177887670361242556e+01
7.217894952561314881e+01
7.010607912255004237e+01
7.111261674404762800e+01
7.396911306617758441e+01
6.955937271556048529e+01
7.123548374898288671e+01
7.343416590104770592e+01
7.341622031503656842e+01
6.896165419278727882e+01
7.073165984055424360e+01
7.219767309225881036e+01
7.387050726269664835e+01
6.774418920432708546e+01
7.026940849848763548e+01
7.159992846027903113e+01
7.260944794894508902e+01
6.665132441285271625e+01
6.901924695237572394e+01
7.063374920310286598e+01
7.158423754591800048e+01
7.377196534132231420e+01
7.394922045021540669e+01
7.038656801335926616e+01
7.251294336794730100e+01
7.279488229547324352e+01
7.489647585699628962e+01
6.872683520839063931e+01
7.005744596970417604e+01
7.256648991294208884e+01
7.195252894891117990e+01
6.824998432121303438e+01
6.852066290656966885e+01
7.148112326345386691e+01
7.047121709096238362e+01
7.070983560417013791e+01
7.032883097648000614e+01
7.325370371365660560e+01
7.038547238889547941e+01
7.351681212499795492e+01
7.521587110814566302e+01
6.743683540658695108e+01
7.134095916367947154e+01
7.424152393932853045e+01
7.157196641179660901e+01
7.147982235509665827e+01
7.478467320771318327e+01
7.139005420511071520e+01
7.410939701530773505e+01
6.773997042208921471e+01
7.198050914580676363e+01
7.445481419089622932e+01
6.783363414585613782e+01
7.200983401977556753e+01
7.450838024069949483e+01
6.730214093850993606e+01
7.211431699124567274e+01
7.446423108255194734e+01
7.084164038697635135e+01
7.267045531063149610e+01
7.541512545264741618e+01
7.153215174420731159e+01
7.419692798484115315e+01
6.932774429774373459e+01
7.138760919613048372e+01
7.381328843947724749e+01
6.699537285247987484e+01
7.029975583476154100e+01
7.201407745387335524e+01
7.365962707517637398e+01
6.898897159563317416e+01
7.103920855170927950e+01
7.267261543408707780e+01
7.303865586223416528e+01
6.949135849635372608e+01
7.173434678198684367e+01
7.245569499311856987e+01
7.412853288620951275e+01
7.442189973080562027e+01
7.686080360240362097e+01
7.018150626127427927e+01
7.264112919115542866e+01
7.420988114596906371e+01
7.355507452093263510e+01
7.123338211560668753e+01
7.186561628306888849e+01
7.462229490579663604e+01
7.404428574405640973e+01
6.957365048452959400e+01
7.318742154021261115e+01
7.179801022392044274e+01
7.480095603030680707e+01
7.733249087277143019e+01
7.484162346748694006e+01
7.277730419335796341e+01
7.169109382984751733e+01
7.521989900607860591e+01
7.415674463367480485e+01
7.390710393424015479e+01
7.690502458161212473e+01
7.377439381537206486e+01
7.558418999316603504e+01
7.234510327438582067e+01
7.617829245790024117e+01
7.550468957090750166e+01
7.226868802123087221e+01
7.607272887076960899e+01
7.713373667174113280e+01
7.350281268739128393e+01
7.336950415928568248e+01
7.696370550262520283e+01
7.286364357510140621e+01
7.533899272981076933e+01
7.821944594954533159e+01
7.548144523121774796e+01
7.767412557839531928e+01
7.240620778160560178e+01
7.549797431160384065e+01
7.580268535014484144e+01
7.321734242664413728e+01
7.655268259596209646e+01
7.785223336530206950e+01
7.316039116231584671e+01
7.492399638113349170e+01
7.671475453950907308e+01
7.827026342696561301e+01
7.246805206581279890e+01
7.549651061338190061e+01
7.695475680105504068e+01
7.787705819747668556e+01
7.204173525655846788e+01
7.479231502460588388e+01
7.584594759158255783e+01
7.773630693756538790e+01
7.968613328725511735e+01
7.855222974899557187e+01
7.432466538836898451e+01
7.607997244188453578e+01
7.868087255968804072e+01
7.874988702334184154e+01
7.298019143445176837e+01
7.451595246985995402e+01
7.772444915108246732e+01
7.686067959322186027e+01
7.334317692620618345e+01
7.405490640845481209e+01
7.708225816743173198e+01
7.624543698593852525e+01
7.440327576235148399e+01
7.427976351928012377e+01
7.746516037558127721e+01
7.556969564099878767e+01
7.915012591637213291e+01
8.129942152959864643e+01
7.402707039504431918e+01
7.771646221972427782e+01
8.050185453515537404e+01
7.702914391392647531e+01
7.630111522990381445e+01
7.934518486155373296e+01
7.570152884954153194e+01
7.944872745073179487e+01
7.257115107997869075e+01
7.703900765513631654e+01
7.991328250704572156e+01
7.450716709508751023e+01
7.809447532291432026e+01
8.051423277967666081e+01
7.380267854153960627e+01
7.776049864856825877e+01
8.033761172265829487e+01
7.692245519445134505e+01
7.983034436217408825e+01
8.191590205855693796e+01
7.605522578250609911e+01
7.959233935874468102e+01
7.312803411607883675e+01
7.658561333762905576e+01
7.841818998972505028e+01
7.689133800167169852e+01
7.983470193989289498e+01
8.093481573892400149e+01
7.538526157302135289e+01
7.781287345071261541e+01
7.972071085211480579e+01
7.906069283916940549e+01
7.883795740103214200e+01
7.347970072532793040e+01
7.622645710275776310e+01
7.741642451720203155e+01
7.908869178052283644e+01
8.131526769820510481e+01
8.091664344019135058e+01
7.550532380189842740e+01
7.680139310931407692e+01
7.971444998159034867e+01
7.944761735150362369e+01
7.504099665654931073e+01
7.627549455848961202e+01
7.955708794714053056e+01
7.877279495280160404e+01
7.450122899235771001e+01
7.564183451385372337e+01
7.914534266203563107e+01
7.788494064778294046e+01
8.144267666131997885e+01
7.979004756861954206e+01
7.763033558845079085e+01
7.639447002656470431e+01
8.010401962167594547e+01
8.102477256856306553e+01
7.491743829412337163e+01
7.858007048949195905e+01
8.162974501245285808e+01
7.847215890483654732e+01
7.737525093043862512e+01
7.925754103451545518e+01
7.952301093385133868e+01
7.804917631334221539e+01
8.140385327911150171e+01
8.171056093970209133e+01
7.809468086377255247e+01
7.876407437567058878e+01
8.235808841786172252e+01
7.798027153779058551e+01
8.002016625267741290e+01
8.311103698995512445e+01
7.836610066640285766e+01
8.148960648129536821e+01
7.479718999517264422e+01
7.866511652429410617e+01
8.101827359239801751e+01
7.450254424914260198e+01
7.909557582665364350e+01
8.124077419590129523e+01
7.771888116529264323e+01
8.096934377421781903e+01
8.268986622323384950e+01
7.848782651779812625e+01
8.069639511070599269e+01
8.274749908825097577e+01
7.983822234038720467e+01
8.248482990136105286e+01
7.607359330392081631e+01
7.884002946388626754e+01
8.047091129890638683e+01
7.938687162243910223e+01
7.905669758270511238e+01
8.190635379248018921e+01
8.194273524593549496e+01
7.610343039186511760e+01
7.967220724560648648e+01
8.021624197156711489e+01
8.227173022086707022e+01
8.452590705814675687e+01
8.358507707440482193e+01
7.811901610122490069e+01
7.969377918388734372e+01
8.335614190854309413e+01
8.153785476860544179e+01
7.853544422238672951e+01
7.840245429402817479e+01
8.198657018263077134e+01
8.159913898628646223e+01
7.896630709822693461e+01
8.051353996632080623e+01
8.354317115735169352e+01
8.113039156983045075e+01
7.897474411490387070e+01
8.107258668385324540e+01
8.132358102681885725e+01
8.147580254282314627e+01
8.496218556034948222e+01
8.204501144688430259e+01
8.432112759199786467e+01
8.680283666182550917e+01
8.118302920759381891e+01
8.564202783050335199e+01
7.763527450016542275e+01
8.252542892655689855e+01
8.558031537285344825e+01
7.986907642129004614e+01
8.385138042165949912e+01
8.591780196695374627e+01
8.084847097368718494e+01
8.270072593506876046e+01
8.589612618945220390e+01
8.295139286541954959e+01
8.560486733465990028e+01
7.812717550083927165e+01
8.277628204913294496e+01
8.476652722207742841e+01
7.971275959412254508e+01
8.173553138126969486e+01
8.445310015603773479e+01
8.293791819699795553e+01
8.212543942429793731e+01
8.465049437281825817e+01
8.576985090153242197e+01
8.001646278640055243e+01
8.372071575629253459e+01
8.592389370755174127e+01
8.581365790047068742e+01
8.025460852626632402e+01
8.342238703440494874e+01
8.423359700287791441e+01
8.673955085418370459e+01
8.706991751514459565e+01
8.837930678535472850e+01
8.328647920393096626e+01
8.589359187155827158e+01
8.841734268294520405e+01
8.686317556999239287e+01
8.373516337472909754e+01
8.367597651367682943e+01
8.717401457760294647e+01
8.635927916375403868e+01
8.305344521535462832e+01
8.388994877367132119e+01
8.760784178710625270e+01
8.559178245991216727e+01
8.977552120794902635e+01
8.676885203526617829e+01
8.581000063500644615e+01
8.448993907877452614e+01
8.812799072575383263e+01
8.530258900059745031e+01
8.840984828003502116e+01
8.408921415676960009e+01
8.858278628840848512e+01
8.856732864760617474e+01
8.531498471318020904e+01
8.942329752687290068e+01
8.983007221660375308e+01
8.589458435449110141e+01
8.735929345496973042e+01
9.026855734785833363e+01
8.565353790814975810e+01
8.795641829324027583e+01
9.167539738728630994e+01
8.673635346663246537e+01
8.909790318431902278e+01
8.407561123494694755e+01
8.828813048816002151e+01
8.950026495231186630e+01
8.440406098469944141e+01
8.842671925988217652e+01
8.993524137829760434e+01
8.820691342287966563e+01
8.944990066532572826e+01
9.236407932011995570e+01
8.617248746077665089e+01
9.032001428472894133e+01
9.266295872159139435e+01
9.204216604803038138e+01
8.742449658193243067e+01
9.131142295876141191e+01
9.375877344694087867e+01
8.931867530584490567e+01
9.325440350633003561e+01
9.388436237567526632e+01
9.181221387590980498e+01
9.333741426214426440e+01
8.703321851159489597e+01
9.173031065543273144e+01
9.204940016327500985e+01
9.057083519584408293e+01
9.350140799955936188e+01
9.334052452968573732e+01
8.947913287003453320e+01
9.082009054016592131e+01
9.522837005855899406e+01
9.340249637358091661e+01
9.003372508409528052e+01
9.069603525640062003e+01
9.537606632070732360e+01
9.285233963007794955e+01
9.053434899683561810e+01
9.027549133723313446e+01
9.509158160989039743e+01
9.088456430947547915e+01
9.574970866099241107e+01
9.849447554626392787e+01
9.203570733555677919e+01
9.562602078750263956e+01
9.912428044225666213e+01
9.262954046608733449e+01
9.681432605465280972e+01
9.035592340904270259e+01
9.496380961827721023e+01
9.665979994232358763e+01
8.884741624660379955e+01
9.400069921116511296e+01
9.763740297649449928e+01
9.218652913580918096e+01
9.507846231229308387e+01
9.882659126148992357e+01
9.332015744337439855e+01
9.609530827389278329e+01
9.952809998338690889e+01
9.408708030369071196e+01
9.731080224453678795e+01
9.157052294044903817e+01
9.582158818592954219e+01
9.773104167247194596e+01
9.213964464891049033e+01
9.596404160326950716e+01
9.825009592616494558e+01
9.610905195580330940e+01
9.761758840394577419e+01
1.001487550537815139e+02
9.481937472311352622e+01
9.816599458141276102e+01
1.008928167943385148e+02
1.012867345474537899e+02
9.495051148138041697e+01
9.912609397784976295e+01
1.002251996970912700e+02
1.007574376784078964e+02
9.559320792140454159e+01
1.006693984691279553e+02
1.012564520863629269e+02
9.676173675286612763e+01
9.961689503783483701e+01
1.033462185038882950e+02
9.807608777757410223e+01
1.034310406274267251e+02
1.027270118733439688e+02
1.003170891512231435e+02
1.006058596034703356e+02
9.692986820826099859e+01
9.975163043909489602e+01
1.023393468194491618e+02
9.996715058004616594e+01
1.049952271380771549e+02
9.979368382953454386e+01
1.050730947954026817e+02
9.710346855735708971e+01
1.028338040502958535e+02
1.005909268667070080e+02
1.013445200160601871e+02
1.021824172695791475e+02
1.064544992933665810e+02
1.017633340706687477e+02
1.030846054934436324e+02
1.010347502659616197e+02
1.061630064898504457e+02
1.003174775239786669e+02
1.043309315949365583e+02
1.082281854612608925e+02
1.009228613813518933e+02
1.058570738603914805e+02
1.090490172018628812e+02
1.033260833321804313e+02
1.071007418587523148e+02
1.010082718666601238e+02
1.051320375605855446e+02
1.080809401322619578e+02
1.013084429310785879e+02
1.058347336264326231e+02
1.088372388318251467e+02
1.028336790551132509e+02
1.065634930919245704e+02
1.094030078995463811e+02
1.037826688844596674e+02
1.077635464051686114e+02
1.101483421469357467e+02
1.055643687264803390e+02
1.090990881786271700e+02
1.031801703800603036e+02
1.067455930153988533e+02
1.090070052138285632e+02
1.040025457500237565e+02
1.072423911555086278e+02
1.108744139085585658e+02
1.081961614539892622e+02
1.073576945184610736e+02
1.103369605161831117e+02
1.115413963709310536e+02
1.070407490302207094e+02
1.126940656982974787e+02
1.127191300269471697e+02
1.090509405825812763e+02
1.104518503123655222e+02
1.153870317526955063e+02
1.094745926411997203e+02
1.138486536551347541e+02
1.165447927405163853e+02
1.092632302112287448e+02
1.146216265652446822e+02
1.089296741222854337e+02
1.144408081662758860e+02
1.126860715919311673e+02
1.118238177500104911e+02
1.118864163304117909e+02
1.171735756001951927e+02
1.099741734249675176e+02
1.160971699742096774e+02
1.190190190261008496e+02
1.114564297983148435e+02
1.174040958039360873e+02
1.101983867443606755e+02
1.163858743766348312e+02
1.151308530239098360e+02
1.157031592635957509e+02
1.184342460829454637e+02
1.160237370679448929e+02
1.181383267021437575e+02
1.208946750975791673e+02
1.158911167554785351e+02
1.197014652014420335e+02
1.140037807788963846e+02
1.195702446767365359e+02
1.220573414571919528e+02
1.160863221512030776e+02
1.197139725757131288e+02
1.229619223951281981e+02
1.173319622891231546e+02
1.217039053526194010e+02
1.253126801907055494e+02
1.184927894868354628e+02
1.234065627421604034e+02
1.165909445812243206e+02
1.217730571575487630e+02
1.237466275521455259e+02
1.187406385240112598e+02
1.225949776205287236e+02
1.258566608741897852e+02
1.194144304729490074e+02
1.250404206081547187e+02
1.261273335269116131e+02
1.222266274017217711e+02
1.252660628218008299e+02
1.305956575248229967e+02
1.231812860290964409e+02
1.275777269523632214e+02
1.202996141143172792e+02
1.262411818515534065e+02
1.267259442767766018e+02
1.236838367701974732e+02
1.256624656968964473e+02
1.314206030736756361e+02
1.240974108730407863e+02
1.305931069299481635e+02
1.301275844036003946e+02
1.284077126260287400e+02
1.286723356478432549e+02
1.348357234944272136e+02
1.270448764588473551e+02
1.341715114923559042e+02
1.258652189041593630e+02
1.330561989639904539e+02
1.308181737481835967e+02
1.310006423299085441e+02
1.292030457741111888e+02
1.356141634888815304e+02
1.296278050767430443e+02
1.356685711607980807e+02
1.399738163114135716e+02
1.325342493379526445e+02
1.381733778295879063e+02
1.420046046274324567e+02
1.349659540422880752e+02
1.401713105088786051e+02
1.332054942821173995e+02
1.392620150420741538e+02
1.391876823724017243e+02
1.346606530508580306e+02
1.398776073513711822e+02
1.437612421349951433e+02
1.361044121643702738e+02
1.424170504104133670e+02
1.464566085483784832e+02
1.394393295536713993e+02
1.447122754540825156e+02
1.385390807349394322e+02
1.439870910678615132e+02
1.424156334750354347e+02
1.440048475537259662e+02
1.476322570806143517e+02
1.430573836242638208e+02
1.467747204259339924e+02
1.419040306806647038e+02
1.455149610471820267e+02
1.512826370745146107e+02
