0.000000000000000000e+00
-4.491263587389558154e+01
1.934215235242614739e+01
-2.625043561911335033e+01
1.173790121404446385e+00
-7.502079256535823859e+00
4.217896980094558934e+00
-1.143489569071520151e+01
3.241808315991925316e+00
-3.447109569695186782e+00
3.093059444293357885e+00
-2.823400352983542749e+00
2.851190536672623121e+00
-2.308435059932162581e+00
2.501206881897950485e+00
-1.843570210593666880e+00
2.392395442203416156e+00
-1.419688240422760428e+00
2.400144411656304655e+00
-1.028502919787704917e+00
2.470212285581366185e+00
-7.083221001132130601e-01
3.269763384053534505e+00
-4.957826999297916815e-01
3.583152666449282098e+00
-2.966481870800577458e-01
3.912155768826331315e+00
2.584420647607306720e-01
4.136914124336338539e+00
4.048124050581368150e-01
4.342447932281176648e+00
6.075454682215918334e-01
4.680235054543945061e+00
8.573530648940927978e-01
5.024301925814560477e+00
1.135660462923036684e+00
5.386034643239869801e+00
1.435173971255788716e+00
5.765380550267942716e+00
1.752485032610376914e+00
6.158217798842282598e+00
2.084730160865355231e+00
5.432218443540344666e+00
2.448095669525894191e+00
7.119460930668636500e+00
9.338104715483778406e+00
1.084733502584051479e+01
8.334168331598201362e+00
1.208927337660427526e+01
8.964514383628214844e+00
1.250981506267498489e+01
9.341819532732726472e+00
1.294508850763283725e+01
9.734444677573328875e+00
1.335487804658717259e+01
1.010260475781763390e+01
1.375765315782919096e+01
1.046780380055759707e+01
1.415380897880016065e+01
1.082833179652005384e+01
1.454792813339537538e+01
1.118719150995444167e+01
1.493976521536533042e+01
1.154429426604284181e+01
1.533015931836253820e+01
1.189995745165866836e+01
1.571889250289147988e+01
1.225395740417458335e+01
1.610588131073190965e+01
1.260605397745836598e+01
1.649082402253106849e+01
1.295590088004327711e+01
1.687342295982246299e+01
1.330313092639122807e+01
1.725333908974018371e+01
1.364735447837322191e+01
1.779891878741072020e+01
2.022297029274924896e+01
2.318706230051040151e+01
1.941440772088428091e+01
2.413403860254780398e+01
1.983558498560894279e+01
2.449447988097370299e+01
2.018308555985523256e+01
2.483813333632638631e+01
2.051470936149674529e+01
2.516258502595325552e+01
2.082890256134959373e+01
2.483359121534999758e+01
2.115925049352523857e+01
2.517053145531057368e+01
2.147767215469525226e+01
2.547285143282951836e+01
2.176763197084171253e+01
2.575360220012161605e+01
2.203863093676546825e+01
2.601263073079287125e+01
2.229087720708064424e+01
2.641005963918171418e+01
2.925145838362003303e+01
3.062322255590375519e+01
3.015980267263496373e+01
2.963487406103418209e+01
3.169601401903460314e+01
2.946829373013112630e+01
3.155826107291328952e+01
2.964412992243928358e+01
3.194677054918970782e+01
2.917719958964441673e+01
3.208662170012966186e+01
2.932338155918761302e+01
3.212037002334117375e+01
2.948740402331505450e+01
3.216338594506979831e+01
2.964266385099527668e+01
3.219535964914930304e+01
2.980420591199229108e+01
3.279058518820921364e+01
3.661122017501447345e+01
3.928075626484022109e+01
3.624035274442078247e+01
3.935962914248684541e+01
3.635032055300963094e+01
3.928193646581024012e+01
3.609302731615945703e+01
3.840695698766825927e+01
3.293536856515432731e+01
3.844323927930425810e+01
3.555709171352592080e+01
3.852522835575369697e+01
3.541072639775839548e+01
3.855102202867640671e+01
4.141724826525704373e+01
4.256255490091040627e+01
4.143373305440096743e+01
4.287240382091697910e+01
4.147800745011331713e+01
4.287893207770675730e+01
4.126304430998078487e+01
4.274643125598078086e+01
4.101089844857398958e+01
4.256028934477764381e+01
4.074589684867918038e+01
4.234885461906146986e+01
4.046292983631706619e+01
4.198737111336618710e+01
4.068018000055984373e+01
4.474303383843668058e+01
4.555272888498131323e+01
4.997028699595966117e+01
4.334320398079715631e+01
5.053165944864322512e+01
4.265168323695937147e+01
5.012459588267152100e+01
4.187265067880465352e+01
4.987557005724015369e+01
4.323953649097207830e+01
4.520058273643329017e+01
4.601047468006129293e+01
4.563597362296923166e+01
4.450949641643625654e+01
5.050224933145728556e+01
4.880917159562147845e+01
5.315251579366614720e+01
4.649136787415020677e+01
5.346258195299630245e+01
4.551516481216917498e+01
5.245643831663033296e+01
4.526856611390249441e+01
5.175168356231581157e+01
4.434708104476050750e+01
5.100034307494428987e+01
4.377787702173728945e+01
4.984802399353765168e+01
5.265442079641984918e+01
5.123160933566555997e+01
5.348999308400743757e+01
5.136855289906880273e+01
5.146937841828796678e+01
5.102791324534350537e+01
5.074242771800981444e+01
5.030875089242132248e+01
5.025290437926523168e+01
4.976509724997906403e+01
4.950304640200028672e+01
5.443728700630406792e+01
5.261749334164532854e+01
5.618621450761796154e+01
5.059103804556151118e+01
5.614727010410002350e+01
4.938443640406633506e+01
5.519044588502107729e+01
4.961269733588918740e+01
5.474541160287953545e+01
4.801615997481305698e+01
5.366866781167273359e+01
5.737144888400964504e+01
5.387740214894483159e+01
5.634066596018372053e+01
5.335398171779992538e+01
5.592537996338177209e+01
5.380707356956687448e+01
5.409747888094972268e+01
5.260270255524707039e+01
5.313181010875592136e+01
5.156732064010544292e+01
5.239562269971397512e+01
5.672397553755465793e+01
5.450463524457691733e+01
5.620077966600124597e+01
5.407289218362383565e+01
5.490793898457045685e+01
5.296856508578105149e+01
5.449025279753487183e+01
5.227024755769931375e+01
5.318588976667901846e+01
5.108477365101104084e+01
5.541687731351236579e+01
5.537144987263572915e+01
5.660840870877165543e+01
5.251383732618356248e+01
5.766265831810666498e+01
5.275996121405331252e+01
5.691990685718371878e+01
5.023685523435475631e+01
5.544662931448356602e+01
4.920959103554086767e+01
5.424310916550027883e+01
5.726040418394910603e+01
5.198149839581493126e+01
5.683817468671502127e+01
5.008697767530724576e+01
5.584927469226463614e+01
4.956353318499416361e+01
5.436007737581306998e+01
4.751957001899208421e+01
5.328453572163608953e+01
5.470669560596720515e+01
5.780994560415854977e+01
5.213543741315177726e+01
5.620199866113317455e+01
5.063964760692785205e+01
5.471388942500647090e+01
4.947358815310484204e+01
5.328567574704666754e+01
4.769559755466426054e+01
5.176021991538629408e+01
5.401693055965159118e+01
5.532908542447422207e+01
5.244423825988918964e+01
5.450315845126024072e+01
5.088291159767545935e+01
5.297837403609307927e+01
4.951713993292425187e+01
5.144177011745155426e+01
5.358258473079804673e+01
5.641048352262793486e+01
5.129391547104610538e+01
5.386345571480779171e+01
5.074185157976322813e+01
5.320928344632351070e+01
4.857714814957579108e+01
5.110733882218003288e+01
4.703645011779645557e+01
4.973323368289689483e+01
5.204578541636455213e+01
5.359418680658544787e+01
5.033887215811391513e+01
5.259600480474227879e+01
4.768507661540433418e+01
5.092196128440752290e+01
4.579085685412498208e+01
4.889468391580925299e+01
5.065896306167899610e+01
5.253547605378533092e+01
4.751255785687471445e+01
5.057366545352412146e+01
4.655835526163409810e+01
4.920851419542577077e+01
4.440397805835105771e+01
4.730593848377412769e+01
4.937493219748582618e+01
5.071648942257499471e+01
4.883326049326208107e+01
5.031367353133467901e+01
4.523085765017355442e+01
4.795948239770969224e+01
4.427255672776279027e+01
4.629747484600541441e+01
4.875055003788295949e+01
4.949007064125142108e+01
4.797744463949210569e+01
4.880551965550306903e+01
4.528930017377359007e+01
4.654753990033085387e+01
4.395150099803354493e+01
4.553302413779805846e+01
4.848206058515614814e+01
4.828821140110807164e+01
4.639697285462521847e+01
4.670817106296247800e+01
4.507400399002563063e+01
4.535469522566828715e+01
4.267676986465319544e+01
4.562743758122848448e+01
4.578656567916583242e+01
4.908963984117195167e+01
4.346790086954775489e+01
4.715369189014676010e+01
4.228646484034852904e+01
4.607603835318491292e+01
3.979390963424415872e+01
4.379143227784451398e+01
4.468493937921904546e+01
4.668119422064819446e+01
4.291302420473627421e+01
4.672041046958344168e+01
4.001077953465211579e+01
4.438762152795400340e+01
4.720699408780077277e+01
4.423088553995260241e+01
4.461187955246244741e+01
4.325792987643777820e+01
4.232293240615106100e+01
4.101474533925384236e+01
4.169954330641021301e+01
4.011253075185152994e+01
4.319884142514813874e+01
4.586431598044291036e+01
3.933819182834940165e+01
4.316586734451908569e+01
3.947725758337902136e+01
4.245349105183784388e+01
3.561320816238531961e+01
3.982212161733193057e+01
4.278819096285980805e+01
4.121703956925756529e+01
4.106704155141792256e+01
3.876424556156130308e+01
4.028269849831523430e+01
3.789196380548680310e+01
3.741972370915994617e+01
4.089950390091429711e+01
3.977362755339573397e+01
4.074157508184055843e+01
3.782944111645210938e+01
3.861488091861380667e+01
3.611561268791781742e+01
3.742831888174293908e+01
4.090209268927044661e+01
3.711152205490089528e+01
4.103839250089214374e+01
3.286983191410834593e+01
3.847544187061754428e+01
3.094337147712722569e+01
3.640682714420832866e+01
3.885463241284426061e+01
3.841462917096245633e+01
3.569523241940961356e+01
3.880574009333533780e+01
3.134834957331103311e+01
3.594745450661354624e+01
3.818091425152589125e+01
3.873779211231933317e+01
3.588942437009289677e+01
3.811728598729020234e+01
3.182551962516555122e+01
3.577013583610732894e+01
3.007237297071928595e+01
3.389941464692586948e+01
3.626356346117752594e+01
3.693419084054263379e+01
3.385448295417441500e+01
3.647006590250521185e+01
3.144499712845170336e+01
3.324419371785127453e+01
3.559720271475872977e+01
3.669867922246132963e+01
3.491296688806741599e+01
3.601730797102656112e+01
3.167860114262976623e+01
3.367010332423492258e+01
2.968274714538741321e+01
3.184255149523464112e+01
3.367034180750994921e+01
3.529612408066719809e+01
3.220158823459496489e+01
3.435010352770763120e+01
2.930299884519663678e+01
3.180995109105845842e+01
3.325805083974026388e+01
3.526122503212459947e+01
3.274633033821798733e+01
3.497945770036946556e+01
2.928773537668096338e+01
3.234358838962381100e+01
3.303947053131646783e+01
3.543097383998493655e+01
3.215817624548228082e+01
3.511261235268168690e+01
2.899527479007254627e+01
3.275779265172498356e+01
3.294463345391676512e+01
3.584918950668402005e+01
3.082434476247981081e+01
3.467865064244526252e+01
2.837584854935673917e+01
3.260773850668436324e+01
3.266417439638227194e+01
3.586769625813667517e+01
3.134450281657013804e+01
3.543626890359968939e+01
2.786180969829612408e+01
3.307093000594564103e+01
2.689894145896906963e+01
3.166595462762989399e+01
3.114103624464269160e+01
3.472314241068333018e+01
2.738564209279779149e+01
3.293987027113946908e+01
2.670745246313956756e+01
3.179820913183025155e+01
3.350627332074799369e+01
3.270330674363022183e+01
3.174162802855810739e+01
3.101045274863871626e+01
3.068999190366211138e+01
3.380091021470313706e+01
3.287247409145351895e+01
3.634695305327710457e+01
3.010307121818423681e+01
3.314692463922739307e+01
2.929510287961993242e+01
3.310783421706487673e+01
3.602429971567668332e+01
3.106224802769757787e+01
3.456315345605919020e+01
2.972633507949770504e+01
3.333797578939812212e+01
3.630619388907191336e+01
3.331821989603458434e+01
3.720841856947910742e+01
3.120441682888476009e+01
3.503552608458237927e+01
2.889692132643579470e+01
3.298875866753564168e+01
3.593350785713984408e+01
3.231633004080291727e+01
3.550854271019044717e+01
2.825332093333862815e+01
3.377614052642972808e+01
3.650445924813773502e+01
3.543579447594608212e+01
3.355854673062790994e+01
3.579168857653021263e+01
3.089468521498843501e+01
3.483630638960885761e+01
3.680488786598601791e+01
3.603073428139746426e+01
3.654093652177386531e+01
3.307743785791747371e+01
3.484570407841495410e+01
3.129303411667696722e+01
3.446514482347087949e+01
3.497290033492699024e+01
3.725606238851526086e+01
3.326829443787865870e+01
3.623978652591276273e+01
2.971271176530444791e+01
3.351224343861430555e+01
3.586750141297688543e+01
3.709713620906056519e+01
3.400896719470020457e+01
3.624361752591693886e+01
3.184540953660694385e+01
3.467920306627193128e+01
3.664759685685483959e+01
3.788561530682716949e+01
3.482488894625406317e+01
3.761775502653728154e+01
3.927239959804747826e+01
4.087820760475536019e+01
3.611233041241330710e+01
3.939526925953320102e+01
3.363426816782537543e+01
3.685512594265674835e+01
3.857528158756568359e+01
4.071341458658463353e+01
3.946076396918012819e+01
3.833151035158902431e+01
3.897065648479711086e+01
3.436943613470596404e+01
3.700504165002812584e+01
3.937448348561221678e+01
4.032228848579912039e+01
3.743554385989580169e+01
3.888692645142592852e+01
4.161315417055203625e+01
4.209659379518906519e+01
4.040009199631863623e+01
4.117621498955078607e+01
3.804335703067946639e+01
3.948554434893475928e+01
4.256546713102930113e+01
4.312348445684062881e+01
4.041165949483426090e+01
4.091904108093397241e+01
4.163958743773859794e+01
3.849760052706444924e+01
4.236686740080629221e+01
4.370801467375049754e+01
4.153742341238586278e+01
4.191042163075620408e+01
4.007448603479076610e+01
4.403931093225714477e+01
4.287207302937382991e+01
4.679192730092581343e+01
4.024248416708893217e+01
4.467317696612850142e+01
4.757718897256508939e+01
4.541838908639561367e+01
4.590843396497197659e+01
4.468520615885486080e+01
4.355183361082037408e+01
4.258699662149017939e+01
4.657453187722713750e+01
4.847135681879956337e+01
4.313829517220919030e+01
4.773736041065212987e+01
4.059481021588241845e+01
4.563776910311843693e+01
4.891222579947977778e+01
4.493224936981476247e+01
4.718047215742310385e+01
4.474117299827909022e+01
4.666918773521820185e+01
4.956544255428566004e+01
4.994382804801596620e+01
4.436059314027270517e+01
4.813682409317861755e+01
4.442795517066573296e+01
4.810598847741873385e+01
4.915107385344001045e+01
5.064735150443494405e+01
4.530229989211127872e+01
4.884818341820678711e+01
4.467541941372431324e+01
4.800485109707784659e+01
4.918924256179557375e+01
5.211677916240719100e+01
4.637572691558715121e+01
4.991693475243597078e+01
5.202458082000405426e+01
5.255454037280846080e+01
4.900242968085230189e+01
5.109428199245645175e+01
4.698745047695513932e+01
4.931817794051040238e+01
5.198630016204707260e+01
5.271317462682846156e+01
4.914868663479600741e+01
5.163600613663665939e+01
5.320470720812507892e+01
5.528407916247198983e+01
4.954143962754637442e+01
5.319589280438745504e+01
4.888634388526401864e+01
5.141949647127687939e+01
5.313244651471563174e+01
5.481609482992510607e+01
5.135910601860496172e+01
5.381449379149043466e+01
4.904188975877990941e+01
5.153480364006630765e+01
5.385609117193101270e+01
5.526035325870567760e+01
5.026924015533455048e+01
5.301245192381313132e+01
5.532548686263012172e+01
5.627362608268703781e+01
5.444136772600364793e+01
5.549294812570062163e+01
5.033158093143970291e+01
5.291521506441112166e+01
5.561630955069282578e+01
5.594159824381220147e+01
5.396142894949948499e+01
5.501454590348991047e+01
5.806363671669049609e+01
5.781174061784323470e+01
5.491264333339381665e+01
5.578159467520904258e+01
5.436588443911836066e+01
5.508128211071161218e+01
5.834645490256799150e+01
5.747559356703278866e+01
5.515545592044544776e+01
5.536568619672072344e+01
5.869693511213366577e+01
6.026449005206060150e+01
5.660037506872127722e+01
5.994808391157085481e+01
5.335829638932449370e+01
5.790608861274766639e+01
6.072844187293458873e+01
5.831678420016079656e+01
5.826094854105909349e+01
5.692493210141194027e+01
6.053160197366376138e+01
6.194393554272804892e+01
5.828710689814970891e+01
6.147623914858188243e+01
5.353829216556755455e+01
5.922593244444926341e+01
6.215049820075604003e+01
5.840828193902322596e+01
5.959934864007377797e+01
5.725450206485170668e+01
6.098947746600313025e+01
6.007588109174211155e+01
5.943003313360535600e+01
6.059210533808512622e+01
5.760394179529232161e+01
6.046871235207228779e+01
6.292301021339775957e+01
5.667422267104456068e+01
6.071806138680133103e+01
5.660887587344361549e+01
5.958052033524036517e+01
6.200357170064516055e+01
6.193636464613140191e+01
5.842005533100228121e+01
6.024516566453828403e+01
6.249055173603724000e+01
6.380976365971966402e+01
5.972228542783172855e+01
6.121359720879833333e+01
5.720116159124820854e+01
5.964613105449302566e+01
6.073023797300265159e+01
6.288225589286398076e+01
5.651456437574892533e+01
6.044728438106251645e+01
6.168950818818311177e+01
6.364056880362298330e+01
5.763166151796631453e+01
6.099497954862806637e+01
5.545047060410044537e+01
5.862612856833639086e+01
5.986651557239758148e+01
6.142525054303634846e+01
5.724508970956306797e+01
6.009015292184186308e+01
6.174950964625364236e+01
6.293955192001730836e+01
5.716926791279332321e+01
6.014517787594390796e+01
6.218824779219058740e+01
6.288257765163025681e+01
6.227104435175967723e+01
6.231783762360948487e+01
5.712718527071817931e+01
6.031050837207832416e+01
6.064822638834827018e+01
6.316213338557778201e+01
5.944453377229628899e+01
6.165711963793953743e+01
6.352908505560575492e+01
6.290564259232881739e+01
5.939014817525262657e+01
6.005767330051423869e+01
5.711180655502778336e+01
5.783564512740199604e+01
6.061646920012228179e+01
5.987724671298345669e+01
5.918981028108270692e+01
5.841971772827786680e+01
6.157540843079080872e+01
6.218299098908035916e+01
5.667906804675081389e+01
5.731204402100834017e+01
6.050062520514954656e+01
6.321479480770156556e+01
5.989983307360904519e+01
6.014643239676968278e+01
5.828629510130542002e+01
6.173987527482406534e+01
6.332526936936292827e+01
5.808238530602451277e+01
6.140179259849429627e+01
5.478882039546132887e+01
5.882602645133227526e+01
6.148160601075997533e+01
5.808476503930304347e+01
5.822897626397353577e+01
5.561651234570364721e+01
5.902218925324449117e+01
6.022516371907751420e+01
5.724389081603258944e+01
5.808588804058837951e+01
6.137169386200156396e+01
5.832118967985081781e+01
6.019351848727337995e+01
5.654867182979720752e+01
5.695035023543633912e+01
5.929201018134045853e+01
6.135793432934951142e+01
5.643952265826973047e+01
5.885614231494032111e+01
5.280145245355331696e+01
5.596677701611719868e+01
5.786668204837850027e+01
5.849415667867787505e+01
5.417564511892184953e+01
5.636530224926195842e+01
5.717878091981037159e+01
5.912629925659517482e+01
5.335683954856119016e+01
5.615184129535897739e+01
5.698394050650946241e+01
5.861883295603339405e+01
5.362986988957645451e+01
5.612846817829066737e+01
5.736162972249083225e+01
5.861895240356694359e+01
5.466501463089959856e+01
5.629840671566034160e+01
5.186865363060610434e+01
5.349292993709556043e+01
5.523805233251518843e+01
5.576246608166608354e+01
5.500925378509754182e+01
5.196081630452288636e+01
5.465388389042800554e+01
5.482004056778967538e+01
5.660899203500836308e+01
5.004072181481283366e+01
5.381989726501906546e+01
5.370800611790990331e+01
5.614475759265013011e+01
5.301457103434560736e+01
5.363759203013208321e+01
5.598203228807211929e+01
5.521411540105429339e+01
5.217486959186932438e+01
5.212966140596591913e+01
5.475441733668154853e+01
5.396061553944274891e+01
5.468345849517688606e+01
5.276361828224301576e+01
5.017705942141528652e+01
5.282723803763765602e+01
5.098734902757628618e+01
5.401790760444807660e+01
4.998725443837516735e+01
5.266324596670457225e+01
5.503542670515178514e+01
5.197880120689445960e+01
5.194990210528271746e+01
4.993248977449421488e+01
5.304681485409127362e+01
5.401565381967808577e+01
5.019863457985946553e+01
5.159075392218151990e+01
4.698541810015961318e+01
5.061274702236887180e+01
5.284453430367369720e+01
4.523062822117223902e+01
5.014667568824759769e+01
5.247698554563352502e+01
5.128577319449124161e+01
5.080741682521491498e+01
4.793050429790559264e+01
4.862200959343421403e+01
5.081889522928036484e+01
5.263786349185075153e+01
4.484923684696872925e+01
4.929000272607768096e+01
5.135932418423465862e+01
5.232680559615320703e+01
4.799504849194196510e+01
4.847773552658653529e+01
5.066491950435662517e+01
5.226451836708537968e+01
4.534509554416465704e+01
4.910660773961330250e+01
4.334864591672106116e+01
4.665052496210113731e+01
4.719460932316119539e+01
4.890151436621949443e+01
4.481369949327523727e+01
4.704479969632590297e+01
4.803383551624864367e+01
4.934423302270967326e+01
4.542816714289430990e+01
4.682449790679994095e+01
4.815530873262822809e+01
4.911960395891919973e+01
4.673421748667672659e+01
4.751138103568133175e+01
4.915846133972913634e+01
4.986099834728469204e+01
4.517227797130110645e+01
4.659013214867715647e+01
4.836253027097239254e+01
4.877545974197872880e+01
4.889435419928300064e+01
4.454924578645761102e+01
4.719149665586790832e+01
4.733443074331987077e+01
4.950237611188927644e+01
4.534503527823004987e+01
4.819629031624290150e+01
4.826964687022314138e+01
5.027126584962657319e+01
4.512172325401106576e+01
4.852802239972341170e+01
4.089452076826110982e+01
4.506249537694515794e+01
4.459769443440999481e+01
4.750096935877393634e+01
4.448257358660751493e+01
4.770506871842295027e+01
4.863499054008761391e+01
4.435778779414432194e+01
4.768626055387543516e+01
5.014611302064394494e+01
4.763585810465607295e+01
4.708093196111626355e+01
4.547159006767294187e+01
4.433222664351164610e+01
4.797044305418908294e+01
4.525515026832517407e+01
4.850322160889365364e+01
4.183552591807961107e+01
4.534833577719417264e+01
4.803214774325174119e+01
4.487319289400578981e+01
4.552349914538914533e+01
4.332321219314427907e+01
4.570425750565416934e+01
4.638850645966868314e+01
4.763570213448895885e+01
4.170383811517150718e+01
4.430243833479110549e+01
4.665153894258575207e+01
4.843575681683783785e+01
4.291505062228615230e+01
4.562872432904472220e+01
4.781138154976123644e+01
4.797291077225849421e+01
4.400102365657092207e+01
4.539387293598637285e+01
4.773737315618431865e+01
4.895879220426694189e+01
4.235797518218224411e+01
4.671542064930840610e+01
4.728631577889206028e+01
4.930004778964928391e+01
4.385550558731230097e+01
4.679387069244052100e+01
4.768090144779009876e+01
4.930478104994278254e+01
4.656249449904673554e+01
4.835001015565724458e+01
4.979530085045161769e+01
5.080957612650281874e+01
4.610575063801801576e+01
4.784178016116068477e+01
4.427991148314627878e+01
4.576624913290581986e+01
4.759433035181332627e+01
4.848204216204098316e+01
4.379959805003629469e+01
4.558243735387243589e+01
4.746556475273278153e+01
4.802705122605213006e+01
4.808866193674183620e+01
4.842459133488391387e+01
5.079643367463565795e+01
4.977141719460189506e+01
4.588378055550528245e+01
4.703155196893794709e+01
4.961412107614726352e+01
4.908327481504097278e+01
4.896123039329124538e+01
4.847958638447988022e+01
5.124964531401073486e+01
5.092505548620681566e+01
4.786765109734921708e+01
4.772689407501113124e+01
5.086470877465404783e+01
5.095595854134672464e+01
5.062525510865970091e+01
4.929798914970992740e+01
5.268250840319664974e+01
5.291207576968517401e+01
4.971763866933591203e+01
5.239075802671995774e+01
5.525287053331151554e+01
5.048577374365848414e+01
5.413898068439259958e+01
4.598817330104822076e+01
5.110205789795520559e+01
5.376509905864907068e+01
5.046903060614527448e+01
5.071788480467390059e+01
4.827989052461938968e+01
5.184948947843570011e+01
5.148841251244785155e+01
5.189563590706813301e+01
4.916402861050257656e+01
5.199546554956705791e+01
5.442897818563854884e+01
5.104727943211838692e+01
5.166502627593120422e+01
5.412412421234554927e+01
5.617765299368145548e+01
5.030907945264129921e+01
5.365680938770076125e+01
4.609800893232565500e+01
5.074611687777259306e+01
5.273636328157066089e+01
5.332366501839292283e+01
4.877041803635770378e+01
5.140263798743895052e+01
5.221877344383802466e+01
5.443335435956308288e+01
4.766396961387166442e+01
5.136669414566259917e+01
5.275465561756034560e+01
5.409665799252336882e+01
4.851386440482374240e+01
5.172707492220337855e+01
5.280450086574266066e+01
5.420749909016016943e+01
5.145115258226081778e+01
5.401286392352397314e+01
5.572027493565538236e+01
5.529984611351809320e+01
5.255126202094320575e+01
5.380995097516866821e+01
5.583302759455154529e+01
5.617166758977276686e+01
5.195966982252392086e+01
5.379801821355817992e+01
5.583465692202410224e+01
5.583589183755866969e+01
5.254957509697548090e+01
5.351594981951674868e+01
5.596162734561212204e+01
5.553134334014296769e+01
5.567735467130666649e+01
5.489850563695000574e+01
5.781946314073196902e+01
5.659801243641842916e+01
5.373835754379455665e+01
5.351206482225093453e+01
5.649933871083465675e+01
5.838954139110591512e+01
5.322893320728680067e+01
5.631332086296804817e+01
5.896963717241284542e+01
5.655591759585372102e+01
5.644853571641829859e+01
5.456217801294783953e+01
5.787997175895319657e+01
6.004615003199350554e+01
5.380054886526877311e+01
5.716262514375341652e+01
5.974930406420821782e+01
5.665728953878227969e+01
5.674673334202602604e+01
5.414209284795238375e+01
5.745436209977246023e+01
5.889187230091795300e+01
5.485762493313659149e+01
5.850378699638969948e+01
6.066315159951761871e+01
5.524674839743421728e+01
5.900477794819899913e+01
5.526595873265580394e+01
5.566927814552406062e+01
5.794577115072857509e+01
5.967537823900178751e+01
5.447073304228208457e+01
5.700054058629298481e+01
5.893206113725567263e+01
5.743519507604044350e+01
5.601443466952294870e+01
5.653686683298108306e+01
5.858395007132769194e+01
5.967394981059710091e+01
5.347802830473364821e+01
5.649293506594773362e+01
5.766536722375599311e+01
5.890394169022401627e+01
5.529779083449346189e+01
5.700820456115313561e+01
5.823453721554796658e+01
5.964386042862727777e+01
5.469515874060166993e+01
5.628131021376818666e+01
5.719840242786983708e+01
5.904667451476566953e+01
5.688337190296440582e+01
5.593409682771502389e+01
5.685860303057965837e+01
5.904115955824781992e+01
5.732253945424476882e+01
5.451585959753768407e+01
5.527846586675543250e+01
5.763689172385529247e+01
5.721218911601394552e+01
5.442792016957754697e+01
5.490185700620573073e+01
5.749446330233111269e+01
5.663121106661874649e+01
5.651505177379021916e+01
5.657570893036757553e+01
5.913588305992736593e+01
5.761357539260893645e+01
5.476433078523918141e+01
5.669051803136611767e+01
5.599473513834156080e+01
5.882100387078735082e+01
5.563970611496408480e+01
5.531238978250797800e+01
5.832649961936260041e+01
5.598390698351137473e+01
5.688272627319179975e+01
5.975090382172386683e+01
5.700553074329506842e+01
5.805489660646178152e+01
5.524419513840069129e+01
5.416573261961017494e+01
5.745910304738927721e+01
5.465097116779976005e+01
5.752880016669024599e+01
5.981112364881654742e+01
5.709185573058347529e+01
5.897215880292800705e+01
5.255656299878269522e+01
5.669831303825831270e+01
5.883020393990598507e+01
5.266084425312010353e+01
5.699809813878015063e+01
5.814588851558880123e+01
5.964691953955444603e+01
5.513048225335016639e+01
5.592155515964180523e+01
5.233105377380912415e+01
5.429411745376836507e+01
5.475479344806615956e+01
5.660692000911096500e+01
5.077661052832786481e+01
5.384671998691119654e+01
5.464012055932687417e+01
5.610070625730734406e+01
5.097557884548156437e+01
5.381062540698516727e+01
5.485558550079962714e+01
5.598906445712956526e+01
5.227356888027089354e+01
5.395687564741181319e+01
5.534376166022829580e+01
5.580407869551971345e+01
5.321908638625464505e+01
5.534191539627643408e+01
5.590538387732279801e+01
5.663151528842480786e+01
5.118657049682080640e+01
5.375046053606926222e+01
5.427234265223312093e+01
5.608314601096710561e+01
5.408969803705964097e+01
5.651196106732851376e+01
5.632690016184948689e+01
5.466955699771953192e+01
5.537490164278590754e+01
5.778605589216148530e+01
5.689326238174258776e+01
5.331153373735020295e+01
5.355749847257196450e+01
5.615362890968394538e+01
5.522778338833563794e+01
5.620776196896274257e+01
5.831796858212754842e+01
5.634996075494230894e+01
5.750644312286949855e+01
5.499554552625336612e+01
5.297978797714493027e+01
5.639342306451734999e+01
5.408471438513388563e+01
5.723937876501351241e+01
5.973270194919819431e+01
5.681130537473857345e+01
5.652935393831132416e+01
5.439221158191666916e+01
5.399498481707280462e+01
5.731387122185240202e+01
5.423321598625158657e+01
5.707829150054276823e+01
5.940551260531826472e+01
5.605568404020628748e+01
5.812342208557309675e+01
5.382086167827077361e+01
5.743488844677177951e+01
5.668781203373055888e+01
5.543871738896474000e+01
5.729960878697332305e+01
4.929826905785743207e+01
5.404244237464037326e+01
5.611422705108272879e+01
5.694887357822348406e+01
5.865861737374063978e+01
5.961911817009940506e+01
5.518225959971218941e+01
5.616050912663657613e+01
5.794976627643828948e+01
5.935712808852223077e+01
5.334165221955003489e+01
5.628287940962202640e+01
5.755528723454091988e+01
5.872154816952440370e+01
5.547479481293831327e+01
5.736608108080002921e+01
5.840256908927617019e+01
5.996142313084109077e+01
5.358417048515679681e+01
5.625661270258972024e+01
5.708979292487390467e+01
5.881630191235489491e+01
5.711812410586588129e+01
5.426337897946861233e+01
5.759374286398359999e+01
5.780045347824988511e+01
5.881512622051393180e+01
5.268803657524387063e+01
5.569726922377157763e+01
5.576405629661044117e+01
5.806485414713628757e+01
5.550413162506345088e+01
5.834862232212361022e+01
5.764374805146670866e+01
5.669805891077940174e+01
5.627048805343861915e+01
5.907601927889856341e+01
5.808955532739489769e+01
5.517842176006001864e+01
5.483264111217316383e+01
5.775534468494041818e+01
5.878877876014845327e+01
5.703280091023662379e+01
5.563648060694237074e+01
5.889948646602663018e+01
5.665066327501934751e+01
5.971863079047040657e+01
5.219094525832089460e+01
5.682839388021490379e+01
5.919847211232482209e+01
5.615412537044782226e+01
5.676571710647704805e+01
5.991015318165787562e+01
5.675772981442360532e+01
5.832468591434088268e+01
6.124193535677253664e+01
5.982071553544698617e+01
5.912759249475801226e+01
5.614826177240990290e+01
5.943726276152715826e+01
5.986564728167704885e+01
5.735335186984953282e+01
5.777682431282045883e+01
5.998936979982167372e+01
6.199854478167770111e+01
5.701267820071083037e+01
5.925545329296327424e+01
6.085348025640405467e+01
6.216952173256832026e+01
5.770079479537826472e+01
5.840842267292293144e+01
6.026980260600574013e+01
6.165192115075882384e+01
5.560517829650633814e+01
5.852012442580554108e+01
5.969354589998292937e+01
6.129181696021521475e+01
5.609474392088271344e+01
5.765449585461048088e+01
5.872027869902682795e+01
6.019476478536340380e+01
5.849951335218806747e+01
6.078500759999862879e+01
6.137580055780255606e+01
5.998778989955751939e+01
6.027820043083592338e+01
5.488735556823530004e+01
5.733917626934829315e+01
5.770861546008007537e+01
5.950252385488403206e+01
5.974523586731203295e+01
6.185307489120807389e+01
6.089323159815751296e+01
5.649563306281036290e+01
5.741385840575763666e+01
5.982594658969264145e+01
5.909171942190759097e+01
5.835144112432860197e+01
5.805904919484071058e+01
6.064402560945178777e+01
5.937919576559041701e+01
5.675622019588058720e+01
5.765710500213295830e+01
6.039486499163278665e+01
5.846584546433829388e+01
5.998519698507134024e+01
6.171203238210428310e+01
5.913752775163285946e+01
5.954707823253794174e+01
5.737207449125713055e+01
6.047582330111283255e+01
6.207864576146246804e+01
5.603850828354067914e+01
5.966845904040804527e+01
6.206094408799579298e+01
5.852755210048187706e+01
5.861951790840419108e+01
6.165574718803758003e+01
6.063331800194902854e+01
6.223330253808962453e+01
5.579603023154948716e+01
5.919854577691445030e+01
6.146065744008564025e+01
5.718156719178461600e+01
5.960892191056277056e+01
6.159293077757622825e+01
6.059791983657080294e+01
5.740497303482415958e+01
5.951115239071174301e+01
6.114901793417131870e+01
6.169288030316972993e+01
5.726764038093221387e+01
5.920420260683971492e+01
6.037613754725649784e+01
6.111010820878701111e+01
5.664461559858964534e+01
5.823055485410899479e+01
5.974564831829972888e+01
6.061935771983063859e+01
5.594856948879328939e+01
5.707847467409452946e+01
5.806821737609611489e+01
5.949295912095016803e+01
5.603235016324205020e+01
5.808296703391845739e+01
5.863962720474741275e+01
6.009003018735751311e+01
5.577531055005756144e+01
5.807914236886492176e+01
5.818309101320248544e+01
5.967834962458584158e+01
5.396423761606930469e+01
5.619232370578133384e+01
5.603252027919562295e+01
5.825490854301163068e+01
5.723805505943634131e+01
5.976349235867742493e+01
5.874561845561754581e+01
5.575425918190718022e+01
5.580530594013570322e+01
5.826748936346341878e+01
5.782166428669349756e+01
5.939599264711250015e+01
5.348879830303751248e+01
5.628911571442412765e+01
5.671034678282516950e+01
5.657374010848452173e+01
5.927077436370399255e+01
5.957898617202624791e+01
5.560016843212741833e+01
5.930833296799041676e+01
6.153128227317740340e+01
5.763508846587909318e+01
5.902041688149699894e+01
5.442180117932725381e+01
5.753256154941731637e+01
5.971825821133369061e+01
5.345748111054103902e+01
5.691267990873231497e+01
5.910966731550549724e+01
5.719878058491597983e+01
5.791855116252202151e+01
5.448898339865631613e+01
5.712430206106285624e+01
5.604567192898682748e+01
5.583998543713045137e+01
5.852558423071216254e+01
5.896435000958638994e+01
5.514232303327774076e+01
5.544478461477363851e+01
5.730633317403147942e+01
5.895378015336597599e+01
5.275373816087133605e+01
5.606090979216745041e+01
5.743479650373225098e+01
5.825800726503986482e+01
5.379382238315654519e+01
5.560003376747538084e+01
5.681582279928331047e+01
5.742537363624603586e+01
5.427514523165653770e+01
5.585843068376759391e+01
5.684749513188245373e+01
5.781224342009962669e+01
5.145209225477366033e+01
5.412632597893110642e+01
5.528366581932822044e+01
5.586189228710600929e+01
5.583572393440635295e+01
5.754893830992877923e+01
5.771615340646379622e+01
5.327091429615349938e+01
5.407592740384138352e+01
5.603399453172156086e+01
5.583333479792284493e+01
5.726082600247438137e+01
5.154665488067416845e+01
5.438424453565686889e+01
5.379668339152124190e+01
5.616349984177556109e+01
5.365024388775911035e+01
5.625938727126905547e+01
5.529271305717628593e+01
5.418961093789690153e+01
5.672806756643531401e+01
5.472096791006899252e+01
5.763234208504546530e+01
5.120004252379225562e+01
5.515063031947718031e+01
5.737690156476415382e+01
5.479253582440066594e+01
5.458165590182904481e+01
5.769538326861535893e+01
5.485644004971753418e+01
5.754872938481930333e+01
4.853292691915333279e+01
5.408145958004838150e+01
5.647003285366517389e+01
5.320435316698801387e+01
5.384232790192284313e+01
5.683472594631903974e+01
5.496943006804201559e+01
5.474661766661193241e+01
5.801589082739848635e+01
5.447631173427227935e+01
5.756297613512852962e+01
4.866803128135131118e+01
5.324737697579967488e+01
5.529291737117742400e+01
5.704298682016364808e+01
4.983006280755535045e+01
5.404122220954948830e+01
5.583712537074102045e+01
5.645878645166714449e+01
5.182308376180710496e+01
5.387458753728006400e+01
5.464401016420556090e+01
5.603750763517703604e+01
5.113280422049632534e+01
5.386716814472007542e+01
5.503071317529744988e+01
5.599289990428463426e+01
5.754289164411956392e+01
5.810904311229037944e+01
5.626476191064678289e+01
5.627256884004697213e+01
5.804623755421929587e+01
5.862504515617326462e+01
5.361391059331137399e+01
5.635962209168520332e+01
5.667531299149189294e+01
5.864965273164259685e+01
5.510310270046422687e+01
5.785604330846323506e+01
5.769206608705264472e+01
5.913143220509417830e+01
5.470065513824158643e+01
5.778774448591471469e+01
5.709013906512598169e+01
5.945931825507424406e+01
5.370079387626416434e+01
5.705982127349206934e+01
5.598235323870260771e+01
5.880406177178277005e+01
5.443528172559527434e+01
5.748202360203286787e+01
5.839772922336469207e+01
5.658143536661520301e+01
5.983809113615262731e+01
6.195987786947674181e+01
5.442694271125975547e+01
5.877316852231543720e+01
6.147985844027430602e+01
5.846465963766991791e+01
5.928166569785361162e+01
5.661985765438132034e+01
5.977922863551019361e+01
5.937211489632731798e+01
5.662589578641099308e+01
5.685383460039918191e+01
5.997182484670057079e+01
5.846046661525656418e+01
6.074748018006687289e+01
6.305036733862866782e+01
5.516639164102546289e+01
6.035555432640224893e+01
5.534542431331058054e+01
5.761582047980375876e+01
5.979666191618360926e+01
5.910948981465814711e+01
5.561786956381666869e+01
5.786188369341181215e+01
5.920544699191270865e+01
6.025601113216272608e+01
5.344358852714418617e+01
5.704457435000649212e+01
5.858556634847845856e+01
5.941966697020588839e+01
5.507675279442237581e+01
5.704240294304860726e+01
5.845715332600109804e+01
5.926042049465168304e+01
6.059079475643796542e+01
6.156029024550922202e+01
5.924550070152028525e+01
5.994042801481761984e+01
6.177733536991733132e+01
6.209108541145216975e+01
5.746119846705696688e+01
5.861654091989841930e+01
6.037374767262618747e+01
6.067913198634389005e+01
6.007836720473022751e+01
5.662906457424864470e+01
5.935973569537588190e+01
5.947895083324541332e+01
6.108464942394778774e+01
6.171545637794900330e+01
6.271740182869199032e+01
5.802521068357269485e+01
6.102990389345767142e+01
6.317574625280805378e+01
6.121982023348972035e+01
5.865401023165673422e+01
5.953180674690830898e+01
6.223994740300031481e+01
6.025360164253935125e+01
6.161393158128355196e+01
6.274306704552590475e+01
6.127822205527468213e+01
6.096182393089409146e+01
5.886973205440693846e+01
6.204447673802537366e+01
6.378803658946591071e+01
5.705492715628149369e+01
6.055968293142316128e+01
6.297938380076990939e+01
5.976594980458581574e+01
6.042373866698183349e+01
6.327317167836511658e+01
6.205754397121314980e+01
6.292720914184717884e+01
5.908130971229275019e+01
6.196329963299954358e+01
6.118537398149791073e+01
6.044211877199195015e+01
6.024845729708634678e+01
6.277852024399232533e+01
6.137466339339872690e+01
5.842091947782549255e+01
6.050255895244248450e+01
6.212282306735610149e+01
6.261495751422959444e+01
5.814713530400290153e+01
6.001179791419934162e+01
6.071729878990621643e+01
6.214680288310240996e+01
5.732860514270889496e+01
5.887925925388891812e+01
5.979644554997032913e+01
6.091182171743764684e+01
5.763938802889714452e+01
5.929290869550194287e+01
6.010692161718016280e+01
6.150157274321425405e+01
6.191605739658908902e+01
6.368047803460587630e+01
5.871152096933461451e+01
6.026634315038892709e+01
6.151704701270531928e+01
6.166148642533405422e+01
6.080058243386226025e+01
5.718746156992187935e+01
5.984855752392952866e+01
5.936874697258278388e+01
6.066509503759569810e+01
5.808931156197139245e+01
6.093063018768165762e+01
5.987511696348381918e+01
5.898033451483607337e+01
5.942710973318224177e+01
6.170520763212469006e+01
6.017913712645238888e+01
5.700872975489351546e+01
5.859877690612004386e+01
6.045418359190746571e+01
5.835246745845694960e+01
5.954936120773469810e+01
6.182450512003545384e+01
5.931204112891681746e+01
5.976084392237057585e+01
6.252488909209903767e+01
5.965558080404359487e+01
6.155922319722598957e+01
5.614073753770844633e+01
5.943938142942479175e+01
6.166653441905193489e+01
5.723552757192922513e+01
5.961236031022771442e+01
6.178650324533995786e+01
5.815510113083335142e+01
6.087352339789710243e+01
6.288580589697991030e+01
5.709266734490326201e+01
6.097056339851508966e+01
5.317163502028132882e+01
5.747651998360967696e+01
5.934922523107547931e+01
5.901206023786858879e+01
5.668444311785020773e+01
5.865800638700115854e+01
5.943442269866022798e+01
5.727959512065004333e+01
5.841228884706136881e+01
5.988037154920648675e+01
6.077140202055964835e+01
5.492129091776274663e+01
5.770173913772326557e+01
5.834199160183289479e+01
5.953473744839305937e+01
5.301350410931115675e+01
5.588001854296129522e+01
5.673730683092282590e+01
5.788715661487253072e+01
5.900552679705281633e+01
5.984678108199089763e+01
5.760607854870882960e+01
5.846748889840137764e+01
6.016159094166764021e+01
6.030915771211434873e+01
5.589709660448858841e+01
5.663570486553371097e+01
5.856294296985392123e+01
5.835439535646148812e+01
5.951971041265838380e+01
5.328850685209262394e+01
5.591900696588384534e+01
5.544687855000470478e+01
5.777470277371428864e+01
5.636848889619433578e+01
5.890517537643460599e+01
5.791303638332890102e+01
5.505124370145880874e+01
5.781708770241087336e+01
5.587256724728953117e+01
5.878559514211855230e+01
5.597620373167276853e+01
5.882029538201777541e+01
6.072377964764000779e+01
5.285304133570923568e+01
5.732157764424378854e+01
5.970625657584503188e+01
5.682127012969662161e+01
5.853934912313832228e+01
6.121197591912840608e+01
5.761361270091838804e+01
5.826347196239824200e+01
5.540394371651571959e+01
5.823703164446885694e+01
5.734688658784527604e+01
5.687062358154820885e+01
5.785666513969361091e+01
6.052051118873738034e+01
5.334583933290132762e+01
5.824278748828078278e+01
6.020953491713885342e+01
5.966553068740355315e+01
5.773376038160419910e+01
5.763935869861879269e+01
5.961335389238263360e+01
6.095872896397913365e+01
5.398537821352548605e+01
5.760533958128748111e+01
5.896154549129969524e+01
5.991995122491475456e+01
5.492720798807658156e+01
5.696061913362996165e+01
5.771373520212079455e+01
5.896998486172796561e+01
5.481638287298189738e+01
5.657255913093275979e+01
5.784756086315433521e+01
5.896306240807416543e+01
5.417196968713432170e+01
5.612092284934621489e+01
5.669605915809611218e+01
5.830402070043290053e+01
5.865980973559537404e+01
6.055241206080275873e+01
5.991648825864524497e+01
5.535231765352718725e+01
5.626453278223973342e+01
5.836010479314142430e+01
5.804418260253461170e+01
6.041679886967317969e+01
5.971550019027347389e+01
6.126894271597791430e+01
5.733826237521964941e+01
6.021588847460149907e+01
5.914786047462559537e+01
6.084684104128129434e+01
5.712715078280314174e+01
6.011998228354539009e+01
6.055303682644728269e+01
5.691686926168365801e+01
6.176308568460221693e+01
6.205137850288890888e+01
5.903728083550090133e+01
6.052616712565102830e+01
6.348971772088299304e+01
5.995373759022177040e+01
5.996359184321085678e+01
5.755151283267237972e+01
6.067311988436883752e+01
6.183335832354786987e+01
5.748933499658838997e+01
6.010714091389993285e+01
6.253057151533491265e+01
5.844893436281832777e+01
6.152114247134714020e+01
6.376577473305280108e+01
5.787250642881357976e+01
6.203295691098836073e+01
5.426270671821936986e+01
5.871954102719308111e+01
5.990314992147513351e+01
6.165368565701982817e+01
5.471046767340245509e+01
5.840397607961287463e+01
6.016030843594018052e+01
6.096956916377365587e+01
6.256350960527439753e+01
6.373497084088472775e+01
5.785562501690970549e+01
6.051627750162234065e+01
6.159691958943697188e+01
6.265762520200524222e+01
5.904314339951372403e+01
6.079912121503627986e+01
6.190018648471856011e+01
6.267609970994289625e+01
5.777590787050590393e+01
5.981005549031373647e+01
6.040582681494166195e+01
6.179839110184308737e+01
5.638862477498704351e+01
5.863222170427563640e+01
5.882163254752566672e+01
6.059813140591751335e+01
6.053313056907996526e+01
6.257654168175348275e+01
6.230620501560463964e+01
5.879138236982856114e+01
6.038628543504420776e+01
6.137484334090359539e+01
6.091688087977008337e+01
6.057169683653874159e+01
6.101997919855965336e+01
6.339419821057738602e+01
6.108983145816524996e+01
6.407901869213227997e+01
6.359233070247437070e+01
6.059111691364957863e+01
5.963341107181588541e+01
6.258580904538678880e+01
6.431791730138535002e+01
5.917934162089861871e+01
6.194808185342748175e+01
6.433904519447278858e+01
6.121527007064885595e+01
6.073725469324018178e+01
6.382133088070680316e+01
6.070838826314543013e+01
6.377804156355700371e+01
5.756274030391062979e+01
6.052340106381861062e+01
6.276451368584857704e+01
5.956903791299276918e+01
5.980115929778039430e+01
6.264081350520134350e+01
6.173866824061751402e+01
6.166959526512975032e+01
6.425706796479475713e+01
6.231884073485314701e+01
5.932821225614261351e+01
6.200406420198913793e+01
6.309041214894043748e+01
6.378069616537836595e+01
5.821960051047361873e+01
6.021344779760941179e+01
6.175304295203471128e+01
6.247297659819210480e+01
5.814429063920290730e+01
5.944522142542888332e+01
6.065700431442185447e+01
6.197688854149429005e+01
5.685845676143540572e+01
5.875616283046883126e+01
5.957069791285633187e+01
6.075427679088838318e+01
6.200814468463861573e+01
6.248329809320190265e+01
6.270309412519084447e+01
5.827931245323440379e+01
5.902310839508785989e+01
6.089598783844460428e+01
6.078287995843516001e+01
5.959186571234056373e+01
6.212761373313409052e+01
6.143189416336876008e+01
5.788836884873256849e+01
5.831186846327027240e+01
6.085768148182721404e+01
5.981508153724576715e+01
6.149891987359075785e+01
6.202505861674885068e+01
6.198515039269231863e+01
5.950750457590452669e+01
5.882643411498204244e+01
6.133484688223027348e+01
6.327625640887438863e+01
5.684113851045174926e+01
5.958547642192458227e+01
6.192527953935321960e+01
5.938976284882210166e+01
6.103691445756999912e+01
6.348994939362447809e+01
6.042176400420277105e+01
5.984410683899128713e+01
5.736026968156571115e+01
6.023215499409400309e+01
6.220518554524876720e+01
5.536661208492702002e+01
5.887196555186304181e+01
6.104352543786888674e+01
5.846088638705123230e+01
5.845360265267752453e+01
6.136426828333411976e+01
5.815511560881291331e+01
6.094482348526932469e+01
6.270865864733850259e+01
6.015665361324086291e+01
5.823263201145795165e+01
6.014780725370483339e+01
6.177971052380432582e+01
6.214103785403521840e+01
5.750725420533479593e+01
5.906040776562790029e+01
6.025845799311206719e+01
6.144908176584957715e+01
5.651677148972250109e+01
5.752297087460182468e+01
5.905513773925655130e+01
5.978837966045487207e+01
5.613420483547711370e+01
5.755088393185060625e+01
5.870113570200749820e+01
5.959318439817091928e+01
5.523151553970011918e+01
5.683791944495223447e+01
5.758670844179740556e+01
5.882581778643390180e+01
5.927901955002191414e+01
6.094798070569503778e+01
6.019180066342509861e+01
5.442239360583393193e+01
5.712675651824788048e+01
5.703896595708332029e+01
5.899117160475669408e+01
5.745494362168187052e+01
5.989536453130461524e+01
5.904255884182959591e+01
5.644370597848693194e+01
5.688379561779541405e+01
5.925109990427762341e+01
5.791184164486212893e+01
5.812780868098920450e+01
5.850722037837697798e+01
6.077344244089964320e+01
5.707000435285326034e+01
5.993927813720768683e+01
6.170505751615359458e+01
5.600334099346711980e+01
5.965378758783474211e+01
6.197836452846433275e+01
5.886988547399809590e+01
5.840994628476988737e+01
5.611763806928830434e+01
5.899574571376862053e+01
6.059253772289893902e+01
5.350027123910820848e+01
5.790208544354288733e+01
6.008310243905845738e+01
5.628095082839445240e+01
6.068543675239436652e+01
6.155316158618411038e+01
5.800558786760899466e+01
5.801918565853844001e+01
6.085291711936631032e+01
6.150048093122509840e+01
5.607982941314579506e+01
5.929618956878184832e+01
6.111488960829974104e+01
5.983293527672751111e+01
5.678166301142690742e+01
5.824335295918471900e+01
5.946573066005036168e+01
6.063336917742498855e+01
5.566548721636996788e+01
5.721260279063339027e+01
5.875218673759454902e+01
5.945678669784008719e+01
5.675665752317805612e+01
5.876213141128878448e+01
5.979851975841747702e+01
5.786278677110684754e+01
5.899945058146077059e+01
6.033664688275082000e+01
6.084501185227290421e+01
5.613429607471413618e+01
5.856006067191162145e+01
5.886748834094079541e+01
6.069428036244926261e+01
5.604991306044159671e+01
5.889223165958672723e+01
5.871370213563757545e+01
6.080206757083907121e+01
6.042130618628852545e+01
6.286291672167130429e+01
5.990987512530441705e+01
5.913553987342191931e+01
6.010089692003473516e+01
6.232988760764678204e+01
5.901366233467080491e+01
6.014324414941699359e+01
6.028444456473712876e+01
6.278430619865198992e+01
5.683786076155945466e+01
6.056120782279698744e+01
6.133343117497351216e+01
5.950895785911487934e+01
5.794619879456737976e+01
6.151951461784742747e+01
5.854792297311584548e+01
6.179068002823621697e+01
6.419784719633064185e+01
6.082510736402577578e+01
6.103927177787478797e+01
5.819387461305928610e+01
6.123576586913463871e+01
6.200401967590374852e+01
5.911443897773612832e+01
5.880812224480185790e+01
6.198686872557896521e+01
6.079924757036961580e+01
6.196181949756618224e+01
6.378056471130931726e+01
6.463450825230889052e+01
6.035231350915298520e+01
6.077380505776395836e+01
6.267456383175868240e+01
6.420830382017209104e+01
5.776975816197138158e+01
6.091244597094385682e+01
6.262083040676693457e+01
6.184845021218095695e+01
5.873215711924984817e+01
6.064764419683643126e+01
6.179849496861235281e+01
6.309720943599896259e+01
5.733898199873845414e+01
5.945602327698492928e+01
6.038021235857882374e+01
6.124864350984827155e+01
6.283784239563426155e+01
6.301988178595888712e+01
6.334194266537124918e+01
5.837324879824116408e+01
6.052133608809036502e+01
6.091011056477929486e+01
6.227869660731040824e+01
6.373601110994707852e+01
6.346053635717304076e+01
6.448615478972726578e+01
5.841156456106455863e+01
6.087280646525172045e+01
6.051193543640995642e+01
6.273420294216323612e+01
6.105214239397199094e+01
6.373804849128305250e+01
6.294548498548876836e+01
6.052418349171576750e+01
6.191178966549131246e+01
6.408372393124673749e+01
6.172734143854670918e+01
6.088054424071719239e+01
6.340810500111994941e+01
6.077727109210052703e+01
6.391780583055248144e+01
6.631408886809232683e+01
6.315224830210956242e+01
6.260727520160051540e+01
6.008801607273248635e+01
6.315901909054825580e+01
6.529800203760208888e+01
5.919772634097357411e+01
6.214194929839541715e+01
6.436696456043208059e+01
6.173185840986372597e+01
6.180234777711633853e+01
6.468075749841241873e+01
6.166244297560891141e+01
6.448513981782569715e+01
5.808314894097171077e+01
6.121533338887660136e+01
6.306009419587215348e+01
6.021715456665180710e+01
6.200487342415522818e+01
6.356691752384586636e+01
6.399977250794456296e+01
5.947255373493286612e+01
6.121978379317124563e+01
6.191304832567659133e+01
6.322986715175824912e+01
5.846274774025147991e+01
5.985314691278944110e+01
6.081598286971634337e+01
6.216686180689413277e+01
6.303891551177665065e+01
6.421714054230254476e+01
5.867182366936302174e+01
6.031354460612846680e+01
6.148779083896229025e+01
6.194986116983663038e+01
6.289700015282234347e+01
6.454121283606937709e+01
6.433759189457576610e+01
6.003328952788478290e+01
6.091682865393634927e+01
6.298111297524759777e+01
6.250662978061529884e+01
6.245779234665634050e+01
5.930043778087477335e+01
6.175953734686508767e+01
6.070741298724405510e+01
6.205761528276389782e+01
6.405562268059699704e+01
6.236560923280922708e+01
6.183233593268648320e+01
6.054841229778173073e+01
6.314876250321182027e+01
6.173690042295960723e+01
5.910219307004546607e+01
6.200807436829859398e+01
5.965982083722443718e+01
6.256111599598630590e+01
5.930422309334455377e+01
6.193700405851424051e+01
6.398232354060894522e+01
5.758713065954142962e+01
6.064530534596605804e+01
6.291047860023225979e+01
5.962072846706428919e+01
5.988553452558751644e+01
6.260754681267216881e+01
6.099209575650198900e+01
6.148962671353672249e+01
5.782518280995094528e+01
6.084146021187751074e+01
6.069445972049037863e+01
5.804757659978939444e+01
6.094389214468419169e+01
6.049632246511848166e+01
6.165553547112636323e+01
5.704573017912652233e+01
5.903968111505560046e+01
5.955319853843074185e+01
6.098408977959235955e+01
5.532267670719141250e+01
5.780579752337484223e+01
5.871465045797379645e+01
6.027103100076852371e+01
6.067352060756056176e+01
6.208233132165492663e+01
5.706891727723722596e+01
5.827360309273307593e+01
5.932634966243159624e+01
6.044320828399835932e+01
5.954815291129530408e+01
6.115912735779163256e+01
6.182880181599769998e+01
5.659092193292461559e+01
5.775953162714062472e+01
5.917949626474543123e+01
5.943626827902998144e+01
5.952347736831021052e+01
5.945598496993122950e+01
6.146793215978278369e+01
6.088717388407086872e+01
5.571352531379822182e+01
5.849323723131327313e+01
5.779752753278136623e+01
5.997857400869440880e+01
5.820774202202650827e+01
6.080765562401754920e+01
5.950150658018514349e+01
5.709155079507132768e+01
5.963999662804203439e+01
5.767363912230346301e+01
6.052445146570335055e+01
5.702173369500750510e+01
5.984781087258343035e+01
6.173076597653666653e+01
5.496374340682643833e+01
5.900944538272053563e+01
6.131639329069375322e+01
5.835661887545214910e+01
5.882655407125289315e+01
6.166285780639712755e+01
5.855644107703513868e+01
5.991303401688536212e+01
6.242864401215711467e+01
6.091555613909365974e+01
6.085958215870245880e+01
5.773499290818435270e+01
6.044433030627212844e+01
5.951564767523947097e+01
5.796574816188024926e+01
5.969364786897129704e+01
6.144489671477685988e+01
6.122481115649588190e+01
5.724256662766899950e+01
5.883364678360905486e+01
6.023331114415837106e+01
6.093948640461788102e+01
5.645018526236358980e+01
5.794372809673043179e+01
5.886386064654376327e+01
5.996001404600276885e+01
5.471751147207655919e+01
5.771746514631060165e+01
5.816175107448652426e+01
5.955924728385209477e+01
6.056667796173552887e+01
6.153326203076701972e+01
5.526779007089495366e+01
5.794208658676247836e+01
5.912071362976217159e+01
5.971511740342588581e+01
6.007332887704473023e+01
6.185345580046787006e+01
6.194179439290876132e+01
5.858413043726725533e+01
5.924790255072136347e+01
6.129908954026478085e+01
6.091434345375729720e+01
5.743390031631007275e+01
5.786848303984746167e+01
6.024204186339085254e+01
5.939810655745298362e+01
6.067414284867945184e+01
5.962643313844606041e+01
6.231780110485492230e+01
5.951215087697318751e+01
5.825300979121671929e+01
5.929668828948788928e+01
6.143908117617814924e+01
5.902659737505894100e+01
6.195374193350325243e+01
6.392024520247148445e+01
5.634436760350668294e+01
6.050553623117971824e+01
6.312941956966233903e+01
6.006219554336767175e+01
6.177670653827369307e+01
6.439151610316457663e+01
6.088953376891521430e+01
6.088127586333602892e+01
5.806180808360958423e+01
6.109189258418714985e+01
6.184979349310815167e+01
6.212129964602264209e+01
6.478317083335336690e+01
5.992413171741986844e+01
6.324343988094802427e+01
5.927638343830582812e+01
6.136445219433203846e+01
6.171949767047176749e+01
6.138079551322933014e+01
5.646398056782560815e+01
5.999436736144136262e+01
6.169877131492181377e+01
6.187166761942505389e+01
6.350344968577969240e+01
6.463184035302074903e+01
5.866150822530914155e+01
6.120662505002699305e+01
6.247075481024128152e+01
6.327223545619035860e+01
5.909800215660244760e+01
6.157592779123054783e+01
6.257004424916974017e+01
6.329445202723163533e+01
5.836406397992761441e+01
6.019053737764423317e+01
6.076060576455904538e+01
6.228440556294798114e+01
6.273792999102989398e+01
6.425352159066694924e+01
6.221767701916266446e+01
5.969227648158151567e+01
6.021045577464894194e+01
6.218798185585212934e+01
6.192600551824112642e+01
5.943948580407683124e+01
6.262443628306285603e+01
6.167229369267632677e+01
6.163202052927923802e+01
6.142707835878498202e+01
6.381138497667570419e+01
6.228184966410892542e+01
5.925535152933186822e+01
5.984109265335563776e+01
6.251441324826681978e+01
6.044911958237183569e+01
6.339624442553301265e+01
6.517213003585862907e+01
6.072711533152438790e+01
6.357877487478637590e+01
6.606019241674854925e+01
6.210090057812072217e+01
6.270620638075995146e+01
5.994126348474601684e+01
6.291359040355926169e+01
6.365807530145984572e+01
5.997819629846338074e+01
6.290168838300230902e+01
6.257514946150907065e+01
6.179687850488943468e+01
6.119654192634901335e+01
6.390050477598526868e+01
6.168534323469685887e+01
6.208709633267785222e+01
6.484531536405901875e+01
6.121599801689414733e+01
6.367870178973664963e+01
5.760040239782499327e+01
5.978877725689265787e+01
6.142988920922140750e+01
6.228574913879818808e+01
6.371508772507694829e+01
6.518591136707846090e+01
5.980666487819627264e+01
6.129500570642452573e+01
6.221087370917231141e+01
6.362190760224982711e+01
5.847785072090566416e+01
6.022259357785851108e+01
6.111695301837027472e+01
6.206630187984407598e+01
5.775147340529336759e+01
5.983663566025729352e+01
6.088660345130621465e+01
6.136329843081342261e+01
6.080624511066133664e+01
6.267551409604978829e+01
6.252437802089796293e+01
5.992505537324750975e+01
6.038339127987477895e+01
6.252873594132117319e+01
6.171020421670424128e+01
5.753298451923642176e+01
5.792994812056287657e+01
6.044540431487654075e+01
5.937046314729667529e+01
6.197634403601579578e+01
6.066311863967799667e+01
6.311741325976039718e+01
5.773000734722636906e+01
6.071701656331205754e+01
6.134270038924751844e+01
6.004889946155011415e+01
6.268058156711509099e+01
6.494831355545207430e+01
5.886438214545707126e+01
6.179754074255312446e+01
6.405661111596103297e+01
6.106958516625923039e+01
6.120512133675543254e+01
5.856591252963165317e+01
6.136143798321693765e+01
6.252720550608277961e+01
5.762264870092307234e+01
6.054137702164805290e+01
6.252570221868555933e+01
5.633259809423719133e+01
6.073330640776678280e+01
6.271427591032609428e+01
5.882103440258847371e+01
6.131599640541863749e+01
6.334997554021045119e+01
5.974630254354466530e+01
6.140605099948773216e+01
5.690279655648713231e+01
5.888184420633613314e+01
5.940791688274612881e+01
6.083264877908091250e+01
5.514100581308444049e+01
5.764241640792060650e+01
5.865868158636193641e+01
6.008529688672063429e+01
6.047150055994126205e+01
6.187010998527463812e+01
5.660487713070844507e+01
5.810270753105491792e+01
5.914515919993175430e+01
6.025835674399915121e+01
5.936005557060801152e+01
6.095915510284449823e+01
6.161091084657029882e+01
5.641658539338928335e+01
5.754970071027716472e+01
5.896546761229103595e+01
5.920926116072175915e+01
5.930955100292265314e+01
5.922622668184580164e+01
6.123264064558080833e+01
6.063892824438296003e+01
5.546489978312978053e+01
5.823535637121062791e+01
5.753164901237832396e+01
5.969288332292932608e+01
6.016831619195378522e+01
6.044114236410602814e+01
6.072831325255493340e+01
5.398007960327716148e+01
5.823999988224786506e+01
5.935238383515809346e+01
5.775439127453947918e+01
5.853839445789365215e+01
6.099775114189971958e+01
5.856706790835542620e+01
6.044650108674521505e+01
6.309912332191748874e+01
5.961938742033701999e+01
5.958201287909511024e+01
5.717443107564977112e+01
5.999990004257103493e+01
6.081172460560461701e+01
5.699427635655125357e+01
6.000721166229109826e+01
5.987304102286933727e+01
5.915360279659152809e+01
5.890564043637659353e+01
6.181628538534334893e+01
5.811139956401346751e+01
5.907175584008727043e+01
6.163167248735062032e+01
6.198506633759490825e+01
5.664484477497981629e+01
5.987191687215087654e+01
6.161812670649116797e+01
6.023824331824010869e+01
6.019148918795605852e+01
5.381234976311263551e+01
5.710288872435268104e+01
5.849459635548121383e+01
5.936322174771182603e+01
6.098056301033256688e+01
6.177926204480959882e+01
5.702725756587490480e+01
5.847062306172537660e+01
5.970728259922270098e+01
6.087661455043603098e+01
5.810860120223863845e+01
6.055754706404923837e+01
6.085447226365638329e+01
6.115512358146914806e+01
5.661874456343913664e+01
5.748252229602998398e+01
5.924273861055674928e+01
5.934537373413718342e+01
6.137044936546600837e+01
6.108040688171702470e+01
6.105612904852529255e+01
6.002686578456342659e+01
6.259825168885959812e+01
6.160260744340900629e+01
5.811346124414153280e+01
5.844774341668048123e+01
6.109851167798312588e+01
5.967698996732253391e+01
6.146109609140354735e+01
6.093119384889944712e+01
6.352906387065852556e+01
5.947004544647615631e+01
6.124516763713945977e+01
6.408182153894212263e+01
6.116518282108715709e+01
5.970359899073991272e+01
6.308559730707789015e+01
6.005964689326820150e+01
6.322467154888374807e+01
5.594434004055969467e+01
6.016928245125743757e+01
6.249666227011302055e+01
5.891427246562847131e+01
6.193902901750660561e+01
6.281611090172501122e+01
6.026678001998696743e+01
5.983743644812446405e+01
6.292866663106639180e+01
6.140315510837154989e+01
6.313609389897674617e+01
6.531543036897498666e+01
5.878060927583138806e+01
6.248061020562800394e+01
5.918365953281489311e+01
6.141785892189346896e+01
6.183202905408564476e+01
6.257097206821623558e+01
6.421902757314116172e+01
6.485637141103612180e+01
5.964908083527271998e+01
6.091963476619715578e+01
6.226210460845432948e+01
6.337102229980223456e+01
6.258762993378152828e+01
5.865444268614047019e+01
6.039970065462394899e+01
6.163815580729845323e+01
6.175317343052759611e+01
6.249689308613643135e+01
6.331640077604490102e+01
6.390277343655595388e+01
6.436371023693628501e+01
6.613484134545687709e+01
6.158028856850105370e+01
6.385687077258399569e+01
6.412002494824332643e+01
6.574359288932770085e+01
6.003253882247199158e+01
6.233843364343585591e+01
6.285167795875841534e+01
6.369554977115432592e+01
6.118314934524607906e+01
6.405099328408955728e+01
6.558906636786007027e+01
5.951621433739416034e+01
6.235073431776341124e+01
6.486175530995281235e+01
6.274337661568086588e+01
6.421599260751668226e+01
6.511789249081864739e+01
6.404083202519092310e+01
6.504382328239509548e+01
6.060108426965140183e+01
6.398119907668818485e+01
6.570913495479764777e+01
5.916921732927622912e+01
6.257707217795626065e+01
6.490454818066191933e+01
6.152736248348929138e+01
6.187403800719294367e+01
6.467086568528132773e+01
6.319446633793305779e+01
6.500634403544397344e+01
6.711299511580497779e+01
6.166171466577807081e+01
6.498558294584064754e+01
5.897309731797267318e+01
6.205569944030695240e+01
6.380546577093928562e+01
6.111002338793457511e+01
6.423696747588844858e+01
6.517062826810865772e+01
6.337824429439163509e+01
5.979581659796127013e+01
6.256242793172943095e+01
6.365404880611671246e+01
6.324453918077529124e+01
5.914148655654567932e+01
6.113766157629915909e+01
6.220069129477381864e+01
6.321327650449399727e+01
5.701017196200650261e+01
5.957520498591549085e+01
6.075385780879500430e+01
6.162101051091698167e+01
6.251244240117996753e+01
6.350694632610237989e+01
5.959886983223853463e+01
6.186678320491107286e+01
6.192229112333737362e+01
6.353820504498263233e+01
6.029440267805335907e+01
6.298789547331899996e+01
6.250938185248534040e+01
6.372111030739105786e+01
6.519806583949959133e+01
6.383946499648805428e+01
6.033954869575367042e+01
6.025471685127010346e+01
6.289307605107518384e+01
6.139917724941352617e+01
6.339277402440254150e+01
5.791319711196499753e+01
6.087126747484722245e+01
6.097280678455386038e+01
6.124496940609844842e+01
6.366316501857156851e+01
6.279620491612566013e+01
6.188862284709760075e+01
5.984275865090281599e+01
6.261139311982519473e+01
6.401251672683767424e+01
5.764056834035668686e+01
6.070018010000008957e+01
6.294774237688909579e+01
5.958053959424331225e+01
5.984141154565021026e+01
6.253332288708396192e+01
6.073976764840742959e+01
6.153137810437164745e+01
6.416706071493048569e+01
6.060769357558213954e+01
6.198012383937689407e+01
5.735875753584554104e+01
6.009375688959418937e+01
5.945184311830513479e+01
6.196661384576778886e+01
6.283560801344575708e+01
6.410324273025487685e+01
5.764661648587149045e+01
6.065933655832485982e+01
6.191942661677777693e+01
6.269462390493529114e+01
5.801426263149583917e+01
5.958841748503787983e+01
6.069244490139498538e+01
6.124492368259742392e+01
5.796796596688626124e+01
5.952654938828545284e+01
6.044500310562257539e+01
6.106655834730241850e+01
5.611626880969225084e+01
5.769364129191531987e+01
5.835346747687493973e+01
5.959908948272901341e+01
6.000681948372638885e+01
6.163200539371709397e+01
6.128440759706411001e+01
5.580298899298148285e+01
5.821274910537279368e+01
5.768472259794322810e+01
5.965414824934777016e+01
5.841211071842239733e+01
6.073674268766114182e+01
5.983851463188911168e+01
5.682796735299740476e+01
5.740440532376935323e+01
5.969761656216511625e+01
5.832499216887374160e+01
6.086675531318596200e+01
6.109088273138884517e+01
6.058054166666316576e+01
5.577282750197737471e+01
5.961801544874987258e+01
5.777700840205503141e+01
6.073042959126204465e+01
5.598244358317927549e+01
5.944775527336874887e+01
6.148559236364351932e+01
5.558697164684819114e+01
5.926631317056625647e+01
6.149800235429133011e+01
5.721173842707455748e+01
5.877509675233548592e+01
6.127787903250072787e+01
5.980874257436986596e+01
5.950553170507745193e+01
6.247140656780813828e+01
5.887720483576472219e+01
5.987152256340310430e+01
5.592199342828738651e+01
5.885994610180792108e+01
5.803685737061086769e+01
5.989704668111951236e+01
6.165574763439937556e+01
6.293783966754853765e+01
5.612916935603237789e+01
5.968752494536922626e+01
6.106825295672543064e+01
6.166381921568974178e+01
5.672138842732022113e+01
5.956116046178586743e+01
6.027718473651364661e+01
6.138781968128361655e+01
5.476651754729442700e+01
5.767757424558676149e+01
5.861266000284601319e+01
5.982202733003495609e+01
6.129512789695921526e+01
6.161952836773410525e+01
6.180851726296621251e+01
5.725027516994293109e+01
5.812969402374450567e+01
5.994315552983035644e+01
6.007008373262446099e+01
5.776490649259238097e+01
6.066908396068161125e+01
6.025148766810474399e+01
5.883247308069462633e+01
5.887000923116959683e+01
6.131820991936438503e+01
6.037560576225693865e+01
5.711197701926278114e+01
5.767398597114078029e+01
6.028792435153363272e+01
5.884290080332645800e+01
6.177843348939241963e+01
6.214918646942130920e+01
6.148951771563670121e+01
5.702996064631467732e+01
6.124727207520226813e+01
5.948203521226889023e+01
6.251929935750572298e+01
6.502860360402924300e+01
6.196061819344892996e+01
6.112576464381750441e+01
5.879877553249657751e+01
6.206008157952128101e+01
6.419784615845122744e+01
5.655941782298552312e+01
6.091191855732002836e+01
6.332824813399893316e+01
6.023895618806835017e+01
6.056054067493415971e+01
6.378849958396281039e+01
6.055583105157681700e+01
6.358997212243543373e+01
6.543092486238022332e+01
6.232423285934763868e+01
6.239684452251417213e+01
6.089974962469317887e+01
6.333100970230705684e+01
6.429346776775874162e+01
5.996924043437851282e+01
6.133127124592686386e+01
6.297606646793574470e+01
6.468762183009987154e+01
5.894782890452736979e+01
6.115160299947255140e+01
6.239138715098408738e+01
6.327105850117474972e+01
5.899835922135565625e+01
6.091257354849301464e+01
6.244989602044351784e+01
6.295682034590623743e+01
6.370255198986102130e+01
6.536010367188197279e+01
6.171624816836711602e+01
6.413371305222045748e+01
6.455423760860828963e+01
6.628576536681069342e+01
6.040427919907642007e+01
6.334653446307152080e+01
6.306182012199082720e+01
6.506227803148578914e+01
6.085783341193316431e+01
6.339777665693617337e+01
6.303588121647182874e+01
6.541397634396940930e+01
5.928025808618817649e+01
6.233439366186913588e+01
6.180469431878817232e+01
6.436607373763672513e+01
6.703179413519481500e+01
6.481917664658645606e+01
6.284282834344214308e+01
6.364121342026668771e+01
6.662504716041563313e+01
6.399212778859184425e+01
6.381056683048791456e+01
6.673472203810850090e+01
6.351326818114939954e+01
6.655320811570251749e+01
5.978655551150569636e+01
6.366665910791230942e+01
6.622525575819466326e+01
6.229098206099164514e+01
6.566139275770389361e+01
6.581772785531198622e+01
6.284758786668044905e+01
6.311542845892410014e+01
6.632420543504773036e+01
6.372348585329073245e+01
6.569717836935906519e+01
6.845381660692238768e+01
6.386910161508409089e+01
6.626995837122537125e+01
5.996698317173152049e+01
6.339004750898246954e+01
6.506310717636834795e+01
6.449449317086778422e+01
6.639890416546668916e+01
6.800493990261512067e+01
6.254339845193934622e+01
6.525915273453817633e+01
6.706774070125395326e+01
6.676645549458879714e+01
6.345212369057235691e+01
6.549506249818128367e+01
6.716583723931088912e+01
6.336682834362544980e+01
6.477517660254179077e+01
6.643280706992256057e+01
6.707002807697375601e+01
6.417932008307541025e+01
6.516237706341530611e+01
6.749983523887773629e+01
6.730144343493370229e+01
6.159649222715339079e+01
6.466497590950744723e+01
6.470804587435074495e+01
6.689692706080498397e+01
6.333802623265651732e+01
6.638039074230117365e+01
6.537971130422408805e+01
6.355028133673609858e+01
6.385582023499165416e+01
6.694558105781787560e+01
6.540907327292011075e+01
6.398613996191654252e+01
6.414194285690308561e+01
6.716711760706826340e+01
6.523121345104290469e+01
6.843845834877441803e+01
6.993541212258041639e+01
6.285921337429365252e+01
6.614309332442486777e+01
6.921612277486286757e+01
6.618021071713235415e+01
6.623906292672992890e+01
6.968029809615640602e+01
6.623956533357080900e+01
6.887618482695660305e+01
6.255854738742316812e+01
6.640551547568222190e+01
6.901369935565779201e+01
6.325249236072636450e+01
6.680854553663080253e+01
6.914027637746583821e+01
6.241184044594611890e+01
6.739816048511747226e+01
6.986740710739937299e+01
6.377000041343094239e+01
6.820306568876191022e+01
6.993890181950449403e+01
6.844109881093440606e+01
6.547004081483623850e+01
6.709559254718229226e+01
6.879150061612857314e+01
7.051163460515822123e+01
6.496742561089698142e+01
6.654025156344623326e+01
6.877519953355140103e+01
6.731578509051287540e+01
6.719031303372715058e+01
6.900893256887368921e+01
7.061097051357465659e+01
6.370592824384650044e+01
6.669777020174824145e+01
6.839199586560759769e+01
6.908450440320748953e+01
6.456164611581971258e+01
6.788877100486584482e+01
6.819610388453934036e+01
7.005039350050559221e+01
6.350989942187386106e+01
6.647966031482516769e+01
6.644990811010717380e+01
6.868090697336806727e+01
6.919116519135390320e+01
7.169268049079845184e+01
6.653133413781787908e+01
6.912295778099903032e+01
7.118115996603559381e+01
6.921696912179892536e+01
6.650767895021958509e+01
6.757566762358338508e+01
7.062744257458206221e+01
6.891191734901612165e+01
6.680929851133446107e+01
6.878307256136110936e+01
6.903486304396743378e+01
6.968315084606604159e+01
7.273692402349966812e+01
7.029325563560003332e+01
6.954338352731583939e+01
6.725248529333127578e+01
7.098908476799185507e+01
7.284993879705831432e+01
6.435704109213608604e+01
6.954733223609754589e+01
7.246243059604384484e+01
6.854113178699424225e+01
6.918169380623318432e+01
7.264110878462540200e+01
6.939315852713447441e+01
7.051048543908019894e+01
6.680076873101614865e+01
7.013555819629182508e+01
7.063836597600322875e+01
6.762881529591213337e+01
7.104434785918523687e+01
7.110978821163408270e+01
7.125749796120778967e+01
6.751672840232292572e+01
7.021406678416978764e+01
7.166719315630663800e+01
6.863924716250741653e+01
7.078903100316740904e+01
7.320206584556579799e+01
6.793917283033914600e+01
7.142952251221593940e+01
7.280108718757904285e+01
7.457916459522782304e+01
6.759810466349942715e+01
7.095219267912906957e+01
7.287774597804953203e+01
7.363661450150679855e+01
6.852079468983885135e+01
7.157657783742590141e+01
7.203296277609625520e+01
7.432263147843268314e+01
7.471211211745701064e+01
7.722825748898247866e+01
7.073693189443851281e+01
7.350073724970178546e+01
7.561366140183822893e+01
7.507926093512769228e+01
7.151620745342813734e+01
7.350540121540993255e+01
7.624283816455876206e+01
7.468633045557977823e+01
7.143796459220892814e+01
7.182012365810278709e+01
7.519525629658990340e+01
7.350398690690188630e+01
7.713766482221369358e+01
7.917765851192774562e+01
7.103265111902952356e+01
7.557057161337131390e+01
7.870182967968287358e+01
7.570390231823630245e+01
7.488064473730450743e+01
7.650695157068439300e+01
7.894073491818245714e+01
7.486188456348858722e+01
7.667107012115447162e+01
8.008846909376242706e+01
7.575020680772040294e+01
7.679449798659717885e+01
7.293419331960132013e+01
7.698099913541518902e+01
7.688576806609417247e+01
7.336902214075578854e+01
7.690022420425580663e+01
7.744984475632716681e+01
7.620837155690992404e+01
7.759161113060282844e+01
8.030270587570987573e+01
7.315736711921647384e+01
7.814282441758280129e+01
8.014324463971905743e+01
7.897224368981443376e+01
7.545948452152850905e+01
7.848530503090337618e+01
7.996103969326664185e+01
8.106081159942985437e+01
7.552394574060582499e+01
7.786711798494630443e+01
7.915211242811234627e+01
8.052565700116335279e+01
7.425686978475049216e+01
7.703566423627282234e+01
7.944645943187104820e+01
7.998501918979823699e+01
8.283332404559226347e+01
8.234863510397690334e+01
7.670567780043532480e+01
7.837296927992093742e+01
8.141657777575815658e+01
8.113400231521301009e+01
7.633079442569645323e+01
7.803392034748105743e+01
8.150828290185614833e+01
8.064533018173834478e+01
7.642459341660446626e+01
7.751010031276476298e+01
8.075122172875904880e+01
7.995755931623695290e+01
7.724855503404633339e+01
7.746885518695431472e+01
8.084765872079059079e+01
7.956717061868550900e+01
8.289957535877105954e+01
8.524195525794320361e+01
7.768045899842769586e+01
8.164917797641648178e+01
8.452095649328077798e+01
8.098043571595921719e+01
8.040236604557905764e+01
8.285176553947003697e+01
8.078813000146223544e+01
8.432855526367298182e+01
7.705815465204381098e+01
8.148494948420594142e+01
8.467202436424591383e+01
7.911089174878735264e+01
8.348254100867822558e+01
8.469719178750781907e+01
8.024277593647305196e+01
8.135313324365880305e+01
8.489750351951560958e+01
8.044710799165605408e+01
8.276136055014153214e+01
8.584893981542664676e+01
8.325122170885492778e+01
8.497201304879017414e+01
7.978594456244900357e+01
8.224361173166388994e+01
8.483168363774001364e+01
7.875387644473629223e+01
8.239972643916503614e+01
8.415477933910544550e+01
8.418083525920972932e+01
7.976419417773038845e+01
8.314477546554790877e+01
8.470120525104385933e+01
8.430174528143085411e+01
8.683755450603483439e+01
8.679307306604741257e+01
8.171549242819222059e+01
8.373620973632500863e+01
8.653377015793785176e+01
8.682870126708748160e+01
8.129994652722307080e+01
8.278999975286478730e+01
8.586087394512000515e+01
8.559917433011695209e+01
8.104178649919252564e+01
8.252509766238459576e+01
8.607197204816534963e+01
8.520077476538074279e+01
8.063882146119199490e+01
8.182775935204870166e+01
8.560978422914159580e+01
8.428626902333506621e+01
8.818337639785738702e+01
8.482514844634552276e+01
8.490833677636463506e+01
8.505290545840119876e+01
8.906561766881095821e+01
8.423030982814384515e+01
8.796411395439517378e+01
8.981011152097711658e+01
8.267104937033356293e+01
8.694737314695048269e+01
8.360850340252098079e+01
8.747722437118677874e+01
8.804488065359673499e+01
8.473740189380670529e+01
8.866924706539528245e+01
8.801082247191891383e+01
8.456945065097852421e+01
8.666503542073301958e+01
8.992017291586567751e+01
8.549909985498246101e+01
8.687237506007623722e+01
9.035382735963760581e+01
8.569009637669510937e+01
8.780121532179028065e+01
8.326381329532472364e+01
8.681625042161816452e+01
8.787419391314452355e+01
8.311062960567042524e+01
8.669075972770045269e+01
8.804485482993702306e+01
8.680789491584810946e+01
8.654840202956664541e+01
8.922252942969960543e+01
8.907166435655328485e+01
8.390116598677168724e+01
8.669657913460274301e+01
8.893006456694202200e+01
8.694900893012790277e+01
8.829768229990935424e+01
9.098285035845121627e+01
8.781085389254616302e+01
9.028850092272257655e+01
8.338236236220312492e+01
8.707652655855999058e+01
8.788092214339218344e+01
8.884616806163286640e+01
9.225948579759287327e+01
8.879004884777904749e+01
9.059312434682320259e+01
9.060505167166476781e+01
9.374506881106989908e+01
8.627936089974568290e+01
8.958151484503241591e+01
9.226279855439560151e+01
9.132204841778664672e+01
8.690590568235559488e+01
8.835777730871852498e+01
9.265124077562707328e+01
8.951169863093168999e+01
8.800918024852069266e+01
8.800125590968394818e+01
9.248908514516084267e+01
8.889676917593759242e+01
8.837754330960585492e+01
8.877103633268413319e+01
9.261918256648489489e+01
8.916721896092296618e+01
9.338633072495775878e+01
9.278774434680738636e+01
8.996093993404664957e+01
8.975073667167403357e+01
9.100713060587631276e+01
9.402028422716769285e+01
8.858264566308085364e+01
9.263792401003078680e+01
9.575109550440663497e+01
8.862701171334319383e+01
9.299038793876854925e+01
9.616262327880787097e+01
8.935804445818637021e+01
9.376781034441994223e+01
9.669456193477819284e+01
8.960746065843528640e+01
9.454884846749766325e+01
8.842510548446504970e+01
9.236058622706696042e+01
9.415740053198715032e+01
8.902780412078767824e+01
9.243925365216813361e+01
9.483508596949066316e+01
9.130216313883100554e+01
9.462415837889629699e+01
9.698146469760328614e+01
9.074288577765817365e+01
9.428080308298538625e+01
9.726023015169495523e+01
9.693395598642915445e+01
9.138889274853805489e+01
9.469115190705404927e+01
9.764506958159510930e+01
9.605649137938320337e+01
9.176280675592181524e+01
9.437494966879175706e+01
9.834425979707098975e+01
9.392944042566175256e+01
9.800616514133818669e+01
9.771986018434697030e+01
9.584181508803594340e+01
9.660502968741680263e+01
9.058892193507472257e+01
9.511138434254596064e+01
9.553167066400123986e+01
9.840553858256001263e+01
1.003705395656305939e+02
9.401366526611718655e+01
9.842716854968547580e+01
9.435143662731108805e+01
9.883562629464161375e+01
9.780994592292535117e+01
9.659892880729900355e+01
1.008128017592741656e+02
9.759003991202752104e+01
9.855888640265322920e+01
9.572116500354975699e+01
1.006798512808475579e+02
9.784454705346996661e+01
9.837876098323644669e+01
1.006323352292479711e+02
9.914053023402638587e+01
1.006871485481282633e+02
9.652278786905441166e+01
1.010164916014130938e+02
1.016063276695911242e+02
9.754249016991893484e+01
1.016776900693081700e+02
1.032789845854233164e+02
9.833689603977293814e+01
1.007357040622904805e+02
1.040514594520852540e+02
9.890628629443563113e+01
1.019817659419135794e+02
1.051443865620090605e+02
9.951049780031159742e+01
1.034749453377936419e+02
9.758495031061268321e+01
1.009905709697340654e+02
1.035696437952838664e+02
9.714596464488177219e+01
1.016959778263641141e+02
1.046301550100547075e+02
9.964531254722939480e+01
1.040931896865210007e+02
1.059099585181246397e+02
1.003520111407321167e+02
1.039882772849613843e+02
1.074187085754196573e+02
1.072868135559556464e+02
1.014518640815881838e+02
1.053796702442303967e+02
1.062890196153760343e+02
1.019772467493517354e+02
1.041747560755527360e+02
1.011340342506225056e+02
1.070275163495268345e+02
1.063691783196860570e+02
1.021792834776085783e+02
1.037330156654520863e+02
1.085277558007672098e+02
1.031954660589008483e+02
1.088092826709164456e+02
1.084768944930170704e+02
1.060837935710735564e+02
1.058594428421795470e+02
1.110218609297405976e+02
1.050007582917483404e+02
1.111119004901140528e+02
1.037848392172287078e+02
1.088719434446611558e+02
1.061807483965827146e+02
1.062382755132687890e+02
1.086331572247967756e+02
1.103744967703130158e+02
1.045731068044235315e+02
1.103203965939149924e+02
1.142418243578097616e+02
1.073260142004558162e+02
1.111924534235405275e+02
1.148124553471288891e+02
1.089210199275482864e+02
1.131910727421961269e+02
1.067351073013884388e+02
1.112275365235239661e+02
1.139697681111734511e+02
1.075313508604595967e+02
1.113390928359837773e+02
1.145922691992540052e+02
1.087321869142514572e+02
1.126301750796518490e+02
1.156847604043445017e+02
1.099083943217179780e+02
1.138147545741343123e+02
1.167421060643258812e+02
1.103396066764905186e+02
1.149931337409462628e+02
1.081713360672142556e+02
1.129565594365538317e+02
1.150390858734463535e+02
1.102710312297124204e+02
1.136281074917982039e+02
1.172975242009082706e+02
1.103547016358423889e+02
1.159757342077156466e+02
1.175493360621695018e+02
1.140973008334750318e+02
1.166043141229399680e+02
1.110908294413506212e+02
1.149574653413500585e+02
1.161028863063048817e+02
1.128340412353369544e+02
1.147760578168174703e+02
1.191771808276733111e+02
1.163853849575947947e+02
1.145989035194898804e+02
1.157082872351823681e+02
1.206180296721302341e+02
1.133159912863911103e+02
1.197043866236655276e+02
1.188052554174933277e+02
1.191422608181140816e+02
1.183799427468720893e+02
1.228254066207508828e+02
1.164199612876318639e+02
1.226272777675605141e+02
1.242508456682033113e+02
1.183549463457625137e+02
1.234459160011253971e+02
1.163570163746213950e+02
1.227156995418351357e+02
1.210861378488765183e+02
1.216048518520150736e+02
1.247826629509549718e+02
1.218285360820963916e+02
1.236008582143302306e+02
1.201255615174159317e+02
1.250352682170594534e+02
1.251041907013598262e+02
1.216434025021119112e+02
1.261041114924841935e+02
1.271040386880304851e+02
1.232994455959411795e+02
1.259890914801713819e+02
1.292975180562428079e+02
1.246524097382501708e+02
1.280852860937983451e+02
1.309721542054994075e+02
1.251295689618421960e+02
1.297572574012555151e+02
1.237213520255855883e+02
1.281664031249380571e+02
1.316462274876830065e+02
1.246430972873427976e+02
1.298941701079996847e+02
1.321188604896983350e+02
1.273995267971907310e+02
1.304572390241960704e+02
1.355685068199249201e+02
1.266156422692090473e+02
1.339348465879852768e+02
1.346926620578105940e+02
1.316273959077817040e+02
1.341582762351587235e+02
1.297107990867115461e+02
1.324558808387795352e+02
1.376020641730207501e+02
1.294729737962886134e+02
1.348250468084156921e+02
1.361824199451044137e+02
1.335760931298926550e+02
1.350277766888509916e+02
1.406690134427010435e+02
1.326645451124701367e+02
1.394391705016955143e+02
1.313209802492562233e+02
1.382795504330157144e+02
1.372927368273485627e+02
1.360435592467291599e+02
1.379523771373762884e+02
1.432889079591974451e+02
1.354421476661777035e+02
1.402646485303316695e+02
1.455724317890137058e+02
1.375641635320882585e+02
1.429052161898430029e+02
1.471793328743372342e+02
1.411371043066767470e+02
1.445627607126680516e+02
1.374952317422099668e+02
1.435304099804538112e+02
1.480995818495106846e+02
1.406052279324678409e+02
1.470075613919802890e+02
1.476711380654661809e+02
1.417473519622658955e+02
1.478211570378222746e+02
1.518946070679693037e+02
