0.000000000000000000e+00
4.508857796319983180e+01
-1.814594433258381656e+01
1.881860760976555014e+01
-1.144304843083261147e+01
1.666140945691597253e+01
-8.424298634785365891e+00
8.942735260564045774e+00
-6.659634583718545997e+00
6.760763254863140226e+00
2.097981156806946468e-01
-2.143974127631672832e+00
3.453023886902439443e+00
-1.721009556218242142e+00
2.775616408331898377e+00
-1.655779263602362050e+00
2.411281424791325456e+00
-1.365705772466893286e+00
2.330750520427186778e+00
-1.046209170591552162e+00
2.354846717888246843e+00
-7.647499599121687641e-01
3.115081300779356077e+00
-5.875764606971085602e-01
3.403749427800768945e+00
-4.139021126072932044e-01
3.712180623278306335e+00
-2.044853349652170915e-01
4.024377896996425896e+00
3.539349316917012045e-01
4.248850942718465973e+00
5.003844478859507117e-01
4.454877267609911762e+00
7.050387765102934523e-01
4.794405083379839283e+00
9.569764064696653083e-01
5.140459834330604494e+00
1.237491683710763457e+00
5.503596828683022579e+00
1.538997853014240969e+00
5.884370118063963595e+00
1.858126552882925386e+00
6.278435578080379109e+00
2.191982875408838627e+00
6.795556544938167853e+00
9.034407099650691109e+00
1.069646635591696082e+01
8.105020938344194903e+00
1.174638393462330122e+01
8.676857411829628219e+00
1.219872949914135773e+01
9.078108946491287412e+00
1.262669548082637228e+01
9.460133859297444658e+00
1.303416527256888990e+01
9.826504224978563684e+00
1.343158020023092192e+01
1.018635848439794778e+01
1.382304744672625141e+01
1.054212961079815081e+01
1.421162220630030149e+01
1.089594465195361117e+01
1.459830181556832152e+01
1.124839431018059166e+01
1.498366291001555872e+01
1.159972974403345525e+01
1.536773176751198555e+01
1.194983938003709412e+01
1.575038599066355793e+01
1.229848613296262094e+01
1.613136468653592104e+01
1.264534412708398747e+01
1.651036162922413908e+01
1.299005056486648613e+01
1.688703836171467287e+01
1.333222151189637117e+01
1.742625116475140601e+01
1.988299994438623486e+01
2.286669165987290953e+01
1.910919631221249304e+01
2.381510247035850725e+01
1.952680705522168125e+01
2.417247795034920088e+01
1.987138807709509791e+01
2.451349445093011425e+01
2.020089049476464282e+01
2.483587594475893923e+01
2.051349044591148285e+01
2.514188305680542257e+01
2.081068433591897460e+01
2.479643551418395120e+01
2.112417181197921323e+01
2.511607878371697211e+01
2.142753248919511222e+01
2.540311642495030142e+01
2.170409974451785118e+01
2.567013726670288065e+01
2.196290842392919274e+01
2.607111342558849998e+01
2.893187857720055334e+01
3.029335591618939461e+01
2.988777180017533297e+01
2.922523037188481254e+01
3.132260180801611682e+01
2.909234058718577387e+01
3.121789459381603393e+01
2.929440856765780055e+01
3.162848179203614407e+01
2.951072798146988418e+01
3.173863150912593412e+01
2.895393434593800563e+01
3.178580727372148118e+01
2.912756120285569494e+01
3.184020934652058443e+01
2.930014927884155895e+01
3.189057379970312311e+01
2.947121851960847039e+01
3.244409389307832470e+01
3.629075017964365202e+01
3.898148891218908574e+01
3.589328982788210709e+01
3.906908482578853636e+01
3.601119488609646879e+01
3.900310812513130543e+01
3.574020381618944242e+01
3.891823955754470177e+01
3.588656811839148730e+01
3.892344798185956023e+01
3.562924999671691495e+01
3.896671754658479614e+01
3.583144852854107398e+01
3.894784985665328492e+01
4.193295318034094521e+01
4.378982788659796199e+01
4.130078477952318394e+01
4.376004857915901880e+01
4.110591516426630676e+01
4.252793996480606609e+01
4.081511016191304009e+01
4.460717579423195644e+01
3.974764760417852472e+01
4.519490466255118122e+01
3.921136382007819066e+01
4.400038236742286557e+01
3.893163645999937472e+01
4.418981837955255543e+01
3.873525974393030680e+01
4.409810249296957352e+01
4.441638498214427955e+01
4.912883144239758337e+01
4.262533003796691844e+01
4.950728491713143598e+01
4.198358613777388371e+01
4.983330921464712304e+01
4.128975397896162036e+01
4.930314161625029357e+01
4.051783275586319633e+01
4.886091673765199772e+01
4.194197929347400589e+01
4.585018303132920892e+01
4.131410104055920129e+01
4.845393117754457535e+01
4.926151886152431558e+01
5.087006225382845059e+01
4.992066816073408120e+01
4.917650944161244553e+01
4.932159958089042107e+01
4.853876242273059916e+01
4.871273264650749724e+01
4.807241325998389669e+01
4.822325784362175227e+01
4.752525548979453873e+01
4.766909242143195513e+01
5.258304200429176944e+01
5.255998526133656412e+01
5.233394717697523646e+01
5.197018227161944992e+01
5.159218616278515412e+01
5.136199122790824134e+01
5.095091353375341470e+01
5.089289671508588242e+01
5.043229450360554722e+01
5.017071571152253284e+01
4.971233033665836842e+01
4.952126266661085197e+01
5.446995942918688627e+01
5.262951620056298196e+01
5.598511997147731734e+01
5.113537999740510287e+01
5.632998725469055756e+01
4.950007868530554589e+01
5.528608677457220466e+01
4.907648279501137978e+01
5.460556787630104481e+01
4.865810821968042887e+01
5.395432119892065970e+01
5.745554759370789810e+01
5.362695665326359062e+01
5.745753852577507814e+01
5.143504065913142398e+01
5.685931082260771774e+01
5.039805926232131839e+01
5.582948504909816023e+01
5.067182694075280835e+01
5.532424426156261887e+01
4.888182938653987719e+01
5.421501498305338629e+01
5.776228035142435147e+01
5.342362401009789608e+01
5.796538789438236705e+01
5.169816484008119062e+01
5.682331972365354034e+01
5.066339128740143849e+01
5.576940134589299447e+01
5.068851950682945073e+01
5.513343883691669589e+01
4.827643526095761217e+01
5.394547152583238869e+01
5.732765744047905798e+01
5.220418611171453449e+01
5.764101263716093371e+01
5.183092942133247050e+01
5.652356987454036386e+01
5.112493423218720068e+01
5.551575537494718304e+01
4.910672457013930625e+01
5.427892100849036439e+01
5.732297528700610911e+01
5.476479493422124989e+01
5.789525378079991214e+01
5.179006239748692053e+01
5.735990535556565817e+01
5.105232450197117799e+01
5.581351207562823191e+01
5.004612476256875198e+01
5.453454051566536975e+01
5.702000289500022490e+01
5.615594792816936121e+01
5.510349755816942974e+01
5.701450344766529810e+01
5.364228080930885767e+01
5.526449031750700414e+01
5.199746377217907423e+01
5.392907503304620320e+01
5.066752994280304989e+01
5.228503845950503859e+01
5.538205321140568316e+01
5.658464598639856291e+01
5.310386858658530684e+01
5.508008224068504433e+01
5.172992218576168000e+01
5.383008746451861271e+01
5.034100972683558695e+01
5.232388805546933952e+01
4.873609371696279169e+01
5.177033349807456375e+01
5.306727524036286070e+01
5.501664336334831518e+01
5.094932374390398877e+01
5.377155005400778975e+01
4.931544082619184621e+01
5.210888573879349650e+01
4.769787784016096310e+01
5.025773817850620162e+01
5.265897206722108592e+01
5.432786961671533277e+01
5.150964216438537591e+01
5.398531988753397570e+01
4.835080183003373833e+01
5.198425582999920636e+01
4.690411056849626448e+01
4.997652125354186836e+01
5.176893758705693926e+01
5.359480517329592431e+01
4.878657281235646082e+01
5.163634259704459595e+01
4.688096552981110676e+01
4.991077054572276950e+01
4.576889661188255332e+01
4.836400030313475895e+01
5.047860566494942702e+01
5.182667354456936692e+01
4.947511370402582287e+01
5.115626315452221462e+01
4.579188235095096360e+01
4.871034052760526123e+01
4.553616000228236516e+01
4.729197057885271960e+01
4.976587178104330889e+01
5.049606241536564966e+01
4.866692486294664377e+01
4.956560413953469180e+01
4.599072509771534811e+01
4.737189581602854815e+01
4.500067976365897948e+01
4.608287721276163751e+01
4.912612665308827786e+01
4.900234511238364377e+01
4.692965744511987225e+01
4.727435796630712872e+01
4.607190219904018136e+01
4.627747001271951177e+01
4.365502027934191887e+01
4.405931916251177682e+01
4.758266537200817936e+01
4.679522846659764923e+01
4.613626381358195516e+01
4.581163755143040817e+01
4.409485623852739877e+01
4.380486230577095341e+01
4.347852532191659947e+01
4.295143359739321909e+01
4.669428299645427671e+01
4.600406019334689489e+01
4.433990779237627322e+01
4.353506173493257592e+01
4.471490132829154618e+01
4.301087788289816416e+01
4.145721201514191989e+01
4.057840261608943422e+01
4.454813122978972473e+01
4.492998521264923539e+01
4.172370828646203478e+01
4.102885368358843721e+01
4.300720432371075930e+01
3.977079337205719156e+01
4.074911960163994706e+01
4.375569682950329309e+01
4.261398957932693321e+01
4.255814545119778103e+01
4.071194871419169914e+01
4.159784603238429668e+01
3.955183732741679847e+01
3.891009823603731377e+01
4.226101871254670783e+01
4.060902518237566028e+01
4.421227984691869040e+01
3.683688763423357670e+01
4.122999108279845615e+01
3.743717998541573877e+01
3.965780553866125757e+01
4.244540264027580179e+01
4.089434351116556599e+01
4.235993980036709416e+01
3.866779417786383277e+01
3.922893833036709310e+01
3.676462691976315966e+01
3.748234784670052733e+01
3.491246045308080426e+01
3.847276411494609505e+01
3.767122488421130555e+01
4.000027590568322466e+01
3.397957519070241972e+01
3.871661267263074535e+01
3.069457080239865832e+01
3.614477013241979364e+01
3.860728509975837142e+01
3.793339625562553152e+01
3.611883462958763147e+01
3.843045881056179525e+01
3.181069046185985627e+01
3.653428085711770024e+01
3.812121157378498992e+01
3.892551379073557882e+01
3.515369108473095849e+01
3.817807344454353569e+01
3.193865126278417677e+01
3.581321261405624767e+01
2.969213503376869312e+01
3.349076550189244728e+01
3.575540532071144639e+01
3.651436865149557320e+01
3.340984911665022139e+01
3.526454951048751951e+01
3.127790054901603156e+01
3.298110373379611815e+01
3.523668562766449242e+01
3.642145088926584862e+01
3.352245156293540163e+01
3.575234488786509246e+01
3.089623275994758700e+01
3.303969277456855735e+01
2.925877773106017443e+01
3.142192176068880372e+01
3.325177097668360915e+01
3.488111178601532458e+01
3.133710088727177734e+01
3.352753265054181497e+01
2.854924234170481157e+01
3.108037880198863689e+01
3.253489747548810129e+01
3.453306083621298939e+01
3.268673616090331535e+01
3.332664604964482891e+01
2.887885929250353101e+01
3.199979978566742389e+01
3.265713739623350875e+01
3.505551701073257931e+01
3.100672466914883785e+01
3.446622100834336777e+01
2.818465160849234508e+01
3.195390797571672437e+01
3.214245904779026830e+01
3.504813477350022310e+01
3.088049433573516112e+01
3.463739080423240324e+01
2.793761960204751915e+01
3.222036022918815235e+01
3.228019625079990362e+01
3.547900138486414079e+01
3.026907659795507755e+01
3.452549983578909121e+01
2.750900657967523344e+01
3.234139453899627625e+01
2.679054097061105466e+01
3.145266992054078870e+01
3.092337912688129720e+01
3.448573988205718877e+01
2.653568060977838172e+01
3.232786754613387359e+01
2.645208645545602977e+01
3.145813887853189073e+01
3.316093408965546274e+01
3.228789596847088461e+01
3.108949204644513387e+01
3.037134169739944056e+01
3.050341657145856189e+01
3.357631665152480593e+01
3.262198510760940451e+01
3.514679397284263729e+01
2.972067469479242519e+01
3.299336208133766490e+01
2.848784493265698359e+01
3.180226199172790658e+01
3.482367547863854185e+01
3.218281105721281676e+01
3.237153885310913637e+01
3.086436894244861406e+01
3.124096575961112521e+01
3.460383547981645336e+01
3.417305179222115186e+01
3.547702365789899659e+01
3.208800145863587971e+01
3.229751238253616208e+01
3.011463452173413202e+01
3.396428504211705501e+01
3.444358113952475975e+01
3.434153144345509645e+01
3.370876251898014431e+01
3.135727199235311602e+01
3.232274234020930948e+01
3.589317025989184629e+01
3.561314035566247327e+01
3.420754247935916936e+01
3.210646971708362685e+01
3.453656100369173743e+01
2.978392959470664891e+01
3.352796710161691607e+01
3.529363249685831505e+01
3.611052338786314664e+01
3.110184322391581802e+01
3.505971887860346214e+01
3.019123195164090490e+01
3.328101279066741824e+01
3.618188829849452048e+01
3.543711016573647044e+01
3.452015364782154450e+01
3.616145054268529435e+01
2.971184293117067909e+01
3.373811750228433937e+01
3.577195911163024533e+01
3.760007208614140950e+01
3.226968753928924372e+01
3.595603588618123325e+01
3.021183598432575579e+01
3.418203363311926779e+01
3.527529980130992016e+01
3.763264122557973224e+01
3.338426482125410644e+01
3.647242217548914311e+01
3.800532890724103652e+01
3.997568487833001427e+01
3.615361232149532356e+01
3.857656065155507719e+01
3.445085792584781359e+01
3.676340612383546613e+01
3.874112726120260675e+01
4.024289677525953124e+01
3.827993945785458152e+01
3.980511067363315902e+01
3.487795189249528249e+01
3.760614618233446294e+01
4.000047597246281583e+01
4.097492090247680352e+01
3.849788948015075363e+01
3.992091993362791413e+01
3.545301932200056427e+01
3.789090991491671900e+01
4.058839895562518052e+01
4.100553243989410390e+01
4.152665858033701340e+01
3.913681582221802557e+01
4.055522300972108241e+01
4.289088477811253597e+01
4.307899308891582280e+01
4.038218862532374942e+01
4.093968847313217907e+01
4.187036626534961670e+01
3.764611849207065575e+01
4.100561699605905375e+01
4.318904170635535422e+01
4.280178982278843591e+01
4.097936946014119286e+01
4.098002290102832035e+01
4.458966967607138798e+01
4.632464665805022008e+01
4.108894429881325294e+01
4.566913674643374321e+01
3.937371843034522101e+01
4.388248988920737759e+01
4.691314918650858345e+01
4.480066822929234860e+01
4.511628845129070697e+01
4.395473080435493785e+01
4.287396754743449634e+01
4.724216762785162871e+01
4.492322503843805492e+01
4.885598900539997658e+01
4.173803409064312575e+01
4.677447438227439847e+01
4.988101780266307372e+01
4.593674975822264628e+01
4.928431163402318305e+01
4.314714715482732288e+01
4.708321983980282255e+01
4.256985885288496974e+01
4.651799964166383461e+01
4.942995335599945861e+01
4.754151442653958526e+01
4.612250592541193583e+01
4.710035703500695092e+01
5.002440605986512168e+01
5.270539309491849167e+01
4.680766512244900923e+01
5.052432532161147094e+01
4.597446966605178886e+01
4.921749493507504525e+01
5.146097570222684681e+01
5.176254714225064646e+01
4.854791532868117798e+01
5.017780131320571968e+01
4.697706046572033500e+01
5.005138030131781335e+01
5.057511920705128006e+01
5.368483684807679879e+01
4.812328551277411037e+01
5.142263416117874897e+01
5.294161234083991729e+01
5.444144590087044833e+01
4.977298926254007938e+01
5.286513339868124461e+01
4.867685592788009075e+01
5.076041453284031491e+01
5.298490478143614268e+01
5.443224130761556978e+01
5.086176152429592179e+01
5.306967663878229757e+01
4.865615837208347472e+01
5.109155971684074871e+01
5.286442154998972853e+01
5.468018448499232420e+01
5.085099687652475353e+01
5.352734193977932620e+01
5.482604405945487969e+01
5.730287551249365663e+01
5.223760326219706229e+01
5.527189278274501305e+01
5.013073368456804246e+01
5.322750169930587560e+01
5.440933997842495984e+01
5.690773207559823277e+01
5.389155141867957610e+01
5.582151201307290478e+01
5.814422588505125589e+01
5.860350510384053990e+01
5.450933854408547319e+01
5.625933075521976434e+01
5.179137841816242371e+01
5.404163414826803802e+01
5.701036023148429877e+01
5.682009402394539421e+01
5.582423524552850580e+01
5.607922967805828307e+01
5.936025447229156526e+01
5.926359875251634435e+01
5.645461221871394031e+01
5.671040259928316374e+01
5.655502555803711573e+01
5.751750065146342195e+01
6.072667922395599760e+01
5.925102052867428171e+01
5.721922994736300438e+01
5.685261008126929738e+01
6.021984162770437621e+01
6.289891747954940371e+01
5.509361997509630271e+01
6.022277305771365263e+01
5.643814580718444063e+01
6.039949149932271411e+01
6.338536992599077280e+01
5.544410850724261763e+01
6.109769163970198491e+01
5.600317316227172881e+01
6.038640344909097024e+01
6.321738248217994283e+01
5.598166342318141631e+01
6.134805244171017335e+01
5.496231308780280500e+01
5.981550138003281347e+01
6.260572796855899469e+01
5.675897695952576782e+01
6.192357232754989838e+01
5.399364206278959699e+01
5.951230658887412517e+01
6.124915368681797645e+01
6.353565973086864460e+01
5.631126759093714185e+01
6.102507271206322059e+01
6.350701409609953885e+01
6.367573948935304884e+01
6.011550602825372636e+01
6.118239557601208389e+01
5.758501875860811481e+01
6.023075749239361443e+01
6.120777639067325282e+01
6.330534624012918243e+01
5.753242355875183023e+01
6.101494752166334479e+01
6.235218074559667656e+01
6.441940426916454498e+01
5.782893077223639722e+01
6.198248837038320147e+01
5.566666646856190681e+01
5.963156582478516299e+01
6.076955634117958738e+01
6.281239766850216455e+01
5.679516154770729486e+01
6.015979517190842074e+01
6.150099286064562421e+01
6.311594265281254224e+01
5.971441716499438712e+01
6.142264090056774961e+01
5.644797111074334595e+01
5.877618131965047610e+01
6.040021663516002803e+01
6.159197017872995872e+01
5.902100020917264089e+01
6.054183720498549093e+01
6.247121754177770470e+01
6.305442374601798861e+01
5.843443409511858988e+01
6.040094688887982954e+01
6.282363299265993817e+01
6.297421431274585046e+01
6.367073481638097121e+01
5.935283530596011303e+01
6.155839444008469741e+01
6.341202304755586283e+01
6.285359488523550908e+01
5.939622175368338475e+01
6.008140364339028849e+01
5.892782435303504940e+01
5.899436774853671039e+01
6.178742435859575011e+01
6.089304442243231819e+01
5.835741576007085740e+01
6.006831843297470641e+01
6.282862155554781936e+01
6.114683862279217408e+01
6.181452847160365138e+01
6.018218796946857907e+01
6.348990021255843175e+01
6.310833059651496768e+01
5.861543211350343086e+01
5.841649987914165365e+01
5.988688066700457568e+01
6.311947270559856804e+01
6.037998140148850013e+01
6.068502699995506333e+01
5.842221394662681178e+01
5.828639869434881859e+01
6.175789810767710009e+01
5.865635780612256411e+01
6.194778164475503957e+01
5.569220881787391164e+01
5.912743466197949971e+01
6.166590278934305047e+01
5.873353689359642971e+01
5.927113495720303149e+01
5.621778628536559097e+01
5.959657635761561778e+01
6.022561344616093493e+01
6.094847336655401193e+01
5.451473901314729886e+01
5.771872558024624311e+01
5.992382235562686077e+01
6.211926013758930054e+01
5.580565773095460713e+01
5.866513593726217835e+01
5.408740162696103937e+01
5.669078905010485414e+01
5.726393911947112514e+01
5.924283839800703788e+01
5.413372384553558447e+01
5.663807921201007645e+01
5.741653259929763919e+01
5.933030651419626622e+01
5.366450263023277500e+01
5.642319871068585968e+01
5.725060421831001634e+01
5.886007202081750478e+01
5.430547316848300454e+01
5.636693857466420354e+01
5.252355422930043005e+01
5.407735656201258223e+01
5.548329753191697478e+01
5.647702409319217054e+01
5.198653178398100039e+01
5.390139785055991695e+01
5.557515601622458234e+01
5.588359050272608641e+01
5.499873417197627390e+01
5.391899818923889143e+01
5.638675223578829332e+01
5.645350493480034970e+01
5.458733568528881364e+01
5.373988810385094439e+01
5.633991416165174115e+01
5.622112614417295617e+01
5.508617606505076481e+01
5.485003695024840908e+01
5.050951995576514975e+01
5.147685616067514758e+01
5.389260612483553103e+01
5.323599082909714042e+01
5.292958098975827141e+01
5.354696452995957401e+01
5.596161715614461230e+01
5.443890601164823551e+01
5.146021060440607187e+01
5.099985960125130191e+01
5.377861842705027584e+01
5.379993959285783234e+01
5.317699172688782028e+01
5.157647137429211170e+01
5.459014432268867267e+01
5.586594279329631263e+01
5.024765084300749152e+01
5.379270455428474662e+01
4.695561317943861468e+01
5.088903689906432959e+01
5.333882409649423550e+01
5.064047186360513564e+01
5.134394358503448785e+01
4.847825287001894878e+01
5.151369242833293072e+01
5.140653595315195901e+01
4.976266003961555384e+01
4.919983632435760512e+01
5.260094536952185962e+01
4.919464881648615062e+01
5.215798056814035988e+01
4.370201692199339760e+01
4.891385468928429958e+01
5.022940094356284391e+01
5.221544017002909044e+01
4.482759863254752020e+01
4.922461464083684746e+01
5.127178530882964935e+01
5.198431534730558923e+01
4.783323852020730982e+01
4.852470847991763492e+01
5.071392655733826871e+01
5.232308616758311359e+01
4.542516348796772974e+01
4.919612947884622400e+01
4.288755933382162766e+01
4.663507223326778472e+01
4.734251998055454180e+01
4.897380664135533124e+01
4.490863396038591304e+01
4.709780206682170700e+01
4.809676863573151451e+01
4.937702261733870301e+01
4.546740562995334756e+01
4.685452858563728995e+01
4.818665698668868203e+01
4.914649631357372073e+01
4.673195776435962756e+01
4.755130300414910494e+01
4.919422387050191503e+01
4.989005839712912405e+01
4.519183365640835603e+01
4.660338378579447749e+01
4.837390274779268395e+01
4.878258511179790702e+01
4.886505819671614859e+01
4.457780324865125010e+01
4.721902269236712613e+01
4.735251768360329550e+01
4.951822027815162386e+01
4.525015622606822063e+01
4.812563833267626023e+01
4.822625870901048728e+01
5.025318150700577036e+01
4.513933637205096971e+01
4.851766982678356754e+01
4.085433143864012351e+01
4.502578481293442536e+01
4.457327614072244870e+01
4.747121162142519779e+01
4.445677911756754241e+01
4.767601717375628567e+01
4.859059949221300911e+01
4.423019585566756007e+01
4.754118240053965394e+01
4.999941020888590515e+01
4.753683768776048169e+01
4.723597242186028922e+01
4.555527397720514671e+01
4.403748487888235275e+01
4.775261533436862749e+01
4.504326448437682728e+01
4.832987508511615715e+01
4.171126954985470547e+01
4.525567697766560116e+01
4.793958488371274740e+01
4.479773622154448276e+01
4.549899657037799727e+01
4.325744482804945079e+01
4.562785087274874485e+01
4.622566099000211182e+01
4.771481657899361295e+01
4.164858442182593024e+01
4.423902120648564562e+01
4.659014454089597734e+01
4.840709805556114986e+01
4.284268991543702043e+01
4.553487973695502689e+01
4.772417124923896381e+01
4.793788502570135535e+01
4.394292957054872772e+01
4.516729529004653898e+01
4.756350509428607864e+01
4.907146154973908381e+01
4.192982919160434818e+01
4.623283169378375135e+01
4.768948418982215287e+01
4.879090983334051401e+01
4.491663297516709008e+01
4.652335069382566246e+01
4.828617359699999412e+01
4.984702451323510530e+01
4.464329298041138827e+01
4.652749515606793551e+01
4.531313067091841162e+01
4.724653311902294206e+01
4.796885661776038035e+01
4.852017288588615429e+01
4.325809967407698764e+01
4.570604844168093450e+01
4.692357973955250827e+01
4.855430023887419821e+01
4.612262343531941156e+01
4.857234436019948731e+01
4.911742017243062008e+01
4.930379772658933035e+01
4.801969089130125212e+01
5.047944520226051424e+01
5.040480964509208661e+01
4.731326505450088149e+01
4.818947437085553531e+01
5.081219016739213856e+01
5.028604919578314281e+01
4.984712796302358129e+01
4.942768641617541903e+01
4.572998233416549851e+01
4.658485782889051308e+01
4.939242124799299916e+01
4.846236106427477353e+01
4.971696663212361500e+01
5.266939827422787346e+01
5.068232206147261110e+01
5.069556074367307730e+01
4.933308861938807155e+01
5.272419709336374183e+01
5.268029538383234467e+01
4.958739210213467175e+01
5.238999023688512580e+01
5.524661265510389541e+01
5.035614486271435197e+01
5.410189982059246461e+01
4.593287559553687061e+01
5.105445692635303345e+01
5.372017486438178224e+01
5.042234438820356957e+01
5.067256354943530994e+01
4.823525958074705500e+01
5.180633043706294671e+01
5.142320768374235485e+01
5.188845844554740694e+01
4.891777584032676174e+01
5.176239190585164351e+01
5.420155445960865137e+01
5.116227342418734736e+01
5.175496904863558001e+01
5.422954516127879288e+01
5.618342295556138311e+01
5.018789997731498431e+01
5.358105247032659690e+01
4.616047685438891790e+01
5.074232554140491658e+01
5.271350277492305025e+01
5.328151702831030434e+01
4.874476927975703688e+01
5.140454683611822873e+01
5.219799813060241434e+01
5.442622017870650097e+01
4.764316638904264067e+01
5.136609701093665592e+01
5.271527941287483543e+01
5.412828903617992182e+01
4.827884198315089748e+01
5.155609851567787416e+01
5.263946770710013823e+01
5.402643222584124771e+01
5.270881293379193977e+01
5.445384030585469759e+01
5.604291687502860952e+01
5.632516951327874466e+01
5.090953464940502471e+01
5.398049911560778469e+01
5.410756896253232640e+01
5.620303787033476084e+01
5.379262971417116290e+01
5.660876812554713666e+01
5.665563593383314611e+01
5.434388815420497565e+01
5.481205686937636301e+01
5.725297809754783884e+01
5.686426054306528499e+01
5.578330537976841441e+01
5.543874662957892951e+01
5.184051906914523045e+01
5.252854708261119043e+01
5.538927253181351062e+01
5.425435227511527359e+01
5.546710520885881834e+01
5.840597358897553448e+01
5.643096479568109203e+01
5.706227638141044167e+01
5.531553267438991384e+01
5.862708253367425471e+01
5.801072408707118910e+01
5.495884866393032553e+01
5.477897541821026550e+01
5.789581181837098001e+01
5.988763402563114369e+01
5.354788378587340958e+01
5.694760949682936513e+01
5.955185567873549957e+01
5.659883946764937690e+01
5.700144314329019579e+01
5.432502221907847684e+01
5.761661414550704308e+01
5.828114382158063478e+01
5.818448001718033424e+01
5.238081644818877436e+01
5.733951686863137809e+01
5.961079619310943656e+01
5.477902695492680607e+01
5.702047148661058884e+01
5.396069039983626681e+01
5.624229087153499052e+01
5.831943296453310666e+01
5.562162281200472336e+01
5.741948561281122920e+01
5.846051921597917556e+01
5.986223572990589759e+01
5.351490303812396121e+01
5.656528018192310014e+01
5.819095424033395858e+01
5.902610788999741231e+01
5.474476412391111779e+01
5.698575114923975349e+01
5.792302019017446923e+01
5.921085386405179207e+01
5.504477811694095379e+01
5.677797222077573736e+01
5.780092507405709057e+01
5.928743614231070325e+01
5.561545448586162621e+01
5.774772399118165112e+01
5.834436661886545750e+01
6.017816273991877551e+01
5.497026000149898550e+01
5.638489248613731064e+01
5.809154899250894744e+01
5.844433013803098476e+01
5.845326875125360289e+01
5.355637757473043337e+01
5.615962659550513791e+01
5.606971253033231051e+01
5.845922038709436919e+01
5.496030584822289455e+01
5.757844507982125037e+01
5.690796626323249541e+01
5.892433536655039461e+01
5.393374115565254101e+01
5.703235275813574390e+01
5.705967985005467824e+01
5.933651225654742944e+01
5.390154712117856661e+01
5.619202551710196758e+01
5.827880822796567628e+01
5.655534947815792179e+01
5.641867928441990188e+01
5.932066810598836781e+01
5.699926101805692014e+01
5.980257920912507075e+01
5.323238084154834837e+01
5.640367425236483001e+01
5.883455275161447418e+01
5.596807869990544759e+01
5.642833827634470367e+01
5.943667980455177968e+01
5.649923195520564434e+01
5.816488587331181748e+01
5.464957984292760074e+01
5.473742259223942597e+01
5.779843307895750115e+01
5.519975901926481043e+01
5.656448718642121776e+01
5.346959502601686864e+01
5.632377960023057994e+01
5.528824543885316700e+01
5.668792748556796113e+01
5.845441472248754877e+01
6.019745115752564146e+01
5.297522473995610426e+01
5.703205058722380727e+01
5.209934936950580919e+01
5.469987832396013516e+01
5.523000098636315869e+01
5.690124153088171965e+01
5.086128072343091588e+01
5.398224950128219746e+01
5.479044362581026206e+01
5.632624349197261182e+01
5.087279064828369002e+01
5.359504343658175429e+01
5.506465498384120139e+01
5.580863500080369732e+01
5.230183640050230309e+01
5.482490095242486916e+01
5.571282948948707059e+01
5.662876821319049725e+01
5.157159469872098612e+01
5.340406914477174638e+01
5.420578992362621307e+01
5.584908528221174606e+01
5.132372615589846276e+01
5.363608572605497216e+01
5.422321583401197387e+01
5.599993919899164752e+01
5.389786445964430328e+01
5.629230447169484108e+01
5.612862854311455862e+01
5.542105519110832290e+01
5.542431064694081044e+01
5.787719537974386697e+01
5.690338548064516999e+01
5.333787299097002688e+01
5.356608795856564598e+01
5.615382833739435142e+01
5.529213331523951780e+01
5.601319993447818746e+01
5.817716479047707168e+01
5.622413377478250851e+01
5.781605341065134240e+01
5.354661491919574701e+01
5.635041023301674556e+01
5.910249691072051803e+01
5.574742495357561722e+01
5.615771771225593056e+01
5.922123449941367568e+01
5.643607763212754236e+01
5.824200558803612182e+01
5.212219661307175755e+01
5.653456899731725827e+01
5.892829309188687859e+01
5.310665422353177689e+01
5.714223625228179770e+01
5.942574213628389401e+01
5.588146372605589818e+01
5.814948470291896143e+01
5.387599391131971771e+01
5.749050947767838693e+01
5.669498425789703333e+01
5.522373592660057540e+01
5.717296366052801915e+01
4.922599440256451686e+01
5.395983453435151489e+01
5.602388686746176205e+01
5.687512594428689994e+01
5.859638860777243252e+01
5.968819706322665297e+01
5.516602007378186556e+01
5.602759215282638650e+01
5.784739741435602411e+01
5.927889417411051198e+01
5.327828059339263689e+01
5.618879516309900879e+01
5.746822416534827482e+01
5.879625980935498575e+01
5.449255712564639254e+01
5.638573135625595967e+01
5.736692186435706020e+01
5.901673095477171671e+01
5.292578483378493814e+01
5.551770819049028916e+01
5.639833158522999668e+01
5.809465373715084979e+01
5.793192376898677765e+01
5.317249293261637177e+01
5.444376706980175840e+01
5.634205929598901719e+01
5.658342773254685909e+01
5.431372763395175696e+01
5.515650011378684070e+01
5.740299321386507359e+01
5.713924057630842412e+01
5.344916188130218870e+01
5.430101252281949087e+01
5.684327239577279300e+01
5.609036966502175403e+01
5.672967821921887577e+01
5.620621720712615854e+01
5.902721429611642634e+01
5.712149153790092981e+01
5.444409992940054366e+01
5.649830271157211570e+01
5.688640866000287133e+01
5.780546554161240635e+01
5.394819061818407846e+01
5.686122050073031176e+01
5.934127767860244518e+01
5.670869264535164689e+01
5.545228584330724431e+01
5.906935613076561964e+01
5.619844553253253139e+01
5.952889756505266661e+01
6.201405858375765945e+01
5.813912319583958777e+01
5.957040455259301126e+01
5.648890153037444151e+01
5.962597449542712980e+01
5.851440495531566199e+01
5.857876533581507061e+01
5.660969966713395962e+01
6.073233789342909716e+01
6.085279207998833328e+01
5.707823602289241904e+01
5.729229186382865180e+01
5.951539404610900164e+01
6.158191380120761949e+01
5.668455556902591752e+01
5.929271272097379608e+01
6.078440227727642053e+01
6.150526959137929595e+01
5.726153653760653128e+01
5.919201773911525066e+01
6.041606715984078591e+01
6.125514241121054226e+01
5.654657966692611382e+01
5.893639388865151574e+01
5.984394800053390640e+01
6.106026474845830165e+01
5.684358133561489268e+01
5.894136420775006258e+01
5.969337723678399499e+01
6.127145100803124933e+01
5.671273683467007487e+01
5.888873879513978693e+01
5.944470547485673251e+01
6.106384412380510440e+01
5.760900189447540498e+01
6.021033440142886661e+01
6.063430476275153325e+01
6.191008520045633645e+01
5.590231826165180706e+01
5.806323430346182590e+01
5.841784703090032593e+01
6.051143550478461464e+01
5.941750891181860084e+01
6.201851166498116186e+01
6.121259366205953967e+01
5.765750539056321600e+01
5.783859723680943432e+01
6.040918263619015249e+01
5.970411618093757511e+01
6.029743329467550694e+01
5.880152913168445394e+01
6.173571882013054335e+01
6.110348444227419407e+01
5.820203277758723459e+01
5.728662385900711485e+01
6.029053133737812686e+01
6.199046527811619001e+01
5.665498120233478829e+01
5.953482649232147850e+01
6.201797528317386110e+01
5.904973474317100823e+01
5.899532546029140434e+01
5.652470042679553330e+01
5.962891124118548447e+01
6.154351594505884293e+01
5.551447758719148595e+01
5.865632035364675545e+01
6.094414381454310359e+01
5.960696304933567546e+01
5.877701660028223074e+01
6.188758609138241695e+01
5.915714710138023236e+01
6.112442440589948944e+01
5.695573855605999825e+01
5.972234743366114174e+01
5.907710678710789409e+01
6.079901973640232171e+01
5.646581707294128449e+01
5.832108722533460110e+01
5.912884656732037314e+01
6.053272641471867388e+01
5.458482689945278565e+01
5.715546661274809992e+01
5.855135917873564466e+01
5.932837697699812196e+01
5.503997274678978613e+01
5.667149841244339825e+01
5.783499686801818029e+01
5.877645415520209582e+01
5.478500407365665126e+01
5.677909392695121937e+01
5.813240088400898742e+01
5.868395680265096814e+01
6.035368520379635981e+01
6.074829506882419139e+01
5.745048694837064573e+01
5.847747373495747070e+01
6.041562508689925437e+01
6.030491675858927891e+01
5.752036201438490082e+01
5.801003597028714864e+01
6.025280700843299542e+01
5.956334387503051175e+01
5.549089363355570725e+01
5.608907486958845823e+01
5.857197367729062876e+01
5.763206026399166859e+01
5.955773020176450672e+01
5.457458442269187060e+01
5.720364520546539921e+01
5.614516012732143935e+01
5.868941163785571291e+01
5.450383767702737003e+01
5.703975894527125945e+01
5.765524381352199157e+01
5.644221368879539824e+01
5.931524474746861841e+01
6.117857530646242026e+01
5.464907635192183477e+01
5.774015973126907397e+01
6.013136269100967013e+01
5.723808711364961255e+01
5.832576539593692644e+01
5.559477289091457664e+01
5.821756015003634133e+01
5.828299833877959202e+01
5.530127735554342649e+01
5.465879078983046213e+01
5.767782485949785354e+01
5.631314336887853500e+01
5.791911311598020973e+01
5.356347987669040123e+01
5.661679296897260372e+01
5.652049504895092014e+01
5.440904120302887748e+01
5.738640873902420481e+01
5.684012028194980104e+01
5.770376404008831628e+01
5.330135770842157683e+01
5.539482650004453035e+01
5.596457122737623990e+01
5.753367676761217808e+01
5.123135130519064973e+01
5.450353840592453736e+01
5.567376480126046800e+01
5.669844979559299247e+01
5.203476676833462022e+01
5.478920365089906852e+01
5.541460501452819187e+01
5.663546048119583531e+01
5.751091220531215953e+01
5.871761055587554523e+01
5.378793211544989106e+01
5.509031196702085253e+01
5.622681901065661947e+01
5.686552729677590179e+01
5.723034658931082674e+01
5.278436987828439442e+01
5.386712979005902469e+01
5.542523552027216027e+01
5.564613775489332426e+01
5.286817053933735622e+01
5.378816568903008033e+01
5.573893655439964334e+01
5.540772415696909547e+01
5.229464166778830503e+01
5.281386833583538021e+01
5.511067276759332856e+01
5.431425415785342636e+01
5.431568070262645875e+01
5.403805877927182877e+01
5.653616651627659451e+01
5.501997514256341759e+01
5.190149206479296140e+01
5.468543582952112558e+01
5.289942769015976864e+01
5.564812407941256112e+01
5.807909191243777514e+01
5.585236265724240212e+01
5.693840418670407644e+01
5.374650582401939403e+01
5.676506273036613948e+01
5.849059388259970405e+01
5.010229995937202574e+01
5.543291215166378549e+01
5.782453505463674759e+01
5.470713275743486292e+01
5.498709865976923794e+01
5.798807209189077128e+01
5.722107775531880236e+01
5.699800226740200770e+01
5.359114088238541029e+01
5.674282456995255330e+01
5.559241342712518730e+01
5.635767227815524194e+01
5.256523764645888974e+01
5.504139358252232483e+01
5.594345898245437354e+01
5.681856015345950794e+01
4.963248306494223527e+01
5.379827369065442610e+01
5.563218245786214311e+01
5.664026346026319203e+01
5.808221242108828619e+01
5.967852833567017967e+01
5.414715941947559941e+01
5.568057921639717733e+01
5.700351702496980266e+01
5.819295958833556170e+01
5.699031350879781854e+01
5.415454511433719631e+01
5.613782825507573193e+01
5.744853358752235550e+01
5.516067564449333105e+01
5.627854130885513229e+01
5.758539626675749190e+01
5.820853461853884880e+01
5.479195697763808681e+01
5.580945524429565552e+01
5.771155711427071111e+01
5.787190375257504371e+01
5.533200373459106203e+01
5.818966962817368227e+01
5.795077282522977669e+01
5.888125113544479916e+01
5.554425316694045023e+01
5.833946433055077563e+01
5.758265306866533706e+01
5.898181405581267001e+01
5.530037252983854756e+01
5.828905607930850152e+01
5.704725306034521282e+01
5.861238285790355462e+01
5.509699745009127270e+01
5.809163324064903122e+01
5.893586798024549722e+01
5.574614641886258681e+01
5.815395380227504774e+01
6.078978646439777833e+01
5.774746244963843367e+01
5.679169632178406601e+01
6.026636724108235654e+01
5.732336620665750360e+01
6.056531964112185307e+01
5.287116887227343653e+01
5.735162649228606568e+01
5.981695315832280357e+01
5.638966231111039917e+01
5.705651974588059261e+01
6.004879893702455007e+01
5.863110373142160370e+01
5.999538968274498529e+01
6.264637042311256465e+01
5.676750794786719467e+01
6.078715226003173910e+01
5.229088952765095399e+01
5.654677272731952797e+01
5.862930992070366898e+01
6.045454562158113276e+01
5.364253935941174944e+01
5.752277239790983288e+01
5.932783083130279067e+01
6.012439567358298831e+01
5.588142849398342804e+01
5.751791309613270187e+01
5.823832298018697884e+01
5.982306510888054163e+01
5.479402011791656690e+01
5.685422496529354675e+01
5.782250419650586082e+01
5.902825451992248418e+01
6.055035586065113051e+01
6.119725543921600064e+01
6.026856962166488785e+01
5.767995757624158415e+01
6.018806619836718141e+01
6.070843885103116833e+01
6.027168982504382910e+01
5.594716467445815766e+01
5.767520857084723218e+01
5.930753843537927139e+01
5.906109484368624152e+01
6.101128394290269341e+01
6.129825543317465275e+01
6.206044503192188699e+01
5.819975816533872148e+01
6.061764948444543677e+01
5.997698510117511717e+01
6.199580002004665147e+01
5.816573514170001857e+01
6.070125346514012676e+01
5.982203595843788690e+01
6.134355554146484479e+01
5.844682279633494915e+01
6.156577053866016769e+01
6.114814350681047017e+01
5.848100169119599911e+01
6.185599202813050113e+01
5.934995268832530257e+01
6.257372999961901172e+01
5.800697538337518466e+01
6.100215106007742349e+01
6.330516423639347323e+01
5.882681452650060550e+01
6.104212514381969612e+01
6.374795135711381988e+01
5.969240283018551452e+01
6.064912168534867476e+01
6.344248104114745956e+01
6.214824738908449575e+01
6.240670223129204430e+01
5.897945589085474438e+01
6.187040638155704642e+01
6.127566516865935853e+01
5.984026253102317838e+01
6.066490439465243156e+01
6.328300561777596300e+01
5.924169860265732979e+01
6.137387579531279158e+01
5.696586693870398221e+01
5.891224146787315874e+01
5.977706191022152638e+01
6.099347366007683746e+01
6.199053613528913331e+01
6.334296241443073683e+01
5.783969837391968838e+01
6.033811733838309976e+01
6.145627564341063476e+01
6.265749932287146606e+01
5.837939138954130414e+01
5.979151681548087538e+01
6.063066173052148855e+01
6.208410576682199178e+01
5.775852543582028176e+01
5.946798754867919001e+01
6.000359236070206492e+01
6.146707547999908883e+01
5.911129016923308654e+01
6.155909480415105861e+01
6.153791992244195086e+01
6.121183396511016639e+01
5.645651409592334602e+01
5.922772126833627482e+01
5.880696756612397280e+01
6.112257124828903443e+01
5.747285501603565194e+01
5.996511622788741391e+01
5.899906587360700883e+01
6.103260163526729798e+01
5.621404338968628878e+01
5.882171130536436721e+01
5.771131944896910682e+01
6.022546309046400381e+01
6.243992142035661175e+01
6.052821816674002520e+01
5.991130016121395840e+01
5.831095149143051515e+01
6.115739177027167273e+01
6.073015248035426339e+01
5.684842663567900445e+01
6.087069084220951964e+01
5.852827869615231293e+01
6.152616330502354458e+01
5.576230682053435572e+01
5.905440789597292905e+01
6.131825032918852969e+01
5.775851237772337754e+01
5.795643684925747152e+01
6.071743969663283735e+01
5.920770997743606046e+01
5.899645980965031100e+01
5.591933600192665921e+01
5.865574794542870052e+01
5.990663321415970444e+01
5.485469066191247833e+01
5.831821622685966133e+01
5.879044718237465617e+01
6.009349788303794071e+01
5.328927702085615437e+01
5.700700182312723285e+01
5.867133288702447658e+01
5.930603747340638421e+01
5.471741995068800435e+01
5.649513666067881701e+01
5.726253565502620546e+01
5.849316081282739077e+01
5.993132966683430851e+01
6.087192727503069989e+01
5.622128408653566822e+01
5.745616845303444364e+01
5.873141879662617271e+01
5.984187826328020066e+01
5.756740741798562766e+01
5.698155696307986062e+01
5.867777156607530742e+01
5.885753369354900144e+01
5.853482309742719281e+01
5.903795426396526835e+01
6.068841164309990432e+01
5.865175646423232081e+01
5.534957845210762883e+01
5.623324678185827707e+01
5.815634012809169917e+01
5.784088793570304432e+01
5.540714422200451850e+01
5.581197021389269963e+01
5.806628265327586291e+01
5.721561264270415847e+01
5.964775998724002193e+01
5.954359487867619549e+01
5.945397688175587092e+01
5.675274303206646920e+01
5.938958299465821966e+01
6.029464519302607073e+01
5.530482625612596337e+01
5.884366869298226277e+01
6.113898208507974630e+01
5.854540250740997465e+01
5.717570885706781780e+01
6.051253995903427096e+01
5.767256195492683446e+01
6.066889761050725127e+01
5.272163705919089693e+01
5.743774979959594162e+01
5.978558527101330355e+01
5.645376772258849485e+01
5.712630779475816212e+01
5.991963329766133484e+01
5.781783480916048745e+01
5.770968961610854819e+01
5.472513405498100525e+01
5.760157904292348263e+01
5.860895667952271992e+01
5.782214337615907596e+01
6.065871559442248895e+01
5.855547818567773533e+01
5.617847744392810938e+01
5.831355655766603974e+01
5.961805476492324374e+01
6.042458417030981366e+01
5.600309641135493166e+01
5.733397464508553298e+01
5.867322732891884129e+01
6.007443557315532701e+01
5.487017208206255248e+01
5.619871012445241121e+01
5.743563526458190438e+01
5.893201832161060594e+01
5.353527666334032631e+01
5.628151170942211934e+01
5.710452373526700143e+01
5.843385071220271243e+01
5.964289811983166345e+01
6.031383094670446354e+01
6.051752630091765894e+01
5.596594041502295624e+01
5.696351705366237894e+01
5.878576661389097779e+01
5.894012874258083912e+01
5.821706009181861674e+01
6.034586464568312891e+01
6.001791073336727322e+01
5.704686607267698406e+01
5.744272916257943962e+01
5.988290364938524135e+01
5.905033095637138985e+01
5.886347623592032363e+01
5.830269507006526197e+01
6.104478321323566092e+01
5.939385005244610483e+01
5.647072789929654135e+01
5.835485024376358609e+01
5.844308150932595680e+01
5.971214690096655175e+01
5.722993045943690760e+01
6.031922453178538035e+01
6.239045018933738618e+01
5.489508573910281797e+01
5.914080531539060814e+01
6.178593800999858843e+01
5.871439162701286563e+01
5.965630789158004177e+01
6.257311132211348337e+01
5.929149808781363618e+01
6.025866580705685038e+01
6.310893184900094610e+01
6.182141501057129318e+01
6.171813067442569434e+01
5.845918620442194680e+01
6.158215952570645157e+01
6.128048731322893161e+01
5.858831662896158576e+01
5.995683513937909481e+01
6.272814268174060004e+01
5.971375128902407425e+01
6.087725222211253850e+01
5.679219573831466050e+01
5.890137104182917938e+01
6.043075420178999480e+01
6.078341384037696571e+01
6.214890720931941104e+01
6.316106536056910414e+01
5.916688556471935101e+01
6.070201392981372379e+01
6.168081999878977939e+01
6.278939676922367852e+01
5.890779047117175793e+01
6.092002353196643583e+01
6.161824558524729412e+01
6.314638186699183109e+01
5.796184854152748755e+01
5.990412563435724280e+01
6.043875156243308311e+01
6.193956755634085454e+01
5.666909835309625976e+01
5.895284124873480636e+01
5.913479568568971700e+01
6.092049669234233278e+01
6.076419084633533885e+01
6.281900208595693869e+01
6.254305297752647164e+01
5.887429027184854391e+01
6.040370167750594277e+01
6.202017125449841473e+01
6.071480368276649386e+01
5.875294461101987054e+01
5.986410891645907384e+01
6.174784632031234821e+01
5.996829855790707597e+01
6.280900027511698624e+01
6.466636570378636861e+01
6.039483230201084751e+01
6.331933129185365772e+01
6.561588418706342907e+01
6.269413372400004647e+01
6.112536519808187307e+01
5.937646358456636619e+01
6.252776381918942405e+01
6.415581033226663976e+01
5.774037895948428201e+01
6.126648463642466425e+01
6.362888897690003631e+01
6.036466715301121155e+01
6.050193319419845039e+01
6.340807808323990713e+01
6.214976649202752412e+01
6.400631855067307185e+01
6.612020585323772082e+01
6.061387469935150563e+01
6.423753251369224415e+01
5.816718423265005100e+01
6.135537069095938278e+01
6.312458671725559611e+01
6.010149394811764978e+01
6.033013678754431197e+01
6.215012338998114672e+01
6.376752957430490198e+01
5.844492058169479520e+01
6.035649411398837572e+01
6.152558635414879973e+01
6.269782096377208802e+01
5.901522464306168558e+01
6.104419791713237942e+01
6.213337540602786646e+01
6.312465280305750071e+01
5.682504444043071601e+01
5.946130583126092972e+01
6.077323404315829691e+01
6.162794388684675084e+01
6.203778731905445198e+01
6.372155662798464704e+01
6.184360718083062380e+01
5.899086210775672612e+01
5.986377405056374812e+01
6.176961738533663038e+01
6.160474581500044167e+01
5.780162541106155771e+01
6.073720789014917898e+01
6.021029871599148464e+01
6.192313698951239331e+01
5.897209531698334928e+01
6.153475063655977095e+01
6.044474727990048990e+01
6.120650047729165522e+01
6.070765452178966370e+01
6.306819018516051045e+01
6.040737490438976209e+01
5.842800642162947611e+01
5.972588525162746009e+01
5.976199820615689617e+01
6.042065939790631290e+01
6.287478875347697738e+01
6.116205073026367955e+01
6.074305016060385043e+01
5.869083996083625721e+01
6.153148332100964524e+01
6.343210830289319091e+01
5.693404753753645764e+01
6.003228049605959882e+01
6.232102761475155717e+01
5.903134082487878942e+01
5.950375130437558369e+01
6.220852081624564534e+01
6.062529039283636223e+01
6.065983437976423431e+01
5.708219480335476703e+01
6.019203079767518005e+01
6.111460395175001992e+01
5.741506977253516197e+01
5.756609713971840137e+01
6.020927870414530503e+01
6.087174599178812429e+01
5.609582171327771505e+01
5.867775049283343236e+01
5.988181491641218912e+01
6.064135778448054737e+01
5.411984054351076168e+01
5.722290114107510561e+01
5.858981215541944465e+01
5.943298992545368264e+01
6.107261293648421230e+01
6.160173398138141465e+01
5.789589817493760648e+01
5.945894397787775176e+01
6.047802546721890593e+01
6.145952854180622893e+01
5.637154666425285399e+01
5.754310467853560596e+01
5.866311477520667950e+01
5.943791452592370916e+01
5.642043783640285426e+01
5.797707202741198529e+01
5.919185628535849730e+01
5.917160540037651373e+01
5.501500315184349432e+01
5.568887847741676467e+01
5.759044272491374983e+01
5.735231157113240386e+01
5.952824771303234996e+01
5.888530652765510354e+01
6.115168586295240516e+01
5.609678761502229349e+01
5.908354449098030159e+01
5.801195074521294970e+01
6.048048839113331354e+01
5.509342197864501856e+01
5.821249862269189634e+01
5.872029332397061552e+01
5.792413883179706602e+01
6.074782676904747802e+01
6.240997715973318094e+01
5.464100273868795199e+01
5.877687705129216766e+01
6.135451990977092862e+01
5.847298699874172456e+01
6.052613933572497729e+01
5.319379557282447735e+01
5.765759688503380431e+01
5.995310615233024976e+01
5.645885880042049365e+01
5.932350905994921675e+01
5.975392588533067340e+01
5.807555273880485913e+01
5.763011840546172948e+01
6.079381804631724151e+01
5.710264523497364308e+01
6.001971381113374804e+01
6.094840755170773150e+01
6.239193292433528626e+01
5.782588343503733341e+01
5.821344024243852289e+01
6.010527889547115876e+01
6.179622618808926404e+01
5.501938021596529182e+01
5.864360701496158867e+01
5.985671192799637907e+01
6.120352861986636128e+01
5.598857034680577272e+01
5.727962548353593064e+01
5.896447401265110244e+01
5.983240164958304774e+01
5.584157824160314476e+01
5.745080855506132167e+01
5.883204300754928084e+01
5.990185516171127489e+01
5.540254358905167464e+01
5.746809371594713411e+01
5.781974733140230427e+01
5.944321282810646068e+01
5.979598802817559999e+01
6.167104595673213652e+01
6.015055562149417767e+01
5.602702608822352204e+01
5.689470984825560862e+01
5.895445238934278365e+01
5.862632647861001800e+01
6.096844865596543173e+01
6.025173373474841299e+01
6.197807979106132592e+01
5.727656520924796268e+01
6.045503924544615870e+01
5.936496164159107991e+01
6.171317765961029522e+01
5.615457569915239588e+01
5.955061697317818670e+01
5.986015750141126546e+01
6.012605838853127693e+01
6.290904683952012988e+01
6.127663550285343774e+01
5.945798088313909346e+01
5.789869835529681552e+01
6.091487025829747637e+01
6.318854558950121714e+01
5.827077901280663497e+01
6.167999433573442047e+01
6.396827405215518070e+01
5.749734016697856021e+01
6.155384852327252787e+01
6.380129292316410528e+01
5.936899609040003867e+01
6.369445035546937106e+01
6.577475302097971621e+01
5.824778073219927421e+01
6.318602804277693963e+01
5.730945285273593726e+01
6.092946923812099413e+01
6.156339494769839860e+01
6.266034886597142872e+01
5.590842186497802402e+01
5.960211212385249269e+01
6.135931196203463855e+01
6.238654573112279422e+01
6.384917367269557076e+01
6.526918873680384081e+01
5.993295450630991894e+01
6.122991510011001992e+01
6.259205598409367610e+01
6.369851255616799790e+01
5.992736735279504501e+01
6.230173302812475811e+01
6.333982675372398319e+01
6.406414828351148572e+01
5.898189480905973170e+01
6.080178978870520723e+01
6.141047350548337391e+01
6.288879738801831820e+01
5.785221646829644726e+01
6.020842276528490800e+01
6.033668843445109076e+01
6.210907351991894387e+01
6.106536868557698483e+01
6.340044936779267459e+01
6.312544682896974990e+01
5.959203921329650200e+01
6.188979045618935260e+01
6.113409210853956921e+01
6.337369296767762705e+01
5.972500112738640610e+01
6.268144156147847212e+01
6.233324221061886306e+01
6.336604259402660233e+01
6.425538186442418009e+01
6.377007866241876144e+01
6.275158367957012473e+01
6.113703085357708744e+01
6.405655518947182259e+01
6.536762689999456200e+01
5.838516780993474242e+01
6.172459673717459339e+01
6.415016192515956561e+01
6.111221881587363214e+01
6.280206024334944459e+01
6.534798381274433154e+01
6.211964629476187838e+01
6.205198647591064542e+01
5.912295253939872453e+01
6.208758264242921143e+01
6.386069073161655751e+01
5.800781012380708290e+01
6.150350326021453640e+01
6.355271894057813142e+01
6.236944036407210490e+01
6.036203007489198313e+01
6.371562596997847550e+01
6.312275046066632456e+01
5.974557996437272323e+01
6.242227964444506938e+01
6.341019841561716675e+01
6.323900051772147890e+01
5.800244960711358289e+01
6.096521538385861305e+01
6.236905142854261896e+01
6.310724158118794946e+01
5.838220894964371865e+01
5.980698541496320786e+01
6.088779726645989143e+01
6.210615169539121183e+01
6.294556952293739727e+01
6.413099152643421519e+01
5.831879772970192732e+01
6.032994888317648474e+01
6.153538324438530083e+01
6.199968627969038693e+01
6.237699424472394583e+01
5.797262369984469643e+01
5.867750007111252586e+01
6.051808809734173877e+01
6.038289827301476009e+01
6.250393251674096007e+01
6.203753358743155388e+01
6.336936006239371721e+01
5.593899383539211811e+01
5.960805445122116453e+01
5.878384333572689968e+01
6.132570807078899833e+01
6.277086338428325973e+01
6.119765775620148673e+01
6.313012003047008136e+01
5.769601819271133536e+01
6.069209171942659964e+01
6.083592886439747360e+01
6.106611691031345401e+01
5.636391182267909272e+01
6.001992181869706400e+01
6.089671228798015079e+01
5.898470824945287205e+01
6.178822519960881721e+01
6.380297339847772520e+01
5.736869453011462383e+01
6.043050286897766910e+01
6.269695038117952635e+01
5.953616257944851498e+01
5.980872514923662919e+01
6.253425363468546294e+01
6.097522359134057268e+01
6.138796754355885810e+01
5.773958055411495138e+01
6.076042093810324474e+01
6.065301686610143861e+01
5.805719580201230912e+01
6.094133048227864435e+01
6.046149491917690000e+01
6.160475187043661549e+01
5.701953967582639393e+01
5.899589655439668689e+01
5.954452912563977662e+01
6.095718374948784657e+01
5.519566787656546580e+01
5.773652440974009181e+01
5.885150124083970269e+01
6.016971755490160234e+01
6.056343337015815820e+01
6.197897572216580642e+01
5.667555860734562145e+01
5.840553386367051303e+01
5.920753545074239099e+01
6.027868587529382438e+01
5.615292039534983104e+01
5.813370904699646502e+01
5.927783674677660031e+01
5.995107263910773554e+01
5.508533328860081468e+01
5.687177589717757797e+01
5.722269182491454842e+01
5.875875702972729897e+01
5.859541269548694942e+01
6.056413451634784906e+01
6.016700495891599587e+01
5.618096690621490552e+01
5.676159650032479220e+01
5.897703929549685142e+01
5.818286588711283258e+01
5.947270530804562583e+01
5.920640662439888047e+01
6.146751530713437717e+01
5.747477191910996908e+01
6.032579751392299272e+01
6.047897747356607567e+01
6.008722369655248485e+01
5.475207788749276716e+01
5.869878081452598195e+01
5.950597114167522506e+01
5.762375032780170159e+01
6.072219845236879365e+01
6.281217925408225256e+01
5.513052874329769537e+01
5.954665726351429811e+01
6.186991103820354709e+01
5.874827480619580911e+01
5.934677660315224301e+01
5.643678136938231660e+01
5.920456126759698634e+01
5.841794691289196351e+01
5.724275746868011083e+01
6.037772311401539582e+01
6.103472551889111486e+01
5.755989208627003961e+01
5.745245988432714057e+01
6.025972864723723887e+01
6.089212211291561516e+01
5.548041359430398245e+01
5.874107147885484181e+01
6.013104394859036006e+01
6.058883515295307376e+01
5.438317884459581109e+01
5.762967164068561488e+01
5.905714275024148918e+01
5.996122049605963866e+01
5.506946096418865011e+01
5.707129448022196527e+01
5.787555749082775236e+01
5.914868728685107868e+01
6.000793164535893709e+01
6.124099908482459398e+01
5.701358756720762955e+01
5.836291173341084004e+01
5.956744660714289097e+01
6.014395720180520044e+01
6.024373110155499944e+01
6.204209374684127454e+01
6.212553464204392384e+01
5.858360066000866340e+01
5.927896789654247556e+01
6.133171468073815191e+01
6.096220015838981254e+01
5.769442659045147082e+01
5.810005094917002566e+01
6.048062537381696302e+01
5.963249059506328820e+01
6.050773853893721821e+01
5.956658440137372423e+01
6.226350953724342219e+01
6.006962127131045293e+01
5.749458287287141189e+01
5.920640928722399110e+01
5.928536775543949489e+01
6.029403435423704138e+01
6.304271976958913370e+01
6.050158307650406897e+01
6.054192776590679159e+01
5.857364991649542674e+01
6.148407464988291338e+01
6.378122849653382076e+01
5.610729626861144936e+01
6.038756510044861159e+01
6.278335742602006064e+01
5.938818124700088674e+01
6.020155290352215616e+01
6.303236052484309226e+01
6.165788775272253730e+01
6.242685989339476293e+01
6.507265491355457243e+01
6.100933774762731332e+01
6.237899886778868819e+01
5.861355804143997261e+01
6.067244298594821572e+01
6.105025106989467076e+01
6.272742471443014267e+01
5.734740081272499168e+01
5.996252071175330656e+01
6.157317147769542487e+01
6.094696336779664847e+01
6.247218465888779804e+01
6.329358826187315401e+01
6.093337066681154823e+01
6.180381423305485100e+01
6.310672926079485734e+01
6.445643516752539881e+01
5.895024605928814054e+01
6.080083737924650222e+01
6.182822381096805486e+01
6.248978575493357823e+01
6.025990798977190366e+01
6.220364853114018189e+01
6.335688564913757403e+01
6.247197475092911390e+01
5.864476379572393938e+01
5.989484134734585297e+01
6.156485615241472686e+01
6.163758696372333645e+01
6.360184507175448942e+01
6.339141653094335283e+01
6.327194614397031813e+01
6.307101975121869941e+01
6.529515059154969947e+01
6.320291042102736867e+01
5.993408955139322103e+01
6.034379201066563780e+01
6.271056907147373494e+01
6.135146869292145055e+01
6.197053072949881170e+01
6.255387220419279970e+01
6.351119460113751103e+01
6.145505399284886749e+01
6.436634482790877598e+01
6.647505426618155866e+01
5.989268302762567231e+01
6.321451594386898876e+01
6.556475035161250275e+01
6.242443359379162615e+01
6.286310607357582114e+01
6.012486200350854659e+01
6.311903180761560606e+01
6.435133985457640904e+01
5.967254180910283168e+01
6.241365853879919001e+01
6.445605634807159845e+01
5.881133576602236701e+01
6.246896519460759123e+01
6.452066498291458174e+01
6.122341163327249092e+01
6.271584877122989354e+01
6.537104043253253849e+01
6.154054929553077358e+01
6.324786782624299519e+01
5.893297818515038244e+01
6.087530561976971910e+01
6.130676765398379047e+01
6.274508604526857880e+01
5.742436864458532142e+01
5.982169272916868863e+01
6.104705671899006347e+01
6.186623752924086261e+01
6.303299355732895037e+01
6.432319713385622606e+01
5.894851306786107159e+01
6.070915531023291578e+01
6.152893411267346124e+01
6.269603077379638023e+01
5.796091796420137854e+01
5.943791188515343293e+01
6.058061283994823043e+01
6.107136161067634816e+01
6.131773019663317115e+01
6.317287238107823555e+01
6.298212526693269098e+01
5.957980289097202586e+01
6.017193651521575504e+01
6.229584985827725063e+01
6.154342195973538310e+01
6.405743113168882985e+01
6.285140272961843522e+01
6.185562126732412480e+01
6.117380020762709592e+01
6.382528740005084700e+01
6.227499195598227999e+01
6.131494790529878003e+01
6.015724600722202098e+01
6.270233783507048031e+01
6.285689579604980537e+01
5.815290769695430129e+01
6.195867278950532864e+01
6.268394496820450001e+01
6.075278879558015177e+01
5.950383125427966746e+01
6.253782879553452290e+01
5.966601156812027540e+01
6.255380703539844944e+01
5.681856036790787101e+01
6.002130241987467940e+01
6.220783714553171961e+01
5.851189159387138261e+01
6.111613411262165840e+01
6.194550140486960998e+01
6.025022112849817546e+01
5.970750234618139274e+01
6.252439773360581654e+01
5.919274803200880797e+01
6.095441390576318952e+01
6.295245864169528005e+01
6.165800298685835656e+01
5.844006164407742432e+01
6.086492147321022372e+01
6.156703791053575969e+01
6.212880256339923335e+01
5.614743477085989554e+01
5.917181264773372362e+01
6.051523074130701474e+01
6.135050931812575215e+01
5.666793700012971158e+01
5.827193765213939258e+01
5.917152138471594469e+01
6.015164400210574058e+01
6.096041330388918311e+01
6.206869078641999948e+01
5.799741855383540923e+01
5.913270493220026225e+01
6.048301631113297105e+01
6.097793997272119526e+01
5.726251286528792406e+01
5.834192296674954292e+01
5.979290343260672813e+01
5.995157402401573421e+01
5.655534553046322088e+01
5.710134900838641414e+01
5.898350526824104634e+01
5.869994399055430989e+01
5.936249596093756509e+01
5.976889404982544818e+01
6.157679194991402483e+01
5.587440986904971396e+01
5.869451535400634867e+01
5.905846912320076569e+01
5.953212349352517663e+01
5.824478955495754917e+01
6.059910335761956901e+01
6.140672734263765165e+01
5.573485380164387237e+01
5.951354108391447539e+01
6.175288551603523501e+01
5.933233759828348042e+01
5.837164939319173840e+01
6.151306098962513857e+01
5.861433664891998774e+01
6.145912166290505496e+01
5.270520026268621194e+01
5.784896297061636972e+01
6.014203885771874525e+01
5.677773127846548817e+01
5.959398873078612979e+01
6.097733812851637225e+01
5.701244313679985964e+01
6.000526004196079555e+01
6.184898381522282307e+01
5.635923866022233142e+01
6.064822868256348443e+01
6.255062136935859485e+01
5.910855621585455566e+01
6.114689569014431214e+01
5.393144629764253750e+01
5.784423074313323809e+01
5.951983183623320173e+01
6.008004056009932725e+01
6.157456651847486739e+01
6.285272606502606152e+01
5.702820385467418163e+01
5.999645067318724045e+01
6.064793807003172788e+01
6.190924134573351267e+01
5.615569199653440080e+01
5.827720934926497165e+01
5.913469308068954433e+01
6.036558284948274178e+01
5.633892985217621430e+01
5.774875490589864313e+01
5.893532039181473436e+01
5.949100776733517648e+01
5.919559126418112527e+01
6.108645978937528298e+01
6.116870559215664116e+01
5.804159873500217515e+01
5.880632368487519557e+01
6.085307514963283637e+01
6.042231844331503510e+01
5.654815476752766301e+01
5.702885657425980526e+01
5.939219719677031151e+01
5.853822165919930853e+01
6.111676729660410956e+01
6.060507092923334227e+01
6.299868952853799442e+01
5.640423794459552198e+01
5.981831003529868696e+01
5.951695842504952338e+01
6.190515562644497294e+01
6.422280737593352740e+01
6.177935612656075648e+01
6.302046864015107275e+01
5.944876940304763480e+01
6.256806878723503473e+01
6.439886494247321025e+01
5.663634639479904109e+01
6.091131298048178166e+01
6.330764585432325475e+01
5.987998637782245481e+01
6.098191373031070128e+01
6.371509698758131890e+01
6.210717521251967810e+01
6.271070406594287761e+01
5.918417973410870303e+01
6.202225704029773112e+01
6.110687778376496482e+01
5.917593351509043487e+01
6.248610808398355232e+01
6.333806926181308228e+01
5.949554495288171552e+01
6.001562460621293837e+01
6.190498499932303389e+01
6.361106906938106675e+01
5.819589015172419266e+01
6.133466127545586488e+01
6.243146190069225554e+01
6.340421862815340148e+01
5.763655898055326077e+01
6.006762326565709742e+01
6.121323358954033012e+01
6.237921316900633428e+01
5.809988217973995717e+01
5.972724865018609819e+01
6.100515367822460178e+01
6.190459266154739026e+01
6.252978879883717411e+01
6.338135815746255020e+01
6.304296546213036123e+01
6.473277723485200852e+01
6.453107567943773404e+01
6.203541176292408466e+01
6.249661274961798085e+01
6.448359591502243404e+01
6.421949101266717719e+01
6.147668531634645461e+01
6.171990067594505547e+01
6.387037643793632924e+01
6.326477566188432888e+01
6.150910919693852463e+01
6.233076953889975158e+01
6.447252971610194550e+01
6.263775512635704956e+01
5.979549024154707126e+01
6.019130251662465270e+01
6.289243692655549722e+01
6.083350590428067761e+01
6.377209983938861626e+01
6.580052582290026919e+01
6.164773373105771981e+01
6.370419430192191612e+01
6.625446261705080531e+01
6.293771655796768982e+01
6.228485833317721898e+01
5.973616271199387029e+01
6.278205686083422421e+01
6.488016141425440253e+01
5.878047575390186807e+01
6.169570298086890148e+01
6.389490168247198199e+01
6.085144782283481391e+01
6.101628443435245686e+01
6.382229002038022969e+01
6.221474057158400939e+01
6.380385360840392650e+01
6.620553223708347446e+01
5.999300881242355388e+01
6.391770540333479289e+01
5.843079000125278100e+01
6.060582324628581574e+01
6.185510109494170905e+01
6.289160858456422432e+01
6.399655225777890877e+01
6.513770939430378348e+01
5.991058266907572971e+01
6.212222951919002156e+01
6.321801589800885068e+01
6.427377855698917131e+01
6.007087704488456126e+01
6.149647466558088382e+01
6.255285083570702653e+01
6.333470804021317235e+01
5.990886890846044821e+01
6.187230491851724423e+01
6.220723939715382755e+01
6.347156162246957223e+01
6.441423443224695689e+01
6.427707731793454116e+01
6.205827604349361337e+01
6.229365182946845891e+01
6.444446147242510392e+01
6.360232197867683368e+01
5.946342407671799890e+01
5.980807068977014751e+01
6.235308970614452306e+01
6.124989242113575472e+01
6.284034005973028769e+01
6.323879586895662896e+01
6.344112846927085059e+01
6.006129744325272668e+01
6.350388267314323087e+01
6.223391482940164110e+01
6.409544102973177360e+01
5.999935674253151063e+01
6.252648461416487180e+01
6.345907805435368232e+01
6.099604467706610222e+01
5.929950079296595078e+01
6.239137475040584491e+01
5.951156170945173329e+01
6.240356904541773986e+01
6.464903840354369891e+01
6.135319963606559668e+01
6.114350166431603384e+01
5.820342582158452416e+01
6.102755371679859309e+01
6.265467068136357653e+01
5.653757943100267624e+01
6.039517348398478447e+01
6.234293922805404975e+01
5.959444074519017676e+01
6.062078647792775143e+01
6.273681301569978785e+01
6.159997454148142992e+01
5.832273333563648521e+01
6.067645525461306732e+01
6.135099668606363110e+01
6.223445663453730958e+01
5.571964849016899990e+01
5.879292962963635460e+01
6.013251722654203490e+01
6.096876023737900141e+01
5.639416846799515781e+01
5.799429861061587133e+01
5.891635749256880672e+01
5.982897225365152849e+01
6.069242455960618798e+01
6.179127294723708275e+01
5.779244342880048180e+01
5.894630881062406047e+01
6.028425247499404804e+01
6.075869287597372193e+01
5.701348443622411821e+01
5.807533533442759222e+01
5.953463821523987320e+01
5.971001305220773503e+01
5.672889266400636643e+01
5.728181240476078528e+01
5.918227004025732896e+01
5.884722553841086068e+01
6.099563894542977494e+01
6.027344021593496137e+01
6.203028310037360882e+01
5.642613209048955270e+01
5.930498746101125107e+01
5.825250099687917071e+01
6.072432437030204255e+01
5.681758343739320338e+01
5.963875409523737403e+01
5.987913531259896160e+01
5.899530812498782240e+01
6.164197658386649437e+01
6.139723240992810105e+01
5.728062567867815602e+01
6.108886638841021721e+01
5.982786366481126095e+01
6.268504857506177075e+01
5.576435474546467219e+01
5.994281862442596776e+01
6.203986165796806063e+01
5.838722285700044523e+01
5.857762298692716740e+01
6.143862155837488359e+01
5.846474007071074652e+01
6.000173429792130264e+01
6.249312619275772107e+01
5.948604313994823656e+01
6.089479654715480450e+01
5.685289599106902614e+01
5.984636141862819869e+01
5.920712595497975173e+01
5.955063894027011884e+01
6.131818386285509348e+01
6.265794679670751322e+01
5.647135752784652851e+01
5.989941438489944403e+01
6.154952178665498508e+01
6.129342027504733892e+01
5.710195096052409269e+01
5.857574154998950178e+01
6.019211639744983700e+01
6.104552020421819236e+01
5.638195437690396972e+01
5.795122048779739288e+01
5.915125706660213467e+01
6.014985639821065178e+01
5.765881029667043833e+01
6.014432060420484305e+01
6.047002586246640732e+01
6.041119819354103981e+01
6.223779242221015551e+01
6.233325657242787798e+01
5.867663656078465806e+01
5.936462262308071303e+01
6.145143999324449169e+01
6.110094171254266371e+01
5.765393451071938813e+01
5.811175937977375838e+01
6.053128924197469729e+01
5.970181520145371223e+01
6.043149552533083124e+01
5.956956288271319266e+01
6.232723425097746173e+01
5.996800891508420506e+01
6.286977290444993116e+01
6.488317047994000575e+01
5.727031608569276955e+01
6.088546032897539817e+01
6.362670573503426397e+01
6.115733230460757142e+01
6.306475640870567645e+01
6.572299540323096778e+01
6.220940222662899544e+01
6.192029536679193313e+01
5.946918116859220760e+01
6.270856940940988977e+01
6.450451349811706336e+01
5.717070411662518126e+01
6.142955908899111250e+01
6.381115370763301797e+01
6.065757201480852245e+01
6.147751457673739139e+01
6.428543191010436431e+01
6.265854902247955494e+01
6.240365576311472040e+01
6.551851633890233018e+01
6.173878401104980895e+01
6.314111033377789539e+01
5.901581107882314825e+01
6.121142732628743488e+01
6.245009503635422732e+01
6.364514487682090760e+01
5.668445913703293826e+01
6.018719599742978232e+01
6.180650951355035971e+01
6.275269419163572593e+01
6.414268234938464275e+01
6.572951080280088831e+01
5.996223297412868902e+01
6.210427699162572424e+01
6.320970808447528100e+01
6.412537703394771427e+01
6.118059464239206591e+01
6.397507023748116239e+01
6.455773922726584146e+01
6.417780746478079834e+01
5.913293305489088425e+01
6.171811388908592022e+01
6.192304076306669458e+01
6.389798616810663390e+01
6.020264914334397588e+01
6.356704227503342963e+01
6.312647783257393286e+01
6.426260498693373791e+01
6.384899376506763247e+01
6.628752280541937125e+01
6.173670909597277046e+01
6.409411784470931650e+01
6.563535918600391028e+01
6.299352984233075858e+01
6.216621778516498864e+01
6.481604042751331463e+01
6.266634147200935701e+01
6.575212135335722508e+01
5.947612971921440561e+01
6.312377240223858621e+01
6.526816065975290826e+01
6.215722711881041107e+01
6.562123080968181910e+01
6.763100545972316979e+01
6.086292553156810925e+01
6.471902010201645794e+01
6.736983376811490132e+01
6.350535084992405643e+01
6.348377999691400220e+01
6.681511599160877779e+01
6.360641041777137161e+01
6.653259218371866268e+01
6.019583771118548299e+01
6.385233618869128946e+01
6.614063452549711997e+01
6.010304806048964110e+01
6.417557257810807414e+01
6.632753540640226220e+01
6.217357968135264912e+01
6.516508469936037784e+01
6.785479243713555775e+01
6.140276757043906741e+01
6.474258402853295991e+01
6.656720806705233429e+01
6.799515470301878395e+01
6.293272055604153792e+01
6.439868839263328937e+01
6.595790201607016456e+01
6.766446077160662753e+01
6.182205046192100184e+01
6.405803507569646627e+01
6.526231618259092215e+01
6.614411947279518245e+01
6.282929567353176026e+01
6.535528868139317638e+01
6.592544230024606122e+01
6.702422556703254486e+01
6.746853066588303705e+01
6.976413584829640513e+01
6.356083899247882840e+01
6.547410558805378855e+01
6.712098647388053507e+01
6.703877332900941610e+01
6.492808568370089972e+01
6.596366655485093133e+01
6.834638941367792597e+01
6.707432017097708865e+01
6.330117026588228413e+01
6.344827374502639827e+01
6.676482708734749849e+01
6.522019615869407971e+01
6.368494099570638411e+01
6.396403066757186195e+01
6.694415947853373439e+01
6.500847515899971540e+01
6.819181095800541925e+01
6.893838274695184509e+01
6.277965539768408831e+01
6.626881762757736283e+01
6.927378347183456242e+01
6.613674982677903813e+01
6.541437904396859437e+01
6.899113361453487414e+01
6.557230391388563362e+01
6.887869498224522147e+01
6.176931818657171647e+01
6.552837413552336443e+01
6.819688571846319292e+01
6.420606005959750462e+01
6.488194245787451564e+01
6.797290324513903670e+01
6.509780102732605656e+01
6.577872153860691640e+01
6.907894608658439495e+01
6.511669223578206811e+01
6.748032542563700531e+01
6.954081231369379168e+01
6.803827511283250828e+01
6.509367976535095579e+01
6.778134921470044105e+01
6.844861886237737281e+01
6.943572608659027878e+01
6.426410663434333514e+01
6.654473108368445367e+01
6.827819580829581980e+01
6.737571441030344488e+01
6.628398159302157922e+01
6.843873307630803993e+01
6.971387066787534081e+01
6.356299763085374366e+01
6.612050936492759945e+01
6.771226742928526221e+01
6.837660845087211214e+01
6.520380470926582461e+01
6.846974202391798769e+01
6.867793018142118910e+01
6.847535245269008897e+01
6.475354032374082180e+01
6.727723607140772799e+01
6.749270439323953497e+01
6.650761151479117927e+01
6.668189073640886022e+01
6.946089073867609898e+01
6.881749813795009629e+01
6.433955078028020580e+01
6.567986697776562721e+01
6.854950525008605666e+01
6.743191201815965030e+01
7.060650009060707077e+01
6.994120251535839827e+01
6.842644182108865891e+01
6.723538189826439293e+01
7.051983048941792731e+01
7.080004723278879908e+01
6.373126746707071533e+01
6.870265882804807234e+01
7.186083704856471854e+01
6.868485861538371751e+01
6.790516500755261120e+01
7.167454883603636517e+01
6.838959352984352336e+01
7.178149862213184917e+01
7.450350411530580175e+01
6.686592871644334934e+01
7.178034732599859069e+01
6.547606899588735985e+01
6.973891331214522893e+01
7.221013567504030561e+01
6.340770399458160966e+01
6.935187201789821643e+01
7.199811712443933231e+01
6.884786587351723597e+01
7.185543266412868491e+01
7.387409156948605471e+01
6.673355595911169758e+01
7.174453311887987184e+01
7.309886244097781116e+01
7.395884435541552193e+01
6.772093125605410080e+01
7.123468568557336766e+01
7.294655976197148561e+01
7.456242108083303322e+01
6.924188066630806304e+01
7.146661476335701479e+01
7.299042989476751586e+01
7.172123662909837094e+01
7.219913573428173947e+01
7.438635249924899995e+01
7.347884629915969867e+01
7.081058729921856809e+01
7.235545106014681949e+01
7.475909007181218158e+01
7.458225267445529028e+01
6.794748406956969689e+01
7.219087425835293459e+01
7.250665360537242066e+01
7.475295299982700215e+01
6.754580157953867570e+01
7.085382526081927779e+01
7.103270266946957179e+01
7.392155582288027915e+01
7.026915524915162337e+01
7.383587392874377997e+01
7.290080692868168910e+01
7.038745547659364377e+01
7.142452432839426990e+01
7.468996062764743726e+01
7.293798772274654141e+01
7.656173799456631457e+01
7.691785584730138225e+01
7.067571480039913467e+01
7.358060621424380088e+01
7.686076105525262392e+01
7.463368553626654034e+01
7.349135599710557187e+01
7.732544374086074868e+01
7.366719075551392848e+01
7.763028274348040725e+01
7.033413730669951747e+01
7.484885608671751811e+01
7.801842084447655168e+01
7.280259043528863572e+01
7.577638103321810092e+01
7.888219404014262182e+01
7.149278197937223922e+01
7.638829701459619059e+01
7.903909532321711140e+01
7.562412917286981440e+01
7.896473954089083236e+01
7.097340397390219380e+01
7.577580334256282413e+01
7.824509014355093939e+01
7.046884219850518605e+01
7.543848418042507831e+01
7.728136622626479380e+01
7.792118096613965861e+01
7.941728593412592829e+01
8.159780556624637882e+01
7.590624875468520827e+01
7.822107533048051664e+01
7.944170069364615472e+01
8.149711719039704860e+01
7.574106831505477544e+01
7.813781717103711344e+01
7.997382500020009388e+01
8.028578007561542051e+01
7.403480210884441703e+01
7.675343584854606149e+01
7.951381628990732509e+01
7.979323685197131510e+01
7.391552360957138035e+01
7.624559732268591006e+01
7.892489828861702961e+01
7.913352075754389148e+01
8.211596281262963259e+01
8.164134163061299887e+01
7.733635237031630538e+01
7.838520315386683990e+01
8.164658124683572282e+01
8.079861387760057312e+01
7.731078486983160758e+01
7.777181523082030878e+01
8.117374442178453364e+01
7.990993120499395275e+01
7.783652150031041117e+01
7.835013208731103873e+01
8.181408129459150302e+01
7.926538848631798828e+01
8.316566799579783265e+01
8.453562875151840217e+01
7.982162184986211173e+01
8.105112348033010505e+01
8.330909606387932342e+01
7.959222942609990525e+01
8.040849664473792302e+01
7.708459121314636775e+01
8.140612260846866377e+01
8.348897560137133667e+01
7.800244196421725462e+01
8.178983741366079130e+01
8.397491160611684791e+01
7.834281416952681809e+01
8.203447200420598051e+01
8.417174564357701172e+01
7.923172451673937644e+01
8.351501278373713433e+01
8.506450362953998479e+01
8.088019133759743795e+01
8.291776998765844553e+01
7.790882952605409173e+01
8.144446273782986623e+01
8.234127762326791355e+01
8.191011157073155857e+01
8.455408332434184615e+01
8.461581576759873258e+01
7.976258382245275413e+01
8.283878466190978429e+01
8.443424320614492729e+01
8.500469428584901266e+01
7.973400326117437942e+01
8.161595061395109951e+01
8.401283384500722207e+01
8.479397095659190597e+01
7.927098825994042386e+01
8.203821172945228568e+01
8.264267405634730324e+01
8.505320569922533025e+01
7.846377993705034726e+01
8.203979829389348311e+01
8.228032643635916088e+01
8.433247223040538643e+01
8.595215292261902107e+01
8.238134390155718734e+01
8.642319251749835018e+01
7.908274795517905886e+01
8.333098694487830471e+01
8.235418214508888468e+01
8.525447458039654691e+01
8.727165317103029452e+01
8.229222114230231000e+01
8.681605984981001711e+01
7.940377865077728359e+01
8.387073303261442447e+01
8.227765806843049745e+01
8.553464304108685212e+01
8.887165083507450447e+01
8.462033489331213332e+01
8.646314068631720318e+01
8.327067229094032541e+01
8.691448054260246181e+01
8.515756922424114350e+01
8.244202332892334084e+01
8.628506251717696784e+01
8.711660520188712553e+01
8.345431939305279911e+01
8.408074306928334352e+01
8.761232044659701046e+01
8.332620837970533501e+01
8.617024488338714150e+01
8.912214050842094082e+01
8.311328203742792198e+01
8.729111849900786524e+01
8.157641573523291356e+01
8.488734490750816519e+01
8.692394696789965280e+01
8.213139620356196247e+01
8.542666139833534089e+01
8.662089404404486004e+01
8.522790955836809701e+01
8.556873332630533469e+01
8.773589670990122613e+01
8.771866245206916801e+01
8.250879583882468182e+01
8.593059417343503981e+01
8.760175966024966954e+01
8.738070659348402103e+01
8.213993680593529234e+01
8.518673925650435308e+01
8.641518144009042146e+01
8.830195668710179291e+01
9.053053048304710160e+01
8.694100683117363815e+01
9.008362368789259733e+01
8.291517457219821097e+01
8.696125347014667284e+01
8.721641877124675091e+01
8.768017748506635201e+01
8.201191943686482944e+01
8.600170413315193230e+01
8.613609286160865963e+01
8.831684632504698129e+01
9.069272387811970759e+01
8.812137652791504649e+01
8.561714178497314265e+01
8.607950627486890482e+01
9.011793166083802475e+01
8.758196762393812662e+01
8.546549270681991572e+01
8.595574760507274448e+01
8.958246585631928838e+01
8.742174540390226412e+01
8.587554011920508401e+01
8.581177042818737277e+01
8.954151897253848347e+01
8.702955271092316991e+01
9.079481846239063714e+01
9.118337596373255849e+01
8.814827694224575794e+01
8.723944477509456874e+01
9.015811664913123025e+01
8.687647228362384055e+01
8.997816651778913410e+01
9.284138060890329314e+01
8.840863598731813511e+01
9.197683969676582194e+01
8.495948466787689313e+01
8.924697286127724283e+01
9.209251498855459772e+01
8.528456657269055086e+01
8.968402800383749707e+01
9.231630670420977935e+01
8.510062417970746651e+01
8.984118693650884779e+01
9.227999272297837763e+01
8.866161158235260586e+01
9.218113907386948824e+01
9.422870952404574041e+01
8.882530758919405400e+01
9.173955227324145767e+01
8.643755911641426337e+01
8.913442365352592844e+01
9.109060582436384834e+01
9.075806662376783152e+01
8.570073344537554760e+01
8.919288135333739831e+01
9.154945137534875244e+01
9.078362488927660934e+01
9.378593914937164300e+01
9.277458791021686579e+01
8.825562393288623753e+01
9.064197739980164670e+01
9.423071544496814056e+01
9.291194649620844359e+01
8.730568361958138723e+01
9.230222503263613021e+01
9.183523126970440842e+01
9.484944715268548521e+01
8.596428012223708492e+01
9.136507939655132304e+01
9.104645797200122104e+01
9.473934821834897946e+01
9.385175831203856944e+01
9.543235190665255629e+01
9.347967627909935118e+01
8.998785847544975525e+01
9.472827889263525947e+01
9.267265438721572934e+01
9.549929976504223816e+01
9.810630130830013229e+01
9.238471037152237386e+01
9.654681321906210201e+01
8.951253653982300307e+01
9.404371989175987778e+01
9.508002212356116445e+01
9.112908816052747341e+01
9.573404863924316999e+01
9.741189123339059108e+01
9.334936448388224051e+01
9.416684490692070142e+01
9.690993829123839021e+01
9.259845845439012635e+01
9.505231120302691750e+01
9.848539736926761634e+01
9.418503075447839024e+01
9.645489378476003139e+01
9.155960038442478321e+01
9.571824519146004207e+01
9.710199606799447736e+01
9.185532351780410920e+01
9.540589025868871431e+01
9.791946124041797361e+01
9.192245348970749319e+01
9.649706623650416759e+01
9.872053723749534981e+01
9.545498651869191065e+01
9.829301944608872077e+01
1.007045708135032953e+02
9.586249682247387227e+01
9.944934602393443868e+01
9.342046374271336617e+01
9.668008422198329299e+01
9.826918961450847689e+01
9.270408794076058712e+01
9.615429326746198058e+01
9.908083592597122902e+01
9.961935447467783433e+01
9.371907248889945663e+01
9.753005176789501718e+01
9.796622523230564639e+01
1.003818963938761613e+02
9.360322997651609001e+01
9.775520940491298916e+01
9.758096752138453667e+01
9.997586925074762121e+01
9.968751526556260956e+01
1.023970584224941547e+02
9.599544067785184609e+01
9.902529708513993967e+01
1.026795572817599691e+02
9.803049707419889103e+01
1.000259942388801448e+02
1.003024334188158377e+02
1.036185229608250893e+02
9.671232224499941310e+01
9.955805833902751090e+01
1.031559421006942046e+02
1.002774470607901947e+02
9.961251095647142506e+01
1.039001832037049979e+02
1.008209722531461097e+02
1.019594797686355037e+02
9.934114982162772378e+01
1.032055428635199519e+02
9.938755104183491085e+01
9.809215743254740971e+01
1.022808177850063913e+02
1.039550887793156591e+02
9.882012146904591532e+01
1.011755510949521835e+02
1.044464920077995771e+02
9.918621563027073762e+01
1.024949149853611061e+02
1.056296726305225491e+02
9.980030906299592175e+01
1.036374352895011413e+02
9.787006554699107141e+01
1.021878789872426552e+02
1.042120714409677191e+02
9.776534931899252001e+01
1.020547145752867948e+02
1.045807169181965151e+02
1.004715777468257016e+02
1.040931960194375137e+02
1.064045615957185902e+02
1.006299080529414738e+02
1.055574031027252886e+02
9.882599926238812316e+01
1.024245040187480100e+02
1.041258844138435933e+02
9.975196180997343731e+01
1.023300095833546521e+02
1.054094658546610503e+02
1.056933739658533113e+02
9.935827797572528652e+01
1.037931411644303807e+02
1.043916836107133577e+02
1.053785412415496126e+02
1.068319432775493425e+02
1.059395956725793013e+02
1.061739665758540525e+02
1.009042057517165603e+02
1.053699366658874084e+02
1.048146930059895681e+02
1.073699289010205149e+02
1.064262171305416871e+02
1.098370494915091768e+02
1.026445814112844914e+02
1.068997835631665652e+02
1.101844843212448666e+02
1.050576295318963673e+02
1.099749872196932046e+02
1.092270335036000972e+02
1.087759586213995675e+02
1.063727125728030245e+02
1.059897251101948541e+02
1.045210948058600593e+02
1.092586889202348459e+02
1.062006538272059117e+02
1.103269543842291398e+02
1.104466540942331250e+02
1.072719157901496914e+02
1.084133904825580714e+02
1.124769406036775621e+02
1.088531324296287863e+02
1.097878615302240206e+02
1.130512681018255563e+02
1.092353124274090561e+02
1.114324910323789055e+02
1.061163617404316568e+02
1.104405118549077116e+02
1.128064188403949544e+02
1.069202058577817951e+02
1.110405210518584198e+02
1.135296462403298250e+02
1.070771608206863306e+02
1.115784712005353185e+02
1.138568510868453529e+02
1.095368958743479908e+02
1.129540011167152329e+02
1.074761969947661129e+02
1.106888383346450553e+02
1.133573474077333572e+02
1.075955995549769284e+02
1.116141359758209575e+02
1.133835684377884689e+02
1.096135904056361881e+02
1.125627497331705484e+02
1.161451366619801462e+02
1.109780363908055847e+02
1.150701727170283988e+02
1.167003643291289734e+02
1.121148833105074232e+02
1.140148054337425947e+02
1.100541482763462682e+02
1.118120902223166837e+02
1.160848944612235556e+02
1.137612461677803566e+02
1.188492301370912116e+02
1.156354615669368542e+02
1.156362776366183454e+02
1.153311948913534479e+02
1.201777075336361804e+02
1.127066012617776920e+02
1.175514758132190991e+02
1.202914307854747733e+02
1.156592762577170532e+02
1.206101912209456941e+02
1.127697534660612604e+02
1.185304156197730094e+02
1.163623950267550526e+02
1.174227391111943177e+02
1.223927604917485610e+02
1.192541090739034644e+02
1.188027600405082183e+02
1.165936186446488989e+02
1.215696267664443866e+02
1.168860595099864383e+02
1.215834059377213379e+02
1.252233410720422597e+02
1.184932138221009836e+02
1.230986407867649035e+02
1.168183528732172221e+02
1.219440775823838408e+02
1.232865305717047448e+02
1.172514557862249376e+02
1.214954656270802218e+02
1.248237670009393412e+02
1.175249412377284841e+02
1.231345688773957221e+02
1.261718721398570864e+02
1.203226227392943173e+02
1.245620279808761239e+02
1.188115473992384068e+02
1.228153438212891615e+02
1.260108212892330357e+02
1.196154643904865935e+02
1.239292875688068705e+02
1.261167741784501999e+02
1.219733457770500848e+02
1.247846408689540993e+02
1.292079210866801020e+02
1.225136705610194809e+02
1.271850852622396957e+02
1.279599390805021955e+02
1.287438828108332700e+02
1.239818462273197355e+02
1.289794239669562046e+02
1.295788399649386520e+02
1.262375602686020670e+02
1.281015275082927758e+02
1.330274742825445458e+02
1.264812748895822807e+02
1.317626582989570920e+02
1.245003905349341409e+02
1.302221767670897350e+02
1.297652603812387042e+02
1.279024937625920160e+02
1.287191976261691764e+02
1.340952097020086455e+02
1.281720201538238086e+02
1.328271819423507907e+02
1.350792711350490265e+02
1.295002690359156361e+02
1.348603978522218085e+02
1.369076022490397975e+02
1.306366663044606184e+02
1.361925776524090281e+02
1.295588194951214973e+02
1.350421655696839025e+02
1.355468443039428621e+02
1.324504054383437506e+02
1.384570806001077585e+02
1.354858897289501272e+02
1.373597181562624030e+02
1.342616005817770031e+02
1.390225107723707936e+02
1.367093575287476028e+02
1.347294842192330577e+02
1.373067829497943535e+02
1.407994785212850957e+02
1.366747567637031580e+02
1.396187808954279603e+02
1.430857550016104653e+02
1.375898604829284011e+02
1.427691278805859270e+02
1.450533092663028185e+02
1.388673686911320146e+02
1.439242594708357501e+02
1.386656475747841455e+02
1.426658559797889154e+02
1.460513422797731664e+02
1.399989061625723821e+02
1.447006219070676707e+02
1.473220402178262987e+02
1.423172976239700347e+02
1.457301643900616739e+02
1.508484064679562664e+02
