0.000000000000000000e+00
4.577842045995402032e+01
-1.879409576942142834e+01
1.869531478302078398e+01
-1.178558522823217913e+01
1.655233548964332613e+01
-8.651842006051706946e+00
8.814780947219164275e+00
-6.828068277168091171e+00
6.660450089731249967e+00
8.727383579862724172e-02
-1.831040975045197472e+00
3.511578216591846324e+00
-1.771679660451914273e+00
2.765547427426276794e+00
-1.667746993180326154e+00
2.417697581045540112e+00
-1.372309933074351562e+00
2.337798927130445126e+00
-1.050086693496559809e+00
2.361880699306201148e+00
-7.539862863921705793e-01
3.116988059264250488e+00
-5.877289893109864938e-01
3.406585767070376747e+00
-4.127867619529392851e-01
3.715626278792746984e+00
-2.024444616303959499e-01
4.028389956535098015e+00
3.567203048675758881e-01
4.253837301850996511e+00
5.041295972683845772e-01
4.460283155395694976e+00
7.092470728123937418e-01
4.800163508496766873e+00
9.615439650020308759e-01
5.146518765456546518e+00
1.242372564146906333e+00
5.509897757280719510e+00
1.544153389494278272e+00
5.890893983408306056e+00
1.863529210962218796e+00
6.285158909592461818e+00
2.197608459356442001e+00
6.802600336449109442e+00
9.041037258770744600e+00
1.070076565730431284e+01
8.109918250713747057e+00
1.175334576727996527e+01
8.682772829295856809e+00
1.220559501845328931e+01
9.083946513512080045e+00
1.263380878742157343e+01
9.466272059879832668e+00
1.304145067842339323e+01
9.832794494340411973e+00
1.343906779644219363e+01
1.019283730851471859e+01
1.383069713042583260e+01
1.054875945718759489e+01
1.421943001631516879e+01
1.090271633462291234e+01
1.460624836438155150e+01
1.125529007923350910e+01
1.499173781891383328e+01
1.160673697604204158e+01
1.537592275777315010e+01
1.195694498889365676e+01
1.575868287884157404e+01
1.230567809937208779e+01
1.613975740589866703e+01
1.265261069372186675e+01
1.651884073312890422e+01
1.299738029759559765e+01
1.689559477497245155e+01
1.333960315959951437e+01
1.743495401094147113e+01
1.989095330251254268e+01
2.287421598278267254e+01
1.911636742908791220e+01
2.382259692402388396e+01
1.953406216992623357e+01
2.418004538461055475e+01
1.987871290532113022e+01
2.452112499384005062e+01
2.020826645736503835e+01
2.484355583284060032e+01
2.052090489051265010e+01
2.514959671296473331e+01
2.081812285376301830e+01
2.480413779310836375e+01
2.113161740893075091e+01
2.512378817094392858e+01
2.143497732329369043e+01
2.541081685037095284e+01
2.171153236733020009e+01
2.567781969112504825e+01
2.197031867020711005e+01
2.607878438145489497e+01
2.893913415162728597e+01
3.030189109108347267e+01
2.989114020899140201e+01
2.923955784847608186e+01
3.133515940034107672e+01
2.910417042642480112e+01
3.122796250867753187e+01
2.930433699844873630e+01
3.163716260903471067e+01
2.951979745389984089e+01
3.174669005000875188e+01
2.896240339687365051e+01
3.179346917640408066e+01
2.913573235206998646e+01
3.184753313828089460e+01
2.930807668296852952e+01
3.189760795761435830e+01
2.947894714161532548e+01
3.245217055958080721e+01
3.629823248471463870e+01
3.898856056420469685e+01
3.590146954359166642e+01
3.907592518222848810e+01
3.601918893042409309e+01
3.900967395962461381e+01
3.574852947540229309e+01
3.892454673455257108e+01
3.589296184425636937e+01
3.893097482474162518e+01
3.563495472753604787e+01
3.897398704216335119e+01
3.583754277945136835e+01
3.895485427647582100e+01
4.194117797011467985e+01
4.379632616248927235e+01
4.130666336419227491e+01
4.376641408383147791e+01
4.111161831455444116e+01
4.253402922429210520e+01
4.081980472707133600e+01
4.461356083297182806e+01
3.975180399068525361e+01
4.520238672644673983e+01
3.921525926221725200e+01
4.400716017104519295e+01
3.893505057427679361e+01
4.419585200510999101e+01
3.873832262022639128e+01
4.410636742211977435e+01
4.441555092802056492e+01
4.913143347731050881e+01
4.262465174079203933e+01
4.951096579807500575e+01
4.198247266636664676e+01
4.983302373218004533e+01
4.128829553793019613e+01
4.930250396332608176e+01
4.051614445521382635e+01
4.886214165370989093e+01
4.194071041400000155e+01
4.587913030507922940e+01
4.124562783004308386e+01
4.841733986759893327e+01
4.925671409918177801e+01
5.100152950818984010e+01
4.979187723460241699e+01
4.911179439269844949e+01
4.926481865910253788e+01
4.855859981975437023e+01
4.873084211726958870e+01
4.806718885698887078e+01
4.821938661705797813e+01
4.753295587205344219e+01
4.767599790382367786e+01
5.259045125838100176e+01
5.254528268832868321e+01
5.236847390661216650e+01
5.199376295504432477e+01
5.161385056709473673e+01
5.137260180072539129e+01
5.096165807467558295e+01
5.089758324088485608e+01
5.043756549866159133e+01
5.017432327447164653e+01
4.971619159233463847e+01
4.952497319784349372e+01
5.447364634893660451e+01
5.263329097711404359e+01
5.598887918457669599e+01
5.113901301212327155e+01
5.633360557942977209e+01
4.950367609697980242e+01
5.528972063986814334e+01
4.908118905922673036e+01
5.460939687577892698e+01
4.866128397617455903e+01
5.395746844050231061e+01
5.745913477842775308e+01
5.363238932739044884e+01
5.746037577320034728e+01
5.143903196837754876e+01
5.686323139092956325e+01
5.040210939572038029e+01
5.583342618766422305e+01
5.067622602005845067e+01
5.532817156046466067e+01
4.888582151452443725e+01
5.421868915658635757e+01
5.776588205715967916e+01
5.342805463535602684e+01
5.796915971989159289e+01
5.170232651336465324e+01
5.682712797246669822e+01
5.066744507928888908e+01
5.577303532895821547e+01
5.069290004243421777e+01
5.513711843688026448e+01
4.828057711399036123e+01
5.394899682404513186e+01
5.733105699873594574e+01
5.220891813434368345e+01
5.764569401113524805e+01
5.183397458775889532e+01
5.652756691621815577e+01
5.113113902096247898e+01
5.552049638430869294e+01
4.910903117481525015e+01
5.428257253832015294e+01
5.732667317908288140e+01
5.476532366982049638e+01
5.790598378404553870e+01
5.178639931084565262e+01
5.736262591670147515e+01
5.105460644437781070e+01
5.581693646146411680e+01
5.006592602752590437e+01
5.454444223571611872e+01
5.699057152918853575e+01
5.632042448528120104e+01
5.470644867158924285e+01
5.684433968417492622e+01
5.351393644408311445e+01
5.513831783644961604e+01
5.191983956217548268e+01
5.387894216847397644e+01
5.062795493927251300e+01
5.224408549476424213e+01
5.534685980194606714e+01
5.658572644859656720e+01
5.312094959187737686e+01
5.509906346581347236e+01
5.173433059962163583e+01
5.383676753826936334e+01
5.034159955141679887e+01
5.232155342052974589e+01
4.873837661702385304e+01
5.177184124879409666e+01
5.306760210550071832e+01
5.501989899727502120e+01
5.095282976552806531e+01
5.377211780363814597e+01
4.932014311575541399e+01
5.211524855968516334e+01
4.770091082707331509e+01
5.025723383470838712e+01
5.266110987249277997e+01
5.433028042377300437e+01
5.151368737933233888e+01
5.398869068236415103e+01
4.835486786953759974e+01
5.198803934820262640e+01
4.690766445523208716e+01
4.998027111079202456e+01
5.177282788028419702e+01
5.359860682843130064e+01
4.878911432404292725e+01
5.163938369213854429e+01
4.688330521893223590e+01
4.991319238052156493e+01
4.577174135570795954e+01
4.836691619401468500e+01
5.048153460771354162e+01
5.182956015390177384e+01
4.947668010265383032e+01
5.115826497595969613e+01
4.579408698480759199e+01
4.871257985555240566e+01
4.553916487669818736e+01
4.729487090636536806e+01
4.976877756305169243e+01
5.049890722572055068e+01
4.866830268236602564e+01
4.956725679954596586e+01
4.599310478101008215e+01
4.737424639663758796e+01
4.500297812144810194e+01
4.608518317812881548e+01
4.912840333188988495e+01
4.900459725591184679e+01
4.693195016845068324e+01
4.727664688516465930e+01
4.607404952976223456e+01
4.627961831387931113e+01
4.365704832843065475e+01
4.406142324177488945e+01
4.758472115848338291e+01
4.679728538307014674e+01
4.613836517245512425e+01
4.581369426439160009e+01
4.409685813508210117e+01
4.380684185982359224e+01
4.348055334637575697e+01
4.295341598046978504e+01
4.669620532748235320e+01
4.600581744940526363e+01
4.434171299778421371e+01
4.353684018289984436e+01
4.471655096778868455e+01
4.301271018121808254e+01
4.145895691649592862e+01
4.058011073637226929e+01
4.454974440844758021e+01
4.493193426585769856e+01
4.172398437185597686e+01
4.103015499503931807e+01
4.300857679824863311e+01
3.977224432814239208e+01
4.075034290817086458e+01
4.375686966891292684e+01
4.261554315942294124e+01
4.255977970837869861e+01
4.071350717509410089e+01
4.159940740559935080e+01
3.955332483324878723e+01
3.891150068511519322e+01
4.226233068210800781e+01
4.061012359424890406e+01
4.421349380228188153e+01
3.683796327653536906e+01
4.123090419948535157e+01
3.743850556065085300e+01
3.965747035125152564e+01
4.244556626355437601e+01
4.089832595487716560e+01
4.235188593524908640e+01
3.868480762887650570e+01
3.919915242879928741e+01
3.674228829279503827e+01
3.755635884417259973e+01
3.495092440503791664e+01
3.845744621226442206e+01
3.770115478488685312e+01
4.003162529757914712e+01
3.383788364060735887e+01
3.864891337681353178e+01
3.063036273793424158e+01
3.610332365048991932e+01
3.857472455566093572e+01
3.798951220856279321e+01
3.598093979334015557e+01
3.814490721095632608e+01
3.299645821290602044e+01
3.694668611880075559e+01
3.752845966012635870e+01
3.962750480920347229e+01
3.337132814911775824e+01
3.731138138999051534e+01
3.140575012891805429e+01
3.540354949315548794e+01
2.962690496909382887e+01
3.340310215177832021e+01
3.572553596272921794e+01
3.646311174476876715e+01
3.338628315796142942e+01
3.594246027038560243e+01
3.098780679231846591e+01
3.275327856020029316e+01
3.508980671975029253e+01
3.618956566505644901e+01
3.445829857056396150e+01
3.542217714170604381e+01
3.112949817111531559e+01
3.312963458172696818e+01
2.917310065327082924e+01
3.134324971238362068e+01
3.315755538474238762e+01
3.478521211718936712e+01
3.163638042327926314e+01
3.378725068908610041e+01
2.875508767052329517e+01
3.126078976849511903e+01
3.270194030455692769e+01
3.470583520187868487e+01
3.226666180655445260e+01
3.428434283141126571e+01
2.873336488271543487e+01
3.180681589117407526e+01
3.249055527703506385e+01
3.488305200409973850e+01
3.163575534948463996e+01
3.457853824694931433e+01
2.844775940388946012e+01
3.222525348674070500e+01
3.240868161863561170e+01
3.531693218695445324e+01
3.025837519142121224e+01
3.413046755047106728e+01
2.782148606008370351e+01
3.207422536959783343e+01
3.212846765549563344e+01
3.533639422139910380e+01
3.078310322620501793e+01
3.489293588840693161e+01
2.728788078389079885e+01
3.253197937644848992e+01
2.635441957142489855e+01
3.114406800263675734e+01
3.063270558971322188e+01
3.422326135405436531e+01
2.681196643013760550e+01
3.242017966960298025e+01
2.619515685447039743e+01
3.130972745302177174e+01
3.302061728962696208e+01
3.220457614750934994e+01
3.122009689016780598e+01
3.049488716217973661e+01
3.021882883776232731e+01
3.333577539350073948e+01
3.240707344949264979e+01
3.581941400688479149e+01
2.959519346064771383e+01
3.266695421998137761e+01
2.882299766989438794e+01
3.265145130278266805e+01
3.556942099897428733e+01
3.057538013397278220e+01
3.410325623921584537e+01
2.926301439882391975e+01
3.290649340182908134e+01
3.588331461135445011e+01
3.279228889432224037e+01
3.679941895403398178e+01
3.071841221135391820e+01
3.461875741234943149e+01
2.844696994789756772e+01
3.260377393532290569e+01
3.550837922963926019e+01
3.197410893064938975e+01
3.509695626345784092e+01
2.790948710371516839e+01
3.341840479335558456e+01
3.615400727719565310e+01
3.504011569828129780e+01
3.322296317299979052e+01
3.541756291236049492e+01
3.064558790213426676e+01
3.462559161630644411e+01
3.589789738372538608e+01
3.723335049890658155e+01
3.180978940129507393e+01
3.603358650232787852e+01
3.108011165094835704e+01
3.418788986513009576e+01
3.707308034537923191e+01
3.628647663227548747e+01
3.537916742548333815e+01
3.689306051438981626e+01
3.067452747871443108e+01
3.467825397486277694e+01
3.644824176348229372e+01
3.887161379163625696e+01
3.287423754295312506e+01
3.671612279863335004e+01
3.078214740591860732e+01
3.476325235308076600e+01
3.670324768196521603e+01
3.828550453999385184e+01
3.505129158739394768e+01
3.751317747040950934e+01
3.245217816000722166e+01
3.541923413700390455e+01
3.730119792206992457e+01
3.890638392166830783e+01
3.611805330882977927e+01
3.805519017410818350e+01
3.369035454633773696e+01
3.597548602317725397e+01
3.795031793408187326e+01
3.944071423691337230e+01
3.721501060424176899e+01
3.877725423939735805e+01
3.387289315865476169e+01
3.660623927309395498e+01
3.898520946032262202e+01
3.997277454186039591e+01
3.793100957083962044e+01
3.927389044578446686e+01
4.204326061839590523e+01
4.238044079241181095e+01
4.047727368900107336e+01
4.128396052788944814e+01
3.773455285509454882e+01
3.927253956689391146e+01
4.236560855165769368e+01
4.288580376765099089e+01
4.034454448951075989e+01
4.085608168733939749e+01
4.160646960304407571e+01
3.853729737489774720e+01
4.240346643494001455e+01
4.363080742437565362e+01
4.202667599088999140e+01
4.202694106210765312e+01
4.002516222918904987e+01
4.403064907132966965e+01
4.288273841165931088e+01
4.681741211940568803e+01
4.026358714112390658e+01
4.472208173007579290e+01
4.764159257184935115e+01
4.548638999138216832e+01
4.595821469282027749e+01
4.475287656066267061e+01
4.363155063466646055e+01
4.267623478057500108e+01
4.667485438878276227e+01
4.856949452310360726e+01
4.328838726392681480e+01
4.786958593270807683e+01
4.071990138080639099e+01
4.578156507835930711e+01
4.906538075275805966e+01
4.501393642995068234e+01
4.739034368302092304e+01
4.404897496670269419e+01
4.765671585020928802e+01
5.051081375107469995e+01
4.679807343704493405e+01
4.955239304837414238e+01
4.381943243743305061e+01
4.777529131023375442e+01
5.065102970939689442e+01
5.194301690108161296e+01
4.788888851113417644e+01
4.943995360136398176e+01
4.644141534093417079e+01
4.812635061556066063e+01
5.109283799714071250e+01
5.189974183852891088e+01
4.798572685065971655e+01
4.976359725388755351e+01
4.635338022644989309e+01
4.963240683907950057e+01
5.019069281003645955e+01
5.300164818887265028e+01
4.722336799602461355e+01
5.098872404304519534e+01
5.247286390195939987e+01
5.409791375201254482e+01
5.046943125114523099e+01
5.304786906369664479e+01
4.857958539680828380e+01
5.118324343072409732e+01
5.248740215797535313e+01
5.451024907769821226e+01
4.875710259360255350e+01
5.280802790926606605e+01
5.439382225896368794e+01
5.602158586041521460e+01
5.246986631007987967e+01
5.499384434119145482e+01
5.020791197752596702e+01
5.273948979520860547e+01
5.505215528820485105e+01
5.649686663362747652e+01
5.147102818541157632e+01
5.425690158848334477e+01
4.925906497990014543e+01
5.228917742764433996e+01
5.450704452767344321e+01
5.544101963671300126e+01
5.315355504630122851e+01
5.480141662877088038e+01
5.759019423895637857e+01
5.781851357289750126e+01
5.404006896374345104e+01
5.572203272637801774e+01
5.351514242258279808e+01
5.552524104000104188e+01
5.648325753220524348e+01
5.911076800448668678e+01
5.367427658923050870e+01
5.764386608518547916e+01
5.839512800263162262e+01
6.129441214251057346e+01
5.429835065968553209e+01
5.880392636983068400e+01
5.542728778091593966e+01
5.917701286030210639e+01
5.947393839867511645e+01
5.901373587692383893e+01
5.817530597730616648e+01
5.594407998411440985e+01
6.013806083117698620e+01
5.807318849368151348e+01
6.174227999264623890e+01
5.453325095322968963e+01
5.957594529892566015e+01
6.281157406842759627e+01
6.005293632734765907e+01
6.016603172692668977e+01
5.837166958688998619e+01
5.835412365398323686e+01
6.232086799056699533e+01
5.936393298318196798e+01
6.248176520198880013e+01
5.491268149456367098e+01
6.043403249020212087e+01
6.326975964879918024e+01
5.975693149314378161e+01
6.304161148152736160e+01
5.520335323766985169e+01
6.069567830130244346e+01
6.243185575712454494e+01
6.514282514328257889e+01
5.706154140889320558e+01
6.183980611308221853e+01
5.801831524596708789e+01
6.088173827832324747e+01
6.163079191555765846e+01
6.138946057966631997e+01
6.066743857978813281e+01
5.774238381204660442e+01
5.957719565226864944e+01
6.176268974211708951e+01
6.265504406984367591e+01
5.866137910410805034e+01
6.103190152200854612e+01
6.278631328228452446e+01
6.382943455677914812e+01
5.961858401310353628e+01
6.225850304115414247e+01
5.554321767411889965e+01
5.947714543802909049e+01
6.053804872048094410e+01
6.263661666576111031e+01
5.661414331613299566e+01
5.999027446667362540e+01
6.132157503492609862e+01
6.293850185813656140e+01
5.960781924652546593e+01
6.132111740356080531e+01
5.632541409353196116e+01
5.863820752839311012e+01
6.026785235574939037e+01
6.145151540273456447e+01
5.885773256643540918e+01
6.036341163108961894e+01
6.229949415469686613e+01
6.288317818397244707e+01
5.828514377955216474e+01
6.023941035512178388e+01
6.266109248322153036e+01
6.280947965592127247e+01
6.354014411004940399e+01
5.916587082416272381e+01
6.146722497341797720e+01
6.331454222659795761e+01
6.251214720575216433e+01
5.911416133546514118e+01
5.979047991034923371e+01
5.892908956033235057e+01
5.895446721076815777e+01
6.173688556296377783e+01
6.082248408770970372e+01
5.820742415808688719e+01
5.954800371637712431e+01
6.260020089602154059e+01
6.092151962058891712e+01
6.162495987267512021e+01
5.998516626026916754e+01
6.328571558227290694e+01
6.313418504993661884e+01
5.785351932030069833e+01
6.043113652775404177e+01
5.657698548774600056e+01
6.012373334067130060e+01
6.279580026836364937e+01
5.851038403587835290e+01
6.099913658621832724e+01
5.599653913126251581e+01
5.930663344720255026e+01
6.191255094663650027e+01
5.791783067751318725e+01
6.023048055314088600e+01
5.439433061915124767e+01
5.790882887251139266e+01
6.040518186185725114e+01
5.740342098266557969e+01
5.973350751397020275e+01
6.223172737325420201e+01
5.871030062907425418e+01
6.095484393566052717e+01
5.720707847940210655e+01
5.768801590613681185e+01
6.002032539315570858e+01
6.162815303645840004e+01
5.625009143823238844e+01
5.894989038436597895e+01
5.290013161145930098e+01
5.608741647369388517e+01
5.796854783609239803e+01
5.858630694533241723e+01
5.428465094291151161e+01
5.649850152712274109e+01
5.728906904208347584e+01
5.923266319909188127e+01
5.351017738952384661e+01
5.627216186433922473e+01
5.714286319593830399e+01
5.871844296713340583e+01
5.406585926871507297e+01
5.618889198735422497e+01
5.750985618838947033e+01
5.875802247345103524e+01
5.465149387647556267e+01
5.628619117952916895e+01
5.203492426809612681e+01
5.369508820296288576e+01
5.542135347298211201e+01
5.593739295560131808e+01
5.393634460423475474e+01
5.654103941303905145e+01
5.692183213824669252e+01
5.685371271453944075e+01
5.473311455313454132e+01
5.273028697577014157e+01
5.356550175634055933e+01
5.595100431545426289e+01
5.541603027788831071e+01
5.126695624833220677e+01
5.217692685738189340e+01
5.459297411934867483e+01
5.399422815344225057e+01
5.511076235244636479e+01
5.191323440751545348e+01
5.460491947401307300e+01
5.397042928570245124e+01
5.470819753479737102e+01
5.290276715760522563e+01
5.012794987085673171e+01
5.223189386765591280e+01
5.119421719440779839e+01
5.423438808619209794e+01
5.017698639411507600e+01
5.268887017931915295e+01
5.499748582473375080e+01
5.190421639413597177e+01
5.197581969783141176e+01
4.992333674056901316e+01
5.303246630903637282e+01
5.387963816571214437e+01
5.033361366133918580e+01
5.063749628519171608e+01
5.373846295392202421e+01
5.111949679723134210e+01
5.289356528835421756e+01
4.736304570919286760e+01
5.124200813488184991e+01
5.343886664161210120e+01
4.879403374771625579e+01
5.198046230957368863e+01
4.606326481806041073e+01
4.992681028237804952e+01
5.102545613429765581e+01
5.213241225555164959e+01
4.791483395026014591e+01
4.825254352722370754e+01
5.056923203568549496e+01
5.233478561919650929e+01
4.538116454124506305e+01
4.952729824363942157e+01
5.088207757368355288e+01
5.170493727776338488e+01
4.767073136367368136e+01
4.860220059033891715e+01
4.486092051232225231e+01
4.665662631126647852e+01
4.737088909584307572e+01
4.899731924707965192e+01
4.439969450113913751e+01
4.659787414770470093e+01
4.758749988909902129e+01
4.888258478226933335e+01
4.586676581424586630e+01
4.719366937204713253e+01
4.854289272057127391e+01
4.985143809801974868e+01
4.483756113941176125e+01
4.644183550395427318e+01
4.769083468535663428e+01
4.855441981699165410e+01
4.742269894434295452e+01
4.692643172542044283e+01
4.277007500533004958e+01
4.453483044254689815e+01
4.630555905265521943e+01
4.656210267521962010e+01
4.352218680026998499e+01
4.455176673629112116e+01
4.665795873170585395e+01
4.653657593009390325e+01
4.484334515481355510e+01
4.521270765089010979e+01
4.762881301519450261e+01
4.696517694247289398e+01
4.413013563199626788e+01
4.429786767240623391e+01
4.682402729345141523e+01
4.693320432596311775e+01
4.508522061079914067e+01
4.459292968510244748e+01
4.754108564032085837e+01
4.734395980120107339e+01
4.833343862790582079e+01
4.253259108141776323e+01
4.713292594883295550e+01
4.836896064281204133e+01
4.669119006010909345e+01
4.497048228137662562e+01
4.359758728335992828e+01
4.687196248816288602e+01
4.922842730672206102e+01
4.288276769714120462e+01
4.638167283915007744e+01
4.907814199254206500e+01
4.607117514532226465e+01
4.653025122749271958e+01
4.440242564142982218e+01
4.391953572270389117e+01
4.756747681842922049e+01
4.528069075271980637e+01
4.741898055156328695e+01
4.209385893089341124e+01
4.480666969958101475e+01
4.714121957214502601e+01
4.810069302548904346e+01
4.388719516607980609e+01
4.634794377571056856e+01
4.724122741089163924e+01
4.936182184177092580e+01
4.118673377593292173e+01
4.623184596139615365e+01
4.813683581960765423e+01
4.828488969850051404e+01
4.414598269372385175e+01
4.674339004964806321e+01
4.817786320170800707e+01
4.881875024695761311e+01
4.527667700819178265e+01
4.772697231544483998e+01
4.882806843302937239e+01
4.989870974327355668e+01
4.560820921259445981e+01
4.792116277206345387e+01
4.885798861799276693e+01
5.044450657950181949e+01
4.669878466232320591e+01
4.913326598109497212e+01
4.334752420698610109e+01
4.580503043551237852e+01
4.701582192230199553e+01
4.864889804126899264e+01
4.607669417954001290e+01
4.852111276968421549e+01
4.907439028823688432e+01
4.956600320622453637e+01
4.729510793701199134e+01
5.004257000925829146e+01
5.002732347655580725e+01
4.904999951704009931e+01
4.924320862897565831e+01
5.192049217527689819e+01
5.123764915122077923e+01
4.784985396331645546e+01
4.829531358437375843e+01
4.746382644207482571e+01
4.746763762230614958e+01
5.029967585070635749e+01
4.927228386372775049e+01
4.708027941608518319e+01
5.054161653908752072e+01
4.873602426576101720e+01
5.195917254661074480e+01
4.659636866646995657e+01
5.054340876499968260e+01
5.286829783001533656e+01
4.980916364819488251e+01
4.992321006346694645e+01
5.344490778184224666e+01
5.073935535410363684e+01
5.346904013109203646e+01
4.603364708435668717e+01
5.102155385992986680e+01
5.368162974681197142e+01
5.049967690921825181e+01
5.074158427502633373e+01
4.830338766436742048e+01
5.188741589891122175e+01
5.161666071983582782e+01
5.339255910061804400e+01
4.670903152933290414e+01
5.063651841990194669e+01
5.303769092575996069e+01
5.486391187247283341e+01
4.815291415205929582e+01
5.183845856004926134e+01
5.401572072776380651e+01
5.411871122645041510e+01
5.030516236218500836e+01
5.176173642632142702e+01
5.407111580882146740e+01
5.487489872925882395e+01
5.096063595951551406e+01
5.211015041137324744e+01
5.437655319913555729e+01
5.512845129218518281e+01
5.147566409364826256e+01
5.341320512013948729e+01
5.483268911573954085e+01
5.574846268230706414e+01
5.191521113250796304e+01
5.430530018945650284e+01
5.552375059050984873e+01
5.620358646389560420e+01
5.382088106154654383e+01
5.456101686227169267e+01
5.563774092191611231e+01
5.739565203734062493e+01
5.322311684502895446e+01
5.577952570369128438e+01
5.649759171478291364e+01
5.822299595252727755e+01
5.325838996428775829e+01
5.591233321108580157e+01
5.620189384232995167e+01
5.841587870692622886e+01
5.507018530751686569e+01
5.714357457355786352e+01
5.120599819734361802e+01
5.399119677267204054e+01
5.377013349530880504e+01
5.628113567738302692e+01
5.403136978673420998e+01
5.719590406086287970e+01
5.629995288712588319e+01
5.359266273640218969e+01
5.333908335528597178e+01
5.632598084490289381e+01
5.757287309404271269e+01
5.544460853959083835e+01
5.385680504894997966e+01
5.732866264589381444e+01
5.501801819324357012e+01
5.842397676740410617e+01
5.343274329993695915e+01
5.671020165047934825e+01
5.916598768503261851e+01
5.544803293943429168e+01
5.603716415460921496e+01
5.925727194627720706e+01
5.617718189696272191e+01
5.798200181463613490e+01
5.470588662235859800e+01
5.477802275596209114e+01
5.798861547311575038e+01
5.551219109194377666e+01
5.662299514287774116e+01
5.334629440093852537e+01
5.666314239051134649e+01
5.586568920299558272e+01
5.734123298750511566e+01
5.337655454341369676e+01
5.553110382627397712e+01
5.648931478590934319e+01
5.816804147179896489e+01
5.189916644083092478e+01
5.499146329170337566e+01
5.687059890955655561e+01
5.767521250542278466e+01
5.326079361915252264e+01
5.521130503498449116e+01
5.627177436671362898e+01
5.798479631530022971e+01
5.179690993010095212e+01
5.478458358445291054e+01
5.596948027095304212e+01
5.718604954675300434e+01
5.448512101647398964e+01
5.637316888442860829e+01
5.758300609792842550e+01
5.857006554247957553e+01
5.334897380932014954e+01
5.505550531230935007e+01
5.579561147726219161e+01
5.735424620533232343e+01
5.667631935822435452e+01
5.907180664009310078e+01
5.906907217980030111e+01
5.553185844302431917e+01
5.697543566280419469e+01
5.925138723697070731e+01
5.877678198859057090e+01
5.469877004260633413e+01
5.551949492751803206e+01
5.805679412807492668e+01
5.732641697611866505e+01
5.833178392773211129e+01
5.570216633533036799e+01
5.834651271465062194e+01
5.822816095224040822e+01
5.823686325369821759e+01
5.643040612927659794e+01
5.927093020789519073e+01
5.957457340835559023e+01
5.349566555007674395e+01
5.726438159363958391e+01
5.964501985899787684e+01
5.733952583809826820e+01
5.842849520171429845e+01
5.594418394210834578e+01
5.409634131209033114e+01
5.748252413163078245e+01
5.470930078381832828e+01
5.783681522743410142e+01
6.025075568042417729e+01
5.675640040827528310e+01
5.777373829320662679e+01
5.504338047804995426e+01
5.415319586001117358e+01
5.733061435377760517e+01
5.498733604643471296e+01
5.756180886580612110e+01
5.997328723063772316e+01
5.568640482652364909e+01
5.877654066540355871e+01
5.174711743323944546e+01
5.590668954821164505e+01
5.708476257916318986e+01
5.889625093148185897e+01
5.232695556704144479e+01
5.558168914459976406e+01
5.716732247693104796e+01
5.779384548515827902e+01
5.328984209206258527e+01
5.513562944414204026e+01
5.659562345106408543e+01
5.752685271541412959e+01
5.318801889161496632e+01
5.494218231337742964e+01
5.579104889372163001e+01
5.704729369034496500e+01
5.342522343504853666e+01
5.521453937316367444e+01
5.646237135343767477e+01
5.726522994444783876e+01
5.330466500213401559e+01
5.526519835799668812e+01
5.647245760843086515e+01
5.666146763320626434e+01
5.399507613816052043e+01
5.508989410059399461e+01
5.680725433289136816e+01
5.705733451278165091e+01
5.241797167794845080e+01
5.356043249939757089e+01
5.562518496262132572e+01
5.548999850350155327e+01
5.642044787734457145e+01
5.210064564515602115e+01
5.512167684248165500e+01
5.454913895454767925e+01
5.690946170817187522e+01
5.064157281099555519e+01
5.416425369311654237e+01
5.351015467761165922e+01
5.613027456290508610e+01
5.270988378780110395e+01
5.570919622113386538e+01
5.679386291784694407e+01
5.325055020520733251e+01
5.561821429824464502e+01
5.824074098706383751e+01
5.576391433518298157e+01
5.448835108813621275e+01
5.799557142707284640e+01
5.526446202974710076e+01
5.841011946568792723e+01
4.956029903371984346e+01
5.525961226246010227e+01
5.774653998415918466e+01
5.455468944343752469e+01
5.521463906597612947e+01
5.820442588998251665e+01
5.724505870953595377e+01
5.761370271611899341e+01
5.408894287082211605e+01
5.733930853364517333e+01
5.626203110886756775e+01
5.524671829850984039e+01
5.644811728403927020e+01
5.832478839098954637e+01
5.982878001215638619e+01
5.195700254508980009e+01
5.636893297799415592e+01
5.827996038743072660e+01
5.921205927616166775e+01
5.479191429572297523e+01
5.588358380787465762e+01
5.761099051718243658e+01
5.897061339035950311e+01
5.301178546459763652e+01
5.598528712393969897e+01
5.763236884279938721e+01
5.829860504623965767e+01
5.565525209838565246e+01
5.669846375660998206e+01
5.841771742806941603e+01
5.837755582588161474e+01
5.513115179361707163e+01
5.636823743827517319e+01
5.804179861194471357e+01
5.860338383899489401e+01
5.449909342504029297e+01
5.607697757439107988e+01
5.795623380674010861e+01
5.818396197964657546e+01
5.593322902790588103e+01
5.665279905769158120e+01
5.889242228678782709e+01
5.854785486043671483e+01
5.444697346974343333e+01
5.521923602970348810e+01
5.775231373039233063e+01
5.703446743692470022e+01
5.807727546651540251e+01
5.547390703650061994e+01
5.849063793792657151e+01
5.731849250846406818e+01
5.537104227752661245e+01
5.475908186170035918e+01
5.766590218456657624e+01
5.884333643342010589e+01
5.574953311217638685e+01
5.671408808070931684e+01
5.958329953585944594e+01
5.706868613364009946e+01
5.830934656826079276e+01
6.125446503414198673e+01
5.832246249176489528e+01
5.886207638423692856e+01
5.639462209481423116e+01
5.526728299063903194e+01
5.881283357380731758e+01
5.559738478877882528e+01
5.888405169418457064e+01
6.122517317713941765e+01
5.821629713356775682e+01
6.046157215405549579e+01
5.435299341575480980e+01
5.863345673802913183e+01
6.072843333043309144e+01
5.317509074842097760e+01
5.710051499660971785e+01
5.922603443934795564e+01
6.102770274311328791e+01
5.452307310347578806e+01
5.853788593406812879e+01
6.038886064327581238e+01
6.114265613655691567e+01
5.688403353111534955e+01
5.814820010961911834e+01
5.994372729818859824e+01
6.078748245767642544e+01
5.602814989155864822e+01
5.839458534942089329e+01
5.925680999596352905e+01
6.055732128666239333e+01
5.614464277857928209e+01
5.806786807470651723e+01
5.892839984422307964e+01
6.052519629488066499e+01
5.640034272956278727e+01
5.871075871507292021e+01
5.913647238059360234e+01
6.072645823372010909e+01
5.672995692757768893e+01
5.922845608639539705e+01
5.967202414454187931e+01
6.134305286594352680e+01
5.535696007138346175e+01
5.747472387785987280e+01
5.785798164433661128e+01
5.992064404113382636e+01
5.890028987072350475e+01
6.147271293033364969e+01
6.066522653698088163e+01
5.711700345110686783e+01
5.728699403710574245e+01
5.984312891594773731e+01
5.937188488884996218e+01
6.145828254025748549e+01
5.528172242309301510e+01
5.845774890118057954e+01
5.860879126249173510e+01
5.981877533959378468e+01
5.604470805261885857e+01
5.932255892074255144e+01
6.185799619582897435e+01
5.696005416792186793e+01
5.981130534286973699e+01
6.222509085142117868e+01
5.877490320487060416e+01
5.841096598872881174e+01
5.597537693699966610e+01
5.909463422388621012e+01
6.117420456934426909e+01
5.501638238267877057e+01
5.810533576836186143e+01
6.040189044332088031e+01
5.897741708938899308e+01
5.869112143841660867e+01
6.179235888190133608e+01
5.800971547599369416e+01
5.994949223755925516e+01
5.601027789166487025e+01
5.862866279934964098e+01
5.788481915457099802e+01
5.984113782076766341e+01
5.582600137843468957e+01
5.806870128481956783e+01
5.828956297316621260e+01
5.989916658110357162e+01
5.477366116653832506e+01
5.690444898586213895e+01
5.768084353930856878e+01
5.909193442183538991e+01
5.396015076617815254e+01
5.611745953176087909e+01
5.709226044272857337e+01
5.818729757850215378e+01
5.528387627353480838e+01
5.691850118539852588e+01
5.759093804270209915e+01
5.903663835850477426e+01
5.958765010760750869e+01
6.107368351296642572e+01
5.696834059548168483e+01
5.879245885815686279e+01
5.996486798927073636e+01
5.961580454414644947e+01
5.729287382974726484e+01
5.764341230515313441e+01
5.991791948766287845e+01
5.920636252468592886e+01
5.509773226028237048e+01
5.569292738916151819e+01
5.816758517336261036e+01
5.722874008893813880e+01
5.910854947062741616e+01
5.412840537156595389e+01
5.676028242743721108e+01
5.572827142612079143e+01
5.826908550147557264e+01
5.407610440331770008e+01
5.661609106162742222e+01
5.730574495612798103e+01
5.595267848866468086e+01
5.881788795348115428e+01
6.079678617238397464e+01
5.430393305231430645e+01
5.741321223403988938e+01
5.980080788181067675e+01
5.689797088889886112e+01
5.780513978765531391e+01
5.490236624119472708e+01
5.786477517294252237e+01
5.783373658844223542e+01
5.489613885187069542e+01
5.431658852948604732e+01
5.733804335075107872e+01
5.597459354799832454e+01
5.804837423041956868e+01
6.031245375239086570e+01
5.475629549906402360e+01
5.848946826837683943e+01
5.033113536562049717e+01
5.496840582223737215e+01
5.612801929424420422e+01
5.783153617773772481e+01
5.085760970971485051e+01
5.473242519542620954e+01
5.643400133870904511e+01
5.701261497728274463e+01
5.244299844528853782e+01
5.429017069994262812e+01
5.502524359221401795e+01
5.632043042748963302e+01
5.165981547658739004e+01
5.410414340635225727e+01
5.512155507124442266e+01
5.643077420117325005e+01
5.748018542737472814e+01
5.855276016435141884e+01
5.333329410664805437e+01
5.477844534563131873e+01
5.588739140088721058e+01
5.653766355053395642e+01
5.713339921107787944e+01
5.225908388992537823e+01
5.359448648031928286e+01
5.529875239912742302e+01
5.522716582580108735e+01
5.302844959498342092e+01
5.360505321153632963e+01
5.563258128925689761e+01
5.529735320708149970e+01
5.196215034694022705e+01
5.266991089754095867e+01
5.495190020028056921e+01
5.416040667321413338e+01
5.426154424787317510e+01
5.391279317460958254e+01
5.641876047889427070e+01
5.480895514121781531e+01
5.178201133534921041e+01
5.395285059333932054e+01
5.294438022946260247e+01
5.587659419740232636e+01
5.839595588474546872e+01
5.592672059400496209e+01
5.707864592191173614e+01
5.341550774056249651e+01
5.672027433790940165e+01
5.843283195744059810e+01
4.968841893025109613e+01
5.515458942087916938e+01
5.756568125608638553e+01
5.451135367854396208e+01
5.531656162707005109e+01
5.816549111183613974e+01
5.730808355091759410e+01
5.623888452317033426e+01
5.308751951814135595e+01
5.640006922978168546e+01
5.598305973842290229e+01
5.556562015849354452e+01
5.593396844519648425e+01
5.780162690774611889e+01
5.838935979598679893e+01
5.435629064984789238e+01
5.538711259743513438e+01
5.718127334339479262e+01
5.860302348064724498e+01
5.161124918380178173e+01
5.524983925213918212e+01
5.673003764055496134e+01
5.765143781929702982e+01
5.279447936334855029e+01
5.461522058904716914e+01
5.603621923232502411e+01
5.686671898568002348e+01
5.519261198860152717e+01
5.682466301045702295e+01
5.804594451725176896e+01
5.631502155607442717e+01
5.383541606378319955e+01
5.603871525033876821e+01
5.636806677243922081e+01
5.801107534795065135e+01
5.227022393141484713e+01
5.477612025523323069e+01
5.516121599000191367e+01
5.679987352744223017e+01
5.832455699998210008e+01
5.802820318131497146e+01
5.854670980000615543e+01
5.690542045671073623e+01
5.935511018878064959e+01
5.851101568672393682e+01
5.595592619030363579e+01
5.590019776283209296e+01
5.866962615047582119e+01
5.742494227710177057e+01
5.750956151870898481e+01
5.620136808710616094e+01
5.908666888847537280e+01
5.985470215311924136e+01
5.282792261023170255e+01
5.737866111342546560e+01
5.983334058381037579e+01
5.745079825236799564e+01
5.859249015304462205e+01
6.146214619639118837e+01
5.845238156617598690e+01
5.912419502820547024e+01
5.653806059412375618e+01
5.969723262735204372e+01
5.953281957989266004e+01
5.674374168331305412e+01
5.650087755825597213e+01
5.973210015587858379e+01
5.844034790720523631e+01
6.096116967566278078e+01
6.301471664819645468e+01
5.561030160027468128e+01
6.075764329674488806e+01
5.464343769098246639e+01
5.761584660398936109e+01
5.954091047471040099e+01
5.996108067317933887e+01
5.599521997520908201e+01
5.811677507278812982e+01
5.884686879255675507e+01
6.049146897048194660e+01
5.410814371308713078e+01
5.747495373611393887e+01
5.904340830685221420e+01
5.967570004781716619e+01
5.460648540944367824e+01
5.725662957911313811e+01
5.873348855888952613e+01
5.933367724426006617e+01
6.067085596690835558e+01
6.164278183160595859e+01
5.926481575645132693e+01
6.004446238636717936e+01
6.187313102456778324e+01
6.217841325237931471e+01
5.755772825252714142e+01
5.870673279643508380e+01
6.046542484913978655e+01
6.076961058715642139e+01
6.010943782884131537e+01
5.675271437798075880e+01
5.949819383184971855e+01
5.961525792287341829e+01
6.111757514293531557e+01
6.173964182243435062e+01
6.318685586565324286e+01
5.680202105466610618e+01
5.942928977517183853e+01
6.173519835812345491e+01
6.021788653441873862e+01
6.232828436677207407e+01
5.793758675977042572e+01
6.067092684296432736e+01
5.922321722681940059e+01
6.155541311516691394e+01
6.420046104824952238e+01
6.171568341415847669e+01
6.079055752888570652e+01
5.879593216810641110e+01
6.197649255246162170e+01
6.384237874471989471e+01
5.730959461607498895e+01
6.086959867939224722e+01
6.327679216435200260e+01
5.998850543089935883e+01
6.018668976190801345e+01
5.729902613231286779e+01
6.031293367416414242e+01
6.149993256501162620e+01
5.776790486695160354e+01
6.141157508342115534e+01
6.215614115668692818e+01
6.003869942576808683e+01
6.022960559525817104e+01
6.310804546924974545e+01
5.932230219642532631e+01
6.161895710358201939e+01
5.614836519238441781e+01
5.840459982105181780e+01
6.004133863436553042e+01
6.063775332811695051e+01
6.207845880333540833e+01
6.326885044902202537e+01
5.860601408143322288e+01
5.979634624301687040e+01
6.115717909171786459e+01
6.223123028664621614e+01
6.053653441777728972e+01
5.922080300721555801e+01
6.088213268951113832e+01
6.173481378615826287e+01
5.950515182595422203e+01
6.162616002149023586e+01
6.210002745972636262e+01
6.218408965906584740e+01
5.700453872013813594e+01
5.886893527013569383e+01
5.903048858424482859e+01
6.067005954760174546e+01
5.981515601886666644e+01
6.225985718415596182e+01
6.152262503409637162e+01
5.740846623191335851e+01
5.789766528840360138e+01
6.044997654223405448e+01
5.945576074290958246e+01
6.126923486750568060e+01
6.186085137665334344e+01
6.175622343086570254e+01
5.941323305222537243e+01
5.871105970462832602e+01
6.127607259121045757e+01
6.279347264144164598e+01
5.631941070204094757e+01
5.917341957282170739e+01
6.152016442063845858e+01
5.907717387417833521e+01
6.121210004981529096e+01
6.370291424192151908e+01
6.049983727885642537e+01
5.977884683390603016e+01
5.736984150758406287e+01
6.028517296249946611e+01
6.236207724294891364e+01
5.558138412348030499e+01
5.914581136408892093e+01
6.134704473434785399e+01
5.898115406305389286e+01
5.891346602362197160e+01
5.582211426206737315e+01
5.856467551947741157e+01
6.001031941300682604e+01
5.410117746672053585e+01
5.807277920114511716e+01
5.976774499823702058e+01
5.844695493237394857e+01
5.550812031014759640e+01
5.750722418967082916e+01
5.898125752006308176e+01
5.884965966854817054e+01
5.476582242594611216e+01
5.734922998024443075e+01
5.798646288056736608e+01
5.904544522361123171e+01
5.420997544842428084e+01
5.582268277323167638e+01
5.713186614564452981e+01
5.767522722163718640e+01
5.897948924854440378e+01
5.988956544158513395e+01
5.770254414873114257e+01
5.672520447034007418e+01
5.784844923967892782e+01
5.912971711096218286e+01
5.888526698595241982e+01
6.072688626083407115e+01
6.086610591386147462e+01
5.565802598830612169e+01
5.662247815279538798e+01
5.850682826972482786e+01
5.830281229213833427e+01
5.972782631265219067e+01
5.448334409422997737e+01
5.723557762975053009e+01
5.660911608375988635e+01
5.892895412454434734e+01
5.502506947820673133e+01
5.785702122783017387e+01
5.676770163419051585e+01
5.874480478090533353e+01
6.113116709830842410e+01
5.904157559503092756e+01
5.755145294846478521e+01
5.640772887654537726e+01
5.913879257202595596e+01
5.901617139217648145e+01
5.607888855424341301e+01
5.995667168604374098e+01
5.764651913833125718e+01
6.025951722872800076e+01
5.348140985224085142e+01
5.778676790571030608e+01
6.009574880799625873e+01
5.643914039118737236e+01
5.690660993867835060e+01
5.975069435717765742e+01
5.848808061677826942e+01
5.939495257242020898e+01
6.200936256980470063e+01
5.640433604009351143e+01
6.029846739733787331e+01
5.152445616523043981e+01
5.671784378698472295e+01
5.789146916571137069e+01
5.958762476628699289e+01
5.246063166363832408e+01
5.647417006260008066e+01
5.822582845284674846e+01
5.892170597347404737e+01
5.423800617126548218e+01
5.613583736589953332e+01
5.699890347514380551e+01
5.824741786131662735e+01
5.979251702429510829e+01
6.077878310746782375e+01
5.524174768274563974e+01
5.759803456226139673e+01
5.847572755452166859e+01
5.975761073802895140e+01
5.567531718076611469e+01
5.713531094209356809e+01
5.836198416018773827e+01
5.898080687083940887e+01
5.894755149665878946e+01
6.080140490382920149e+01
6.092433892723853717e+01
5.771494978190830238e+01
5.844393362342065501e+01
6.055446515782936956e+01
6.020039167150197557e+01
5.650474946177091340e+01
5.700501142639982533e+01
5.942153993084828301e+01
5.862802868130372502e+01
6.012812996146639222e+01
5.919452509410857743e+01
6.192311250802822542e+01
5.880973495227829773e+01
5.904009968021642862e+01
5.986818945153386551e+01
6.166005113753904965e+01
5.654209324673496440e+01
5.978642660310192980e+01
6.214462073625266214e+01
5.965717822955263472e+01
5.907324628830542679e+01
6.236996332132723353e+01
5.937906717680237279e+01
6.248589419140601109e+01
5.465783270718593911e+01
5.905056315929861910e+01
6.146713639650216265e+01
5.799392378532503045e+01
5.880463287787360116e+01
6.168519142186228521e+01
5.937004047183042843e+01
5.949473527604001788e+01
6.274843283855057052e+01
5.904306520177711093e+01
6.217364822369143695e+01
5.372450317044356893e+01
5.868792671727569399e+01
5.987798001580790697e+01
6.166177738362681282e+01
5.476891645943757680e+01
5.848216746556386170e+01
6.024353786323840154e+01
6.106067443831049957e+01
6.265849466671883050e+01
6.383814853894921981e+01
5.795793538363133734e+01
6.063269007933457999e+01
6.171993330315036275e+01
6.278304931372531428e+01
5.867542331825725199e+01
6.096947353468355857e+01
6.214245478610639140e+01
6.259231684334206136e+01
5.833260032212778867e+01
5.945447188427339569e+01
6.092210712492057212e+01
6.148850151915134887e+01
5.885532285565987110e+01
6.025350753320540775e+01
6.188951875216102394e+01
6.175751978246104557e+01
5.730352589303234367e+01
5.828447707944823009e+01
6.025963115762076683e+01
6.006175594961344899e+01
6.225578854081483371e+01
6.176977803929553801e+01
6.381565060866539341e+01
5.776501254647165240e+01
6.047900595907363197e+01
6.003636949334097750e+01
6.256498972263305092e+01
6.459494677132163076e+01
6.248854024911962313e+01
6.331339254220697654e+01
6.115680875411720763e+01
6.413802741298523813e+01
6.405796131757612955e+01
5.849539239973966431e+01
6.203640132332938606e+01
6.439824296113368973e+01
6.130184946916968869e+01
6.195139144214086002e+01
6.481696856639150894e+01
6.151992043852096259e+01
6.344866140436202784e+01
5.938007233902468585e+01
6.208411188141404580e+01
6.364602919639340683e+01
5.828417147506837637e+01
6.178715863310399925e+01
6.380140301178472129e+01
6.176067030890898479e+01
6.138098447434494176e+01
6.402399892231136391e+01
6.336407941107951558e+01
5.972014797724008162e+01
6.228665503582319474e+01
6.343523299918494018e+01
6.367942025804807571e+01
5.886269922642670593e+01
5.979116213447320405e+01
6.143438232077463113e+01
6.276935331505126925e+01
5.857900896000342783e+01
6.073581538200156871e+01
6.181120889925747974e+01
6.290727849745297817e+01
5.666771795055664285e+01
5.924566457484926474e+01
6.059159537447410315e+01
6.146183426296013863e+01
6.189612623027593941e+01
6.357568700633045466e+01
6.208790953287125802e+01
5.823433564936205187e+01
5.912011971756842854e+01
6.097999218172044777e+01
6.086593167484810607e+01
6.012401173751967320e+01
6.253100080148014683e+01
6.180658817650044767e+01
5.791784547305602615e+01
5.837246437714483704e+01
6.091429659109984840e+01
5.988022866455489179e+01
6.182156640389813873e+01
6.173416121912283216e+01
6.384012475522762742e+01
5.799997953709838328e+01
6.079556203198283981e+01
6.233144128508987336e+01
6.024137970958958732e+01
6.057833509678041395e+01
6.320958893076107188e+01
6.074906314948405850e+01
6.287820727968364309e+01
5.689352834805983150e+01
6.003283661840404761e+01
6.203232148019368708e+01
5.892507024706889496e+01
5.874103550942110274e+01
6.162276464879465721e+01
5.837423942219118089e+01
6.102909720784042946e+01
6.317006937549408008e+01
6.009954439124940251e+01
6.264462481568753560e+01
5.522197238516942974e+01
5.896911005376169612e+01
6.099735859970468965e+01
5.701841158808523602e+01
5.792604272546191169e+01
6.034821222835427790e+01
6.108848140310847441e+01
5.579478960579177027e+01
5.805911676037670333e+01
5.877275468927302171e+01
6.027367903011439410e+01
5.439611265001109786e+01
5.747920444167888832e+01
5.878510542819702067e+01
5.957181984582867074e+01
6.114872013128886152e+01
6.186168797373775163e+01
5.730091935959462290e+01
5.863423459469468213e+01
5.968326091826136803e+01
6.073450905240976994e+01
5.828461396176801657e+01
6.023384817847137640e+01
6.097895480666587531e+01
5.799019989055144464e+01
5.901253223320435382e+01
6.054225840817755255e+01
6.071942293982051808e+01
5.656320985208452612e+01
5.725731095433026496e+01
5.916813160457377307e+01
5.894789646768725788e+01
5.984492700460677383e+01
6.158349376793101726e+01
6.049261974666096364e+01
5.861816354959242403e+01
5.823812600650788340e+01
6.069797178606032872e+01
5.949019164441333629e+01
5.798026986583296605e+01
5.706033052396187344e+01
5.961023013173598173e+01
6.006378842121337414e+01
5.545359311671830937e+01
5.941171160950062813e+01
6.136404391757982779e+01
5.811282638114864341e+01
5.838958818684734098e+01
6.129462236989790824e+01
5.840204670794753383e+01
6.024618402157194197e+01
5.350218112138480109e+01
5.779527374808160545e+01
6.006084729885849782e+01
5.631687905371143188e+01
5.911618065285871637e+01
5.989760067188736059e+01
5.855473298199066789e+01
5.774668885138487440e+01
6.087359625075849578e+01
5.718557130896831353e+01
5.964596637625889031e+01
6.157839949939323532e+01
6.035432556394108872e+01
5.719464229784916398e+01
5.908417592223020876e+01
6.058311821146766363e+01
6.122597411765835318e+01
5.685671203167409971e+01
5.861155762398207258e+01
5.966476716722247176e+01
6.052576989732830270e+01
5.576457965026283148e+01
5.789560709749078882e+01
5.867934863101937992e+01
5.996733227609038153e+01
5.376516872045109352e+01
5.658527031551017217e+01
5.741473704649891374e+01
5.858528060007065363e+01
5.995814598440264120e+01
6.035521845563423682e+01
6.150640857973240827e+01
5.521044299270917577e+01
5.781560154469991630e+01
5.816785938215845420e+01
5.987836507251773099e+01
5.793286606005517569e+01
6.002417122374572500e+01
5.972976528971724974e+01
5.855793711520588118e+01
5.852637058186412844e+01
6.094143142693808102e+01
5.998749369425006961e+01
5.674846542588929310e+01
5.729116614869294466e+01
5.982958775785810701e+01
5.839460187923847201e+01
6.125872273947778268e+01
6.196716765325914622e+01
6.025118632364543458e+01
5.791905701271200968e+01
6.119022704946502245e+01
5.873812194047219037e+01
6.176629460718643827e+01
5.799910745705874859e+01
6.114357923310808474e+01
6.344251533249306618e+01
5.587200962231467116e+01
6.017918885620508718e+01
6.258796864979986907e+01
5.915911528984518952e+01
5.993084972556427914e+01
6.279393945680555333e+01
6.130405159342048194e+01
6.242942636361226505e+01
6.496764565642760658e+01
6.002315162455620623e+01
6.332813122750160773e+01
5.567005431214666800e+01
6.005693206807385565e+01
6.122066379649064771e+01
6.285800289836985399e+01
5.594143762526747565e+01
5.954093529918945649e+01
6.127250636088343327e+01
6.202266314618387355e+01
6.360371861211358180e+01
6.479380493227509419e+01
5.878444335204282112e+01
6.141432619010674188e+01
6.288264394132932722e+01
6.344236995184678563e+01
6.005829671120745417e+01
6.179600236789138989e+01
6.284263099290650700e+01
6.358153065115521940e+01
5.866168716236736458e+01
6.053243727588395018e+01
6.113429164058072018e+01
6.261505274073963534e+01
5.754031812350167030e+01
5.987711661555349707e+01
6.000627832098786030e+01
6.177565270572562639e+01
6.081547041112413154e+01
6.312772290336026515e+01
6.284868025933223379e+01
5.927701164211205054e+01
6.158294116795082829e+01
6.081160103894111302e+01
6.304966316984967278e+01
5.950487318718370489e+01
6.244042616644976107e+01
6.214591771522844255e+01
6.287850206903176087e+01
6.429114672321836110e+01
6.229379746630358738e+01
6.198516478895879800e+01
6.026323233649024047e+01
6.315438385749193628e+01
6.531724519242914084e+01
5.862294368575789605e+01
6.200404030765083974e+01
6.436476749558437405e+01
6.124918868297007890e+01
6.209410677754430452e+01
6.487612440013157311e+01
6.153945869020538595e+01
6.306719193438733129e+01
5.947165734790192460e+01
6.239059355983992816e+01
6.187934517032083903e+01
6.027821453168129295e+01
6.329097175401972919e+01
6.413096012984465233e+01
6.031223395956827460e+01
6.045996954499548082e+01
6.320455957595486751e+01
6.371686679317749480e+01
5.962908893300514279e+01
6.197340851821149244e+01
6.258363686764442946e+01
6.396925179590704857e+01
5.883539044264745854e+01
6.073812675397950045e+01
6.179320373650730147e+01
6.282004120149042592e+01
5.731949967916340682e+01
5.948547137681649133e+01
6.056699200774046687e+01
6.162992684703244350e+01
6.289149754799358760e+01
6.385161616516109007e+01
6.156180918505133093e+01
5.990983315118374009e+01
6.202782046596967547e+01
6.242913947149001785e+01
6.194122644772706821e+01
5.762576032183300612e+01
5.845521894990343981e+01
6.029744919294626726e+01
6.016283077514989230e+01
6.228106489386851052e+01
6.166120210568128357e+01
6.073929095138744572e+01
6.037035181561874708e+01
6.297122089200894379e+01
6.177258389145923445e+01
5.926468810050012337e+01
5.964788088354156770e+01
6.197197902333425645e+01
6.050787818834487553e+01
6.071361734390036702e+01
6.153760890616948842e+01
6.165374870710085986e+01
6.077130172107364103e+01
5.616043424278838359e+01
6.036225205003145788e+01
5.960254659745167771e+01
6.187783294557473113e+01
6.410864541779852743e+01
6.089252857260971297e+01
6.014078365426939854e+01
5.768306201526871746e+01
6.053003506803375444e+01
6.256959884499563174e+01
5.582606268871037969e+01
5.930036051819884335e+01
6.144867753988356185e+01
5.905055276125094110e+01
5.894830121262615563e+01
6.184996470265529211e+01
5.860311136607393223e+01
6.118443183974520849e+01
6.270074809086562340e+01
6.151199351348717670e+01
5.839441460979953291e+01
6.028020370805460715e+01
6.143624797509220770e+01
6.206557318876315321e+01
5.745944783773536813e+01
5.893608596554817325e+01
6.015409864231239823e+01
6.148391175677075893e+01
5.642896070419013199e+01
5.738825808825395569e+01
5.891935267213586513e+01
5.968925842087406863e+01
5.649776748406128490e+01
5.806314743551788382e+01
5.911507341010613459e+01
5.966672297842952588e+01
6.045561121419420658e+01
6.170832093960979847e+01
5.986094236656187917e+01
5.584123288683510111e+01
5.813166985907449202e+01
5.847157161445304041e+01
6.000168199728641838e+01
5.668915002844131834e+01
5.905429706960021718e+01
5.878354927738810431e+01
5.970356318339415935e+01
6.000029214476660400e+01
6.185476229961529526e+01
5.663653306892607731e+01
5.932213892044380543e+01
6.006542920699965293e+01
5.933153667134271814e+01
5.710766353686236840e+01
5.852216712534873011e+01
5.894333548641202469e+01
5.859672415282783220e+01
5.956031841322300124e+01
6.183558261999148442e+01
5.946390136643378810e+01
5.848867948640234715e+01
6.167715207857870041e+01
5.882588829234435224e+01
6.171474263532933691e+01
5.301213242952631788e+01
5.816969919703689129e+01
6.049055751922305291e+01
5.717679827919083380e+01
5.819650324904250027e+01
6.081549973339359383e+01
5.861373805016700800e+01
5.838883514786697049e+01
6.154042432833460197e+01
5.777968144205629386e+01
6.072671632013446441e+01
5.202995649081149310e+01
5.712706748007515500e+01
5.828821792541494062e+01
6.002634567157483758e+01
5.289888321929038995e+01
5.680165573553719582e+01
5.851475683604757450e+01
5.922082668263073657e+01
6.067160369362696315e+01
6.192313105691056307e+01
5.611541845475817070e+01
5.854996163083639971e+01
6.007280496097214950e+01
6.080852933804603566e+01
5.641061085372593453e+01
5.793130791547387304e+01
5.926728642271376657e+01
6.036267586185808653e+01
5.630903252410650595e+01
5.825626218692141833e+01
5.877142610191896210e+01
6.034969786635995348e+01
6.063558914940508515e+01
6.251180900969303877e+01
5.987533831956175590e+01
5.925121887643579299e+01
5.991269512066829606e+01
6.200029505603066582e+01
6.016509259574486634e+01
5.660203313982737683e+01
5.976026981803527605e+01
5.897181277380889242e+01
6.129983472737225725e+01
6.129780381606818906e+01
6.359037596804863313e+01
5.765461602074460501e+01
6.068059912672046607e+01
6.270525733604882390e+01
6.029328426411511543e+01
5.954634955310629607e+01
6.244870376081455277e+01
5.995411446567128877e+01
6.292877723296787451e+01
5.650030738497857641e+01
6.026376124263266121e+01
6.272205702642754233e+01
5.946654348034162751e+01
6.260269445469869964e+01
6.416598075756681396e+01
5.780485822048061806e+01
6.183428379328807978e+01
6.405831224464829177e+01
6.072513464568098129e+01
6.378611537274542087e+01
6.573710654188141689e+01
5.856507293599492670e+01
6.346594797254405762e+01
5.740483459715287751e+01
6.102262829018961554e+01
6.217928819159165954e+01
6.213128409896496152e+01
5.639700182040996168e+01
5.998004257777716930e+01
6.161579556998096763e+01
6.216242455236292841e+01
6.381825826532337942e+01
6.511809309258018175e+01
5.905591025518435089e+01
6.160964757950514326e+01
6.277929781881228166e+01
6.396664644793340671e+01
5.944645108006056944e+01
6.108605487996679528e+01
6.238649231767238490e+01
6.335032574040220510e+01
5.961470006370123542e+01
6.194446867584758820e+01
6.220816077634632535e+01
6.369738956795865903e+01
5.838517905543607611e+01
6.039269204438203786e+01
6.077182869047383207e+01
6.216569415139539245e+01
6.356353845679585390e+01
6.325638364766719945e+01
6.464270150078419874e+01
5.854664748310149491e+01
6.099782479725180195e+01
6.058206748425156718e+01
6.276649899964981927e+01
6.466211264516361723e+01
6.289246990452051733e+01
6.458250692382750913e+01
6.070814323699218562e+01
6.392480027800606734e+01
6.289412913662301463e+01
6.419922286245987664e+01
6.643615283921330672e+01
6.383310756879028958e+01
6.302464549064281840e+01
6.093975033411849296e+01
6.406361307091924573e+01
6.583065782844772684e+01
5.930398580696110145e+01
6.274801798748455894e+01
6.508984371894905507e+01
6.171060095534367917e+01
6.198732690268520429e+01
6.482156348524122791e+01
6.333913168582893860e+01
6.529477428144178930e+01
5.883033981773963461e+01
6.197616344710958458e+01
6.403242288264728188e+01
5.954863240219106046e+01
6.261747742457498589e+01
6.212825726663170656e+01
6.462001767165089916e+01
5.903602749165602859e+01
6.120950293784229501e+01
6.282431964128843305e+01
6.278218336301677738e+01
6.425806694550391285e+01
6.566752010283838104e+01
6.061245686076382810e+01
6.165429581145872362e+01
6.288564952074023751e+01
6.422791746364691789e+01
5.965901929055284825e+01
6.139081397767750303e+01
6.225382984207917758e+01
6.336327824638878070e+01
5.848569096209171647e+01
5.985520451155482391e+01
6.106806878074140599e+01
6.150517469395153114e+01
6.181312860215729188e+01
6.366995064399679194e+01
6.349675801460660551e+01
6.020147428608463258e+01
6.074210854059585074e+01
6.288083705168038051e+01
6.214101786263302074e+01
6.466184799984583265e+01
6.346470541859120118e+01
6.229449520632581994e+01
6.166530644071668377e+01
6.433215278921284153e+01
6.279017201921429603e+01
6.219385287174802102e+01
6.095073533261651022e+01
6.350933124859438550e+01
6.355791415229062125e+01
5.836878828613519232e+01
6.241535820290137337e+01
6.240795056157880794e+01
6.243585568853167445e+01
5.840833411112120643e+01
6.228330494846402843e+01
6.396133282081634519e+01
5.986327398301197888e+01
6.202810178647499839e+01
6.426093343821109727e+01
6.014794858672898670e+01
6.193464623586989859e+01
6.424390497020966961e+01
6.050602143207633787e+01
6.378898429538010362e+01
5.679415944228891533e+01
6.039040003653537525e+01
6.236207906509836363e+01
5.801730558519219727e+01
6.052879044293218413e+01
6.009411616410610435e+01
6.262972977879910985e+01
5.626801064518028284e+01
5.873281039196903919e+01
6.031056621607834956e+01
6.084439171842731753e+01
5.638027461832391651e+01
5.818070198312150865e+01
5.883274428613716367e+01
6.058720653994770089e+01
6.112197602139239905e+01
6.240156990105781176e+01
5.692541308622898555e+01
5.892991731946977296e+01
5.971132350992053972e+01
6.082437104957033114e+01
5.743620145723441084e+01
5.858562191584447021e+01
5.997209300200623261e+01
6.038782402339219857e+01
6.189963579219100609e+01
6.214634883755216777e+01
5.911983155425145497e+01
5.978163315724821558e+01
6.165176528165243042e+01
6.133870841874870905e+01
5.916381113798957614e+01
5.920077586387612456e+01
6.139510493467843588e+01
6.056225372632462012e+01
5.886533103429353986e+01
5.883263074356098343e+01
6.129356215864229540e+01
5.989527329321970939e+01
5.801869956615219337e+01
5.895794436638484370e+01
6.098357652886188163e+01
5.869629454157565362e+01
5.826985793199717989e+01
6.070263001221339039e+01
5.832849183374169399e+01
6.094392268400547152e+01
6.341054021183081346e+01
6.000173467966562413e+01
5.983493689395088921e+01
5.745681202248077568e+01
6.027789780815901821e+01
6.123839209255567795e+01
5.672652103639821064e+01
6.013820749572449387e+01
6.155487066093184012e+01
5.738409200832744261e+01
6.037068853190419304e+01
6.224917915656469347e+01
5.726869793039026746e+01
6.127446749035205187e+01
6.318336686301340421e+01
5.930033631703563657e+01
6.124145194626460409e+01
5.451956580516546325e+01
5.831525576098473351e+01
5.999030268240119312e+01
6.056328561987304226e+01
6.204983215251009909e+01
6.331482117997123993e+01
5.745729526956091604e+01
6.042279080682651937e+01
6.107459567043792248e+01
6.232851129580408411e+01
5.657737757870302175e+01
5.868416432605325639e+01
5.954036206689466582e+01
6.076847715338588074e+01
5.667163354077918314e+01
5.809168439215897450e+01
5.926413163812802054e+01
5.982287821548148798e+01
5.961307878994476539e+01
6.147546482186960048e+01
6.155134933913842588e+01
5.827175320511918954e+01
5.907268986048503479e+01
6.111102648639988644e+01
6.068490700341940425e+01
5.690222212158319337e+01
5.736331294344550713e+01
5.972204032265508289e+01
5.886278716706558356e+01
6.143581665656988378e+01
6.090499290189536197e+01
6.328384076023872495e+01
5.667559580459926849e+01
6.007780584412417824e+01
5.974795315869667434e+01
6.216365804838347486e+01
6.446582537188221806e+01
6.201766027422011263e+01
6.329619849924826980e+01
5.958949543921635694e+01
6.271886067797949238e+01
6.458688237484240346e+01
5.682636913756417840e+01
6.109006135267906501e+01
6.348284943639913536e+01
6.005278771944873029e+01
6.123275068488867845e+01
6.393366650748883018e+01
6.228500176223106877e+01
6.280858100299732882e+01
5.930711032276914807e+01
6.214896158451866626e+01
6.125960218197979401e+01
5.928115027839175610e+01
6.259066967391831326e+01
6.345191451860888776e+01
5.963699702735171826e+01
6.015266819345440297e+01
6.203588686012486164e+01
6.373650013103692658e+01
5.829135592748727390e+01
6.141620521818654055e+01
6.247234379209252353e+01
6.350426394327293167e+01
5.771341815272835163e+01
6.015838459399962090e+01
6.166236410591197625e+01
6.230687711389997219e+01
5.845042299296771660e+01
6.015307247268396651e+01
6.102883158542491060e+01
6.252103184893331189e+01
6.299883648193630137e+01
6.479668508096098378e+01
5.996489453273547809e+01
6.191402935779509420e+01
6.313880071795793469e+01
6.292463114688622738e+01
6.092106190618926576e+01
6.133299269629245032e+01
6.331241769249503903e+01
6.299047467029451042e+01
5.902648522579288226e+01
6.161665906675570170e+01
6.078159914379121886e+01
6.296479636357891252e+01
6.492214802072548707e+01
6.321464728863688265e+01
6.344904566271883084e+01
6.189192497705708007e+01
6.479500386267426393e+01
6.294260946354285835e+01
6.052625659530355762e+01
6.390193282746349013e+01
6.132174277837370369e+01
6.435519676602118011e+01
6.097972570142760418e+01
6.413420580660570636e+01
6.582944028366227940e+01
5.905320686530358643e+01
6.235301953670561659e+01
6.468692227240559589e+01
6.129038201463161073e+01
6.197133825355606973e+01
6.468681235593533074e+01
6.313432640246448813e+01
6.438827182653112402e+01
6.669925947660634336e+01
6.206522641060723089e+01
6.504188349295876037e+01
5.855910339939762821e+01
6.161859349691932408e+01
6.345195996500574154e+01
6.189992744642128741e+01
6.168004811339162785e+01
6.354383070801808486e+01
6.384554114731056984e+01
5.954527095833133643e+01
6.147022545912069091e+01
6.207458784905004023e+01
6.326305091129337654e+01
5.841208809790102663e+01
6.057073092275731341e+01
6.192073884413044027e+01
6.247006648447118948e+01
6.368713210640875388e+01
6.461779384994818543e+01
6.190594163824651019e+01
6.177027638065270310e+01
6.353972003927840717e+01
6.386345596110280809e+01
5.988519770184715441e+01
6.223619337910601956e+01
6.226302919660442114e+01
6.372934562628672239e+01
5.816763404317967456e+01
6.030378652541305229e+01
5.999215375888586976e+01
6.178505821648221286e+01
6.085085204637884004e+01
6.338524954755309437e+01
6.210781917439984312e+01
5.874349708893814892e+01
5.944595320885635914e+01
6.178155533079670647e+01
6.035013232678542749e+01
6.195938088961132451e+01
6.275979051901380501e+01
6.147058453175847603e+01
5.982347528969170725e+01
6.267088293583572067e+01
6.022437184595744952e+01
6.308376359948731960e+01
5.895835206126388783e+01
6.171905488667167816e+01
6.345750706827705301e+01
5.773081069387043840e+01
6.092994301034115523e+01
6.313926418903302107e+01
5.986217494192247557e+01
5.975120212050273949e+01
6.244558564776861687e+01
6.081941898686726233e+01
6.090965132378941860e+01
6.373015643395433472e+01
6.027152326686279338e+01
6.259250625992776662e+01
5.479115505374090134e+01
5.888036117100980249e+01
6.068525835002026270e+01
6.054551369765287916e+01
6.205515914968160729e+01
6.332269626603768131e+01
5.782744038244685925e+01
6.092286548928063894e+01
6.205746162326792614e+01
6.308050689685439494e+01
5.819862506865690222e+01
5.914177512231752587e+01
6.064825423923207381e+01
6.129389020979403568e+01
5.765164923414898368e+01
5.898943547776356411e+01
6.014994237275011812e+01
6.074457899663736526e+01
5.653467945665518357e+01
5.834572262552474342e+01
5.895343716196725126e+01
6.004436805848159509e+01
6.031148979717750791e+01
6.194209332950803315e+01
6.096737111003704968e+01
5.571782618985427860e+01
5.811845287450733366e+01
5.788958509476635328e+01
5.979039970608157972e+01
5.834104073851275984e+01
6.071290421243206481e+01
5.982966253863109074e+01
5.709746611069156330e+01
5.753290383571872013e+01
5.985998512596946597e+01
5.848621246410721142e+01
6.102397012609871041e+01
6.152617085208348158e+01
5.952194097883000268e+01
5.738360911424958744e+01
6.033669667969336814e+01
5.801327556819642695e+01
6.072327047730491500e+01
5.720080235036315486e+01
6.015918561682805432e+01
6.197331307324630245e+01
5.398067408300318704e+01
5.853140202222873967e+01
6.085242745928846375e+01
5.767834322369107269e+01
5.830960002263723396e+01
6.106343229325680966e+01
5.998395999533981637e+01
5.934173216964509123e+01
6.244458209214859323e+01
5.907876041968683012e+01
6.033290513338445038e+01
5.625751190385727085e+01
5.914399825273193301e+01
5.834425177892789094e+01
6.019375625214843240e+01
6.196510994839696451e+01
6.359980899716665448e+01
5.656440713362267303e+01
5.992505297175387113e+01
6.098579281085302739e+01
6.203261040962475903e+01
5.665685028465949102e+01
5.969235884538839088e+01
6.025772122748847437e+01
6.166451270784416039e+01
5.615751263017536132e+01
5.770073078459343918e+01
5.894429989295759498e+01
6.014867137542101005e+01
5.820028122975340779e+01
5.969820646465464620e+01
6.018616000947810818e+01
6.147997299390780057e+01
6.154050384590308909e+01
6.348663568187735962e+01
5.762584780283461328e+01
6.023757380270112805e+01
6.027210820932523205e+01
6.248033260861524241e+01
5.867960800487666972e+01
6.170076884196367217e+01
6.102691675314144248e+01
6.161352313335602560e+01
5.987110772886742893e+01
6.284432757448144713e+01
6.153841914518690004e+01
5.847835115538576645e+01
6.167557547071849200e+01
5.951928793555025266e+01
6.263222380740612749e+01
5.921002670001930568e+01
6.257031899480596593e+01
6.420195574308483799e+01
5.605747394865191779e+01
6.050090030816796371e+01
6.336560878553198251e+01
6.027026976692911830e+01
6.144890990892876914e+01
6.450962754160346435e+01
6.113206684740733721e+01
6.135138093557370809e+01
6.464941629553268854e+01
6.228435294759837859e+01
6.320902297659601743e+01
5.969801820369320922e+01
6.297708386604625730e+01
6.355533733811380159e+01
6.002364855127389376e+01
6.041586640879103953e+01
6.361204448326721916e+01
6.302588903206986259e+01
6.118790626823263779e+01
6.340461243116020995e+01
6.526066741775392188e+01
5.921094467016037299e+01
6.280894025488201038e+01
6.447960112811709621e+01
6.531719402917403272e+01
5.997177763099097092e+01
6.257369028045236803e+01
6.346456443944869363e+01
6.491672186804764522e+01
5.898706981101318547e+01
6.127809685158283770e+01
6.237212962636091618e+01
6.330971089745808911e+01
6.530073671052224427e+01
6.589747562641395007e+01
6.238627731383693487e+01
6.375886301603662076e+01
6.608849790308958916e+01
6.581072740039618907e+01
6.148850797152481817e+01
6.241835741501727597e+01
6.468752333432504997e+01
6.463595148879124963e+01
6.257343328385339731e+01
6.396015744131664604e+01
6.622850195677186491e+01
6.467872251641483672e+01
6.771835017757683772e+01
6.696233594573737946e+01
6.375394482988292566e+01
6.328204616030884466e+01
6.633334815664318285e+01
6.622873274981141378e+01
6.384787015335354710e+01
6.754410755543257494e+01
6.506981058716884547e+01
6.836337012740484909e+01
6.176756744404863753e+01
6.583345949073901693e+01
6.664423662473002707e+01
6.435560424064991025e+01
6.789471969016027231e+01
6.872455140609170599e+01
6.514159487089129641e+01
6.466889345089332153e+01
6.812393574734888091e+01
6.453764698404901878e+01
6.779151481962908576e+01
6.095462794496012293e+01
6.461034248909997757e+01
6.703381943247484287e+01
6.246143424955334922e+01
6.634928583155921444e+01
6.684985476286641415e+01
6.695255875007437396e+01
6.135281841744479436e+01
6.541458642053265748e+01
6.732130714959058082e+01
6.207148817788363004e+01
6.537680928924450541e+01
6.717374912864238468e+01
6.840196044955175125e+01
6.325773088689758339e+01
6.508422099736344535e+01
6.637013911030190627e+01
6.769241967223189249e+01
6.254998670815719208e+01
6.446210470972366124e+01
6.580907814614745632e+01
6.611550277250995578e+01
6.706715419013055168e+01
6.885732942270628598e+01
6.473397712432897322e+01
6.654504246674336798e+01
6.714621152797498382e+01
6.949385267944349209e+01
6.356046190936728379e+01
6.642326318802375340e+01
6.629766437999514039e+01
6.832623653577226719e+01
6.292766921302736449e+01
6.623849731842399535e+01
6.563449537535392153e+01
6.806668179500215388e+01
7.042229881370158751e+01
6.884420258425626571e+01
6.587522285426672397e+01
6.551027985668088149e+01
6.866414633712959414e+01
6.710575634487233287e+01
6.660006658643946764e+01
6.964017346332843772e+01
6.717946140154984391e+01
7.024499794781770845e+01
6.410191402922076520e+01
6.725837331128535368e+01
6.959101681961219299e+01
6.627912438746508883e+01
6.966488214965232828e+01
7.098815378396551523e+01
6.657281368636124341e+01
6.871924738362038454e+01
7.152074295965483941e+01
6.650791650407006728e+01
6.965573048721050498e+01
7.195690715783888436e+01
6.611583407838914184e+01
7.075730725521171394e+01
6.569286518331794866e+01
6.887089200617822371e+01
6.885013306235437369e+01
6.599580034064244671e+01
6.929495284310270620e+01
6.940189248597798155e+01
6.918919122931667687e+01
6.574750496353406959e+01
6.818535238376880159e+01
6.883257557827224105e+01
6.946282228475629950e+01
6.428970203850253995e+01
6.639315184586853036e+01
6.781381379011531862e+01
6.936237252417319610e+01
7.067759809070228982e+01
7.206282522413114577e+01
6.567432487113248385e+01
6.814372626426802526e+01
6.978658436169961021e+01
7.044084849495963851e+01
6.547287171457907107e+01
6.869918380087868570e+01
6.902274333273116724e+01
7.073410232294335742e+01
7.257532704712059513e+01
7.248225094916368505e+01
6.733719366944177409e+01
6.848619256587906534e+01
7.101862790933142833e+01
7.131908610392987669e+01
6.772469516293368486e+01
6.792866820928500715e+01
7.089057657967045145e+01
7.006089899431046319e+01
6.718650068779321316e+01
6.861768061873553393e+01
7.133929439351578594e+01
6.938425917661648157e+01
6.894392500694939940e+01
7.002894752179467730e+01
7.141180102007164976e+01
6.865342631135372642e+01
7.209080183431285604e+01
7.410050555646547821e+01
6.768158010219575260e+01
7.168037502307677755e+01
7.445142611214664896e+01
7.027246938159869671e+01
7.149810965449633215e+01
7.477580227715971262e+01
7.091882197397475807e+01
7.155800298523408287e+01
6.829427605417505731e+01
7.155193905635397300e+01
7.141054804148920709e+01
6.823883608722780991e+01
7.089072234591353094e+01
7.337360160908521323e+01
6.782308400636928525e+01
7.243175661005669497e+01
7.460260333310745295e+01
6.761021602619429416e+01
7.241241617108393314e+01
7.426737112390537732e+01
7.373926536300430712e+01
6.975006417395540836e+01
7.190802091370319715e+01
7.317357484945756596e+01
7.502328940172355942e+01
6.954724536276202684e+01
7.166283515857874420e+01
7.305966502541991758e+01
7.441956689224778643e+01
6.807657791185832252e+01
7.094558195321430105e+01
7.276960892851259644e+01
7.322068423202333065e+01
6.827007645516208356e+01
7.170894965720046343e+01
7.207354630529668782e+01
7.405158627953547068e+01
7.465812941750235154e+01
7.696126688470549482e+01
7.036948177125073300e+01
7.307899264587429400e+01
7.491191738722514515e+01
7.428702611621625351e+01
7.202923108696663235e+01
7.277202335103663700e+01
7.580182939989998658e+01
7.428214838156814892e+01
7.100866786444571233e+01
7.144657040823167904e+01
7.468457850552516675e+01
7.291613548683936585e+01
7.642132309013142333e+01
7.747566476662993296e+01
7.045835086899576538e+01
7.497160579182150286e+01
7.795686443539162269e+01
7.485879609609625618e+01
7.385992632537343638e+01
7.592367506342236538e+01
7.628830942473452126e+01
7.417363427420207245e+01
7.390208774740420949e+01
7.783646646571672534e+01
7.349841952442979220e+01
7.745700713439117635e+01
6.954450406812162555e+01
7.431406075425442737e+01
7.701983941344258255e+01
7.156614533758506980e+01
7.531948160585746166e+01
7.616025132182780055e+01
7.528231215998076209e+01
7.334540667851304363e+01
7.730137340802779988e+01
7.609332428394141346e+01
7.528938993854551143e+01
7.854424315823459324e+01
7.725546067814926232e+01
7.695972847389637650e+01
7.114270317837026880e+01
7.443004218369185310e+01
7.616107336806324213e+01
7.791209210685525477e+01
7.911894107837164825e+01
8.073105360551703313e+01
7.427323847184311489e+01
7.709018462340607414e+01
7.817173203302820639e+01
8.027322462621546606e+01
7.344701574261095800e+01
7.680804459061063483e+01
7.743063080573303125e+01
7.944443103108372384e+01
7.241296674626092056e+01
7.591804074939093994e+01
7.596779699620829263e+01
7.858331977799727497e+01
7.466270834184597049e+01
7.839494294286846809e+01
7.759873197774470555e+01
7.663205849952480264e+01
7.645881596680622749e+01
7.953287036575339641e+01
7.832133547158336739e+01
7.444026104719856107e+01
7.534929452454018417e+01
7.853695873825827789e+01
7.667617966916813543e+01
8.028834674141840821e+01
8.238531876342510429e+01
7.497908217745306558e+01
7.883649773642486025e+01
8.171782414702177277e+01
7.834222642570264838e+01
7.764835202622538191e+01
8.029165605637284386e+01
7.696720518137850320e+01
8.074808961495008930e+01
7.506201677499150549e+01
7.865914804313614184e+01
8.145734662471973309e+01
7.572426848469419269e+01
7.928435808069605173e+01
8.192048016912067965e+01
7.534555653750354054e+01
7.930107143022415528e+01
8.183404720319551018e+01
7.842874259618486121e+01
8.133266018309583956e+01
8.331602120485044338e+01
7.768756843655495459e+01
8.124383761424033423e+01
7.488577915085518555e+01
7.805137088116931920e+01
8.001565386980547601e+01
7.849836197704757978e+01
8.138852816473468010e+01
8.262822646199461474e+01
7.694616921693575762e+01
7.927064454579836195e+01
8.123167495956433015e+01
8.153558307281421946e+01
7.744258604687726688e+01
8.035630087468817351e+01
8.107618532849929238e+01
8.237099378038033137e+01
7.628703802021991009e+01
7.913213495375151751e+01
7.978330116634140268e+01
8.131623413459553262e+01
8.383669859392853141e+01
8.334736817815485210e+01
7.834167528635896360e+01
7.925541104661620295e+01
8.238446775960210289e+01
8.162937509862219088e+01
7.801718814924333856e+01
7.871099241461853069e+01
8.213787631737714889e+01
8.090929121606782815e+01
7.861251689604857518e+01
7.896696162052529644e+01
8.253948003858113225e+01
7.979411067734505991e+01
8.348277777092295082e+01
8.553780023903840402e+01
7.833733155992344166e+01
8.173415828274109174e+01
8.463150852493740217e+01
8.160455818073668866e+01
8.062141177886886112e+01
7.838919372062453306e+01
8.210823300810643843e+01
8.252611785023788116e+01
7.670356047932378374e+01
8.062308597500054930e+01
8.355662139397560395e+01
7.941368666424573064e+01
8.005539817603396102e+01
8.348508777860232044e+01
7.935461564956682423e+01
8.160312495258034460e+01
8.440274859327412571e+01
7.975086957678746558e+01
8.374722518130100468e+01
7.698521099040659976e+01
8.050848360319200481e+01
8.279199579940679143e+01
7.661938696703150242e+01
8.022460800545803750e+01
8.219591866342601350e+01
8.120437847895631478e+01
7.713919353485675856e+01
8.001707795759807595e+01
8.122046078060687080e+01
8.212688097968342049e+01
7.693427562037943801e+01
7.941340031210697248e+01
8.098170550926690225e+01
7.910420475531721252e+01
8.143604959450465230e+01
8.234512016460796247e+01
8.085490196047359746e+01
8.323700418712263627e+01
8.437966541805029408e+01
7.843045903800306462e+01
8.120512970138990738e+01
8.138249415522639651e+01
8.444433690099332068e+01
7.825250588435376642e+01
8.117759199700567763e+01
8.283860297134776829e+01
8.163679424181488287e+01
7.983458489420921467e+01
8.033326530486039019e+01
8.332555297705955866e+01
8.169712818012051514e+01
8.520304332062569586e+01
8.429687926712573187e+01
7.967066896928729136e+01
7.967371227925748656e+01
8.320917937827888977e+01
8.561968229357444216e+01
7.852154244940274452e+01
8.178179424273486120e+01
8.480977180001026738e+01
8.219063163268612016e+01
8.084449631760207922e+01
8.251155361427423429e+01
8.450460939891709700e+01
8.021077975938383986e+01
8.318232113790946869e+01
8.593680540862332862e+01
7.976611297278346058e+01
8.377695071208597710e+01
8.653942803729390221e+01
7.992182058686769608e+01
8.425365590429828444e+01
7.791220029983779227e+01
8.198464551453213289e+01
8.434627077819466479e+01
7.691895218141215196e+01
8.151787789298805365e+01
8.387563711246319542e+01
8.069196500920705262e+01
8.192133464467229942e+01
8.457441514697323726e+01
8.264437351587743308e+01
8.098950710402826303e+01
8.401992232941225325e+01
8.563611625966433394e+01
7.894485887624973941e+01
8.244250307631938313e+01
8.405719245421603603e+01
8.567707240463656149e+01
7.899499476753784677e+01
8.203206680839228682e+01
8.391414664409506941e+01
8.471197506730590021e+01
7.928657271472386014e+01
8.211173228918067935e+01
8.273044493416242062e+01
8.511058491675760251e+01
8.551102862584482978e+01
8.803147424431611512e+01
8.113120903522361971e+01
8.277822716893221866e+01
8.571787427522215808e+01
8.534074129254409513e+01
8.017696049821836368e+01
8.193206244157997276e+01
8.511345632028559294e+01
8.433477198497875804e+01
8.116088059288517798e+01
8.304559658798528687e+01
8.563668685084768128e+01
8.338774265602164348e+01
8.102728379654520552e+01
8.123115070724330167e+01
8.473955635878417070e+01
8.248673655055750942e+01
8.622360294717017837e+01
8.782299101524078822e+01
8.012453047769290038e+01
8.436305309497551264e+01
8.755544363383424411e+01
8.398597276181914140e+01
8.385817379897035551e+01
8.657303395545361013e+01
8.274034500614997967e+01
8.647062110933286760e+01
7.993516458772653266e+01
8.414513902629677489e+01
8.708886620502015319e+01
7.950011323002448194e+01
8.416498928251743905e+01
8.684525159613957612e+01
8.081393703543696461e+01
8.525740978770298284e+01
8.710197104444162619e+01
8.447001129710731959e+01
8.610233330005665664e+01
8.862854430815073670e+01
8.427220709055696091e+01
8.668728105950452800e+01
8.002995049514032644e+01
8.385247036997247960e+01
8.519633159076596485e+01
8.574794713675963465e+01
8.078571663904749300e+01
8.323606840202570822e+01
8.458793116082418351e+01
8.581347730306359267e+01
8.828098474483056179e+01
8.736347929509481958e+01
8.210931734043879260e+01
8.414798629779022576e+01
8.685248977716511831e+01
8.709255423669148399e+01
8.151414880799195828e+01
8.371017000601837310e+01
8.687969458326848837e+01
8.649205123434923337e+01
8.092127602529025410e+01
8.517849261490242441e+01
8.457261479656833103e+01
8.713929519523949807e+01
8.824217789719105554e+01
8.398811124422456942e+01
8.699383587805685636e+01
8.092509407064139282e+01
8.554614873310967482e+01
8.407685178563319539e+01
8.765528210811642396e+01
9.014622501070513749e+01
8.604089996389102168e+01
8.620390784345178758e+01
8.395559511776060901e+01
8.800438712191629520e+01
8.773345173289223453e+01
8.257529967180877861e+01
8.716841145070533514e+01
8.812068695208456859e+01
8.478400656451388784e+01
8.491739164028800246e+01
8.863998134211347235e+01
8.425347745055287874e+01
8.805450497755367678e+01
9.096620415413838145e+01
8.518934126021625275e+01
8.884145436210840785e+01
8.183187771609127026e+01
8.601373018344811783e+01
8.868776141308342176e+01
8.224287851859834575e+01
8.628344599342675281e+01
8.855249748702058810e+01
8.369283034470514337e+01
8.790903815322954529e+01
8.995375934952360808e+01
8.432868409127274845e+01
8.769189435615423633e+01
8.916049496263077856e+01
9.018367168994676319e+01
8.478458596475690001e+01
8.748318101517556045e+01
8.950557088454820587e+01
8.482118193736532419e+01
8.735215836425446412e+01
8.237687658179686423e+01
8.551646348087855642e+01
8.678582201952572461e+01
8.720086960733014791e+01
8.998358998743859161e+01
8.960794540404745590e+01
8.425469846664437057e+01
8.562802602150726727e+01
8.859003286158636570e+01
8.838482112406168767e+01
8.414701509276332558e+01
8.523002119159833967e+01
8.866674192508030217e+01
8.781931146649696984e+01
8.315021177439129474e+01
8.641069478830196715e+01
8.547518213992618996e+01
8.900817946735941177e+01
8.927451140556686937e+01
9.124374111357056449e+01
8.380901611396390649e+01
8.726413440654458498e+01
9.017702755779801294e+01
8.837002370502217730e+01
8.473319738834864268e+01
8.987109310450293265e+01
8.650950334726788071e+01
8.853420939196277573e+01
8.522727745981481462e+01
8.928374217633700027e+01
8.984944567931057691e+01
8.457403247926566792e+01
8.775486081221144730e+01
9.074818903276677418e+01
8.555083030988149062e+01
8.889747137280870959e+01
9.162131068856540139e+01
8.555111796368764487e+01
8.906396702475855420e+01
9.176845756411520938e+01
8.643750558256647309e+01
8.977778086402723545e+01
8.327014390592928805e+01
8.695999097301391600e+01
8.935435111181081425e+01
8.351921709640411962e+01
8.716481355107363527e+01
8.929782316514234708e+01
8.640612213245320561e+01
8.796970642287809028e+01
9.031245746000179508e+01
8.671159791271041684e+01
8.972578505304917940e+01
9.137646227376120578e+01
8.925454601953299516e+01
8.990971226582956888e+01
8.385051078171740357e+01
8.694901166626922873e+01
8.842573179404404016e+01
8.549379106178578525e+01
8.734494427109763137e+01
8.947236782557175161e+01
8.748800159870305038e+01
8.899239079777395034e+01
8.929549191163943078e+01
9.206527110567276395e+01
8.497087915045428019e+01
8.678097632327970246e+01
9.018048347364472761e+01
8.928335573103304057e+01
8.448758117112541299e+01
8.600653764423800851e+01
8.963777946037293987e+01
8.836055572938360569e+01
8.442156618315239314e+01
8.614258017608116802e+01
8.933873112362294933e+01
8.760010703602401350e+01
9.128224555772112581e+01
9.000638429027289078e+01
8.696568844239367024e+01
8.603268420125574778e+01
8.922548760673582535e+01
9.220616184895555989e+01
8.523245388736798134e+01
8.891433560271642023e+01
9.162895063335736268e+01
8.762355068806643033e+01
8.826471629005490627e+01
9.010309430711666323e+01
8.752600669019689406e+01
8.871790716108931463e+01
9.189508074214499800e+01
8.835455956184298998e+01
9.075909872422268165e+01
8.643799583832057465e+01
8.960380634366555341e+01
9.049245539984923425e+01
8.607776950206175570e+01
8.778189653583633856e+01
9.073430902263244491e+01
8.661137687638510840e+01
8.886940748300935411e+01
9.151954222090644464e+01
8.791536842051414169e+01
9.056026269852098665e+01
9.296866697467740437e+01
8.791379047105139932e+01
9.064230800912164909e+01
8.465649490301449021e+01
8.749454613623798593e+01
8.953988010023741140e+01
8.887949459277463404e+01
8.748211885062254112e+01
9.013290170340138729e+01
9.109580400113699739e+01
8.577289335534939596e+01
8.897314324285702014e+01
8.974328072803065481e+01
9.148631649306703650e+01
9.398914198859490909e+01
8.995644694137736508e+01
9.356232496304509993e+01
8.506212069729924963e+01
9.054364086651226273e+01
9.008107338264753139e+01
9.191272866088418425e+01
9.483692011866313010e+01
9.041515266681152241e+01
9.431884294185097417e+01
8.683315871594170687e+01
9.131996196418768363e+01
8.977757709727039526e+01
9.346850647429101855e+01
8.585140878957557220e+01
9.051185220653729857e+01
8.864296721911236432e+01
9.255921932100339689e+01
9.550859689955404974e+01
8.931853803702247774e+01
9.321434728440058848e+01
8.695928932660612531e+01
9.108055330545431616e+01
9.291403770264348339e+01
8.557585266349816777e+01
9.012953756231851798e+01
9.355476077641942823e+01
8.947900563714635780e+01
9.028732095437517557e+01
9.375272983661452031e+01
8.931813734510848235e+01
9.207765586399364111e+01
9.520832540598085814e+01
9.032318005432563268e+01
9.331849147231832831e+01
8.796814748258083227e+01
9.098776921705417919e+01
9.380684289123131236e+01
8.638881836052388508e+01
9.102412387842063879e+01
9.343510725933012395e+01
8.895432640835407767e+01
9.297543515958996352e+01
9.515738865396981794e+01
8.911076725244576835e+01
9.262490953807879634e+01
9.462291944971565272e+01
9.557281305201149735e+01
9.005932066305777539e+01
9.336736772433305021e+01
9.480678017319768003e+01
8.998033693661250254e+01
9.255436564207035133e+01
8.914621972081580736e+01
9.223959387148394740e+01
9.302534214471332064e+01
8.999963104949155479e+01
9.187502204375496717e+01
9.544733984466576260e+01
9.033066681040153867e+01
9.422512167732401167e+01
9.399343621432099383e+01
9.358109234722020631e+01
9.343594033199923388e+01
9.760682770072503445e+01
9.153279432211687094e+01
9.613832492130849516e+01
8.896941232672533317e+01
9.346340276237718570e+01
9.187528454845990211e+01
9.525293252040664527e+01
9.563636757649916831e+01
9.770086686039249457e+01
8.960527325735927207e+01
9.456048294560551426e+01
9.717436041136618030e+01
9.256764475611416287e+01
9.382223733787539288e+01
9.318232608657510241e+01
9.740470716574837695e+01
9.161624543767830176e+01
9.640159865185042065e+01
9.907586345483855439e+01
9.146103297595877279e+01
9.633433754531316140e+01
9.971949128695672471e+01
9.404106187186611976e+01
9.798140938004438283e+01
9.052790259191336020e+01
9.542796820280074144e+01
9.810493841914360758e+01
9.082434890435814623e+01
9.552619234072709276e+01
9.841228025080367559e+01
9.170386123481935670e+01
9.587651536421974185e+01
9.849567625108853974e+01
9.301328124725935709e+01
9.685869870694180861e+01
9.916066966411936789e+01
9.442696844320811067e+01
9.856896999943653270e+01
9.230099906528184306e+01
9.564240553557199576e+01
9.789074246844307936e+01
9.211566520323195562e+01
9.524699343733891510e+01
9.777095231348053517e+01
9.874646381778502757e+01
9.242976356029292617e+01
9.639583960726383793e+01
9.750763979489750000e+01
9.725910429768514120e+01
9.244431917278092214e+01
9.711124971522893645e+01
9.760501073699106200e+01
9.430694841095375125e+01
9.587708380544624731e+01
9.998390182259934988e+01
9.526855337477486785e+01
1.007612468243480066e+02
9.975305572072585392e+01
9.692010070141435563e+01
9.709972901341521379e+01
1.017188586344168471e+02
9.902013805714447869e+01
9.715776901594263393e+01
9.664142566567412018e+01
1.014449687003977374e+02
9.708808755716469818e+01
9.817126223237488603e+01
9.727254652009696656e+01
1.017019347669401697e+02
9.571559165827594029e+01
1.008437264959551953e+02
1.043556811541263443e+02
9.665663038188309031e+01
1.014770711835205930e+02
1.049420265329943049e+02
9.922106360382662160e+01
1.029797047985900065e+02
9.533133134351000137e+01
1.001168563039806969e+02
1.036822105768632554e+02
9.756771810255845878e+01
1.018600741208241516e+02
1.047807446850904540e+02
9.772932975369970166e+01
1.020938845150568852e+02
1.052439299476962020e+02
9.864159539632163387e+01
1.029065238599162200e+02
1.058188970555086854e+02
1.000091580851650974e+02
1.037996370291164965e+02
9.780327491604585077e+01
1.015378822471953697e+02
1.039632013943129181e+02
9.838827363222098654e+01
1.017823646077098232e+02
1.046437812732184653e+02
9.983745419964057533e+01
1.047131594105617154e+02
1.064024147411165870e+02
1.007760869200885594e+02
1.036383780671080928e+02
1.070081701778791654e+02
1.062668088295514082e+02
1.013199066546908682e+02
1.038859178045259455e+02
1.076305446810029451e+02
1.045900469340076739e+02
1.055829556577528052e+02
9.901605748831082110e+01
1.041293456089677392e+02
1.042784615085654281e+02
1.063619215467373920e+02
1.060203914850167450e+02
1.092147853360346517e+02
1.014236404478431126e+02
1.061368715515905023e+02
1.083984696815861497e+02
1.025961665895145245e+02
1.071241369759581659e+02
1.105481494851027549e+02
1.076634949747211749e+02
1.068333411985023105e+02
1.051940893393327059e+02
1.101538443286780620e+02
1.039387419464935078e+02
1.091070833309369448e+02
1.134775338012597388e+02
1.072104765354422113e+02
1.102757710398939821e+02
1.032243088225680054e+02
1.088790381225752810e+02
1.111322113688806041e+02
1.043851340659423244e+02
1.094073686781961783e+02
1.130881209963060883e+02
1.064380948005102425e+02
1.111677609493789305e+02
1.153120088407889483e+02
1.084373121026214193e+02
1.122631346092420870e+02
1.159883980583973084e+02
1.096395236557715123e+02
1.136617869977727224e+02
1.080751067685617812e+02
1.121907213962029317e+02
1.152479923672998297e+02
1.094570593700316437e+02
1.132490146723352069e+02
1.160580991284856083e+02
1.099208684108510852e+02
1.137878289372864202e+02
1.174378927106402699e+02
1.111636007454902568e+02
1.153882304885969887e+02
1.170543062278023996e+02
1.137436802638468549e+02
1.171896655706082697e+02
1.114501988852352383e+02
1.146809454957061263e+02
1.194472834121006741e+02
1.117670261311725994e+02
1.149487898271169257e+02
1.194227426662567950e+02
1.139444356088966828e+02
1.190166823060339709e+02
1.194298569011254330e+02
1.156528756476493527e+02
1.175551139279120179e+02
1.227913263396871599e+02
1.169818901122368828e+02
1.231995948343027862e+02
1.150017721979169636e+02
1.214346981534946224e+02
1.200026104387363546e+02
1.179802300631555738e+02
1.180749174599032330e+02
1.232609720450639799e+02
1.201505759019581490e+02
1.199279789493682102e+02
1.251690222264944197e+02
1.220626480183903482e+02
1.214971135174476871e+02
1.216813869245782911e+02
1.271472346372119517e+02
1.198041653096210837e+02
1.247309561238045319e+02
1.286898282478962017e+02
1.200787597200035464e+02
1.271561201416308222e+02
1.201514934484212489e+02
1.262342412680271053e+02
1.234054799579657384e+02
1.257452351971044919e+02
1.294710782515409448e+02
1.253235183006857341e+02
1.281850514682541871e+02
1.221868357200799267e+02
1.271945764055348178e+02
1.263716934930358207e+02
1.292013999800698230e+02
1.324117283958271685e+02
1.265569310193868944e+02
1.315224325919430726e+02
1.245628598061217360e+02
1.293559154005422158e+02
1.322316256783470294e+02
1.266864729514346948e+02
1.306159535053832883e+02
1.348592483803639368e+02
1.278617504102998339e+02
1.324776265009662097e+02
1.345514605434572672e+02
1.304331878748376425e+02
1.335963851884571341e+02
1.392777319031804382e+02
1.311118586360178142e+02
1.359615465354867752e+02
1.288635564092690231e+02
1.355187895702575531e+02
1.355769890710123491e+02
1.322102531395943288e+02
1.345192685686294851e+02
1.400119395489404894e+02
1.325363110507998101e+02
1.385038118832643192e+02
1.388535676227780868e+02
1.369149599422586903e+02
1.377555105392993084e+02
1.435738547174915141e+02
1.360525325242049348e+02
1.430445511000857550e+02
1.349272452501641908e+02
1.419559439877046145e+02
1.402695439884972757e+02
1.397773435057646338e+02
1.422031548480666743e+02
1.460538125501069260e+02
1.399179087647032702e+02
1.445514071137177154e+02
1.489680310603457656e+02
1.427084650066546772e+02
1.460573401115579202e+02
1.397878215160872912e+02
1.449299049138697626e+02
1.496477637526260480e+02
1.420953333353861296e+02
1.485381947732283265e+02
1.489430063881187891e+02
1.441661292945576065e+02
1.493100801612203554e+02
1.533089931677814661e+02
