0.000000000000000000e+00
-1.358217647100462671e+02
4.585310582805063007e+01
-4.381178903393137603e+01
2.803072354603286520e+00
-1.180224776794269737e+01
5.644107609900632205e+00
-6.649739827312632023e+00
4.743264545664094278e+00
-4.813057444792055328e+00
3.514022896049767919e+00
-3.678128995956300162e+00
3.217891359096007431e+00
-2.887075779870873049e+00
2.985194751435351623e+00
-2.273302797870221603e+00
2.694437837534596980e+00
-1.748137817987882370e+00
2.624988966788543099e+00
-1.283773366645264646e+00
2.652848593175714864e+00
-8.615074633275342508e-01
2.736785992538618650e+00
-2.141030934499656424e-01
3.468040855000829925e+00
-3.840694869795460153e-01
3.803148091594552582e+00
1.805159395021285751e-01
4.098396310579198065e+00
3.707354452898003472e-01
4.326658865912044405e+00
5.896259202287481571e-01
4.673582748021277489e+00
8.484458645991419523e-01
5.022712097687077382e+00
1.132199175691371407e+00
5.389003868965499322e+00
1.435611890641782296e+00
5.771244975849955772e+00
1.755731457317207589e+00
6.166378008745000194e+00
2.090116083661511581e+00
5.441137409076591602e+00
2.455074599390910883e+00
5.947338154059549353e+00
9.349961064991278548e+00
1.085337381309424032e+01
8.341932380592446350e+00
1.210294698517620837e+01
8.975190389229757315e+00
1.252235865657747027e+01
9.351778557267362402e+00
1.295884514316653302e+01
9.745546503974029662e+00
1.336944070075083246e+01
1.011433155703418763e+01
1.377282868694359941e+01
1.048009355287087985e+01
1.416959539514861355e+01
1.084118370121806940e+01
1.456430256643264087e+01
1.120057104688097738e+01
1.495670876124543014e+01
1.155817587733695539e+01
1.534764827048167213e+01
1.191431109368470942e+01
1.573690566558492243e+01
1.226875478017483267e+01
1.612439693187284462e+01
1.262126607771188880e+01
1.650982158713290815e+01
1.297149907400428681e+01
1.689288214224800555e+01
1.331908621797861336e+01
1.727324044032457095e+01
1.366363742918488278e+01
1.781953447151158443e+01
2.024172099179332918e+01
2.320268736612239735e+01
1.942907722295434070e+01
2.414979332171185433e+01
1.985091912802682401e+01
2.451086555415013990e+01
2.019898378951253903e+01
2.485511662404788780e+01
2.053113199450852377e+01
2.454363488065016696e+01
2.087952976811621397e+01
2.489976024086805850e+01
2.121474371470517184e+01
2.521902758980547432e+01
2.151969339906871781e+01
2.551531489181772017e+01
2.180475386484251743e+01
2.578899930963044440e+01
2.207022109230520357e+01
2.604390078770111927e+01
2.231903290987511923e+01
2.643913029036556495e+01
2.927858998699975857e+01
3.061613553831820767e+01
3.027764972428506240e+01
2.949606704230808774e+01
3.159232500025546386e+01
2.939084378862069968e+01
3.151216989685283565e+01
2.960999350630345361e+01
3.192915148499637112e+01
2.916078551346072345e+01
3.207460927517107763e+01
2.931454623190601794e+01
3.211539561549012234e+01
2.948545417593956941e+01
3.216479017826972608e+01
2.964768668198119883e+01
3.220314555271878021e+01
2.981467804073944805e+01
3.279966049505198811e+01
3.662005993743598964e+01
3.930091009087797005e+01
3.625522448970036749e+01
3.937618182419981139e+01
3.636558116353799619e+01
3.929866285568116524e+01
3.610848472149412913e+01
3.842374615341479682e+01
3.297188551236525456e+01
3.846683662732464626e+01
3.558179751162766991e+01
3.854839136086748397e+01
3.543464584610489965e+01
3.857470109570228800e+01
4.144145567509445272e+01
4.257342026358629283e+01
4.145626318858322890e+01
4.399277881526723633e+01
4.136224267897370055e+01
4.277034516435290357e+01
4.122862967303947102e+01
4.273357078322536040e+01
4.104130449587853491e+01
4.258023236307477077e+01
4.076598663112119425e+01
4.236888820300950442e+01
4.048461741638092803e+01
4.200838537921675453e+01
4.070170474247935033e+01
4.475536557369426305e+01
4.557473767035870793e+01
4.998840748530748357e+01
4.336693587613650180e+01
5.054814397707909279e+01
4.267565866300313360e+01
5.014266520188564868e+01
4.189676270513193401e+01
4.989938767083973659e+01
4.326302014650121919e+01
4.522251633753118938e+01
4.603100844757982202e+01
4.566111533167627101e+01
4.453355752460572603e+01
5.053291009576076931e+01
4.883305224423232005e+01
5.316504108269626272e+01
4.651396165552267092e+01
5.347815971114129496e+01
4.553835716198504713e+01
5.247645960887369654e+01
4.529130690474399756e+01
5.177759993179629561e+01
4.436934492903558436e+01
5.102041801090538797e+01
4.380065749899956273e+01
4.986867768308868420e+01
5.269235673426924649e+01
5.122633126732627318e+01
5.356156636067760957e+01
5.121420503607123464e+01
5.168378391443080488e+01
5.118460724327879063e+01
5.081186343953790896e+01
5.037848557381833103e+01
5.022308130247342461e+01
4.974848794979495636e+01
4.955681984287216579e+01
5.448179397059802653e+01
5.265884330102684174e+01
5.605938937954625345e+01
5.106884908833034586e+01
5.630432231919924391e+01
4.950232426707245281e+01
5.527278515593126684e+01
4.928088213675068374e+01
5.465000377012032118e+01
4.845976237085979221e+01
5.385664565552931293e+01
5.745358225087981907e+01
5.344041671925521797e+01
5.722211963634183007e+01
5.141453126340294233e+01
5.686672149699221279e+01
5.043544664433078850e+01
5.588050177761488868e+01
5.077685804481141219e+01
5.538873883902229522e+01
4.889709167130088474e+01
5.421392649985820356e+01
5.775383597032631400e+01
5.348991717499099963e+01
5.796042592528532111e+01
5.172461772801349866e+01
5.682964903843111415e+01
5.010228333487982155e+01
5.574563148087177211e+01
5.071471947648490897e+01
5.512445056859709069e+01
4.825924207553767076e+01
5.391643916339475595e+01
5.729451915418538022e+01
5.218838322924130324e+01
5.761943329700773120e+01
5.177999834764717235e+01
5.648537059230773849e+01
5.113110515044659365e+01
5.548885119252225451e+01
4.903528534950169870e+01
5.422764068509643209e+01
5.727046281064949085e+01
5.470693992052269294e+01
5.785349586149493462e+01
5.171872289699043534e+01
5.729791880245878843e+01
5.099081804147414232e+01
5.574880847255603555e+01
5.044995788702064488e+01
5.446313849353563796e+01
5.685195405229968202e+01
5.655343653617296695e+01
5.409627996436231001e+01
5.623072405165655852e+01
5.311521363796011741e+01
5.503174890456336499e+01
5.153470064367430581e+01
5.353883174420522550e+01
5.039611678937757233e+01
5.201195753035830904e+01
5.513110313844989463e+01
5.647193779973113692e+01
5.307110964742362569e+01
5.506174936919131113e+01
5.165297197555963749e+01
5.376550107233442333e+01
5.024349751249060603e+01
5.221175944925621337e+01
4.864735533633554354e+01
5.167287176155141992e+01
5.296519710911361045e+01
5.492503042738510999e+01
5.086315832755724387e+01
5.367026273135698489e+01
4.923111554296047387e+01
5.202478446068253959e+01
4.760657602957980572e+01
5.014990384381976440e+01
5.255910530066550024e+01
5.422780109405125870e+01
5.141790842182727772e+01
5.389194022281230190e+01
4.825348054285200305e+01
5.188421428572647898e+01
4.680832264689878741e+01
4.987380008984910518e+01
5.166172651576897579e+01
5.348747540477214102e+01
4.869058287621778902e+01
5.153058868703501361e+01
4.678440672573627523e+01
4.980700571580255342e+01
4.566642764215389150e+01
4.825613737058489505e+01
5.036944228719503514e+01
5.171657796271890817e+01
4.938187829056105471e+01
5.105469938887874548e+01
4.569161924400133756e+01
4.860426168598774410e+01
4.542617069692852994e+01
4.717860386872774114e+01
4.965155266516175914e+01
5.038111519050726628e+01
4.857013155545905647e+01
4.946318089977620502e+01
4.588625691821076913e+01
4.726089306374473153e+01
4.489200421340063230e+01
4.597163242485740398e+01
4.901448917817911877e+01
4.889036353730351436e+01
4.681732927535149713e+01
4.716014411011396135e+01
4.596176246841258717e+01
4.616568613231373774e+01
4.354725715717604828e+01
4.394697566526045307e+01
4.747038185867801730e+01
4.668264893123438242e+01
4.602492352012296806e+01
4.569987719747306443e+01
4.398215584587544669e+01
4.369142188544759620e+01
4.336582183776877741e+01
4.283864928313283116e+01
4.658209347823258639e+01
4.589814733788525558e+01
4.423078533522819811e+01
4.342545362282278631e+01
4.461463343263525161e+01
4.289255282365607513e+01
4.134379440998679200e+01
4.046544251116543478e+01
4.443765306246682201e+01
4.480792836067521989e+01
4.166566870229148378e+01
4.093156864757776958e+01
4.290675743964606426e+01
3.966446157374519998e+01
4.065698528905468834e+01
4.366351815103171674e+01
4.250630288557147196e+01
4.243770576204575207e+01
4.059476581282474683e+01
4.149846705364321764e+01
3.944768240758824618e+01
3.880521697611909104e+01
4.215893525560979072e+01
4.051567827937257960e+01
4.409896107628878070e+01
3.674452497438847587e+01
4.114352323667148426e+01
3.731373570913581261e+01
3.968311609504818449e+01
4.241723335282209462e+01
3.915910335848003854e+01
4.335525420648129113e+01
3.639965626922167985e+01
4.116510209139171650e+01
3.371218566918990689e+01
3.914666301836975748e+01
4.189829732494492731e+01
3.660794677781002093e+01
4.052229465719639734e+01
3.304441390040177140e+01
3.852021016687936594e+01
3.102385664893896333e+01
3.657967414492260616e+01
3.902845727012877575e+01
3.879125967336873515e+01
3.628477520620106844e+01
3.914587815634463652e+01
3.198015641432589717e+01
3.663661846464221838e+01
2.989389670909065444e+01
3.456571243545378991e+01
3.684314051671339740e+01
3.720130453170830265e+01
3.446349492088749145e+01
3.632651050152909278e+01
3.171985300194763369e+01
3.409622732530986156e+01
3.611173043902134339e+01
3.771666708083532171e+01
3.397431874036895749e+01
3.563361461850004019e+01
3.221045657865806078e+01
3.429128593552282922e+01
3.005095213039598434e+01
3.164480549996686776e+01
3.395728784681541867e+01
3.503591192825388845e+01
3.420322311699149509e+01
3.218209688518923173e+01
3.415809621129469775e+01
3.564844754622221501e+01
3.722465214041400827e+01
3.261726977079910483e+01
3.474656660103978112e+01
3.028373999947785933e+01
3.252736134207957974e+01
2.872021215330738642e+01
3.099065506753292354e+01
3.287202516007435094e+01
3.409753191092271862e+01
3.144243636891456362e+01
3.327398360367438102e+01
2.890388671051472613e+01
3.075183864874182049e+01
3.303828221663211195e+01
3.376811257925304943e+01
3.275647918557121585e+01
3.346853762259606668e+01
2.935389055029658678e+01
3.080509117547025610e+01
3.363926594519002577e+01
3.365290628240082071e+01
3.229789384273820474e+01
3.270297676163706058e+01
3.029656266313078206e+01
3.074046678730064386e+01
2.867791868703635672e+01
3.111250562810423759e+01
3.111437022169023336e+01
3.445641780351741801e+01
2.744611933872716136e+01
3.227807331589250595e+01
2.677561753152311397e+01
3.142340248832795879e+01
3.120854766146252501e+01
3.456464332077583634e+01
2.680349425386850015e+01
3.256576195361875392e+01
2.649668816796983961e+01
3.158686627109353040e+01
3.336975553657848792e+01
3.170720226829616450e+01
3.339514029885446433e+01
2.811508093511622164e+01
3.229764219740356168e+01
3.530164519510174870e+01
3.358574300202332807e+01
3.272016751089593356e+01
3.156424153721911807e+01
3.204678839182134453e+01
3.064242819640373838e+01
3.370144072621267384e+01
3.542835285255087285e+01
3.106460083961541585e+01
3.453670052107614197e+01
2.872622040857630310e+01
3.223096420752862201e+01
3.523687862482324107e+01
3.563537381208132615e+01
3.004480172819332751e+01
3.507004755605129986e+01
3.012728012290695645e+01
3.403098000709444904e+01
3.689452216456761136e+01
3.064638657690517576e+01
3.596898328203349848e+01
3.027444921613468054e+01
3.454777162635650711e+01
2.853046094596372129e+01
3.236639375749081182e+01
3.513974268669829826e+01
3.481962734444994823e+01
3.300422739492100987e+01
3.389241830565025992e+01
3.082338904027168169e+01
3.437282610877204547e+01
3.434707327374734120e+01
3.698057753238450829e+01
3.244942942466163061e+01
3.608933178165115407e+01
2.882963438857759186e+01
3.316221586504268259e+01
3.554573900955571020e+01
3.654047880589818220e+01
3.291401812468623689e+01
3.500519888918538669e+01
3.119989254432361392e+01
3.408538384016260636e+01
3.557488495726548905e+01
3.707510208485643943e+01
3.376592841236961817e+01
3.592954323737055233e+01
3.168615487233864414e+01
3.488818340352718650e+01
3.656958004473150936e+01
3.776862797474813505e+01
3.480787775866081546e+01
3.720368933173051573e+01
3.216275458334587256e+01
3.541065800725155555e+01
3.715385376999638112e+01
3.920632322739901809e+01
3.360050316783122781e+01
3.682187065072740495e+01
3.855261345783191018e+01
4.070768660002870831e+01
3.949433380554773265e+01
3.828629311804527902e+01
3.907982001254651294e+01
3.445758340211303050e+01
3.711323858494355932e+01
3.950061761036677410e+01
4.045054452986310167e+01
3.743838395468934266e+01
3.891861988731071875e+01
4.165681060863278873e+01
4.215795724076443918e+01
4.064451354840403496e+01
4.140158468704507300e+01
3.803418443416141770e+01
3.954316445335516761e+01
4.264321368191280470e+01
4.319185095486291459e+01
4.056459279514820082e+01
4.108288766432477956e+01
4.186916100704547006e+01
3.855199549295927852e+01
4.248800016939205193e+01
4.380193543204478601e+01
4.220719764722573331e+01
4.234572808460399074e+01
4.027437870910161166e+01
4.428919638711036555e+01
4.314400910299772107e+01
4.685270777713406432e+01
4.061166012795775515e+01
4.507503104719191356e+01
4.798451673459400268e+01
4.575877886167089059e+01
4.601333926423014020e+01
4.488176921520076235e+01
4.384407946873039919e+01
4.288572623999735356e+01
4.688552134283906980e+01
4.886243857294724080e+01
4.311581602387747836e+01
4.795711844042858019e+01
4.086724267605182348e+01
4.593503849748909573e+01
4.923309449181747510e+01
4.549469705858926716e+01
4.718373961621782797e+01
4.596381007530183638e+01
4.567144894957041146e+01
4.884154761674446377e+01
4.973570414010426788e+01
4.707310700738689491e+01
4.847898050934951897e+01
4.581676952283232396e+01
4.901220848036567190e+01
5.017219106895902314e+01
4.934040224816992293e+01
4.989529104373652757e+01
4.693937780566670170e+01
4.834147902801566232e+01
5.138521273211927110e+01
5.268156841644821498e+01
4.687674357034073580e+01
5.054796309543335298e+01
4.566510000890287557e+01
4.946603513446056866e+01
5.004030357923258521e+01
5.317173925053960204e+01
4.735793447409280077e+01
5.119336831321996328e+01
5.231776423207475801e+01
5.508928375625908558e+01
4.793517788295114457e+01
5.269969390572570234e+01
4.813258989028324919e+01
5.089610826140558686e+01
5.216574819843963695e+01
5.427463541192067709e+01
5.063162646107190312e+01
5.337046203203223627e+01
4.845298532989227880e+01
5.114540444930690199e+01
5.311678401015412021e+01
5.455855653466259270e+01
5.056877894830162745e+01
5.350283013461432802e+01
5.558343877143245493e+01
5.704080610306014165e+01
5.199644311858337176e+01
5.476494074925450661e+01
4.947989686059618464e+01
5.247730123958353232e+01
5.472552296583854314e+01
5.568392202918709444e+01
5.393419443762090992e+01
5.539274399883482403e+01
5.821385532627177639e+01
5.838073077168645142e+01
5.437336852296660794e+01
5.613514938784757646e+01
5.364531693831118275e+01
5.571844293159514194e+01
5.641678610572328267e+01
5.931761252663313400e+01
5.526785004102632826e+01
5.859999480702208530e+01
5.974577162476581549e+01
6.016395922568293031e+01
5.672727711128611361e+01
5.732201397035094459e+01
5.526966209239684957e+01
5.721727923894759726e+01
6.012858378965284345e+01
5.889403383610797249e+01
5.888556233839377541e+01
5.790393134716920542e+01
6.124579441427962934e+01
6.228313397608718560e+01
5.712844128088554640e+01
6.143693914577517745e+01
5.357934561082782210e+01
5.910508574076499144e+01
6.225734903942877452e+01
5.945107016185290405e+01
5.960966148134521347e+01
5.778597190852772769e+01
6.159199788584963642e+01
6.221898247545877325e+01
5.981694820139622237e+01
5.955103571686135666e+01
5.740126403880404382e+01
6.119703605727542595e+01
6.175629611707599764e+01
6.283454818362307037e+01
5.549544853443106973e+01
6.110669848637361667e+01
6.377426745130392050e+01
5.990882933272008160e+01
6.319025116913221751e+01
5.762551694138790737e+01
6.144524099523474803e+01
6.374405548310832614e+01
6.372448206247466373e+01
6.020111721359000967e+01
6.200077342275529446e+01
5.822486067009867128e+01
6.106206061977517408e+01
6.175046470351022521e+01
6.378647321288477912e+01
5.667975227626193657e+01
6.115447366923304173e+01
6.308113126138893989e+01
6.424055039690885849e+01
5.995151274655258078e+01
6.252833561992693490e+01
5.674616703395241046e+01
5.972724460248233669e+01
6.084682011735974783e+01
6.292647816254371662e+01
5.695750119966823632e+01
6.037339969601863032e+01
6.145930038922328009e+01
6.328125231045866883e+01
5.828628270451402216e+01
6.143527064736996834e+01
6.298535203654497394e+01
6.426522669920578323e+01
5.997331633960555308e+01
6.201575875845158947e+01
5.861926102305166353e+01
5.980872796176042527e+01
6.177480940513338936e+01
6.244322150460265419e+01
5.997091408518542011e+01
6.112323112464740404e+01
6.356317378660136796e+01
6.365110527916662875e+01
6.188376193187851015e+01
6.196714857617227068e+01
5.772792224524162918e+01
5.907151105007977776e+01
6.167448583899452785e+01
6.129903159247475486e+01
5.879015750533837803e+01
5.921921724667106446e+01
6.201933326517031730e+01
6.142006012237153811e+01
6.062165712522302385e+01
5.988683222440496223e+01
5.754728505492335700e+01
5.796067084368229416e+01
6.111405983421156662e+01
5.951868361084900982e+01
5.977887868987502173e+01
6.303112493468254485e+01
6.070412124398566789e+01
6.365259891593731112e+01
5.826439639837243334e+01
6.101984506926148555e+01
6.363804042653720927e+01
6.070700831476327863e+01
6.025494260273314495e+01
5.809981646963829860e+01
5.940566003570471310e+01
6.265380842704866637e+01
5.944211677898968560e+01
5.997114217951862258e+01
5.730175370819226544e+01
5.766509238778081681e+01
6.099014263664977165e+01
5.825727080023604287e+01
6.019910339838926916e+01
5.665405096707978316e+01
5.993453964786651511e+01
5.916611357539807159e+01
6.079834684401601663e+01
5.657748892846170463e+01
5.780131974972922393e+01
5.998428449521763639e+01
6.189655201709705779e+01
5.615486217753465326e+01
5.898030692938676367e+01
5.400448666460451363e+01
5.666100382121286572e+01
5.763828305367731275e+01
5.946308459705387151e+01
5.323334917050936355e+01
5.637111311187807416e+01
5.796037944660260166e+01
5.882352331258707068e+01
5.443462365501834910e+01
5.667964082581264051e+01
5.766304251141471582e+01
5.895697573544507009e+01
5.491422786763052244e+01
5.676082770583690973e+01
5.784963836307070295e+01
5.930844671495860609e+01
5.534060784039780856e+01
5.748520255673196999e+01
5.216716287831540200e+01
5.391710929618989212e+01
5.464691269622566949e+01
5.624618942859168413e+01
5.539162308614864827e+01
5.109940784285197424e+01
5.226763881491228148e+01
5.435971068201168777e+01
5.456076532245136690e+01
5.124949359192252274e+01
5.211782312423061825e+01
5.443765759579121521e+01
5.415985270947693664e+01
5.492235304141251362e+01
5.148672571614464033e+01
5.393087459302861930e+01
5.344848098130409397e+01
5.543644448017062842e+01
5.066302168798320338e+01
5.345513347909005830e+01
5.333837195223490113e+01
5.578694282377446001e+01
5.027397499819115012e+01
5.329570241061825442e+01
5.516876380223929743e+01
5.314560494163494297e+01
5.248201139129375292e+01
5.110585478226293787e+01
5.411366649884820390e+01
5.608705785870545668e+01
4.908972752200150325e+01
5.290576727472979712e+01
4.918743122865326711e+01
5.232685492590474041e+01
5.461853547746456172e+01
4.773345748743719241e+01
5.177076235952399230e+01
5.423702905036351751e+01
5.147026949850428679e+01
5.168885431312666867e+01
4.916312116165919122e+01
4.882828738670673374e+01
5.215100023339871882e+01
4.969663934420037066e+01
5.141704508023257603e+01
4.804106150808232201e+01
4.768732572927515179e+01
5.005716682197896716e+01
5.212804487510907592e+01
4.790683180998095736e+01
4.878190187679555123e+01
5.098764406836073704e+01
5.258691555378777593e+01
4.474809039120043508e+01
4.928508644245138726e+01
5.108095797661132309e+01
5.154392496768614507e+01
4.764265428562413973e+01
4.920436043129047476e+01
4.460920660674529614e+01
4.581401524078373910e+01
4.754904499684835883e+01
4.844498531917999173e+01
4.569331335623749624e+01
4.745694560572580656e+01
4.861066356375874165e+01
4.970639609650984880e+01
4.500131321486119873e+01
4.677023160983947037e+01
4.813845209765620581e+01
4.901133916505875732e+01
4.751007764155423274e+01
4.522170735599841151e+01
4.679231689277710871e+01
4.838001632274549735e+01
4.866886347983413685e+01
4.393338565933528628e+01
4.535346031272172240e+01
4.711828955122854268e+01
4.751749634003240885e+01
4.691632714724887876e+01
4.520356059048047825e+01
4.756872871423676230e+01
4.750478386187994317e+01
4.735969333476461429e+01
4.659716567268498721e+01
4.904827389598914067e+01
4.845105482114861672e+01
4.520049164181758528e+01
4.538604502984173195e+01
4.493662037165409373e+01
4.497219255935170423e+01
4.781375913701295843e+01
4.625370614685346027e+01
4.376261635859638233e+01
4.700177100063257996e+01
4.518857564408733651e+01
4.838817378447416218e+01
4.193346275905559395e+01
4.653696716548909507e+01
4.887639993010181882e+01
4.624384419591719109e+01
4.571857090910786781e+01
4.410121560614588532e+01
4.732407299057884842e+01
4.898999220915258945e+01
4.341959151725486521e+01
4.685852026128006287e+01
4.949839000895752861e+01
4.495408411641061264e+01
4.856986397190430438e+01
4.209010591581813543e+01
4.570997437117664219e+01
4.814801775472911771e+01
4.607073772851920523e+01
4.747735530836555995e+01
4.346452183134007896e+01
4.638522758496476683e+01
4.684537008290617166e+01
4.762688117819594424e+01
4.242173707780219871e+01
4.515371488211077633e+01
4.738619557653431258e+01
4.864549152320530112e+01
4.406795555311121859e+01
4.488250445139377121e+01
4.739358894945245737e+01
4.911053838973813868e+01
4.185246086841310387e+01
4.615182010999009776e+01
4.775596381217282982e+01
4.857300287741111333e+01
4.552777770526414258e+01
4.771771518024201697e+01
4.904190685252773818e+01
5.011481152234000547e+01
4.538082361340589443e+01
4.782046810770680878e+01
4.862643917752346567e+01
5.055048320924504424e+01
4.488438408341418295e+01
4.720493915670244434e+01
4.643793796609172375e+01
4.855380923710058738e+01
4.951085084035106831e+01
4.502508727104161323e+01
4.684566507296835880e+01
4.874936340675266422e+01
4.928901516477658618e+01
4.888726568447563636e+01
4.822821955999370402e+01
5.087743649429639703e+01
5.075471592678899668e+01
4.690343553942035015e+01
4.792589766433294329e+01
5.053478147297729350e+01
5.003552313942836349e+01
5.081828952676898581e+01
4.950337503133005157e+01
4.524011697397722287e+01
4.935277421799782616e+01
4.824916246948131260e+01
5.132006961441172166e+01
4.601023649332027077e+01
4.964871202094566627e+01
5.038475936190430815e+01
5.084550347700930928e+01
4.406361071371594562e+01
4.942604447513340205e+01
5.202117977040833097e+01
4.959936877777906261e+01
5.070583764146317662e+01
5.404144360618820286e+01
5.124417094658011251e+01
5.183549556785415291e+01
4.958310472245035072e+01
4.861066926364910756e+01
5.235193898389286460e+01
4.952209066764752521e+01
5.299515200058046815e+01
4.485231290516224334e+01
5.018157421210289471e+01
5.272550506605064413e+01
5.016359484956325332e+01
5.151021486458252951e+01
5.394656647589053478e+01
5.584425804831591478e+01
4.854263672369300764e+01
5.287920569004820948e+01
5.512026894773381969e+01
5.581155190184265535e+01
5.180588351424665206e+01
5.252955956350712086e+01
4.878058514725486106e+01
5.125348460656602612e+01
5.167797426745372746e+01
5.404214934898809020e+01
4.816091465889414991e+01
5.148565376377401748e+01
5.213343359358409401e+01
5.447873762282765853e+01
4.768627520471005710e+01
5.137684597933530739e+01
5.233762392239993488e+01
5.396407031982798941e+01
5.088599480122113761e+01
5.281471666238581975e+01
5.399389365280813280e+01
5.530065553137745127e+01
4.971143898912436043e+01
5.222627630483055583e+01
5.380786945321973747e+01
5.455360433540533194e+01
5.450987760168646190e+01
5.519145535626299193e+01
5.729109540553317004e+01
5.607296332914441450e+01
5.223604784158237635e+01
5.342342201282570358e+01
5.559665161191115601e+01
5.563679505168688877e+01
5.374435898910304132e+01
5.410197510503778062e+01
5.657151594965581864e+01
5.609254607655433489e+01
5.406360357070480660e+01
5.392488807273800688e+01
5.680252987865436864e+01
5.581308788360761497e+01
5.531548311903701176e+01
5.438141931208703284e+01
5.737094971309318936e+01
5.913699262826428082e+01
5.218782985844890732e+01
5.590136330722540237e+01
5.859446706229373092e+01
5.623300787640303611e+01
5.789914577695252973e+01
5.446366093475310066e+01
5.801163109516888028e+01
6.017077383423491455e+01
5.392907328585993554e+01
5.729896054001407180e+01
5.988863429238837455e+01
5.679411411251958697e+01
5.687811844626394731e+01
5.427619536610242790e+01
5.759288770820324288e+01
5.905057956824137477e+01
5.494384434289094798e+01
5.870588147044946226e+01
6.074835244262658307e+01
5.553780254684728845e+01
5.926709800749461010e+01
5.542757216987503455e+01
5.588525874726156673e+01
5.816063410057225269e+01
5.982616734262505531e+01
5.453745822645441876e+01
5.711595534570025734e+01
5.860678051246252807e+01
5.961056931100735312e+01
5.516301493251195609e+01
5.640991654445343073e+01
5.832724379805358694e+01
5.952806020113020935e+01
5.389751669217017849e+01
5.687295237309193396e+01
5.780864907496597027e+01
5.923311914305725168e+01
5.460721495028881378e+01
5.653426069478035743e+01
5.782338175736769870e+01
5.902770106190843791e+01
5.510830693852779660e+01
5.672295636803008989e+01
5.843533023020277994e+01
5.895806228175634800e+01
5.603035530164159894e+01
5.723159304298910399e+01
5.935456250718844728e+01
5.926696368356120104e+01
5.597543770860460910e+01
5.671360150475702966e+01
5.908424195973694282e+01
5.866891574201218873e+01
5.535753494857604551e+01
5.611186770534453672e+01
5.871133777709646040e+01
5.787923128501810766e+01
5.849356269816306053e+01
5.649948114874838723e+01
5.932599295916679694e+01
5.835287114315545409e+01
5.602066184430884732e+01
5.537759370320704022e+01
5.811295226028567384e+01
5.901383334919692203e+01
5.660687564138095951e+01
5.662291713818919447e+01
5.954187676180447397e+01
5.721710268545115241e+01
5.953040140475295772e+01
5.350008203969321841e+01
5.673882331823468661e+01
5.914400287951586677e+01
5.619072842327386041e+01
5.581614345546859113e+01
5.347891242376724108e+01
5.660248597931840209e+01
5.859032091246501750e+01
5.173134370537896842e+01
5.569643797042736111e+01
5.802280329303744821e+01
5.672599124244460711e+01
5.672747152970676154e+01
5.370698882164186472e+01
5.656014734470296190e+01
5.559394855158857496e+01
5.546175975282881154e+01
5.391425618456416657e+01
5.604075400573788102e+01
5.744425065274910480e+01
5.370573992975504751e+01
5.412466914150822817e+01
5.614911760673783903e+01
5.790580361021524425e+01
5.133244748780634836e+01
5.504625758792275292e+01
5.649982400447126452e+01
5.737285575877822197e+01
5.327108060273911860e+01
5.470384346930698882e+01
5.592552573235332147e+01
5.719501847236773528e+01
5.339803286962216333e+01
5.498246655733889554e+01
5.644177715293127306e+01
5.724340128630354485e+01
5.425057758840745237e+01
5.535928823708969304e+01
5.696109106758763119e+01
5.769295510661436310e+01
5.278276901886308536e+01
5.415701143527168426e+01
5.581421845247474067e+01
5.619073050109899015e+01
5.358677351476764983e+01
5.698568165281680109e+01
5.688518286298382520e+01
5.813405762371423435e+01
5.279892876529072510e+01
5.460530521463405762e+01
5.686027362772797034e+01
5.611515725833373835e+01
5.448075176634290528e+01
5.474340723661251928e+01
5.734091196107727484e+01
5.610253691587346481e+01
5.381859508038027684e+01
5.325814811547352434e+01
5.598549441905164059e+01
5.610272461418755796e+01
5.474655646787834229e+01
5.340731121656673253e+01
5.623340054911938068e+01
5.825011795002183135e+01
5.042272361765753175e+01
5.530346403122477739e+01
5.779434829767387072e+01
5.496803576933453428e+01
5.577035922768645548e+01
5.874159725115286790e+01
5.588440097702169851e+01
5.657837765726779367e+01
5.386496463655305433e+01
5.315446794982006651e+01
5.663042952467308311e+01
5.382540125763670602e+01
5.671665822466939488e+01
5.902189298544590912e+01
5.587926066896765320e+01
5.777852749950776001e+01
5.394893951708211688e+01
5.614671348455890154e+01
5.651430502461372640e+01
5.685674387348493752e+01
5.284200831409037846e+01
5.517664974888626261e+01
5.695372016847792196e+01
5.743406862067485719e+01
5.289789784278192286e+01
5.515137723688232541e+01
5.588493477964911449e+01
5.740981001126674954e+01
5.195528861791726882e+01
5.462440946867825886e+01
5.587252663318869139e+01
5.700210837904415939e+01
5.396874459203534258e+01
5.530081284033529698e+01
5.676381676581137015e+01
5.744001745972371253e+01
5.318853447888431418e+01
5.443588343007918695e+01
5.608384814681696895e+01
5.666222171867400448e+01
5.464232590702841463e+01
5.642700332422013076e+01
5.839510355324393487e+01
5.745479611207142057e+01
5.305254100910214277e+01
5.426098598892776437e+01
5.646689875167916028e+01
5.627320932792073904e+01
5.543930943008692225e+01
5.547848193702772335e+01
5.807781911042305723e+01
5.709055021986044665e+01
5.356099658653550222e+01
5.439261272027143690e+01
5.712215709907123795e+01
5.582581809118618565e+01
5.698611583730976804e+01
5.717754316964730776e+01
5.998624835340950057e+01
5.634999235274689511e+01
5.782230408033390745e+01
5.910850899547376258e+01
5.800107386008630783e+01
5.625903303584701831e+01
5.476457999406833466e+01
5.811939468195575387e+01
5.911680873773539702e+01
5.648343218521380749e+01
5.662288610003521683e+01
5.982472535089250698e+01
5.660843968991385822e+01
5.824466789061097671e+01
6.099991313303034701e+01
5.967497883194271679e+01
5.896108496067805049e+01
5.596761154581908215e+01
5.927007263529326053e+01
5.989457372567721904e+01
5.691652972928054055e+01
5.722687296213936747e+01
5.946147955573952970e+01
6.153012064133555015e+01
5.669329790907801225e+01
5.871667421443924439e+01
6.045037825853784597e+01
6.233083254491692315e+01
5.520387084763473240e+01
5.870682782491167728e+01
6.020026153185409612e+01
6.118264211108652262e+01
5.639363026278186197e+01
5.852928518833094529e+01
5.969751337159663507e+01
6.081626992130050269e+01
5.704534514364652154e+01
5.924224373596490523e+01
6.001046373285517177e+01
6.160886518666186618e+01
5.639234061752499372e+01
5.830305802717177244e+01
5.944446609667101455e+01
5.999491326987403284e+01
5.763416230478970448e+01
5.859493811024535859e+01
6.043644574503426981e+01
6.069203428867874095e+01
5.593051061246334399e+01
5.903677560601147434e+01
5.904150763277015557e+01
6.096735175743373958e+01
5.687910706507952341e+01
5.925484297232578257e+01
5.914775549002947486e+01
6.144941987353579549e+01
5.738283558935844297e+01
5.986294551441879719e+01
5.954732028860943416e+01
6.202591007940325341e+01
5.570555092344022086e+01
5.891260692774523022e+01
5.887029788001101593e+01
6.112763803339265678e+01
5.630096853402156398e+01
5.910337862459759606e+01
6.148765504063965892e+01
5.868445142169964868e+01
5.771156184244584608e+01
6.098192871576430463e+01
5.803157209696550467e+01
6.127036054312495850e+01
5.493325289533400735e+01
5.859316894415277233e+01
6.099216785394164475e+01
5.738677211489975605e+01
6.046264127809613598e+01
6.089174567416735329e+01
5.988369164956636581e+01
5.912067521769378686e+01
6.219079123893349248e+01
5.881773932729490184e+01
6.137372244458974535e+01
5.538198835873536297e+01
5.873285690756212318e+01
6.050009398963232599e+01
5.839517661758971911e+01
5.710439432404695026e+01
5.936271487654241241e+01
6.096729887931719105e+01
5.649873039849903478e+01
5.875999140794516507e+01
5.990401029775606645e+01
6.067227152566812265e+01
5.728322923284379442e+01
5.929085221203627043e+01
6.020169983492262133e+01
6.123144021297706985e+01
5.667977500843013416e+01
5.815248865311521342e+01
5.916576136879772463e+01
5.998722856000724590e+01
5.680810418780846049e+01
5.910348445139197793e+01
5.958147784878823927e+01
6.078323236543824493e+01
5.519567806679519606e+01
5.707642321146774123e+01
5.725701805499353725e+01
5.928643946963369871e+01
5.748328081753245300e+01
6.006137895926804759e+01
5.946325590062757982e+01
5.643993767354569258e+01
5.659194074249140982e+01
5.909788267947580209e+01
5.815255504873225334e+01
5.993732605897053389e+01
5.465150240878299570e+01
5.762287256668338387e+01
5.655775198469955711e+01
5.911264426466826194e+01
5.488276329492922656e+01
5.742182580493707178e+01
5.799309241345675758e+01
5.693926320611458181e+01
5.981954613069833471e+01
6.154848166121733044e+01
5.498419630344358211e+01
5.807956838990564563e+01
6.048914348527900842e+01
5.762237547089738143e+01
5.884004631752870296e+01
5.580691048050525893e+01
5.855016439816098028e+01
5.913523500480339834e+01
5.619023007900402433e+01
5.533875539103195251e+01
5.834064296723423837e+01
5.677906630129567844e+01
5.879533485910774715e+01
6.114328256624383329e+01
5.593082743115372324e+01
5.938076203280885323e+01
5.122743545593804271e+01
5.582277542822977523e+01
5.785821699673742557e+01
5.671216529041707588e+01
5.402524974145759273e+01
5.606345840703146877e+01
5.668229117307933507e+01
5.815618886901744844e+01
5.165187422518116023e+01
5.499853521968195480e+01
5.648377179178012852e+01
5.732764737453543091e+01
5.101105765485372956e+01
5.367622422436889451e+01
5.460764378035024436e+01
5.607058009734581105e+01
5.697718503200916018e+01
5.818475817742251621e+01
5.570968122502030440e+01
5.702867695034996132e+01
5.825350753251120040e+01
5.879862606344399012e+01
5.475680644969205701e+01
5.671738988648650803e+01
5.814079227998633570e+01
5.828350164158690205e+01
5.374526024550559100e+01
5.460934197226760745e+01
5.659311313265545351e+01
5.639999039489742927e+01
5.761058809767662581e+01
5.082350856636765712e+01
5.379657785739814102e+01
5.350046765120739423e+01
5.584333903540876776e+01
5.463464265631706951e+01
5.716182533621177697e+01
5.639416333758539679e+01
5.341914569532409729e+01
5.613172408405581848e+01
5.423517595917485323e+01
5.719053605077237989e+01
5.453934070099333553e+01
5.740744088611108253e+01
5.954048426349673662e+01
5.154229600388838861e+01
5.619458937170274027e+01
5.860887652763091893e+01
5.574263900548355366e+01
5.722208674857286326e+01
5.227188945010280463e+01
5.599131401054578561e+01
5.819277610920261878e+01
4.965483538993083812e+01
5.519314084136681231e+01
5.759745872368880981e+01
5.563156067516347747e+01
5.660210390930799917e+01
5.933114008365108560e+01
5.506073116416252589e+01
5.755501545136125685e+01
5.188353762802871216e+01
5.490599508683571628e+01
5.667031142572912472e+01
5.647796794616247240e+01
5.263022864826250924e+01
5.453190380323217568e+01
5.578781081673568565e+01
5.663828579883783476e+01
5.797088644497822685e+01
5.885362155870915757e+01
5.514585229515869713e+01
5.725659521641989613e+01
5.808003107941554788e+01
5.932771825046874170e+01
5.464695658612298246e+01
5.645452309759762954e+01
5.761466224651537260e+01
5.897339568354441752e+01
5.431689438884541943e+01
5.648565839623103813e+01
5.692597744346185351e+01
5.861747330363282060e+01
5.667155722214541669e+01
5.488193972674840637e+01
5.744779880049303245e+01
5.753318856571128492e+01
5.800081719921590206e+01
5.798940659556018318e+01
6.012630175893315254e+01
5.629497630737322567e+01
5.890762829080898655e+01
5.877520206248646417e+01
6.111989464629390767e+01
5.443183629257994482e+01
5.771756512275077000e+01
5.841870316042994205e+01
5.855714899632624793e+01
5.769341935307020464e+01
5.604013760462851934e+01
5.898069258289041983e+01
6.088778021277840224e+01
5.288630691023629282e+01
5.724632124728861982e+01
5.963993044509224717e+01
5.724998869858924877e+01
5.908081853482387658e+01
6.196838302530785825e+01
5.869728970578122329e+01
5.828166120150769558e+01
5.596567480978934839e+01
5.916290915687265084e+01
6.109236430566158305e+01
5.383504314397376334e+01
5.813934137200201491e+01
6.047423210318421383e+01
5.871276664583942306e+01
5.921970269891694016e+01
6.221944055106618521e+01
5.819990347859062041e+01
5.937875292682261374e+01
5.587528959144012930e+01
5.806031530982867395e+01
5.850136608170461727e+01
6.033341720335602787e+01
5.488598059074286795e+01
5.771713959917485681e+01
5.953613395538052799e+01
5.872733624609220016e+01
5.551712426098169573e+01
5.733098926598481171e+01
5.848657092177838024e+01
5.932473708707855309e+01
5.479355764800315143e+01
5.667045699822849514e+01
5.800126865348834571e+01
5.887159001342263309e+01
6.020028125787793272e+01
6.114554362743267291e+01
5.893684813583019633e+01
5.881582279881052955e+01
6.060857802683163698e+01
6.103371925568432488e+01
5.793015651864070037e+01
5.891135729151294953e+01
6.068902243189855739e+01
6.091898854233764382e+01
5.704096381294466767e+01
5.991863958305081184e+01
5.981079484105125488e+01
6.171400639636346597e+01
5.603698498552785168e+01
5.868153161626415937e+01
5.850097305160150540e+01
6.076692783843352430e+01
5.889466631439648125e+01
6.161883657806577475e+01
6.106901002834013781e+01
5.858171275156391999e+01
5.995307992584376677e+01
6.242818930299721814e+01
6.015310005625828182e+01
5.941558307868024258e+01
6.187846134615173810e+01
5.929926373911331439e+01
6.244919486799469865e+01
5.606517420938271101e+01
5.969258531762150710e+01
6.204130207814100118e+01
5.890691881938012386e+01
5.874736934469895999e+01
6.181867571991931243e+01
5.855372874372528713e+01
6.149267994079741584e+01
6.372501540340915227e+01
6.064393790186420574e+01
6.338735771240300920e+01
5.650649293226033620e+01
5.975785508099966137e+01
6.200970079012529368e+01
5.766315653990871226e+01
5.882168773930857242e+01
6.141971597363400548e+01
6.194221079756143666e+01
5.797092054970944730e+01
5.997293766680891025e+01
6.144130404999029338e+01
6.258385578441381369e+01
5.772946209814477214e+01
5.902820655464723387e+01
6.049990967805062070e+01
6.129628566036925008e+01
5.668254948300576501e+01
5.816550411165653145e+01
5.943853760306925693e+01
6.022778127316183827e+01
5.693667305247810617e+01
5.912108097960349795e+01
6.007745801102863936e+01
6.065352387827130087e+01
5.582125145343582773e+01
5.733519251744206713e+01
5.787254001919587409e+01
5.932553912954701048e+01
5.982858080739217854e+01
6.137696596855943909e+01
5.844204340236905892e+01
6.019688019265367984e+01
6.034919899845905888e+01
6.222425648440838586e+01
5.779161832561822365e+01
5.887436773409048385e+01
6.121495473839951273e+01
6.006208343172945519e+01
5.687911380977029552e+01
5.714740082716564018e+01
5.966615097507155241e+01
5.835157071476562862e+01
5.967582071135625910e+01
6.157943162409500815e+01
5.949087923362009178e+01
5.956188962949708809e+01
5.775188861176199140e+01
6.056608975413335827e+01
6.094666743076781046e+01
5.531514275030740180e+01
5.859698052680263913e+01
6.093807916539265079e+01
5.799080650152226468e+01
5.776459443865036292e+01
6.068678627569720163e+01
5.778331851304648126e+01
6.049116532698967319e+01
5.354358724184295681e+01
5.715067229548184002e+01
5.934544665536065366e+01
5.658550092032134415e+01
5.684805834807622205e+01
5.965028126186363977e+01
5.783223786383761222e+01
5.813603556102691527e+01
6.088049031468513306e+01
5.791747064250429133e+01
5.997145716911657587e+01
5.321282735688663479e+01
5.625844483046564193e+01
5.788286316877317006e+01
5.838774268379081889e+01
5.397848101948908806e+01
5.589432192864990157e+01
5.656131385042049686e+01
5.784973445688594751e+01
5.337273942116075887e+01
5.605810797322901351e+01
5.693953557789206599e+01
5.773041585141704246e+01
5.874429590475984497e+01
5.985426955528378556e+01
5.473608433454920430e+01
5.606839565779836221e+01
5.716994230202077176e+01
5.800457302484954170e+01
5.619980858768652610e+01
5.707784907467507907e+01
5.869750014714182385e+01
5.883825138171127378e+01
5.371946680402426466e+01
5.478086755941371422e+01
5.670659998658820911e+01
5.646637196109087853e+01
5.786374313182695062e+01
5.777323858124453437e+01
5.997600203694110377e+01
5.594565753804017305e+01
5.876792008704214254e+01
5.794452750810604869e+01
5.990085386706198278e+01
5.448317436673622183e+01
5.766726175518567032e+01
5.816699998941312089e+01
5.757503530549021065e+01
5.459601797453515104e+01
5.793505312745059399e+01
5.562350334817978137e+01
5.862470623751440968e+01
6.104770421402700720e+01
5.819883922390754805e+01
6.006046871253946051e+01
5.340002993556277744e+01
5.775070651414161205e+01
6.006076253004705734e+01
5.595703203619873278e+01
5.700153798695152574e+01
5.976824796528644868e+01
5.794674883913339869e+01
5.758088879333092791e+01
5.463510776847511607e+01
5.753877263717788537e+01
5.934760492247190911e+01
5.116880855887148982e+01
5.640352404236635664e+01
5.757616165852671486e+01
5.921457029336147571e+01
5.276494197960050769e+01
5.669148128765538530e+01
5.844119790109455437e+01
5.898575031161058035e+01
5.433222698780183890e+01
5.632030136671174603e+01
5.708012619994448045e+01
5.839763003516510054e+01
5.961482249648182830e+01
6.094147444884684717e+01
5.619070783167218508e+01
5.788703614225119765e+01
5.915469223816040767e+01
6.033091494677679378e+01
5.707140973226353964e+01
5.929625117303299930e+01
5.983296186509883796e+01
6.121992394969101525e+01
5.494403194673258639e+01
5.730733664639669200e+01
5.771749123644848822e+01
5.961937745610030248e+01
5.833588413133792017e+01
6.079448442680963183e+01
6.045920250677040286e+01
5.676041336944346938e+01
5.729306153167405569e+01
5.972726532443240188e+01
5.894547550913840439e+01
6.036503022938008201e+01
5.943239538063427574e+01
6.217926005656310906e+01
5.917015987309927993e+01
5.900685204754457658e+01
5.996339551456168948e+01
6.177570818970125544e+01
5.753131415593001208e+01
6.045692839876020486e+01
6.309694249790816656e+01
6.023165104898238553e+01
5.893774912243397779e+01
6.243121736872677729e+01
5.946371834530723532e+01
6.269918796258284743e+01
5.532978447138123812e+01
5.968545303476444275e+01
6.209299963611310602e+01
5.857639967000105230e+01
5.897512326889261658e+01
6.199344714880637497e+01
5.948139665266110399e+01
6.029672076228224142e+01
6.339449097488862606e+01
5.998225838795740117e+01
6.255733027656083323e+01
5.561481163090547852e+01
5.962579712047315184e+01
6.077525011418718748e+01
6.263409325121771332e+01
6.388261533195045416e+01
6.459526649601733084e+01
6.022376161053419708e+01
6.196700499383196359e+01
6.322601861456027450e+01
6.406114697864211394e+01
5.915309391183665610e+01
6.144352780059046637e+01
6.224087714489943579e+01
6.347232113294745659e+01
5.894943505253694127e+01
6.073460919788853118e+01
6.153078147926063224e+01
6.306698240643827091e+01
5.885269191465672378e+01
6.114623578911781721e+01
6.172738401209192460e+01
6.253846674024694607e+01
5.826143835642137958e+01
6.060319982812885797e+01
6.064462655495113808e+01
6.246486053040015207e+01
5.932940262915712282e+01
6.202208757414176432e+01
6.187472626141999399e+01
6.315020567342241975e+01
6.316448263651326300e+01
6.534733944372629821e+01
6.110733659575612364e+01
6.208606404603098383e+01
6.435520930866161393e+01
6.293962623877624907e+01
6.003126697379582311e+01
6.137146118378807103e+01
6.378789763153343984e+01
6.153103243377972120e+01
6.337983296535358591e+01
6.479397116938051226e+01
6.216696892055234258e+01
6.215492474904371534e+01
5.999186282493570133e+01
6.306542098443124189e+01
6.513499586444829959e+01
5.844444724141165892e+01
6.187545965908309142e+01
6.425088260062845791e+01
6.091614256016452345e+01
6.123763699607682298e+01
6.410523044898658895e+01
6.274515418770732111e+01
6.452276495997699612e+01
6.669437933498691962e+01
6.128258155121298500e+01
6.471181705799278916e+01
5.860211454703686229e+01
6.178629882081266089e+01
6.360758547111083772e+01
6.091513630548630687e+01
5.991468578504248654e+01
6.208335995030259369e+01
6.361210076279555636e+01
5.935753162589784893e+01
6.109512229746009382e+01
6.247154876504568222e+01
6.361520786747905731e+01
5.887851620445230338e+01
6.006933283775666155e+01
6.129081790330404544e+01
6.261278238624073822e+01
5.757665911269334202e+01
5.954350874180772735e+01
6.064638879142460581e+01
6.160301475595178999e+01
6.038235614136508644e+01
6.235322866230524852e+01
6.267622174497299170e+01
5.976243004448872398e+01
6.226592562114715435e+01
6.225820052071054533e+01
6.355421006381950377e+01
5.806638275539832250e+01
6.032358209385097325e+01
5.999120608673928956e+01
6.163479358671288111e+01
6.309321255562669251e+01
6.187365721456821177e+01
6.197311504141529070e+01
6.098630849810781740e+01
6.366189271228085289e+01
6.207990169008072456e+01
5.929250867773322398e+01
5.877208840834207138e+01
6.133853613136949434e+01
6.191833285421621014e+01
5.964959213117219861e+01
6.254383147306581492e+01
6.479632453608891751e+01
5.847292286378580428e+01
6.133320271995207662e+01
6.362941585048481130e+01
6.068676409998754906e+01
6.148209935649460789e+01
5.858629839262368932e+01
6.142039137418578321e+01
6.162216068746445075e+01
5.845868203023731269e+01
6.126241877907702360e+01
6.082703867662700503e+01
6.017916495288957890e+01
5.963020680134625451e+01
6.236243674764546085e+01
5.979592654586213030e+01
6.036427132925949479e+01
5.680410650491374724e+01
5.933225281196667567e+01
5.968934337803133872e+01
5.834668514816212337e+01
6.022463599805780632e+01
6.129784453188042193e+01
5.995977827216492528e+01
5.584722533209594530e+01
5.768965204522155688e+01
5.833293553023532496e+01
6.014694134707033157e+01
6.069974728432136857e+01
6.200623802663065476e+01
5.657299276028835777e+01
5.861411825158067046e+01
5.941656645614200016e+01
6.055986153661751814e+01
5.712938323543919950e+01
5.832507585547178763e+01
5.973203543912257629e+01
6.018025059548018163e+01
5.542755747574884140e+01
5.660581478707887015e+01
5.804264060485530052e+01
5.830376886551694326e+01
5.798794948150576545e+01
5.802292298774803214e+01
6.003079233198920406e+01
5.946838234180925298e+01
6.170224182234611021e+01
6.087346728842086208e+01
5.787782181715387964e+01
5.770770123787492167e+01
6.014789956493921608e+01
5.902155873933637054e+01
6.008451976403834749e+01
5.688976568202525641e+01
5.951086762609357095e+01
5.995434431666942032e+01
5.609807658850856171e+01
5.995366783412388401e+01
6.179878258799157464e+01
5.655564481604373839e+01
5.991113678155714695e+01
6.238462781611790575e+01
5.882660136938394402e+01
5.897386258270194048e+01
5.652830142984150541e+01
5.936488572847264322e+01
5.982348266591402819e+01
5.668792238122490801e+01
5.947251858540724356e+01
5.851364912652676509e+01
5.875160168977829755e+01
5.635211599121151949e+01
5.953197629994359374e+01
6.015097813846356445e+01
5.598757368083836639e+01
5.815091642309586462e+01
5.851638301726414682e+01
6.025851440778354373e+01
5.386194911510336425e+01
5.770330288021617093e+01
5.901147612872491521e+01
5.997767085202106330e+01
5.517966199587216636e+01
5.686478421310226139e+01
5.800182097476238141e+01
5.880145170699076118e+01
6.048137422490510318e+01
6.118111431451201554e+01
5.726195997721156772e+01
5.893335828842099033e+01
6.018258558355803700e+01
6.108996860347630076e+01
5.641346941375480384e+01
5.816454328525424700e+01
5.934798597126798825e+01
5.987101415477106059e+01
5.652362399948421512e+01
5.976410760657750387e+01
5.991383215537307194e+01
6.113698647930379337e+01
6.235258653002466644e+01
6.121966880433893721e+01
5.787625141327285405e+01
5.825495746542214448e+01
6.057756841554017768e+01
5.984140905642903618e+01
6.099603393022200493e+01
5.788230091080653494e+01
6.071004107721814336e+01
5.957108913690248642e+01
5.883240320006351709e+01
6.109854420149054022e+01
5.902030944306233096e+01
6.187931085128048636e+01
5.679375716296200238e+01
6.003167338218802485e+01
6.218590082887261872e+01
5.901034333550892796e+01
5.851432816596550168e+01
6.176462062375723150e+01
5.874070216482040507e+01
6.181085567510038459e+01
6.413799250814147968e+01
5.958191839328791417e+01
6.224398013851580913e+01
5.490504385490974926e+01
5.907441486913225503e+01
6.133876803572517389e+01
5.796019622824670137e+01
6.139571435283897927e+01
6.110087231787750994e+01
6.170942893522134653e+01
5.633119301451535677e+01
6.018905379823441137e+01
6.112776513506997134e+01
6.252432278151196954e+01
5.796322052271186465e+01
5.957347030386596032e+01
6.013312459311107006e+01
6.159902968644770738e+01
5.604452292633496313e+01
5.843346690024861800e+01
5.944306507806684436e+01
6.060061086526620500e+01
6.178135162138593017e+01
6.270634433105280436e+01
5.989412982046444256e+01
6.097612878806749137e+01
6.211792479194126315e+01
6.286846323318194862e+01
5.793862549455354838e+01
5.978856616780441158e+01
6.036566513277527690e+01
6.191660707107044459e+01
5.649603416251402166e+01
5.868391634182436434e+01
5.882897420563422486e+01
6.057286924305195441e+01
6.038860323816905407e+01
6.240231210734821587e+01
6.209986818896798866e+01
5.852687423387924071e+01
6.023191961788839421e+01
6.057602969196641141e+01
6.222341407022319970e+01
6.398955657689747056e+01
6.257845044568558279e+01
6.248699608775059744e+01
6.107744192151335483e+01
6.397297343527123559e+01
6.229863896551284341e+01
5.989349395965795964e+01
5.875062313645200618e+01
6.166550855730852732e+01
6.354986187845189960e+01
5.915034487795306006e+01
6.246510349019373365e+01
6.473621706051096680e+01
5.990717869186893552e+01
6.268115641052153109e+01
6.494583466208028710e+01
6.079074839414435161e+01
6.307445458604814092e+01
5.680199837487731429e+01
5.964456571678869778e+01
6.184698611069685370e+01
5.881327746734110207e+01
6.179423417163349086e+01
6.156801369702740345e+01
6.238718236179164478e+01
5.715605659435049546e+01
6.031113224730747646e+01
6.170057890676191903e+01
6.010615016796541710e+01
6.222237991640590593e+01
6.380612982824950308e+01
5.909214632399514500e+01
6.195501256473902174e+01
6.326655312159720523e+01
6.381212212199380929e+01
5.902016758761055115e+01
6.073080417379809148e+01
6.175839996976774415e+01
6.242784574715518175e+01
5.816398184346639511e+01
5.939744964471282174e+01
6.063066085969681751e+01
6.158718282569996916e+01
5.801114265273917425e+01
5.994644187878942887e+01
6.019869914364014818e+01
6.156571819422971004e+01
5.658112042322403568e+01
5.851014334015544449e+01
5.857741469910741472e+01
5.990778560972674427e+01
6.127992293030125381e+01
6.068784219838183702e+01
5.985823238321437145e+01
5.944943490523427698e+01
6.201800772983561671e+01
6.082886645935207071e+01
5.840367649689303420e+01
5.877527679660656190e+01
6.108796238563034819e+01
5.962615773604208158e+01
6.000903646138758774e+01
6.082334422394522022e+01
6.078996757921486704e+01
6.009451037955787456e+01
5.600381178907649371e+01
5.920455485051474653e+01
6.129438167888221756e+01
5.815491944610341335e+01
6.075677918363891195e+01
6.282017822182043432e+01
5.639710909538854366e+01
5.949298920346746655e+01
6.175435375794364745e+01
5.852179974381849803e+01
5.873622487782092350e+01
6.148008066039689368e+01
6.030231513417822242e+01
6.175269113579610547e+01
5.473910931933620816e+01
5.843079055488261986e+01
6.042031859947816486e+01
5.643865608673390710e+01
5.784394398784915126e+01
6.007740778423041661e+01
5.943921151697135485e+01
5.595067481552953836e+01
5.770565118747060041e+01
5.864613843014311101e+01
5.988749065360957502e+01
5.357945312499017376e+01
5.657428120965544593e+01
5.792195020171646291e+01
5.875973995326884847e+01
6.027601049478618478e+01
6.100086443224158472e+01
5.681984148957334924e+01
5.819268643870329782e+01
5.917211301367813547e+01
6.034297965482655002e+01
5.621976118577524062e+01
5.790040146165521406e+01
5.874009715021954037e+01
5.986412103108234106e+01
5.584305824083568837e+01
5.800384304759505483e+01
5.831703765220301250e+01
5.952291941906329953e+01
5.527929198215120721e+01
5.756442019888466888e+01
5.736854299756273434e+01
5.921386097185733632e+01
5.889319290038871912e+01
6.105412525667332346e+01
5.842314983414848939e+01
5.665674580291669571e+01
5.883971518556752756e+01
5.736498808396844851e+01
5.958129481973014663e+01
6.180833723465958229e+01
5.994010261738188206e+01
5.819354488341576825e+01
5.683306655186027001e+01
5.976185499856206462e+01
5.959671763538229072e+01
5.743199270045948879e+01
6.104799777679242823e+01
5.881205065447425540e+01
6.069165479784658856e+01
5.415733117498266580e+01
5.835505756990512793e+01
6.061891915539652587e+01
5.650667220036086746e+01
5.750714198271791844e+01
6.022149773112067805e+01
5.890283674589372964e+01
5.935538041417449762e+01
6.209399041792570273e+01
5.775089904685912501e+01
5.949430841447263418e+01
5.554610962948572705e+01
5.743792307998707969e+01
5.762156098215797329e+01
5.941223793046703605e+01
5.376251629774652230e+01
5.697433060206805067e+01
5.784878143325714461e+01
5.892374391512768028e+01
6.046623571363113570e+01
6.096887035422196988e+01
5.652717728332238778e+01
5.883238396051839203e+01
6.032381159752154076e+01
6.061863182706828468e+01
5.597892322775989982e+01
5.745600847407330747e+01
5.878334054702241218e+01
5.970660631729861478e+01
5.707213659198149003e+01
5.928256174058040529e+01
5.987028772387107267e+01
6.003184998182251064e+01
6.183468489781233757e+01
6.192558902169433566e+01
5.842569425028746366e+01
5.912934584006771388e+01
6.119378080899448236e+01
6.083017976734057441e+01
5.751331250335967837e+01
5.794516457778996710e+01
6.033351136225451938e+01
5.949437912209477730e+01
6.044197024907001037e+01
5.949733729103316193e+01
6.220349553702317280e+01
5.990449508296527625e+01
5.747807052525465110e+01
5.911838193057775470e+01
5.950150056395579412e+01
5.945471046586278163e+01
6.227638296200999690e+01
6.195816633538144202e+01
6.041238522608461636e+01
6.383125378668296435e+01
6.121683057162037755e+01
6.385919133711689000e+01
5.639569551958747695e+01
6.068393456931218566e+01
6.307320627564264726e+01
5.958939669051201804e+01
5.999720956168907549e+01
6.295431793161505141e+01
6.135706604527033647e+01
6.336567769702925546e+01
6.554061054681909582e+01
5.842458235758429907e+01
6.332561456824308266e+01
5.722640831497272274e+01
6.085788254354356752e+01
6.208837578177623584e+01
6.180637796041695253e+01
5.807576136098935393e+01
6.080133455622956973e+01
6.141525434586904453e+01
6.215431336139597818e+01
6.353325938523138205e+01
6.459864366797928881e+01
5.957984311321672521e+01
6.120683976693061368e+01
6.241693737469820746e+01
6.383945319089195181e+01
5.873241107729160149e+01
6.018416945787936356e+01
6.154324695955696001e+01
6.263479456781429633e+01
6.131696637009719808e+01
6.348519012698619690e+01
6.379880479410680039e+01
6.070411607536671283e+01
6.355942791831419214e+01
6.354975540816688095e+01
6.488874003026595005e+01
5.927686908498451146e+01
6.157904939128233934e+01
6.154908887444088350e+01
6.339721568775696880e+01
5.907610586286283905e+01
6.193422954356174870e+01
6.156397316434719613e+01
6.375259107011117266e+01
6.569284490243988728e+01
6.376624496322428115e+01
6.147193301428306000e+01
6.077778207613954464e+01
6.368056707043441378e+01
6.257701137251164170e+01
6.442226114630310008e+01
6.695909786078875925e+01
6.424103063912164657e+01
6.255230887599864076e+01
6.079866761863165436e+01
6.395186195017279118e+01
6.537355538501850560e+01
5.904048842262303509e+01
6.254964253343416658e+01
6.488558260374517772e+01
6.166413123988252920e+01
6.176557910075511160e+01
6.464677869649723618e+01
6.320758041944553440e+01
6.535553620693539756e+01
5.869564786504515297e+01
6.182918323746481803e+01
6.390402866024278694e+01
5.973744824873661230e+01
6.266395986300883436e+01
6.203887779427287086e+01
6.456917020705974153e+01
5.907900787334912707e+01
6.128851199747542466e+01
6.245551600964665795e+01
6.348719192336609751e+01
6.445589160578148835e+01
6.569045888633903019e+01
6.019609400741592964e+01
6.242032393497668608e+01
6.386032721206787954e+01
6.445003265639344647e+01
6.072177531277606022e+01
6.235849841124104387e+01
6.342095376857864863e+01
6.374991625203267631e+01
6.026376544707842697e+01
6.135469803367744390e+01
6.259454201666327577e+01
6.302325431402989153e+01
5.900335290849182712e+01
6.122380210871438777e+01
6.125121351707095840e+01
6.282307805760648023e+01
6.306893527213902928e+01
6.481570217605300854e+01
6.194498659181118683e+01
6.104535461806067076e+01
6.130339425382118179e+01
6.368171246650540240e+01
6.165961580033245326e+01
6.440664225812386690e+01
6.299398643394646768e+01
6.054052810844953569e+01
5.993082185402549555e+01
6.248422831691505763e+01
6.302047294602813565e+01
6.069621506420070034e+01
6.359043780097627518e+01
6.580214480940252031e+01
5.949450369081355916e+01
6.228442058395438607e+01
6.455403825011977403e+01
6.159737809789167073e+01
6.242430073535654600e+01
5.946406933684257012e+01
6.227146057253415989e+01
6.250963907950384169e+01
5.929225883879292525e+01
6.205578248038300870e+01
6.160911189708807711e+01
6.039324067895493897e+01
5.971028948141852766e+01
6.268946962996277961e+01
5.934804902186340314e+01
6.188873019682949916e+01
6.340701821612865530e+01
6.232293668704743794e+01
5.906086487257896778e+01
6.099321587709636106e+01
6.204280085988060023e+01
6.272321084513901468e+01
5.810328767686065277e+01
5.941780236853364983e+01
6.069460105311270581e+01
6.216239189072641125e+01
5.575440907868544116e+01
5.861531298219264130e+01
5.898534626018282268e+01
6.035558687820835644e+01
6.123063071506371102e+01
6.219079979667742464e+01
5.987164929911836708e+01
6.054666042571940210e+01
6.188688951130959026e+01
6.246360048659847308e+01
5.753026020378719352e+01
5.845321560223400326e+01
5.994036263774446383e+01
6.017149475238166190e+01
5.772662099046349482e+01
5.896708933676375608e+01
6.084778710913878541e+01
6.040303015731799974e+01
5.622421822469311081e+01
5.692920137623045207e+01
5.902501838978164272e+01
5.820443710769485790e+01
6.057073315910596989e+01
5.990931251184866824e+01
6.179321701217958918e+01
5.693194967236419046e+01
5.999297508153157565e+01
5.960660940667580832e+01
6.166178832183404523e+01
6.371288841592441798e+01
6.126049253897706848e+01
6.004502790074243279e+01
5.828318139063183168e+01
6.112720658637979199e+01
6.273631369352225562e+01
5.477918547164028951e+01
5.927120122099874777e+01
6.158831444161567958e+01
5.841449524496313472e+01
5.965404121558042050e+01
6.218079872419637155e+01
6.070549083752225528e+01
6.063236968223724688e+01
5.749313773107863312e+01
6.016679763727039187e+01
5.921394148321675033e+01
5.769919261767922336e+01
6.037598495968928347e+01
6.120774481887338681e+01
5.818749329604575138e+01
5.868364913573565644e+01
6.055029147831034209e+01
6.218101653227589765e+01
5.573691437785382163e+01
5.905089783809977177e+01
5.998870221730230412e+01
6.107807750195225793e+01
5.584456338092871164e+01
5.882814541456614421e+01
5.926944715437242195e+01
6.065720657473731592e+01
6.165324518568166212e+01
6.264983812797273544e+01
5.627972313164932672e+01
5.896945347219053701e+01
6.039241218362856500e+01
6.071729253415534799e+01
6.105884999661859069e+01
5.654684475621003514e+01
5.738908106959689803e+01
5.913740543810403238e+01
5.923211349716467566e+01
6.124457138377696452e+01
6.094589552841797087e+01
6.103998065030495468e+01
5.976899014688597589e+01
6.238108976734346811e+01
6.139245661400678244e+01
5.798692614362541775e+01
5.829191866544653067e+01
6.093412008854962636e+01
5.950323613130320410e+01
6.132481262120889198e+01
6.077447046913837880e+01
6.335958795820784673e+01
5.924220961718469169e+01
6.109042048990297502e+01
6.391180703626574200e+01
6.092031405348343753e+01
5.951764982381475733e+01
6.287464182601001284e+01
5.984019943533818520e+01
6.299337405610361884e+01
5.570683550586958432e+01
5.991524950455001886e+01
6.223508320793888515e+01
5.864919150418819527e+01
6.166289639804583800e+01
6.256113385223176948e+01
5.996683718912643712e+01
5.956323209315078060e+01
6.263822451066850761e+01
6.115662953944939062e+01
6.278563270046963396e+01
6.498110446096794135e+01
5.854959850371666619e+01
6.222913327256657112e+01
5.881507716585952039e+01
6.104652558846968446e+01
6.145825458158026322e+01
6.230322909439877321e+01
6.393391992445767613e+01
6.444456932283840445e+01
5.933903557172251197e+01
6.058720084276065165e+01
6.192373868582924956e+01
6.302589403173531934e+01
6.224283012617371469e+01
5.830319635165907499e+01
6.003244873993176611e+01
6.124615809648554432e+01
6.140627857040575321e+01
6.213446300856339377e+01
6.295176587959429071e+01
6.348970341793958028e+01
6.402628240073822496e+01
6.575749852465189349e+01
6.108135693304836877e+01
6.332990538364225586e+01
6.362630275187390794e+01
6.528951654660684767e+01
5.926756275654496164e+01
6.154880415527848925e+01
6.208285767575853953e+01
6.291864477474565120e+01
6.150425121072063206e+01
6.413531743245901851e+01
6.556366862801608875e+01
5.893787794234626887e+01
6.157380599714974068e+01
6.411133329380028556e+01
6.202490638962895986e+01
6.415002922017154674e+01
6.653182355186592645e+01
6.365642726544191987e+01
6.271262787004693706e+01
6.062046017383505614e+01
6.373722848965268639e+01
6.440423265016940491e+01
6.022035571244173013e+01
6.307094328863028210e+01
6.530584214370585983e+01
6.062503185967183583e+01
6.334750529527023843e+01
6.545791973500108440e+01
6.199771978172922360e+01
6.445379903918616549e+01
6.646225080761267634e+01
6.162517365366709754e+01
6.487877051764225200e+01
5.823928941540248161e+01
6.128721339032413340e+01
6.312494920940572740e+01
6.164029636252011102e+01
6.138630354769870223e+01
6.301675929476798643e+01
6.420480829612415619e+01
5.803586668841181506e+01
6.027444010021700649e+01
6.164927081192965375e+01
6.237228377512166588e+01
5.919850009394031076e+01
6.115200215543614348e+01
6.212352184054056181e+01
6.195574170920643553e+01
6.319427785227362193e+01
6.411109302211707472e+01
6.196509451475385077e+01
5.992054344364481011e+01
6.153083707344385545e+01
6.196671503799345970e+01
6.311871271835666164e+01
5.768206359123235671e+01
5.940180229192822736e+01
5.946359355421628123e+01
6.090831765290504052e+01
6.174946609870045222e+01
6.184527720298065390e+01
6.317429415868771514e+01
5.575176580518665048e+01
5.940630358918353693e+01
5.848793394363537601e+01
6.102964936752803737e+01
6.238679329178078348e+01
6.081098724943720413e+01
6.283733028264061460e+01
5.769428507024908725e+01
6.028426775912157609e+01
6.053535418677733304e+01
6.033014662953190310e+01
6.275624228480174338e+01
6.333487113067970853e+01
5.831534157502434823e+01
6.160733979999150733e+01
6.385764369223888792e+01
6.060462603231099621e+01
5.984007029924598697e+01
6.277675548575199826e+01
5.967640378262642287e+01
6.253104639814452526e+01
5.571190901509326920e+01
5.914795209433003720e+01
6.127981351694283063e+01
5.806707769607525194e+01
6.105573179568919784e+01
6.057603146700903807e+01
6.166517962647785112e+01
5.710110557609043980e+01
5.988200354394655278e+01
5.957864810858811211e+01
6.099256747137084744e+01
5.660773654150566614e+01
5.835438072558935119e+01
5.870968717444601737e+01
6.014426618967703320e+01
6.146259759467549344e+01
6.223863596091489825e+01
5.756599370081526246e+01
5.915126373742199917e+01
6.018675321872021300e+01
6.085251479549290821e+01
5.739850186901541917e+01
5.893459410726219261e+01
5.980783402014520789e+01
6.081744929026388036e+01
5.569384226326944543e+01
5.707082443602917721e+01
5.784488885681869164e+01
5.909968911373832157e+01
5.953625445028406205e+01
6.116021946877837934e+01
6.091090269160788040e+01
5.541200457779060429e+01
5.780958862044817437e+01
5.728901140561754346e+01
5.926295687165443127e+01
5.809371478893051233e+01
6.040815552019474666e+01
5.951132037501380267e+01
5.647391981231280056e+01
5.710329628394467250e+01
5.938873654572395822e+01
5.802077643936840445e+01
6.056813910125831768e+01
6.077444958861919133e+01
6.036944758267134858e+01
5.522080682352683567e+01
5.913546188743554666e+01
5.794187861371932513e+01
6.080795022932055360e+01
5.602486353036018585e+01
5.952841775549444492e+01
6.049812780403684798e+01
5.698897376229697898e+01
6.026452471749190920e+01
6.192976751671625379e+01
5.446997774418863258e+01
5.896893557163771504e+01
6.115340101086599844e+01
5.948984498672806609e+01
5.949053386955790756e+01
6.239867430094091105e+01
5.869651481452053332e+01
5.964616726500029387e+01
5.573035736025100562e+01
5.870363886946257992e+01
5.788971373685907196e+01
5.974805771268497523e+01
6.150679492940233928e+01
6.279352113041410632e+01
5.596476319878559025e+01
5.955218037632513983e+01
6.103793593681560736e+01
6.123824879232761731e+01
5.737334445446180808e+01
5.996689602632535099e+01
6.086959326254183367e+01
6.079543007742129390e+01
5.500853387880025025e+01
5.771001296971048333e+01
5.858990279576077853e+01
5.972701634209069965e+01
6.115687098305861724e+01
6.152901226046040506e+01
6.200459722364311688e+01
5.651674729962294208e+01
5.857572684714401134e+01
5.871658559034526803e+01
6.058519748963755092e+01
5.892218544287454307e+01
6.102637647970880153e+01
6.068160031896506013e+01
5.786547364967933760e+01
5.817714801414564363e+01
6.059617676919047113e+01
5.972508340429666163e+01
5.923963498091574564e+01
5.864287908139372973e+01
6.136746619122248347e+01
5.974447002860124201e+01
6.261425935761372585e+01
6.458626132801823871e+01
5.705088444535632419e+01
6.062715185999878287e+01
6.333881686576228276e+01
6.088483323816953430e+01
6.285660114404831944e+01
6.547617995083794540e+01
6.193867076932151861e+01
6.170471639915783157e+01
5.925301301652525865e+01
6.243866074633916696e+01
6.399301276975594988e+01
5.736643732310097477e+01
6.148389305888966305e+01
6.378139939222280930e+01
5.878589018184237602e+01
6.288191305648926033e+01
6.483869307870619991e+01
5.925457853039740286e+01
6.379507440054766931e+01
6.582644832930876078e+01
5.966273767564676689e+01
6.340889264686718718e+01
5.877461286920954109e+01
6.162346470835582579e+01
6.264225403868488939e+01
6.304187397149406280e+01
5.650934807963972872e+01
6.003307925577997395e+01
6.161668560793918914e+01
6.256748996960003240e+01
6.389871272556155901e+01
6.543029190837883391e+01
5.976941669880860530e+01
6.180730870425838219e+01
6.289204003896961126e+01
6.367730253217028036e+01
6.190304202760953700e+01
6.417848394318438920e+01
6.448504330681184626e+01
6.326986855660121023e+01
6.191918026376856687e+01
6.464042601953406120e+01
6.456288631411190693e+01
6.009192327402984546e+01
6.301133287304676145e+01
6.293877271727724576e+01
6.486140957537463692e+01
5.996159608014777831e+01
6.296084551411107810e+01
6.254946797003496073e+01
6.485722308020145022e+01
5.933839443115169843e+01
6.240519815933208037e+01
6.171226482052568230e+01
6.413556767865728148e+01
6.672615094683013126e+01
6.451815831927369516e+01
6.257857011161382843e+01
6.317929982116206133e+01
6.604218866487309469e+01
6.344520612833644435e+01
6.420024569836176909e+01
6.675237368183353226e+01
6.356079896602683732e+01
6.555931019398693138e+01
6.120418857354289344e+01
6.461397283762420329e+01
6.650452383587067118e+01
6.020549071543162967e+01
6.329300278305907312e+01
6.565058650578581023e+01
6.210350390977902890e+01
6.260298363464674765e+01
6.552953615639702889e+01
6.414369047335515006e+01
6.548339175832137471e+01
6.778953251602671060e+01
6.183168872266510618e+01
6.560389126654231973e+01
5.981122944690960708e+01
6.287779577680881715e+01
6.313913630136909205e+01
6.471701907844152402e+01
6.620963758704985480e+01
6.712820993837554795e+01
6.240320415305045998e+01
6.444532712007919883e+01
6.560199014525370842e+01
6.630068958528893575e+01
6.144301184298995366e+01
6.266590433306097907e+01
6.415183405850052623e+01
6.519957101011861766e+01
6.241787320801458350e+01
6.457381018685322260e+01
6.494333271806173968e+01
6.581439523497127198e+01
6.603564128881085082e+01
6.817347360856351202e+01
6.239177857632016355e+01
6.423042236601325783e+01
6.553950352855565598e+01
6.510744828183770494e+01
6.530878675551170431e+01
6.179397955461460157e+01
6.450141989424393785e+01
6.341615254218338293e+01
6.322708291887893495e+01
6.337544451264050593e+01
6.614994350168808523e+01
6.436574269067808984e+01
6.096579836426180066e+01
6.210453767340200670e+01
6.471155731909067299e+01
6.277336216935535163e+01
6.571678212240070138e+01
6.648676014150221647e+01
6.272469174976647110e+01
6.525833247894343003e+01
6.789309310743372805e+01
6.380317422541805428e+01
6.553968559379251246e+01
6.823488695885308175e+01
6.435791149397543620e+01
6.441323100717806938e+01
6.145255681775340406e+01
6.451398159074182104e+01
6.614766669700638602e+01
6.016074788521335392e+01
6.362979107466321693e+01
6.576882642631586862e+01
6.254945813631559304e+01
6.135455971151271370e+01
6.449384829683832265e+01
6.445304578316635968e+01
6.253073513126409466e+01
6.543039671179917605e+01
6.541407507506619368e+01
6.374366753936769925e+01
6.380209178276142978e+01
6.550506600943064939e+01
6.655849543586617756e+01
6.185251844956545142e+01
6.331216004375311002e+01
6.482686547596973980e+01
6.524356287835786361e+01
6.121298646724359571e+01
6.307642232948683159e+01
6.432322666820650170e+01
6.503500965538053435e+01
6.664521567231227550e+01
6.731545611489795533e+01
6.221297921289293953e+01
6.351856317617286862e+01
6.522094410063618852e+01
6.561024101176688816e+01
6.422473543400393226e+01
6.035748465924078232e+01
6.115567890338777346e+01
6.331538480696646332e+01
6.314621564896445705e+01
6.560484736676349371e+01
6.506334585642261459e+01
6.395787545236582616e+01
6.349709525731385185e+01
6.623368499735346404e+01
6.505743283875344218e+01
6.199392674880156306e+01
6.390937106353671737e+01
6.394979604350423585e+01
6.613613840078856754e+01
5.941038900204736706e+01
6.300353791914474755e+01
6.581613561557288961e+01
6.306081863476703830e+01
6.639279307964243060e+01
6.867375440619224491e+01
6.064668455299369043e+01
6.532639474674029145e+01
6.798064673759262178e+01
6.453147140457230080e+01
6.501049157995639405e+01
6.824329989438273003e+01
6.478987719225591491e+01
6.601548457448900820e+01
6.257506642336231550e+01
6.558162661271971672e+01
6.471647459805124925e+01
6.416230471825335258e+01
6.466452499305937351e+01
6.743899500232816990e+01
6.206045100926644409e+01
6.642324884528666473e+01
6.845297922935530721e+01
6.255441204831671342e+01
6.613420248362027110e+01
6.194057654951389935e+01
6.383171612941164597e+01
6.536647261504045048e+01
6.635235104968469955e+01
6.839554069359520838e+01
6.645669207205527584e+01
6.771174218349533191e+01
6.173988403912375134e+01
6.423322705338190985e+01
6.544464891090156300e+01
6.671662268422153375e+01
6.849910741083441224e+01
6.897955759238602980e+01
6.345484660140355260e+01
6.625531311040424498e+01
6.794699613624216283e+01
6.825799805855233160e+01
6.335702402807759626e+01
6.644773055231193837e+01
6.638354498894713629e+01
6.885641123800225216e+01
6.348554339079244357e+01
6.670858072390163329e+01
6.626731261232858117e+01
6.882240650714803110e+01
6.347625921159524154e+01
6.704244353648265076e+01
6.596367185678123235e+01
6.842759680371214870e+01
7.036331758772077194e+01
6.751670173630495242e+01
6.699221762612128828e+01
7.005991492805962650e+01
6.737603992894020166e+01
7.063673821239791550e+01
6.405933779087172297e+01
6.829345195784181044e+01
7.079472609611323719e+01
6.693082315674911342e+01
6.763361653519653771e+01
7.111553042048687701e+01
6.761679385890333549e+01
6.929937083707575596e+01
7.240517155574802644e+01
6.820300657262559696e+01
6.913385598931110110e+01
6.576481676536714360e+01
6.913671258668023256e+01
6.887775805931620710e+01
6.673202380189799499e+01
7.041629993594243331e+01
7.089262974698131359e+01
6.742880405820555723e+01
6.930161671757988984e+01
7.205145709501591966e+01
6.875786633350253396e+01
7.097494110797782696e+01
7.323067350354691030e+01
6.914549092699067501e+01
7.202216100937054932e+01
6.648115714476857363e+01
6.887900030998399359e+01
7.024737350828218041e+01
7.202648707847626497e+01
7.340956542321524125e+01
7.422632079966912499e+01
6.849407328772596770e+01
7.102871943380431219e+01
7.195080937696918966e+01
7.408215832461576156e+01
6.759771680398304738e+01
7.053954863354179849e+01
7.103187329018878415e+01
7.301980114238141084e+01
6.645029141749644452e+01
6.964634486428585092e+01
6.961062443111957521e+01
7.206033237209811659e+01
7.036330049474206305e+01
7.354232212316611594e+01
7.297044724164088336e+01
6.873483197855992444e+01
6.961481527583656259e+01
7.247843872373378815e+01
7.157082091834018911e+01
7.065297330010488963e+01
7.112676269831452203e+01
7.402202009678079264e+01
7.159423167840064650e+01
7.504385656019022122e+01
7.542708902781178892e+01
6.885734974748761772e+01
7.269847032594279312e+01
7.560759380689914622e+01
7.245214088519044537e+01
7.175932426935693798e+01
7.516129436726916424e+01
7.150570360160126882e+01
7.527950346116342928e+01
6.823016515275934069e+01
7.230612671272793079e+01
7.502166022089971875e+01
7.048561044569355261e+01
7.406552745236695046e+01
7.403453370732391647e+01
7.185872214362723298e+01
7.316991970213894092e+01
7.624334020223709274e+01
7.162491221801995778e+01
7.391254561418404023e+01
7.636058757707122879e+01
7.516694625560253940e+01
7.111610008500335312e+01
7.381870674331436533e+01
7.563991943876355606e+01
7.494048232525862829e+01
7.086102260235023209e+01
7.311189273922617815e+01
7.463756852569530054e+01
7.574041716537669799e+01
7.021455744182712522e+01
7.237218262494668863e+01
7.403749178097594097e+01
7.510849500473504747e+01
6.988211233969701652e+01
7.203098020545228053e+01
7.287449067327170837e+01
7.466604175932550902e+01
7.538103801679676508e+01
7.728069332952810555e+01
7.138930791041420321e+01
7.386962054273907086e+01
7.449042764578601350e+01
7.642833524250363553e+01
7.060473644353163536e+01
7.399231759775629769e+01
7.343562644102016179e+01
7.640648195004816046e+01
7.012397363895544800e+01
7.375119148745180553e+01
7.271503091279282671e+01
7.535243911598983857e+01
7.793187771819270893e+01
7.586901487806893840e+01
7.354460256276402674e+01
7.257532430027224279e+01
7.579284403833892725e+01
7.397744041100138190e+01
7.262257809493952720e+01
7.515882099822631801e+01
7.290364230348022545e+01
7.638435161688528297e+01
7.194405974756816136e+01
7.518241159948682650e+01
7.790502010086514417e+01
7.108195445449260319e+01
7.472506990536193427e+01
7.743510808765746845e+01
7.329410214313895722e+01
7.379641370899177844e+01
7.702179949207182119e+01
7.327784865926410873e+01
7.553689010929927861e+01
7.808596028477697359e+01
7.518449977470567092e+01
7.766743242563131844e+01
7.044223538256129302e+01
7.423264248297188317e+01
7.645820944046707268e+01
7.043148126656750208e+01
7.395986657030664446e+01
7.532470641003082790e+01
7.616146083152534629e+01
7.041345329484204285e+01
7.419232150057167985e+01
7.510609691897369089e+01
7.601647007254452149e+01
7.746294041375534789e+01
7.894800607450235930e+01
7.301531186859538991e+01
7.507283770192374561e+01
7.660304966924807957e+01
7.732121118306346830e+01
7.203879368646495607e+01
7.390322200440529343e+01
7.630692619550487166e+01
7.645291732139905605e+01
7.082123413162786107e+01
7.435212872626370029e+01
7.457328074818414620e+01
7.656755437217722715e+01
7.008137035495823852e+01
7.325716722737804787e+01
7.278049632551942238e+01
7.539459265234975760e+01
7.784249034644176390e+01
7.623525157413482134e+01
7.334584315951143196e+01
7.294114682438292618e+01
7.622416859471286443e+01
7.483565164239414003e+01
7.516179153849527950e+01
7.623375414344782541e+01
7.717181567504256634e+01
7.435999363238811100e+01
7.443886174661643906e+01
7.740385116932901610e+01
7.457900405868461746e+01
7.665999569668693425e+01
7.954721255653656442e+01
7.591193409578821161e+01
7.573803728155137094e+01
7.282144493807510344e+01
7.635409645716936211e+01
7.856743049477107377e+01
7.116343386166525420e+01
7.575770814530277164e+01
7.837104376449363485e+01
7.262669605942545559e+01
7.642083928632739287e+01
7.819689490101481510e+01
7.442124159494483138e+01
7.835547230679479469e+01
7.886982480290211583e+01
7.561804246336052415e+01
7.851111564617818317e+01
7.296408172723394614e+01
7.510163977291112758e+01
7.743219622264315660e+01
7.126774415119636785e+01
7.532878735703233986e+01
7.678068378273276551e+01
7.739966814137609674e+01
7.138643429906382210e+01
7.428327719814953412e+01
7.564531255721568925e+01
7.702781291194251878e+01
7.180267298529288666e+01
7.408450147701769595e+01
7.536754787240877818e+01
7.650254317612042598e+01
7.703860478553143309e+01
7.870404240828545994e+01
7.469385768490629118e+01
7.761018103908416776e+01
7.740373763559203724e+01
7.987592884598348064e+01
7.291823988398833478e+01
7.613903900711093797e+01
7.597207997084666431e+01
7.851593730917026903e+01
7.283314205212808190e+01
7.623290399470488410e+01
7.566490207017206160e+01
7.853542010077829616e+01
8.105429474209111618e+01
7.756432815199597997e+01
7.745089614493660690e+01
7.593924079030473706e+01
7.946101798573803876e+01
7.737293108279928333e+01
7.572681673975351657e+01
7.922116260121717346e+01
7.616615860462732712e+01
7.982694692699963923e+01
7.349575047684844264e+01
7.745928752464722322e+01
8.036124154005541698e+01
7.552172392370860621e+01
7.929202674773286219e+01
8.147846451231932008e+01
7.425437639079125063e+01
7.890898682100134920e+01
8.155216317299152706e+01
7.481703315788800523e+01
7.923949321839883453e+01
8.159017647627004521e+01
7.624377968723750598e+01
8.078117718519246182e+01
7.509696797697088755e+01
7.843629819316538487e+01
7.903347993496059587e+01
7.515138820692153843e+01
7.868195691395186486e+01
7.977533534161551643e+01
7.664139953152023566e+01
7.919095522530800224e+01
8.072812648565256666e+01
8.119136169500264089e+01
7.538603245668890906e+01
7.850412288329984278e+01
8.012360471043902521e+01
8.020834075486989434e+01
7.520247711372839206e+01
7.749721494705599412e+01
7.855444424548173288e+01
8.032206349306305526e+01
8.241403758075337294e+01
8.212305825041765672e+01
7.664932475520946298e+01
7.811995457647873309e+01
8.100816769059989042e+01
8.067562858566518003e+01
7.614445061075350907e+01
7.756793954155149606e+01
8.083996523442061743e+01
7.992439943375745770e+01
7.613221865057941784e+01
7.719953598735480682e+01
8.015085382934194058e+01
7.921033162036003716e+01
7.606210190308749475e+01
7.906529482870261916e+01
7.750118924587840752e+01
8.054404725815348343e+01
8.359157682456196881e+01
8.068780788004616511e+01
7.916201710793487223e+01
7.731435407781080471e+01
8.108726489030988205e+01
7.994697603249571216e+01
7.831493453216529588e+01
8.190571178410220909e+01
7.809994623075607478e+01
8.189550899893878011e+01
7.515279241023029044e+01
7.950894535740454216e+01
8.220586569122657750e+01
7.707375307918654528e+01
8.025015318235062978e+01
8.268791742089982222e+01
7.598931404382020105e+01
7.977609635651876374e+01
8.228441628339335523e+01
7.908018322824953827e+01
8.184495711020487363e+01
8.359014383078431365e+01
7.857199917656998878e+01
8.134559838285015587e+01
7.627100134468129511e+01
7.817225516069817104e+01
8.073655213744002879e+01
7.615752276426364631e+01
7.982246895262376540e+01
8.137872787028729249e+01
7.868934427021329725e+01
8.033751862667348576e+01
8.225538919387321357e+01
8.210776838742235384e+01
7.709109334005091796e+01
7.874429089627899714e+01
8.085985075088034080e+01
8.166114298931452709e+01
7.626530747809424327e+01
7.897484289784868849e+01
7.943102510737904254e+01
8.149939409245237698e+01
7.492580710946462830e+01
7.809215220702616023e+01
7.817321967280150830e+01
8.050733710932014731e+01
8.104324336143088203e+01
8.324758096914163730e+01
7.679815794374091809e+01
7.970086838866592416e+01
8.155689049204441687e+01
7.999698530161019505e+01
7.825751299334682187e+01
7.846237959931632133e+01
8.194097382165517729e+01
7.904712496802868316e+01
8.271261341892426344e+01
8.477926495083629277e+01
7.757287943881223669e+01
8.086163046248617547e+01
8.371356993134506297e+01
8.069271528938833171e+01
7.970308172879278175e+01
7.743896360185576100e+01
8.107733148365234399e+01
8.159898088268010952e+01
7.568799005333893604e+01
7.952022218474438375e+01
8.238055606619393245e+01
7.805551721594571291e+01
7.902270125454008110e+01
8.230215892552848800e+01
7.825360156083044672e+01
7.983300346565444272e+01
8.278193436322668219e+01
7.960543729072604435e+01
8.102729429015242602e+01
7.659768446552513410e+01
7.980039823614872319e+01
8.058056765618802331e+01
7.670372299059798138e+01
7.897127912155134766e+01
8.134381047133874176e+01
7.667972775638708072e+01
8.028864602263143979e+01
8.190264725062587559e+01
7.863825634332873449e+01
8.147023481935610789e+01
8.303386272756223718e+01
8.177653634173837816e+01
7.841503087853500631e+01
8.077922096506520688e+01
8.179572265365307260e+01
8.207365709018579025e+01
7.650220950261027042e+01
7.924118932706713281e+01
7.968480873361178851e+01
8.230198569537790831e+01
7.568417055070793253e+01
7.902772608590096581e+01
7.906403924925776039e+01
8.073423402454830011e+01
8.303888721634410786e+01
8.262740893917640506e+01
7.677311168468769154e+01
7.830400069553209619e+01
8.114428393662105066e+01
8.162731612446526697e+01
7.573130727425075293e+01
8.072158183332739156e+01
7.935342257778276576e+01
8.288096740743232260e+01
7.693179801663229966e+01
8.048786980978788108e+01
7.896528888428998982e+01
8.058187400508136022e+01
7.825024470049707759e+01
8.169813351898645237e+01
7.971418973186224832e+01
8.390418860536320267e+01
8.355307054653310672e+01
7.728808386666379704e+01
8.208168149520115264e+01
7.663097482610567113e+01
8.051883812108826532e+01
8.295193943817309901e+01
7.497111839651314824e+01
7.956423394016785267e+01
8.261781099723924626e+01
7.767320894519781405e+01
7.993944837459206099e+01
8.279714727811541763e+01
7.627481848583116175e+01
8.113528938765864496e+01
8.347376424707096021e+01
7.776018051202477466e+01
8.235261638528463379e+01
7.584951205887753645e+01
7.962030202138906532e+01
8.060989341679982090e+01
7.732918189001712506e+01
8.027193225571440394e+01
8.162724857180192828e+01
7.939397576728838146e+01
7.992226735629219547e+01
8.216029408488607544e+01
7.969936686251392643e+01
8.197854493446043023e+01
8.406394955693576776e+01
8.336631222291467225e+01
7.823548498408699459e+01
8.117969966346603883e+01
8.173037722905824864e+01
8.449097636641707254e+01
7.621438850853205338e+01
8.063463883184348902e+01
8.068458673309437756e+01
8.395181164252210237e+01
7.673480255027948260e+01
8.071262966543423545e+01
8.014711799516565804e+01
8.303228431768626194e+01
7.574152790875869812e+01
7.946728639029568342e+01
7.905599191829374206e+01
8.224155936221811203e+01
8.487892759850107893e+01
8.144049032102867614e+01
8.101550141143690098e+01
7.966560673306651097e+01
8.346598436411564137e+01
8.136538897308022911e+01
7.983370921676701926e+01
8.297923346672062905e+01
8.001966903775934270e+01
8.382085174723555099e+01
7.693099453541402966e+01
8.122586316508771631e+01
8.453433005711060844e+01
7.946283247642494985e+01
8.369998562326750857e+01
8.562716721606514625e+01
8.004919410746852293e+01
8.341236477457654530e+01
8.643833536254952321e+01
7.875228621300746568e+01
8.364939709072415042e+01
8.648884384308290407e+01
7.976421627820367632e+01
8.441028078564278303e+01
7.697030634996471576e+01
8.152631405515813867e+01
8.405155025464689800e+01
7.730559516743909398e+01
8.229208348171697196e+01
8.453303043738347355e+01
8.020638876543932838e+01
8.418187636487031966e+01
8.592807743311094271e+01
8.118785650117324337e+01
8.432189257495298307e+01
7.857511327172551319e+01
8.135140843340084871e+01
8.301353557459293597e+01
8.352201473890907835e+01
8.617622682509626486e+01
8.575356258269970056e+01
8.018535142873695065e+01
8.233019624773302780e+01
8.525446156646772522e+01
8.546559703884561543e+01
7.958872088005624335e+01
8.201622804689850454e+01
8.541733335396895654e+01
8.489931753711877604e+01
7.934831615272977956e+01
8.295748309742499771e+01
8.259042460882956505e+01
8.607645242900650828e+01
8.582141193570967630e+01
8.807627836947095545e+01
8.257218495347949272e+01
8.561934166680708813e+01
8.807523512254287823e+01
8.404310168059674879e+01
8.482026711660481055e+01
8.351748380313436826e+01
8.717429633132893230e+01
8.297974291895117460e+01
8.525193722025940701e+01
8.696032845579532022e+01
8.458748486454082638e+01
8.647846741565450657e+01
8.968482668214625164e+01
8.538727088843749868e+01
8.582225648013736929e+01
8.243074355921970664e+01
8.696384511272690077e+01
8.899841909367678738e+01
8.126876558124484973e+01
8.605751058263427922e+01
8.919999698619629669e+01
8.306646815870759326e+01
8.745107570014461373e+01
8.963345641392064067e+01
8.368491067379049753e+01
8.752309901653360669e+01
9.008167360822379521e+01
8.456855894327122769e+01
8.885243742930930466e+01
8.313891891438073856e+01
8.642680128582857435e+01
8.776960691587599683e+01
8.311902535891059074e+01
8.674606454525491017e+01
8.853113181674095244e+01
8.647811592251038348e+01
8.735215294629549021e+01
8.982506129597412325e+01
8.480142600326921354e+01
8.821138084893057396e+01
9.035213180803678767e+01
9.115545568886498984e+01
8.503498324401697062e+01
8.825789483471410790e+01
9.066314833941117968e+01
8.903852119182030833e+01
8.510207304818659679e+01
8.706791468500564690e+01
9.050892722676904611e+01
8.923059940808893487e+01
8.418560887184727903e+01
8.762725737464218412e+01
8.759666201380933614e+01
9.084958063619700397e+01
8.339310106710611592e+01
8.808124616706706433e+01
8.721299542259778548e+01
9.052526842925990991e+01
8.960583434991143292e+01
9.162004427517707938e+01
8.825901802098498194e+01
9.312456434916133219e+01
8.816670317215856301e+01
9.269968845280861558e+01
8.519589647596654913e+01
9.011665219688008222e+01
8.921537770576627224e+01
9.127179665576609580e+01
8.749564875290928967e+01
9.163748467324914770e+01
9.026623804613123525e+01
8.736275548060969243e+01
9.124448761143744946e+01
9.226113430648528890e+01
8.841066040888286182e+01
8.950372674438328602e+01
9.188470792055369429e+01
8.791364160880040401e+01
9.063217191978361598e+01
9.389290926438062002e+01
8.935753493722164364e+01
9.196465363266385395e+01
8.726894057908079105e+01
9.082745647141145184e+01
9.236347135572430034e+01
8.716955815499535731e+01
9.081565083006655925e+01
9.240642288044364250e+01
8.831582160584471808e+01
9.178829927430859925e+01
9.409542002816766626e+01
8.861148690168090525e+01
9.235977881641657916e+01
9.448332721623494024e+01
9.323763692223569421e+01
9.078723576856651789e+01
9.258143130074655858e+01
9.537802934413855382e+01
8.955919954576327768e+01
9.328778110152452996e+01
8.687271109841155692e+01
9.084116975837731900e+01
9.187456801295049047e+01
9.258354574051087127e+01
9.623242391622051173e+01
9.199195460600311947e+01
9.601007530262005218e+01
8.827004758331165135e+01
9.317993865630050720e+01
9.297618995829540722e+01
9.244420666819040378e+01
9.613766053594049765e+01
9.554858854969829451e+01
9.062548057744263019e+01
9.270558644779450219e+01
9.716024322718944006e+01
9.368057164999282804e+01
9.203818954148736964e+01
9.186676486548731191e+01
9.650629013190395256e+01
9.322555756048789988e+01
9.774590289247107933e+01
9.810609610292212324e+01
9.444465052034205144e+01
9.457841717924867453e+01
9.846510586396006204e+01
9.514347626083630871e+01
9.656499055931813302e+01
9.511315194544690144e+01
9.913618772610419683e+01
9.450390571433881348e+01
9.683121062176523708e+01
9.991782232338341885e+01
9.595173285035586730e+01
9.756789759002300855e+01
9.334225260386575940e+01
9.731808793111440536e+01
9.934912901293378695e+01
9.444034511117096997e+01
9.813020131509171051e+01
1.000156070984560728e+02
9.483325466381060664e+01
9.783695993619838305e+01
1.008338691521910135e+02
9.407173220390463086e+01
9.874513824073711987e+01
1.010125325090479436e+02
9.898534103047599331e+01
9.954821831650589559e+01
9.342602135031113164e+01
9.758504170022999347e+01
9.999962415998406584e+01
9.578197610079735114e+01
9.988849269726733837e+01
1.016386448092715540e+02
9.552188134467935754e+01
9.878608276378628261e+01
1.020029512404469330e+02
1.022919252384646143e+02
9.648957533968439293e+01
9.985071076419453107e+01
1.033544552232372524e+02
9.914464954815203157e+01
1.028243416431748756e+02
1.026607147584251436e+02
1.027424597982985688e+02
1.023475579388491354e+02
9.694865708212526556e+01
9.931862199406495506e+01
1.033567167501252442e+02
9.914536423358907768e+01
1.042075561842792837e+02
1.033597356474897708e+02
1.010135899593508526e+02
1.011365412592663517e+02
1.061328337429074935e+02
1.013341891411808149e+02
1.057718299520903145e+02
1.068241829218664947e+02
1.006417413355041361e+02
1.051388276287862453e+02
1.002994530071962203e+02
1.053551605494540553e+02
1.061549185333046381e+02
1.002713300622848607e+02
1.047738776490261046e+02
1.089349907495923446e+02
1.017941491704161763e+02
1.057936659744021597e+02
1.096838453897722587e+02
1.032995134053881827e+02
1.073723892473364714e+02
1.110667536798565607e+02
1.041309274881630529e+02
1.085555628219836422e+02
1.030451657118778002e+02
1.072402883243332923e+02
1.095127054888639151e+02
1.040182004585286535e+02
1.080981745242594769e+02
1.105279196377974245e+02
1.047540329780654673e+02
1.083250545459167853e+02
1.109962929009845851e+02
1.048343760079219180e+02
1.091491091829531257e+02
1.122597970222599457e+02
1.070471160205922843e+02
1.122259303935220771e+02
1.053584888974160378e+02
1.097047929523885585e+02
1.111893484542873551e+02
1.056272888309570703e+02
1.089175500905621163e+02
1.126116701035253840e+02
1.102982773822307507e+02
1.073963215894321195e+02
1.123675219365854474e+02
1.130645547648207412e+02
1.082015528884593181e+02
1.104269316723639633e+02
1.149487775191287540e+02
1.115333645392050812e+02
1.111639520413850306e+02
1.162327393704728564e+02
1.100148444154755509e+02
1.163934062313097968e+02
1.089801266896091647e+02
1.143921728087810550e+02
1.130429270744073591e+02
1.122584975615666423e+02
1.153932078437348849e+02
1.136911007529783291e+02
1.136184520185716309e+02
1.120961639429629884e+02
1.175644646164570020e+02
1.118615244798862420e+02
1.174873108076109958e+02
1.211339122000773898e+02
1.130509849235815381e+02
1.189686351898199774e+02
1.122866272043080471e+02
1.176691916163764802e+02
1.151315474123325515e+02
1.167595208429373628e+02
1.195499266483586780e+02
1.161251684370517552e+02
1.188343449419894711e+02
1.221441224955155604e+02
1.180217950605856316e+02
1.210999352367206683e+02
1.164485989790581186e+02
1.207436722135095550e+02
1.221073199383856576e+02
1.156766562701011907e+02
1.213379454601663952e+02
1.232294304222311609e+02
1.176142033475939286e+02
1.215602643104948015e+02
1.251294273498680383e+02
1.182047511677096452e+02
1.233881657107443175e+02
1.162786243394556180e+02
1.216292334866060543e+02
1.239886180190281237e+02
1.184481515407423871e+02
1.220951324841938259e+02
1.265414614560120725e+02
1.180491974095430692e+02
1.248490749893505409e+02
1.259677674745083351e+02
1.231226138581835698e+02
1.257727767954936127e+02
1.305439218160958603e+02
1.227249534975628364e+02
1.280984721293191626e+02
1.201201189613186955e+02
1.264943502824453390e+02
1.269542283973325141e+02
1.242343114050596995e+02
1.258743349459553258e+02
1.310875020176718522e+02
1.264759605150301951e+02
1.286030287318441196e+02
1.340636866840914934e+02
1.255798501287016222e+02
1.323584337741040713e+02
1.319320209517069884e+02
1.309763879942753704e+02
1.302740322254182388e+02
1.283535758380196796e+02
1.335626844448819099e+02
1.320447533698454663e+02
1.317133842527256036e+02
1.301748623593430807e+02
1.349979764260319826e+02
1.302125005746348450e+02
1.349154416810358441e+02
1.393446037394937207e+02
1.325711139868078021e+02
1.364491183386092246e+02
1.300415773832381774e+02
1.352763135367729888e+02
1.386834505945057003e+02
1.313290114228323091e+02
1.372828797920303998e+02
1.406906671346547739e+02
1.337629747179720425e+02
1.389678730604023258e+02
1.425674559317589001e+02
1.360576336415429921e+02
1.410085877508057877e+02
1.447197094662008112e+02
1.378135347489419473e+02
1.434692085868056211e+02
1.369684536769323131e+02
1.425434495890741005e+02
1.407744036537676209e+02
1.427108392031861683e+02
1.458115246350338907e+02
1.421021631483037595e+02
1.473960845094705974e+02
1.394253644664917147e+02
1.463430923447839973e+02
1.453856129553499841e+02
1.424964161683457462e+02
1.455516350727653219e+02
1.495970358925439143e+02
1.443810357259900741e+02
1.491602729138428174e+02
1.509189328963136063e+02
