0.000000000000000000e+00
-4.495798456033836032e+01
1.931112467917693110e+01
-2.626945968879175553e+01
1.148864542542723743e+00
-7.472345309007150327e+00
4.243499515288110757e+00
-1.142318300863018621e+01
3.257682066699178591e+00
-3.435953647166663849e+00
3.100023910428154394e+00
-2.818246272032168598e+00
2.854651206995251211e+00
-2.305570529309180827e+00
2.503261427946956275e+00
-1.841900065970066613e+00
2.393548222931909830e+00
-1.418700048249256440e+00
2.400779590761192850e+00
-1.027916164547106659e+00
2.470543496516756310e+00
-7.080504921008206054e-01
3.269958350691100968e+00
-4.955581911679389218e-01
3.583245639081332978e+00
-2.965146204657763684e-01
3.912162025404016585e+00
2.585011565038601855e-01
4.136784038104142525e+00
4.047433071621974188e-01
4.342268818992063295e+00
6.074287183495165054e-01
4.680022561539828985e+00
8.572047075619803058e-01
5.024064114364305667e+00
1.135487105545686992e+00
5.385777324122963172e+00
1.434979890880700104e+00
5.765106170850705425e+00
1.752272997176887337e+00
6.157928548710946082e+00
2.084502166999998352e+00
5.431930594949689883e+00
2.447857059393703238e+00
7.119143675624580503e+00
9.337803728508282219e+00
1.084718711337406027e+01
8.333910661638048722e+00
1.208887561361888352e+01
8.964192276804807236e+00
1.250946926518070335e+01
9.341533270943143563e+00
1.294473279999842319e+01
9.734146670329646867e+00
1.335451658782526074e+01
1.010230265529723859e+01
1.375728630121302132e+01
1.046749592081292235e+01
1.415343505037291827e+01
1.082801674537861736e+01
1.454754606364346081e+01
1.118686898889943393e+01
1.493937485024417633e+01
1.154396439356549564e+01
1.532976073334660505e+01
1.189962043434611161e+01
1.571848596051156299e+01
1.225361374913341095e+01
1.610546720687114330e+01
1.260570411233127786e+01
1.649040262260238521e+01
1.295554537940493312e+01
1.687299478432895938e+01
1.330277041762415635e+01
1.725290448293547740e+01
1.364698947510300719e+01
1.779847282845019762e+01
2.022256440002149347e+01
2.318670109623858977e+01
1.941406578103958225e+01
2.413367720619936563e+01
1.983523419238788321e+01
2.449411017232364429e+01
2.018272731425797417e+01
2.483775601847832348e+01
2.051434445543285889e+01
2.516220111619244548e+01
2.082853205107879191e+01
2.483320363247240792e+01
2.115887484365211080e+01
2.517013865688629082e+01
2.147729241058828009e+01
2.547245471701559794e+01
2.176724935316556753e+01
2.575320247040616550e+01
2.203824598298748327e+01
2.601222951110485226e+01
2.229049136703043388e+01
2.640965701505835384e+01
2.925107196829134892e+01
3.062280233295314957e+01
3.015952021653988879e+01
2.963426871484098157e+01
3.169548212070437643e+01
2.946777654218140441e+01
3.155779503285124221e+01
2.964366813232503262e+01
3.194634491678388954e+01
2.917676127562921806e+01
3.208620719507140961e+01
2.932295400638266969e+01
3.211996827527178056e+01
2.948698351893177261e+01
3.216299377236909152e+01
2.964225183578471601e+01
3.219497831487717576e+01
2.980379971200679634e+01
3.279016364615299750e+01
3.661083067126239143e+01
3.928036850440786054e+01
3.623992735541470012e+01
3.935925482922358043e+01
3.634990206557817771e+01
3.928157344092083747e+01
3.609259502287388699e+01
3.840661032061340308e+01
3.293546936691444671e+01
3.844299045333220732e+01
3.555690301986703616e+01
3.852497273544465628e+01
3.541052242656056137e+01
3.855078456805349418e+01
4.141700315674506072e+01
4.256203362952731339e+01
4.143351046925278069e+01
4.287212104401515944e+01
4.147770746130434816e+01
4.287860446512925705e+01
4.126276872175803589e+01
4.274612832275296626e+01
4.101061027541798154e+01
4.255998634752398857e+01
4.074561306149609408e+01
4.234855646698573395e+01
4.046265139769612773e+01
4.198707928534304301e+01
4.067990034511845465e+01
4.474263544495306633e+01
4.555245544916780887e+01
4.996987219372254430e+01
4.334299822722350370e+01
5.053115845475709023e+01
4.265149275193166289e+01
5.012432553904037036e+01
4.187247608323136205e+01
4.987528541777370350e+01
4.323934741913705437e+01
4.520031658816503040e+01
4.601024081848785841e+01
4.563578516202845492e+01
4.450929116710120326e+01
5.050201278525420179e+01
4.880896802491052000e+01
5.315238794884902518e+01
4.649121280908885723e+01
5.346258994006735321e+01
4.551502513475510625e+01
5.245640306256023422e+01
4.526832006371967054e+01
5.175141411716042228e+01
4.434685461795481842e+01
5.100021651082397511e+01
4.377765122604748882e+01
4.984785413903387052e+01
5.265379635074869924e+01
5.123218194995124719e+01
5.348848394610159573e+01
5.137285718106499388e+01
5.146595658081248104e+01
5.102545766956666284e+01
5.074205548912534880e+01
5.030828381942475147e+01
5.025323680192918374e+01
4.976532049333494712e+01
4.950264443632467248e+01
5.443700035017430849e+01
5.261720709046460343e+01
5.618730160255227446e+01
5.058718694839588892e+01
5.614618960847725049e+01
4.938368305160133787e+01
5.519006495872057627e+01
4.961435630808011865e+01
5.474608057478762646e+01
4.801578729755610198e+01
5.366787611700427618e+01
5.737072022484566247e+01
5.387845459990838748e+01
5.633588077828173368e+01
5.336766023819718185e+01
5.587993854830914842e+01
5.381210966489636149e+01
5.409629272681551271e+01
5.260180406886251347e+01
5.313130836069600349e+01
5.156688725014571872e+01
5.239565564627175576e+01
5.672404227961476408e+01
5.450478256074125483e+01
5.620059426010115544e+01
5.407290113580942403e+01
5.490810725498742784e+01
5.296872111741103595e+01
5.449049012554252158e+01
5.227049146176487682e+01
5.318607615442962100e+01
5.108500601970526844e+01
5.541720801579236166e+01
5.537167491609299930e+01
5.660871355400709604e+01
5.251386895931286602e+01
5.766288858292839592e+01
5.276010625800134335e+01
5.692019379325837036e+01
5.023711471731850509e+01
5.544695310018197176e+01
4.920996217821003427e+01
5.424350244811434152e+01
5.726081118196938036e+01
5.198185677613415123e+01
5.683856979448026436e+01
5.008733254293272097e+01
5.584969796672204723e+01
4.956394862252931688e+01
5.436053972841195048e+01
4.752003659436515193e+01
5.328503837106118368e+01
5.470718995788227090e+01
5.781056057159538852e+01
5.213596730280302438e+01
5.620256135276319753e+01
5.064016298228462887e+01
5.471447172698442074e+01
4.947420287507435432e+01
5.328630142065328812e+01
4.769619697128077007e+01
5.176083437226115791e+01
5.401768031542057713e+01
5.532945702905956864e+01
5.244535093834594619e+01
5.450448705149137396e+01
5.088385273204278292e+01
5.297933160520056362e+01
4.951785848028813319e+01
5.144245446651856213e+01
5.358328439789312370e+01
5.641113594790833474e+01
5.129467092118049720e+01
5.386418820431809706e+01
5.074256669973573963e+01
5.321004516155757358e+01
4.857786072735684257e+01
5.110815677934353829e+01
4.703710486285142878e+01
4.973392349264957346e+01
5.204645844559851753e+01
5.359492391948612067e+01
5.033971009077572489e+01
5.259696760001609306e+01
4.768580260290838879e+01
5.092283023677324394e+01
4.579171775500953601e+01
4.889558328771509110e+01
5.065988885738030945e+01
5.253639848575491555e+01
4.751335423919178425e+01
5.057450712803522919e+01
4.655915512083486618e+01
4.920937732746227056e+01
4.440479646870210217e+01
4.730679470305597079e+01
4.937580111735640287e+01
5.071736840226218135e+01
4.883410295922226396e+01
5.031454871805576090e+01
4.523166103060122367e+01
4.796035199231130974e+01
4.427345849824938995e+01
4.629837204435361997e+01
4.875145686515894283e+01
4.949098501282137619e+01
4.797831542461918275e+01
4.880641550782691951e+01
4.529010948898420708e+01
4.654843259959334745e+01
4.395241332857451511e+01
4.553388209937436670e+01
4.848293788499735513e+01
4.828910260617335126e+01
4.639783497933807865e+01
4.670905070347681942e+01
4.507493621725719635e+01
4.535562737948395551e+01
4.267763338034950493e+01
4.562823310210557537e+01
4.578788400103562140e+01
4.909048294606774476e+01
4.346816988871385234e+01
4.715376663233610088e+01
4.228927835325162476e+01
4.607890659832862923e+01
3.979601672476474050e+01
4.379321896381720336e+01
4.468494875262431520e+01
4.668372375191474077e+01
4.291875360347443547e+01
4.672233133146695394e+01
4.001341176594757343e+01
4.438990083291393773e+01
4.720796677173967026e+01
4.422908884487150516e+01
4.461706345414376074e+01
4.326183709718555548e+01
4.232395235524710841e+01
4.101568318778111433e+01
4.169712701917061537e+01
4.011138802334006925e+01
4.319760477538320487e+01
4.586907985738891114e+01
3.933511206611014899e+01
4.316323956044158905e+01
3.948514479010812295e+01
4.242128815290556076e+01
3.564061332325471199e+01
3.984930364949720882e+01
4.281269213722644906e+01
4.120272907715769861e+01
4.106728274212063923e+01
3.876423409856376878e+01
4.028614098719251047e+01
3.789183292778131573e+01
3.742040508386571673e+01
4.090005752020602614e+01
3.977242025479684884e+01
4.074285082844659200e+01
3.783058196749468038e+01
3.861252815746514955e+01
3.611373725881650643e+01
3.743575682967112073e+01
4.090640583974641942e+01
3.708929425815698977e+01
4.102680140634312522e+01
3.285805602055398111e+01
3.846614273980461007e+01
3.099777880985298140e+01
3.642314503199568776e+01
3.886658264249575723e+01
3.840189863710988760e+01
3.570946416364797216e+01
3.879103263836491777e+01
3.136646178077519309e+01
3.596695874094205436e+01
3.819914519068299796e+01
3.875653268912886062e+01
3.587364322217905510e+01
3.811148846351584751e+01
3.179891438159967976e+01
3.573457596241189549e+01
3.008820094131461431e+01
3.392394843475097588e+01
3.646715959644873806e+01
3.670911560702116816e+01
3.437867251746045838e+01
3.644513392119424822e+01
3.116928859841615207e+01
3.405889854795088212e+01
3.539867551055361616e+01
3.747796977824956599e+01
3.278972586598265337e+01
3.514106177226493344e+01
3.088336133148206031e+01
3.339407694384760816e+01
2.906031673638095114e+01
3.141249466592191197e+01
3.290073792171266120e+01
3.454229088404330383e+01
3.249113995237650698e+01
3.431369563857368377e+01
2.959639169361434341e+01
3.176141493370470315e+01
3.365171331605667859e+01
3.487282700279759240e+01
3.150209163661547151e+01
3.344061577466513313e+01
2.927913868461115143e+01
3.118275680863470711e+01
3.346004458518402203e+01
3.421478920489025199e+01
3.382625607453381633e+01
3.400820150939667741e+01
3.005080971077136098e+01
3.147094376388630010e+01
3.431788727247910487e+01
3.432807740289847231e+01
3.292137240760077077e+01
3.337277469572347144e+01
3.017318572059924620e+01
3.104181138991133793e+01
3.033656449421025769e+01
3.369456491384279673e+01
3.305937540331603941e+01
3.543943535680578094e+01
2.841757952201958659e+01
3.325273815217708062e+01
2.689492094432121050e+01
3.171228778254461034e+01
3.113962367734553638e+01
3.473641156725499002e+01
2.798873439819808695e+01
3.313684282664046776e+01
2.651221307028822594e+01
3.173540552232359957e+01
3.347185542451421725e+01
3.272802582561596552e+01
3.216935984649009583e+01
3.140725923194854730e+01
3.039012381204817359e+01
3.353756347044195962e+01
3.264575843022607415e+01
3.561785968601223829e+01
3.050798472686804175e+01
3.366530456429385509e+01
2.939334798147895356e+01
3.257266521991483899e+01
3.559014771053720949e+01
3.251536312711778720e+01
3.331979054630489401e+01
3.174338956092974939e+01
3.144148059387146787e+01
2.992610377208316663e+01
3.313523648026814783e+01
3.556956659011099475e+01
2.995160604383283598e+01
3.383321997935574643e+01
2.850151299813223815e+01
3.260554636567260189e+01
3.565195459908689912e+01
3.396498295805862000e+01
3.583911314526915248e+01
3.047723078647817374e+01
3.435200960917314461e+01
3.710110628131103283e+01
3.503327674800828362e+01
3.696005107447297888e+01
3.135014708818439644e+01
3.525318367204844350e+01
2.999112169580902787e+01
3.389559498431710693e+01
3.532577159784223397e+01
3.756544044840644148e+01
3.075863889977162202e+01
3.550500882663195057e+01
2.905168098453235714e+01
3.380915489334681467e+01
3.652762836157003790e+01
3.679819591053210814e+01
3.356693587673543533e+01
3.581031071280832379e+01
3.184783614710406141e+01
3.401485705613263377e+01
3.602092237114658957e+01
3.770025685361130030e+01
3.410656756454901739e+01
3.627514325766465930e+01
3.222901636941970338e+01
3.534949575008216982e+01
3.706866929583834036e+01
3.828056349564855765e+01
3.535854369401322117e+01
3.775076649787254723e+01
3.270291015779663724e+01
3.579898746036447932e+01
3.767679848577879653e+01
3.971150889748503232e+01
3.413860742378028590e+01
3.734419834391319881e+01
3.906551235822778523e+01
4.121752109930010022e+01
3.992197543183002040e+01
3.896281741758875228e+01
3.925492723543012374e+01
3.481050554217084425e+01
3.742518785018602046e+01
3.980418787805680836e+01
4.077037987935426600e+01
3.816150646471544405e+01
3.958808589911036080e+01
4.233501351958321379e+01
4.280248449678624212e+01
4.065222043160334664e+01
4.150484899823168661e+01
3.989612816666627282e+01
4.042150142606744367e+01
4.352485521172904015e+01
4.396656637638849219e+01
4.118173715976374893e+01
4.168217048981283313e+01
4.170558018354108754e+01
4.079323612578078695e+01
4.409832734287665090e+01
4.521974577837818288e+01
4.026555943365678303e+01
4.169781041178651293e+01
4.186458364151515354e+01
4.564572970003015229e+01
4.443189886074650019e+01
4.661490621031879300e+01
4.143755802334611360e+01
4.592060651520807824e+01
4.878297514239328336e+01
4.563963512544190593e+01
4.752356152823976032e+01
4.374936462184582098e+01
4.762872481824901882e+01
4.069253820194830240e+01
4.547199558249415929e+01
4.856091332404926675e+01
4.535195955464325834e+01
4.664493079838970857e+01
4.452474256295609223e+01
4.403807859631216104e+01
4.836659122492798701e+01
4.571430080808517005e+01
4.935675990394368284e+01
4.238882560393147969e+01
4.624480326591356771e+01
4.922449800228162076e+01
5.167564902906367053e+01
4.574039072663386918e+01
4.954201843040447528e+01
4.509124168964657997e+01
4.852897846332708554e+01
5.110557300299969796e+01
4.901907459196204542e+01
4.752122465567028087e+01
4.909490573038046790e+01
4.612206105944279955e+01
4.879861629016474467e+01
4.965079178552679195e+01
5.132185398788347896e+01
4.600630281182026948e+01
4.998193517013152132e+01
5.220033899155433232e+01
5.293990144438593148e+01
4.949930557896497163e+01
5.223964192623017766e+01
4.714238136059204720e+01
4.946208670143162323e+01
5.232029521607077527e+01
5.331101199059774132e+01
4.923594070490629804e+01
5.164002983903524324e+01
5.349348046303008886e+01
5.571746715937309347e+01
5.060612013445867063e+01
5.298791956674232750e+01
5.161519318101752418e+01
5.212617540794585835e+01
5.391186776297322325e+01
5.587389688333501425e+01
5.166609030334608832e+01
5.404286470484264271e+01
4.985459148870567248e+01
5.253335504203879225e+01
5.383221525459082102e+01
5.581460714666317813e+01
5.151841501954557145e+01
5.458719368734446675e+01
5.575054660930783257e+01
5.802535888644869999e+01
5.348593546301214019e+01
5.683738146665136526e+01
5.062124559117903289e+01
5.451568904584013353e+01
5.508233378449762796e+01
5.794824557019565958e+01
5.438523836436080927e+01
5.741392059225446332e+01
5.852912196223217478e+01
5.949942953640621823e+01
5.400166904268081680e+01
5.829666462172951213e+01
5.247605896763727884e+01
5.663580096535297059e+01
5.683728519634001941e+01
6.007775459631599091e+01
5.417036088884426448e+01
5.838809913234687343e+01
6.098534539385944697e+01
5.881158985910385439e+01
5.902512101229756070e+01
5.804406750208198673e+01
5.601103093424460866e+01
6.014315933355924670e+01
5.806647876197746427e+01
6.171681467042561309e+01
5.445631971961122986e+01
5.948779573894734796e+01
6.270048891628005805e+01
5.993787206030374648e+01
6.006778806429318962e+01
5.825445196503510203e+01
5.817992796088478968e+01
6.214675975003314790e+01
5.917713197391613278e+01
6.233306625803372469e+01
5.471285636708486777e+01
6.023109866346140251e+01
6.305916135842547021e+01
5.958709454505533643e+01
6.275049757649178872e+01
5.499051095197097538e+01
6.043994352314049223e+01
6.216850094351386247e+01
6.490558000029012931e+01
5.681648486576099799e+01
6.157798141918211599e+01
5.774375994526390343e+01
6.060078834242122525e+01
6.134097075587685310e+01
6.114366408452305990e+01
6.015648188060340829e+01
5.756569084871696163e+01
5.936143399958952216e+01
6.160980983134917466e+01
6.239845873910680751e+01
5.839140628288697599e+01
6.076600097634133135e+01
6.250138424343574428e+01
6.351250646389743792e+01
5.931478343184556934e+01
6.191799482685238587e+01
5.518562649769852158e+01
5.912824877810950142e+01
6.017344682399837552e+01
6.228717294010561289e+01
5.620996669089121411e+01
5.960843431963630223e+01
6.090518035245833772e+01
6.252986481868856572e+01
5.920203161493775212e+01
6.092455686957212180e+01
6.252712714942662586e+01
6.375600267693604906e+01
5.927316204600645477e+01
6.136255490277685709e+01
5.798160368545570265e+01
5.916825350553285290e+01
6.113142618826166341e+01
6.178659081087404559e+01
5.930130089677263783e+01
6.043795501981143303e+01
6.287591236007850881e+01
6.295511785860183807e+01
6.128536347769378523e+01
6.132123068499268470e+01
5.710395781700242424e+01
5.842262000561834157e+01
6.101232718814653566e+01
6.063863833349637389e+01
5.808370529915485037e+01
5.851387862082238200e+01
6.129943503870458699e+01
6.074405308215892774e+01
5.997382579060968055e+01
5.922616693017177880e+01
5.717249232709326634e+01
5.867641039723608287e+01
6.122616078411755325e+01
5.923260783985868017e+01
5.956405509975974155e+01
6.224631258292404112e+01
5.985400519616203496e+01
6.264697256848054252e+01
5.741639920862914437e+01
6.053569203744903859e+01
6.320497555393638578e+01
6.014252045387707568e+01
5.970973989278858340e+01
5.754025211129769701e+01
5.874172862656664762e+01
6.201220285567405455e+01
5.877878742971596182e+01
5.948261792849195473e+01
5.676987415050694352e+01
5.679125047646641633e+01
6.018920449977259324e+01
5.745110272578209276e+01
6.020620313195902185e+01
5.477768650467536560e+01
5.832624536517100466e+01
6.045084910632810704e+01
5.672003051712155042e+01
5.905487077970082765e+01
5.522843602463998280e+01
5.763178554295812717e+01
5.811741047625272927e+01
5.959342532694248717e+01
5.364743376561867194e+01
5.657476846627503164e+01
5.851292219969056418e+01
5.939076986627804189e+01
5.507710544967228117e+01
5.656207942080533968e+01
5.853785982843529467e+01
5.966710221426093597e+01
5.507787381068475696e+01
5.659633884205420884e+01
5.258319293051665255e+01
5.487894591925660848e+01
5.573947970745952318e+01
5.734849205130187499e+01
5.256252200115974205e+01
5.391598323119703906e+01
5.522537267918765025e+01
5.651351714153441463e+01
5.635004334483380006e+01
5.161446026556036060e+01
5.364467335679620419e+01
5.455078892559563997e+01
5.620914679996522523e+01
5.213102128953510572e+01
5.428432956707455759e+01
5.482963903805095640e+01
5.702823037973435305e+01
5.244502387565620438e+01
5.441092918625908936e+01
5.594714262705442565e+01
5.544890514713712548e+01
5.308654259355584770e+01
5.337797200346498272e+01
5.002414024889954902e+01
5.081868243537552132e+01
5.320136993913305901e+01
5.255351404777085378e+01
5.321700127682242254e+01
5.439705896021423825e+01
5.387586517119711260e+01
5.372991376902565719e+01
5.264558109986538881e+01
4.944477630447275374e+01
5.248088997093817909e+01
5.066059674369064680e+01
5.370535134803606780e+01
4.987842670266288536e+01
5.221869143481749376e+01
5.457486826518439926e+01
5.171433748092491811e+01
5.140688240169941992e+01
4.945524567129029236e+01
5.257616347049675909e+01
5.386532372950333070e+01
4.863012996396430054e+01
5.224921115248517367e+01
5.464381517943163402e+01
4.922110894252617896e+01
5.329857198227173853e+01
4.503412489421495479e+01
5.001072408703484484e+01
5.236341404245334274e+01
4.983245893817915828e+01
5.004067572887839077e+01
4.710639758982632941e+01
4.982955916078179115e+01
5.112417944178264406e+01
5.152548989101794064e+01
4.763761154096933126e+01
4.803165874158190007e+01
5.036773243735757433e+01
5.210523625406877102e+01
4.580059730808012119e+01
4.942294253831632034e+01
5.052675278178201523e+01
5.230264098248449756e+01
4.578585795475379427e+01
4.906845438568392836e+01
4.249131335750536920e+01
4.607313404188639083e+01
4.754032820003914850e+01
4.831486918428152677e+01
4.554962171100538626e+01
4.766749734129650307e+01
4.847843903979489255e+01
4.963544834138423312e+01
4.482440520874804690e+01
4.656705045976031698e+01
4.745050411039120775e+01
4.889400228505154899e+01
4.681863591769003108e+01
4.652465128675255102e+01
4.768772984785942981e+01
4.925506418861494495e+01
4.802108968736455097e+01
4.394778104912111871e+01
4.663958200777762642e+01
4.716129886982309216e+01
4.900955827391709363e+01
4.481862470815158161e+01
4.743362267194868309e+01
4.746168035164113519e+01
4.964608200592096665e+01
4.428008222231778035e+01
4.733158721738175245e+01
4.762055999783321880e+01
4.989963468214112652e+01
4.594672501913410656e+01
4.877212091581411357e+01
4.049636542486132385e+01
4.516923799811973339e+01
4.472994542842985055e+01
4.762647734579573466e+01
4.347946770097715330e+01
4.703944070586640436e+01
4.799480338103116139e+01
4.502343951958379620e+01
4.722080516266752426e+01
4.140409806451970809e+01
4.597069513091749826e+01
4.710250658657795242e+01
4.536492882315429398e+01
4.368346263999796264e+01
4.746383949613858277e+01
4.479750168646408071e+01
4.812866986462378094e+01
4.168532016323952405e+01
4.524973361800968519e+01
4.793889491018968840e+01
4.484862685706475105e+01
4.542316217368592390e+01
4.327790820045232323e+01
4.567442452040067025e+01
4.646147461148697033e+01
4.831732834206826510e+01
4.248388736040919156e+01
4.513303318618849858e+01
4.748716903386453225e+01
4.821641503018244634e+01
4.270914994660534347e+01
4.551965132795282898e+01
4.769055792715079889e+01
4.791358608150719078e+01
4.398522749410272326e+01
4.548205299907989740e+01
4.794133109856927177e+01
4.863366011430129277e+01
4.463636638138230239e+01
4.592304095880625425e+01
4.815768255141953347e+01
4.957672672009987025e+01
4.420042444757726940e+01
4.692674148570642245e+01
4.835627106085117077e+01
4.950917274518779010e+01
4.672896868190633057e+01
4.828657516703175645e+01
5.005038315602244836e+01
5.051296904378974517e+01
4.691289431043055913e+01
4.842963857559066554e+01
4.373262419439649307e+01
4.578086521606483927e+01
4.715035004947974073e+01
4.822236116810956474e+01
4.496860938886700154e+01
4.659696647809875714e+01
4.853342042826007940e+01
4.899112239805712221e+01
4.517538557900790153e+01
4.662170389713767804e+01
4.890940330455125462e+01
4.891837453088408694e+01
4.868074184470339816e+01
4.872832276830497023e+01
5.140732306510695793e+01
5.051709277527400843e+01
4.704680932131210369e+01
4.749367833515401571e+01
5.032620487332996362e+01
5.014768900598848234e+01
4.863600527961358466e+01
4.816714924560375977e+01
5.130749592803965697e+01
5.154054263940955849e+01
4.915849942152119212e+01
4.853202796938491304e+01
5.193984321770233947e+01
5.412557544470431736e+01
4.652669779984828580e+01
5.148867708346603678e+01
5.423844832382795289e+01
5.149847085876173480e+01
5.222255380378041423e+01
5.003792311377805646e+01
4.901641792693877875e+01
5.277229674444159002e+01
4.988715345510075139e+01
5.336540936436498583e+01
4.523391222314872095e+01
5.056338772668478043e+01
5.311172719984980972e+01
5.071159491349489201e+01
5.212985308603972356e+01
5.454799872196014832e+01
5.650647693109217329e+01
4.973545807583721512e+01
5.342333910054067303e+01
5.562420781910984147e+01
5.577838972631798953e+01
5.197065447519997150e+01
5.343447654963910765e+01
4.957576690456539836e+01
5.206499316661128773e+01
5.216478451426098673e+01
5.448185431815706892e+01
4.814126936222982067e+01
5.185303611696561177e+01
5.285152050769390542e+01
5.498369055902082891e+01
4.821732686004948221e+01
5.179011941414778164e+01
5.277664760099015240e+01
5.433419305727878168e+01
5.161421271631694907e+01
5.358467578603914205e+01
5.475096168965205123e+01
5.604375071950374831e+01
5.065356589836459733e+01
5.323774105444798721e+01
5.385624849548027271e+01
5.554491050045323419e+01
5.495804870096866068e+01
5.724913370043921645e+01
5.766162984619271015e+01
5.399438442541550387e+01
5.531203204010741814e+01
5.748160957771372637e+01
5.749405235164200434e+01
5.360165858846054476e+01
5.465619101761333809e+01
5.706988468862449793e+01
5.677730306027357443e+01
5.777490822310108598e+01
5.610427730418800962e+01
5.257048182087579846e+01
5.334170412074958989e+01
5.619725883332360894e+01
5.501829102066711386e+01
5.496847616454894592e+01
5.753809271809888770e+01
5.560286009379237981e+01
5.844731848809566799e+01
5.229489056175883377e+01
5.612031513456689424e+01
5.848799200784530683e+01
5.591753622434341509e+01
5.543430004693640711e+01
5.884188467480940687e+01
5.605093365076441358e+01
5.939061245885093854e+01
5.311824206756635647e+01
5.650887453920912407e+01
5.909876328969561143e+01
5.580384910264704956e+01
5.598716625257173263e+01
5.924676115482127869e+01
5.842559963779139309e+01
5.978271976513309482e+01
5.424100816297772809e+01
5.806610439753652742e+01
5.989872065539544366e+01
5.407317014071650618e+01
5.763923977105382335e+01
5.426594741675017985e+01
5.644905535239045236e+01
5.688549040146040170e+01
5.862301905801369628e+01
5.321234316117109842e+01
5.589284412716741457e+01
5.744365568709468306e+01
5.829333950291162836e+01
5.390560127780983635e+01
5.587166153443482841e+01
5.687965274178929320e+01
5.862839830500592342e+01
5.235229078660307778e+01
5.540753630495615312e+01
5.651337697404147065e+01
5.813392834111724738e+01
5.335296877869588172e+01
5.482384090889674866e+01
5.604413667225877305e+01
5.759114545435831900e+01
5.479677024560686505e+01
5.705435184629144629e+01
5.770746878638607313e+01
5.921776261197305757e+01
5.423338697744250680e+01
5.654335284212891821e+01
5.677957203004832110e+01
5.850311709209472610e+01
5.339821216162010842e+01
5.600279363401615029e+01
5.598095343248537148e+01
5.837065579401428295e+01
5.655681692436117203e+01
5.936764756212655669e+01
5.857066620199016427e+01
5.651950719659181743e+01
5.629467190858277803e+01
5.888085781499704296e+01
5.879859928768538424e+01
5.860406853693088181e+01
5.714228643062485702e+01
5.993682809068989314e+01
6.013483863084782399e+01
5.411478336349175322e+01
5.717331845934954515e+01
5.477237632646956911e+01
5.763559156413897711e+01
5.976840274832002819e+01
5.326721927588143046e+01
5.662325685046881318e+01
5.913099303467432577e+01
5.631258862109857688e+01
5.693633897447833903e+01
5.989612490038814485e+01
5.709449076663474898e+01
5.844394339558525076e+01
5.560439325113033249e+01
5.476756380562866156e+01
5.794435580642196015e+01
5.539526703459339529e+01
5.807304647054468205e+01
6.045591764436451854e+01
5.646990400922282305e+01
5.952464271898951864e+01
5.293361217099307936e+01
5.692353104009042397e+01
5.800345813195021094e+01
5.921434174352612700e+01
5.456686085454086310e+01
5.535670497452237271e+01
5.739366271609167569e+01
5.903595172311125339e+01
5.195296410171707890e+01
5.579264601512587518e+01
5.722270693938406794e+01
5.810912926614982155e+01
5.378417398833818197e+01
5.514062014454805905e+01
5.637488843888926482e+01
5.761724083582438283e+01
5.406053692204339001e+01
5.576509458908680017e+01
5.713599216333663122e+01
5.780659718194439023e+01
5.410550581993046393e+01
5.551846418176716469e+01
5.709855085944106889e+01
5.790780339049089775e+01
5.303625670791799962e+01
5.440713627891093296e+01
5.604741643496144832e+01
5.648531435996260086e+01
5.418331784244837479e+01
5.557717605169610664e+01
5.761032836950901270e+01
5.726826885478534024e+01
5.316806915562100500e+01
5.396505072087070687e+01
5.634588956015838335e+01
5.571267731140044788e+01
5.664360294856240330e+01
5.356962054637777015e+01
5.627762016010618851e+01
5.563414329763200072e+01
5.579077592897964166e+01
5.730349065120896057e+01
5.666811578438492347e+01
5.864284469583815707e+01
5.379562058620828680e+01
5.707345154351068572e+01
5.881897632303029155e+01
5.459097753341798409e+01
5.761476690229119413e+01
4.892712439229499211e+01
5.443017110937099545e+01
5.688610829702406591e+01
5.402542435341496230e+01
5.470665004481757165e+01
5.770947482219112601e+01
5.480453783795397271e+01
5.574397503416349764e+01
5.865398978221517012e+01
5.773090538799308291e+01
5.705982892647984528e+01
5.385645818013175301e+01
5.727461534139025900e+01
5.680888773905717670e+01
5.545151598369444201e+01
5.644683959793669459e+01
5.849360908182022456e+01
5.991946761883801997e+01
5.220291620430808166e+01
5.672321517007697622e+01
5.860120482067877390e+01
5.931553652407992416e+01
5.499017365910673760e+01
5.634397027161105598e+01
5.813580077284937175e+01
5.906325112662581489e+01
5.424239592298364698e+01
5.656048122459518623e+01
5.742196334290017035e+01
5.873859743509065368e+01
5.462226570673811921e+01
5.656363216925564075e+01
5.750267052784852950e+01
5.899401304967162218e+01
5.527802828927746503e+01
5.722718794205632520e+01
5.811188523170152109e+01
5.982850580833686394e+01
5.433834359063151709e+01
5.682890770427022886e+01
5.735831640662435404e+01
5.920097477925627061e+01
5.388037630764011254e+01
5.680464756469064724e+01
5.695155488913821529e+01
5.921117431973789991e+01
5.732527644283447188e+01
5.430997948994696856e+01
5.761276192560698917e+01
5.684444833637709849e+01
5.909078411898825323e+01
5.336035584361708572e+01
5.678672088946744623e+01
5.578128423566147376e+01
5.863511518952702772e+01
5.412399041041535952e+01
5.723915459640637948e+01
5.831008835187837747e+01
5.661084036102894146e+01
5.986362014334602577e+01
6.200947369005292842e+01
5.446274049611474055e+01
5.890766305675157355e+01
5.470047512492824637e+01
5.823875066273582490e+01
6.028949011491108223e+01
5.295726630601728857e+01
5.746545496835038591e+01
5.998000249804187689e+01
5.679030440261370671e+01
5.711238586169348252e+01
6.028333749357614124e+01
5.945959538405204370e+01
5.960958392742308831e+01
5.636393729578917089e+01
5.950539519281626610e+01
5.843990538612263208e+01
5.900523302256931402e+01
5.446070768993593703e+01
5.753274592678002364e+01
5.984729896685630024e+01
5.694773060612965310e+01
5.694529818797877141e+01
5.895368091968353497e+01
6.031406650111578926e+01
5.664060660905733613e+01
5.759583180090286447e+01
5.948523207354184450e+01
6.095100977702723810e+01
5.532376250279489227e+01
5.816248095445187261e+01
5.936657327697449205e+01
6.090120651168225407e+01
5.583354879035289997e+01
5.731598213401212405e+01
5.841644948730749576e+01
6.008108266194444980e+01
5.596945034366177651e+01
5.825170370575554557e+01
5.895601867893135761e+01
6.055281417053435433e+01
5.791742430193840363e+01
6.043982919932736309e+01
6.081394201542512690e+01
6.041815470211338379e+01
5.623588105345015009e+01
5.894045541613083827e+01
5.911976412363550537e+01
6.122934799619063995e+01
5.625837324605993928e+01
5.914420477473785098e+01
5.859887934261493569e+01
6.099849380822412570e+01
5.726445870684511874e+01
5.982884672764176059e+01
5.935839289207396519e+01
6.154058932045020214e+01
5.540192090028106264e+01
5.858060603461412796e+01
5.871910155795335129e+01
5.994986133271881101e+01
5.613575369516721736e+01
5.941910015686909929e+01
6.195014367774246011e+01
5.708510795576805918e+01
5.993244336916357895e+01
6.234169231447285142e+01
5.884430048005960145e+01
5.855515930494592425e+01
5.610738716808625526e+01
5.922147382953464501e+01
6.125534022167270365e+01
5.511077579054546050e+01
5.819912274233085725e+01
6.049268585483382310e+01
5.903096117730991921e+01
5.879034721690266707e+01
6.187941992842547734e+01
5.807882991109932647e+01
5.998486862080442705e+01
5.559872046810724555e+01
5.868297833698748889e+01
5.795170900407164538e+01
5.990348223175701037e+01
5.587864284974737927e+01
5.811493908291762978e+01
5.836024948456323358e+01
5.995224976763750391e+01
5.476828944271085220e+01
5.692226664241756851e+01
5.781746529797074174e+01
5.914162328286399628e+01
5.362089327780396530e+01
5.609238376445563290e+01
5.747367651125184551e+01
5.815610911632362701e+01
5.518692308370258104e+01
5.737425202129512058e+01
5.836235009532138918e+01
5.881842337984901548e+01
5.974390939642689347e+01
6.115559289749302962e+01
5.560398151838984404e+01
5.745381806831721860e+01
5.765433695656466995e+01
5.967317116431483015e+01
5.882738618448249923e+01
5.402194674799532947e+01
5.520060334575478578e+01
5.739761425961292929e+01
5.689318650071609795e+01
5.713314190120333791e+01
5.670291580597076120e+01
5.922009160663952088e+01
5.725276338642936480e+01
5.401970063411683753e+01
5.445211358176620564e+01
5.696404542114096614e+01
5.567319500040048297e+01
5.669338937864399242e+01
5.878236701530200747e+01
5.673006315708627767e+01
5.747821190316299322e+01
6.003182712473117988e+01
5.758173774150251489e+01
5.900373162482990352e+01
5.522901695440899061e+01
5.812439662582509925e+01
6.017923637739795595e+01
5.377755038757470629e+01
5.711137169883606646e+01
5.944518272290125083e+01
5.653010584463235233e+01
5.690957756263941292e+01
5.416557413263818432e+01
5.676286720102306305e+01
5.592126093804580478e+01
5.598662511720215917e+01
5.378993706013720555e+01
5.664628213327988959e+01
5.755543529428901195e+01
5.361665865003697462e+01
5.372909481832027723e+01
5.571635885307717473e+01
5.758956736600823234e+01
5.220187562041010665e+01
5.522273315997509968e+01
5.638153929518698249e+01
5.737616382371604118e+01
5.082661387911667106e+01
5.402226555108190809e+01
5.543727715541677270e+01
5.629074650867812579e+01
5.190638392113113042e+01
5.379526627765201141e+01
5.472731040963905969e+01
5.584415006913758361e+01
5.674339560438655639e+01
5.793691453521429935e+01
5.391700508741624276e+01
5.527581826806785870e+01
5.643626735634402536e+01
5.707020951619664828e+01
5.709641587126690609e+01
5.264914961910855595e+01
5.374878808546466757e+01
5.531126835190348601e+01
5.553404795261755567e+01
5.268041647755381973e+01
5.359799510929246935e+01
5.555848073729847414e+01
5.523723275166661750e+01
5.233020006587913997e+01
5.280234482372832616e+01
5.510737952038121534e+01
5.430818151326095489e+01
5.382484560963560227e+01
5.371541089879059427e+01
5.621277196837061041e+01
5.472055935857405728e+01
5.734695412926462410e+01
5.925224011106795530e+01
5.140401356046108816e+01
5.557874345210800726e+01
5.811302844120294253e+01
5.567676571824650011e+01
5.794906477501758957e+01
4.958440029100982827e+01
5.483080916884533451e+01
5.695190827611650519e+01
5.399714522230538449e+01
5.487527691221320225e+01
5.771848321502168488e+01
5.463995916796252317e+01
5.515433117709626742e+01
5.809384330564871135e+01
5.729611153223667941e+01
5.664201778585567126e+01
5.340336854898777830e+01
5.665479738906915941e+01
5.563130112972335439e+01
5.611180602123042149e+01
5.274832526846537206e+01
5.536542383011816781e+01
5.634772267401663726e+01
5.592539252689214635e+01
5.345075790230718127e+01
5.627218319510735256e+01
5.804391248532053282e+01
5.160375397046733070e+01
5.530654439367973652e+01
5.698067799081466234e+01
5.767280076851005077e+01
5.225354782959528421e+01
5.404050543133515561e+01
5.525947789162943735e+01
5.669162092592387125e+01
5.367619435147244644e+01
5.559202478112266732e+01
5.697289369877761800e+01
5.693546254469135448e+01
5.431178179063849143e+01
5.661189736269797379e+01
5.716643961080588099e+01
5.794777369893471075e+01
5.965103386127628937e+01
5.979327250143170147e+01
5.575790983835710790e+01
5.705233893938196132e+01
5.280869126798800295e+01
5.380720864266167069e+01
5.596296119531705671e+01
5.567857865244180715e+01
5.808731085089099366e+01
5.750064283977597768e+01
5.850763174062161909e+01
5.643998110331678220e+01
5.901641200523590669e+01
5.812282310199498170e+01
5.542285332449399959e+01
5.493570607370969583e+01
5.782038803830688067e+01
5.852310023772469805e+01
5.712552292002252585e+01
5.621265680970523704e+01
5.934744013187015099e+01
5.683916667322840510e+01
5.957377786679678167e+01
6.221178573803825884e+01
5.837247856078619890e+01
5.933270399836293763e+01
5.664318469114186883e+01
5.979482802537823005e+01
5.919754744772721722e+01
5.658360497000784761e+01
5.725073388816259268e+01
6.025309359356097616e+01
5.886253996958765811e+01
6.023190850534300012e+01
6.293203200248408535e+01
5.686569442367227367e+01
6.094497170275827358e+01
5.299095739627951218e+01
5.765387468495664791e+01
5.887061696773108110e+01
6.070596320487441488e+01
5.389640388859217524e+01
5.777288889498665014e+01
5.958102049589327720e+01
6.038617464192351036e+01
5.613474217254594834e+01
5.777426659462433634e+01
5.850834022490279551e+01
6.009373955307538751e+01
5.503234303462938470e+01
5.710971105961566963e+01
5.807002327754030802e+01
5.928398418329547326e+01
6.080957531834482666e+01
6.146013896521990461e+01
6.051298690733581509e+01
5.794423116221808101e+01
6.045119150611449754e+01
6.097883641856542170e+01
6.052034767645520219e+01
5.652284952312479760e+01
5.898282437218216501e+01
5.894529722420116968e+01
6.078483873131428084e+01
5.684189923344378315e+01
5.959692895507326682e+01
5.952499700145445871e+01
6.144649247805005388e+01
6.197792307919669241e+01
6.356452374239460568e+01
5.712685655545242014e+01
5.973879008677081970e+01
6.190649778938530545e+01
6.036004952794792899e+01
6.220006616171202296e+01
5.840533425349845231e+01
6.122970079828008494e+01
5.986794255586197266e+01
6.067566943858774664e+01
6.343126545833671770e+01
6.084705155961152201e+01
6.336257701778171025e+01
5.725389411513560134e+01
6.091164379721080024e+01
6.305631887466005736e+01
5.977488506080899811e+01
5.938302748491862104e+01
6.251505214359950457e+01
5.924399951972822009e+01
6.230497388647553691e+01
6.454325127190242029e+01
6.143731156053976150e+01
6.422424560205523392e+01
5.747407883089210401e+01
6.072060309639610409e+01
6.298132956464706922e+01
5.839540346150702987e+01
5.997502257978605655e+01
6.244561309244438974e+01
6.269064709768399979e+01
5.854635185159786204e+01
5.915985188389266369e+01
6.101749697192442312e+01
6.268809715794054682e+01
5.751495248925773041e+01
6.005973240664922486e+01
6.158880982872790355e+01
6.208939542985306304e+01
5.727026735417904746e+01
5.831854039813202917e+01
5.962808076758096831e+01
6.099461336020002733e+01
5.631354973001126041e+01
5.845710510335983656e+01
5.957511415433397417e+01
6.050552349707498223e+01
5.854344744029251757e+01
6.065275765916901918e+01
6.102048049338864644e+01
6.025996114932611647e+01
6.227048211937244560e+01
6.220768210165540779e+01
6.046882429516696078e+01
6.051348165066225704e+01
6.274146023285653939e+01
6.190543570465433731e+01
5.780147722925161702e+01
5.827294970983987810e+01
6.082540151354644564e+01
5.982080470573635012e+01
6.135818479587085505e+01
6.208555086998278938e+01
6.169191961832177640e+01
6.121355617976192320e+01
5.960968949715700660e+01
6.226673984436449416e+01
6.205642239944291561e+01
5.716510200137560815e+01
5.701533390248361854e+01
5.979876116734858016e+01
6.205225716923197155e+01
5.780003345244888635e+01
6.030253635734378292e+01
6.260176579350707726e+01
5.898894722581956529e+01
5.963445864351626113e+01
6.232861075851393906e+01
5.930832843428976275e+01
5.982308707468600062e+01
5.679720642724765156e+01
5.969018014030205421e+01
5.997458880684526150e+01
5.771767177719469544e+01
6.065655617484960516e+01
5.980905529526554432e+01
6.034267869702437537e+01
5.676840659387483612e+01
5.940125621098268027e+01
5.871831991136775031e+01
6.042404788793794523e+01
5.602980165864038753e+01
5.788595273949635356e+01
5.901665154205466735e+01
5.962784891894025208e+01
5.341884504241487974e+01
5.650150599095424298e+01
5.788853817225088250e+01
5.874568017675026965e+01
6.041928402275315335e+01
6.090999198717050689e+01
5.714070202581204683e+01
5.874862609000895475e+01
5.977794627948762241e+01
6.080765106238989404e+01
5.567154373412572710e+01
5.692938389375520103e+01
5.805437617112921345e+01
5.887229486430124581e+01
5.602632535834695915e+01
5.728453369978247167e+01
5.878343658303013086e+01
5.896148580593346367e+01
5.445283000746454860e+01
5.529216238131748185e+01
5.720430274519151226e+01
5.698933025184478396e+01
5.841914351573964126e+01
5.838343353859588802e+01
6.049629375036956702e+01
5.637281997193586136e+01
5.917716323353310770e+01
5.834426167826764953e+01
6.042247541940061240e+01
5.480264219029535155e+01
5.798005993168543881e+01
5.841388001750409842e+01
5.814237482599933315e+01
5.553042264751528023e+01
5.905403216814936940e+01
5.691212358930624760e+01
5.965326758430221332e+01
5.228063314379408411e+01
5.668214737219492605e+01
5.890042030818570851e+01
5.593409302929897109e+01
5.885531166429086625e+01
6.080144222688645783e+01
5.243010566525369853e+01
5.776714068796843549e+01
6.001796258317374821e+01
5.896649009275368769e+01
5.732493496417676937e+01
6.076619870621220798e+01
5.843919851844523805e+01
6.028511050482173061e+01
5.626234012467046597e+01
5.827022409863980101e+01
5.859673230363338092e+01
5.912465926249541326e+01
5.467322465592842207e+01
5.665466768972383704e+01
5.829374517308793457e+01
5.881081087670371943e+01
5.445532796943921738e+01
5.625975597081972523e+01
5.694937678609657894e+01
5.830354726102780916e+01
5.952663749830673368e+01
6.077840899682308873e+01
5.652080483936127564e+01
5.819807467338979734e+01
5.949884014167458446e+01
6.056523742756519368e+01
5.640413707538616706e+01
5.829705546088193557e+01
5.957715063646373466e+01
6.004517674192380383e+01
5.596317501629272329e+01
5.844651535330096692e+01
5.869603936290764779e+01
6.039431356298401710e+01
5.377162462890372296e+01
5.646616852201442782e+01
5.660871215895851094e+01
5.873359846134133022e+01
5.806813449061210974e+01
6.052427740101755660e+01
5.964674916526615078e+01
5.636436098591077837e+01
5.760438830348926587e+01
5.999463615546164164e+01
5.853018907561321527e+01
6.020593944839237821e+01
5.952827859675161903e+01
6.215350522545455192e+01
5.814708403204448928e+01
6.044468236323893251e+01
6.285070669030545076e+01
5.986860158087048234e+01
5.876851437872257122e+01
6.220084741507522352e+01
5.921576314498540228e+01
6.242811516922233750e+01
5.492244950432537109e+01
5.927650935829583290e+01
6.167935409327856888e+01
5.817579181166983915e+01
5.875608779450442398e+01
6.170783985092367629e+01
5.922039170731996904e+01
5.968997765674015454e+01
6.286579036681597188e+01
5.941790370553755452e+01
6.230834565508606460e+01
5.403655576130697114e+01
5.897646900134311210e+01
6.015920276731342398e+01
6.187917263513295296e+01
5.491849444405758618e+01
5.860850623829225725e+01
6.036870090069136552e+01
6.116680563920068181e+01
6.276968168717257868e+01
6.395244743388931141e+01
5.803402588353571190e+01
6.071435705698316809e+01
6.187093635309979334e+01
6.286981602245542433e+01
5.892480776810823073e+01
6.063823846258099337e+01
6.204502103185907202e+01
6.283376342394122815e+01
5.728585714428606934e+01
6.007494234375020881e+01
6.042331072797198743e+01
6.198894101689563740e+01
5.986670910221069164e+01
6.224056699896962641e+01
6.250867213719678261e+01
6.014161619854304774e+01
6.255153387782613095e+01
6.224642610131233056e+01
6.416363331896960176e+01
5.840044526071819320e+01
6.098215185737836208e+01
6.055781510287433633e+01
6.276202467202568869e+01
5.997563816217362387e+01
6.284631679835342055e+01
6.216905098600829405e+01
6.206076412182570579e+01
6.390985567312374371e+01
6.183947230002896589e+01
6.335824381430079910e+01
6.020486989058656491e+01
6.326232301142270131e+01
6.543180219509156359e+01
5.857896931219865877e+01
6.195766618108897461e+01
6.434837056444010273e+01
6.125718909274732482e+01
6.231574937105821732e+01
6.507545400399519053e+01
6.175259120011995861e+01
6.281864290733493306e+01
5.964880143398330148e+01
6.256134268665625342e+01
6.213419220389944542e+01
6.046085205407616314e+01
6.349727598677412033e+01
6.416004864261662988e+01
6.070776772599859328e+01
6.090746314198688083e+01
6.369203261840410590e+01
6.381897216176362519e+01
5.962382987726191885e+01
6.199477486164204265e+01
6.340928983379811967e+01
6.409957761387302355e+01
5.959055760912146127e+01
6.103706196535638639e+01
6.236022913070680573e+01
6.336831748915517437e+01
5.854070502995506331e+01
5.984283673820283411e+01
6.091825005917931435e+01
6.203873548647313640e+01
5.827194787718810431e+01
5.974544479731986968e+01
6.098610817438966336e+01
6.161009451182371066e+01
5.765187110428882988e+01
5.944793998666763457e+01
5.974721694603200461e+01
6.144225717995669100e+01
6.152069402793451758e+01
6.349245623653587955e+01
5.998014964088338274e+01
6.162424965779714370e+01
6.166955036755475561e+01
6.349904540953838250e+01
5.847833602393096442e+01
6.123745912304330830e+01
6.028990173505097516e+01
6.282723087297117104e+01
5.782999259696190819e+01
6.074345951421635448e+01
5.963990259076571476e+01
6.212710402748263760e+01
5.687062097889593559e+01
5.992285664599542372e+01
6.010183106239481532e+01
6.024405118652480695e+01
6.269116383078964816e+01
6.225701503556656036e+01
5.880089758811851652e+01
5.778664836336325550e+01
6.058446559631840245e+01
6.275841428857742699e+01
5.671759760851987409e+01
5.987708978971758711e+01
6.212787001485835958e+01
5.891892363222439144e+01
5.863724360743101727e+01
6.150163363614885981e+01
6.026666597281380433e+01
6.237050970935965921e+01
5.495311516872595092e+01
5.869606509309264908e+01
6.071684378287908146e+01
5.679554578010711197e+01
5.771011018787042701e+01
6.013523242714849459e+01
6.050385257362597713e+01
5.648367037268452862e+01
5.876936454354436279e+01
5.923192817380466124e+01
6.054765150758787229e+01
5.522871768568144546e+01
5.741651226069499359e+01
5.809244712714771453e+01
5.985275807159897710e+01
6.042894609028308395e+01
6.171244876535045165e+01
5.606754163423256898e+01
5.810338973666836182e+01
5.890845951786135970e+01
6.004903782683522451e+01
5.665812585887172048e+01
5.784545478160172394e+01
5.900134129706876962e+01
5.971571933405181909e+01
5.487253068875993023e+01
5.619249124959947039e+01
5.759880626216390453e+01
5.786198658731993305e+01
5.753343313548699456e+01
5.759874192624252487e+01
5.958258320904266014e+01
5.899975019052843095e+01
6.123302716918932020e+01
6.042114427580553837e+01
5.738485407360475676e+01
5.722947477890507884e+01
5.967065219562287837e+01
5.860158479677014043e+01
5.969089061104573091e+01
5.651515515967814451e+01
5.914056281445081709e+01
5.965086735472629442e+01
5.568490040417952969e+01
5.945815153028925693e+01
6.153445254082465965e+01
5.669247174586909210e+01
5.987348470003298928e+01
6.232358855146139831e+01
5.804578481595784467e+01
6.001489061091578492e+01
5.379247618367951134e+01
5.788475523340677142e+01
6.010850840994915245e+01
5.480734200835088643e+01
5.834139208595715331e+01
6.036988179582126435e+01
5.424406388359462028e+01
5.900666096777833047e+01
6.108781291709988182e+01
5.673836080027586348e+01
5.910245850708747639e+01
6.133754671693811389e+01
5.989700086995323858e+01
5.690703816366453793e+01
5.883782951997157795e+01
6.034809026571543455e+01
6.096154027299311906e+01
5.658465441657325101e+01
5.837438995969213096e+01
5.939761145082761118e+01
6.024945114400489388e+01
5.547389007861600874e+01
5.760124321765480460e+01
5.836462000805151717e+01
5.966935418469337549e+01
5.346411644487596249e+01
5.629430842818067049e+01
5.714965101936670777e+01
5.831299754902816801e+01
5.970608063495827622e+01
6.009974666799219278e+01
6.078886620794820317e+01
5.583272885068686264e+01
5.760161589106947133e+01
5.902271915611493824e+01
5.881071111339002755e+01
5.897250754436227282e+01
5.892072731545408004e+01
6.103742252422594561e+01
5.819112991493592091e+01
6.080499381232613842e+01
6.018235202076404278e+01
5.939565168368837078e+01
5.874853349534287617e+01
6.140146036886355319e+01
6.025672244616295359e+01
5.745780491999428108e+01
5.683901216007379276e+01
5.967831334848047220e+01
5.994336661698726942e+01
5.957848578984566501e+01
6.244263817241118630e+01
6.076800441540719078e+01
5.890869237187917662e+01
5.733974137436203478e+01
6.051516400544512209e+01
6.229233588590156501e+01
5.704058865149067259e+01
6.041871392100068050e+01
6.274080011875302887e+01
5.821713847220130589e+01
6.087636809892224221e+01
6.326740973294472070e+01
6.013365182612540139e+01
6.207691415542476676e+01
5.664173767065579312e+01
6.049044596538939089e+01
6.176691626528817380e+01
5.653774236774206230e+01
6.016700671833533676e+01
5.987050251930436673e+01
6.171384494885423067e+01
5.794983664934313339e+01
5.977267434992344164e+01
6.038001435879192513e+01
6.187585329228573272e+01
5.628714690206237492e+01
5.872740511837409372e+01
5.987860011203358823e+01
6.091889268295035009e+01
6.195597853313743997e+01
6.303131778837644106e+01
5.996808115167806363e+01
6.134681982336425676e+01
6.225947633464804909e+01
6.375385432829072130e+01
5.827924022114034130e+01
6.006898081754892615e+01
6.062635579989576939e+01
6.191762951660419390e+01
5.680776409761217849e+01
5.922331032609264412e+01
5.937632755892271774e+01
6.108756200491891519e+01
6.072901339545376231e+01
6.275733119704693763e+01
6.246983412410517644e+01
5.907664672388000326e+01
6.046453818475367115e+01
6.222747455497827929e+01
6.085730765113602558e+01
5.826109807305561361e+01
5.860583364955115115e+01
6.094635850783853215e+01
5.965239198421579658e+01
6.246588265550415997e+01
6.427049311428564238e+01
6.062480996813301459e+01
6.219909999035391479e+01
6.458990764837614051e+01
6.184736220141019913e+01
6.151560155158321663e+01
6.457223792468796830e+01
6.153149584335885436e+01
6.461118180019923329e+01
5.796806198730936188e+01
6.138975911307822031e+01
6.371851242194848908e+01
6.018584749446130644e+01
6.049902465990047773e+01
6.333317148160073629e+01
6.076767030332815978e+01
6.243594251163050757e+01
6.487098419907627544e+01
6.190168681548762208e+01
6.251574003728946138e+01
5.873426532410758227e+01
6.159123418831685370e+01
6.192166281339487455e+01
6.186913122421507438e+01
6.332404662317203048e+01
6.446274261561967478e+01
6.007713962532894669e+01
6.086191185920270641e+01
6.248961103069173362e+01
6.382668357110028268e+01
5.892361028747672691e+01
6.117636052922640744e+01
6.260813879837188267e+01
6.304908777283211663e+01
5.918038102753234853e+01
6.078761327996599562e+01
6.178428803788247592e+01
6.253082322129602488e+01
5.845873468007287954e+01
6.011903276830106080e+01
6.060433300637964038e+01
6.194501449960849726e+01
5.724735230956564180e+01
5.928396595483717846e+01
5.935628175083247271e+01
6.089687922704364809e+01
6.121565386409975673e+01
6.293212815494407408e+01
6.102870302873959929e+01
5.812837567054418741e+01
5.838808576546111340e+01
6.073008651519237588e+01
5.959515264211635355e+01
6.220581376858247324e+01
6.091620230231947630e+01
6.239761796691844609e+01
5.858669687607654453e+01
6.104972019697417807e+01
6.170766472969629035e+01
5.985969264810722024e+01
6.257382050189149680e+01
6.478487474052801076e+01
5.833216509652476844e+01
6.113053002448663165e+01
6.342511959820598832e+01
6.048199049980374298e+01
6.154166335468652704e+01
5.828969678827244394e+01
6.120394623609500684e+01
6.159606165565369906e+01
5.827342977193679019e+01
6.109338717555257148e+01
6.050398625290349486e+01
6.008072220854269574e+01
5.883913741404453646e+01
6.163306881259213554e+01
6.157103258714657557e+01
5.686966016191033901e+01
6.034456087982867700e+01
6.100092505696026279e+01
6.083872678275026402e+01
5.522757594808821580e+01
5.854640415443847701e+01
6.020452939078390386e+01
6.121251367452842373e+01
6.233489704104171381e+01
6.309875026080084126e+01
5.833276551621563044e+01
5.993180243922039097e+01
6.106056733738997622e+01
6.157171065173115210e+01
5.800561770524271310e+01
5.948000826630493520e+01
6.050637371992271341e+01
6.143373468461165032e+01
5.628841373948610993e+01
5.741370311104741830e+01
5.877529131892601555e+01
5.925453175144482998e+01
5.599414262056873071e+01
5.723597596339366333e+01
5.867452195924990122e+01
5.881691215955363106e+01
6.070897659777783417e+01
6.044835970110906231e+01
6.087491761952483671e+01
5.641008424352385475e+01
5.917468761989536574e+01
5.850113644927704826e+01
6.072927734678733458e+01
5.546591498454791491e+01
5.841339586120504634e+01
5.734603537083309988e+01
5.980674333158231093e+01
6.218764757187373959e+01
6.011231137894388610e+01
5.960489401651570063e+01
5.792573275805129640e+01
6.082704619743235241e+01
6.023571007913454167e+01
5.703066942202504208e+01
6.083469122473889001e+01
5.806637569312209024e+01
6.105420846904527110e+01
5.412774524533990217e+01
5.832740586946378158e+01
6.060829138091364143e+01
5.712773433984873606e+01
5.710466275810965442e+01
6.003792440453578649e+01
5.888490603877672669e+01
6.065865285941198692e+01
6.282445122759324363e+01
5.510372739748184046e+01
6.004385952543684368e+01
5.454131272519645535e+01
5.789688266975296216e+01
5.785426035019644075e+01
5.949462651376302347e+01
5.430686335468656978e+01
5.718329220713715699e+01
5.788550270477131221e+01
5.914179600095382483e+01
6.043346503405329884e+01
6.150474131529366417e+01
5.648727411533287324e+01
5.793099137055689596e+01
5.951433965157616512e+01
6.033043512886119686e+01
5.638898873133467760e+01
5.803393433240911747e+01
5.932266078122219710e+01
6.031713703250818526e+01
5.588726261516960392e+01
5.775284989516855205e+01
5.829194944651602128e+01
5.988718252890750904e+01
6.020095511952652600e+01
6.206477775447402223e+01
6.018442489388426964e+01
5.655715156672568611e+01
5.734829809524950406e+01
5.938987736648408600e+01
5.902779046077556302e+01
6.136330271987964835e+01
6.061433585248779821e+01
6.219308313114394338e+01
5.751220844327752957e+01
6.066276491566533480e+01
5.953452637991053109e+01
6.187694340382781633e+01
5.629153617799847353e+01
5.967063074190443217e+01
5.989575831133733175e+01
6.039270022276325278e+01
6.314592478428484412e+01
6.099648738971377071e+01
5.942076548991749263e+01
5.782324711376818982e+01
6.079102563015794658e+01
6.323741950440363979e+01
5.809873475479059124e+01
6.148919002845563142e+01
6.378199656780163451e+01
5.777848457410505745e+01
6.173774602961968583e+01
6.393005032998187431e+01
6.044965742274060005e+01
6.342974863661086005e+01
6.539370351002129667e+01
5.947609604159615770e+01
6.350971001670538385e+01
5.575095748780155702e+01
6.011751116702856734e+01
6.128935957833805759e+01
6.302689606145649748e+01
5.607143625467235637e+01
5.965558769207631684e+01
6.138415890365649830e+01
6.220870167908788773e+01
6.373552852208182173e+01
6.485684152830981475e+01
5.900670907226193407e+01
6.155865382764452676e+01
6.254118495935022537e+01
6.362949794602304365e+01
5.981559607471731965e+01
6.158969640985819183e+01
6.252797541249991298e+01
6.377450506544332853e+01
5.855111825105412038e+01
5.962934526878601815e+01
6.129962031509921161e+01
6.161278763031351247e+01
6.102101956343251743e+01
6.254872977968286563e+01
6.272897874522522699e+01
6.154938966325596539e+01
6.192001200522787485e+01
6.392081548063858776e+01
6.332399192448196601e+01
5.884180609332680945e+01
6.103535614171221368e+01
6.036334194461554858e+01
6.258862956581434389e+01
6.475427158821352691e+01
6.309010093179696099e+01
6.411339249281438413e+01
6.181954109561674926e+01
6.484153420348877717e+01
6.288644054345081713e+01
6.051349566066487284e+01
6.392500314342240841e+01
6.136096231215208974e+01
6.440666872425155987e+01
6.093343421271286786e+01
6.412275022070262764e+01
6.590084833341674653e+01
5.911968258681682187e+01
6.244822811425086684e+01
6.479664195331001508e+01
6.140530894397455342e+01
6.206544180682562484e+01
6.480626146403187704e+01
6.325032209490834845e+01
6.460829136665229555e+01
6.034081575957875287e+01
6.287046865217759972e+01
6.307394006156424382e+01
6.024166869152006143e+01
6.311251199765835196e+01
6.253135250063017736e+01
6.404787726117551472e+01
5.981718886034871474e+01
6.151708052624276490e+01
6.222711560049469171e+01
6.348246646618692779e+01
6.462660195645047168e+01
6.577898135088530296e+01
6.083083641470054914e+01
6.187732913303656090e+01
6.311962138056995286e+01
6.451096199676396736e+01
5.919119210771562933e+01
6.078939352302471377e+01
6.169396675625176840e+01
6.263490993374904292e+01
5.794063490889298862e+01
6.012603564461741712e+01
6.115995490901579501e+01
6.166178097972721872e+01
6.150169452552469807e+01
6.336696319224667207e+01
6.318994099667770570e+01
5.994393076250430141e+01
6.047224095289576695e+01
6.260626581662485535e+01
6.185689770502489182e+01
6.437457212823180441e+01
6.317028184652183853e+01
6.193990817258580961e+01
6.131906916740171454e+01
6.397554444639627036e+01
6.244055102404677626e+01
6.200566542858467045e+01
6.070587903311772493e+01
6.325744526137012969e+01
6.334077832889459359e+01
5.816375334149854837e+01
6.188010148359605012e+01
6.243358987334810450e+01
6.078761937484227218e+01
6.061297416749559375e+01
6.344161001487901785e+01
6.053144688424042386e+01
6.328504090495555090e+01
5.668289649218313997e+01
5.978349080869969612e+01
6.202442368886165269e+01
5.853871018699031481e+01
6.135473540525968161e+01
6.271219473439240488e+01
5.759214578615651448e+01
6.153460882076385730e+01
6.335835019700790127e+01
5.776306919565965359e+01
6.189071285855764160e+01
6.371338043127821749e+01
5.945485214119359085e+01
6.336329465947419948e+01
5.521610913665299591e+01
5.875943538462395566e+01
6.042781380741249109e+01
6.149737078395153844e+01
5.556462676909753640e+01
5.810552135687429143e+01
5.941059589258970419e+01
5.981515298363921573e+01
6.080834507292098579e+01
6.205899882171311077e+01
5.697611270352822288e+01
5.864104352198224746e+01
5.939416717356458264e+01
6.044055829319332673e+01
5.642163470794724844e+01
5.837024678400427291e+01
5.949953754973220299e+01
6.010222151084403208e+01
6.161240200114944088e+01
6.185917350121936664e+01
5.890728898301959759e+01
5.956533477460819626e+01
6.143352943952933032e+01
6.111958433252058143e+01
5.861392649631061857e+01
5.871657620111294307e+01
6.090152862775855880e+01
6.008860690554799788e+01
5.934786138689456436e+01
5.907048646334328623e+01
6.153662049616684016e+01
6.003421009582597634e+01
5.705516581577380464e+01
5.850141886268406921e+01
5.888924077562614201e+01
5.856781213335946035e+01
5.948402883355011284e+01
6.178725898602901623e+01
5.940540796383895383e+01
5.838363381191573609e+01
6.155935839065617898e+01
5.869628316859361661e+01
6.157484598639838680e+01
5.290770206264139119e+01
5.802210015767084883e+01
6.032622958846020822e+01
5.699923035719183417e+01
5.981708616526994149e+01
6.119404758664079935e+01
5.749996926632533700e+01
6.048065458959839447e+01
6.232204178340766276e+01
5.594625101853076643e+01
6.051604149396089838e+01
6.241820110239479646e+01
6.070977068526439524e+01
6.102167929791234968e+01
5.388561696996447381e+01
5.773119107294734675e+01
5.947053517581131388e+01
6.071142317145458378e+01
6.192150748817737593e+01
6.289951965883710727e+01
5.790365058851384816e+01
5.963770609990869787e+01
6.098796515387024186e+01
6.161568271564018318e+01
5.814141868132244895e+01
5.991484937632027652e+01
6.102577408638330780e+01
6.198749758960563838e+01
5.671855959926307378e+01
5.806250493139066293e+01
5.927166067191174648e+01
5.982773756392616349e+01
5.953516800389797226e+01
6.132806217956895267e+01
6.141209643348450697e+01
5.830350932910389616e+01
5.900896170164337207e+01
6.105590449664229880e+01
6.063237518207479582e+01
5.683159011615986600e+01
5.729722161338526121e+01
5.966009866680505525e+01
5.880569915340275600e+01
6.138287329789948643e+01
6.086025522673354970e+01
6.324697215948219053e+01
5.664459396105183231e+01
6.005475196182809583e+01
5.972587272682581272e+01
6.215352532722983625e+01
6.445675350405849713e+01
6.201126969957818602e+01
6.326624836249560957e+01
5.964143396608447745e+01
6.276687815827553152e+01
6.460069205202944431e+01
5.683508583273059145e+01
6.110721068835358238e+01
6.350333424190273490e+01
6.007592678551024079e+01
6.121805343659099208e+01
6.393665176794132066e+01
6.230374599526000168e+01
6.287579247453388120e+01
5.936062305730618505e+01
6.220077240239980654e+01
6.129793603136234026e+01
5.933104154488290050e+01
6.264454960293598873e+01
6.350494382461722154e+01
5.968337741997432744e+01
6.020371417007092418e+01
6.209037722056978481e+01
6.379502487327952309e+01
5.835254996712145470e+01
6.148435466311247666e+01
6.255315323620168044e+01
6.357668937941923559e+01
5.777744820430972794e+01
6.023030201249229520e+01
6.174981268470324380e+01
6.237189053166490993e+01
5.860227718246688511e+01
6.037546281525222014e+01
6.121266520651320064e+01
6.269629877050034850e+01
6.321841572339685911e+01
6.473329553254934865e+01
6.080355781707460494e+01
6.268340124574213235e+01
6.322598608131394826e+01
6.489594773023918606e+01
5.942964931623988178e+01
6.174279089507609086e+01
6.169630674614014509e+01
6.353428689883581626e+01
6.036021885913581286e+01
6.312782151775013517e+01
6.256033181927993070e+01
6.408860689257393517e+01
6.593767687683052259e+01
6.385828468677898684e+01
6.136951761987259601e+01
6.068777405351000453e+01
6.356860535345887797e+01
6.256955590500736974e+01
6.440169447754658449e+01
6.691351667638684830e+01
6.419971520111964480e+01
6.252069449906711895e+01
6.074627674677558531e+01
6.388294011039386788e+01
6.470771631845690308e+01
6.084710896265975322e+01
6.417850580718359765e+01
6.618679399383145778e+01
6.008494954105075436e+01
6.298923415661140268e+01
6.519721974504440709e+01
6.356146050172286976e+01
6.342131129447350446e+01
5.997758730789274040e+01
6.279715283738671161e+01
6.308734973543174362e+01
6.012889033994685661e+01
6.293799850498386661e+01
6.232315874368117647e+01
6.392467239732694395e+01
5.971827466921963889e+01
6.138703811455120274e+01
6.210742637687985734e+01
6.331497095470006542e+01
6.482611378258526713e+01
6.468412624176788484e+01
6.003014837150665528e+01
6.116884940762397349e+01
6.237229064357926944e+01
6.370052768542213073e+01
5.926410236047588853e+01
6.086207325539906066e+01
6.175530564547913315e+01
6.269575996923929750e+01
5.702944567825036870e+01
5.941237212088910269e+01
6.041896656562906998e+01
6.089178436173894937e+01
6.121412329713326983e+01
6.305098494516194307e+01
6.286162892599664787e+01
5.962363088765465591e+01
6.015986441570327514e+01
6.227454746085976467e+01
6.150284154348601362e+01
6.400965843361917962e+01
6.278797811432674791e+01
6.154245749035263913e+01
6.090610838919445769e+01
6.354392312976884938e+01
6.200142577994215287e+01
6.164675466501706325e+01
6.030037412743767078e+01
6.283611365566451212e+01
6.292449636357009268e+01
5.766286086211472650e+01
6.132496745756139234e+01
6.209803776231509431e+01
6.018612380675470064e+01
6.042574092707500455e+01
6.315226106992024313e+01
6.023516755976660164e+01
6.265179737498493040e+01
6.487892754074263735e+01
6.112123622686053181e+01
6.205754255578244738e+01
5.856594518630630120e+01
6.140636904362882831e+01
6.074504181556989124e+01
5.923543354181894927e+01
6.217681132903203434e+01
6.291117169432412481e+01
5.923067066146925441e+01
5.909780074810853989e+01
6.170733423430914399e+01
6.241242142819763217e+01
5.810401758396910310e+01
5.988497237315972654e+01
6.128499704952580629e+01
6.262963539121924583e+01
5.722370310305894492e+01
5.905861188233840409e+01
5.963158048308131498e+01
6.139211813136930118e+01
6.205639868217672728e+01
6.318815383450456125e+01
5.781445000905552689e+01
5.952342312044631711e+01
6.036927694366990949e+01
6.141943836762715137e+01
5.789073574977306436e+01
5.903423216555452058e+01
6.039174363647718735e+01
6.081882277696468009e+01
5.631787724633165482e+01
5.730494980342429301e+01
5.875195373010199518e+01
5.897148351213742501e+01
5.818331126950567977e+01
5.831510689335416942e+01
6.027296749344521487e+01
5.975356017723061086e+01
6.192922834916726060e+01
6.110871521461115918e+01
5.844377603469145299e+01
5.815734822833699980e+01
6.055586069060102972e+01
5.941591003916411040e+01
5.994206241475562535e+01
6.173563244232951774e+01
5.967600567514179488e+01
6.141924807369831285e+01
5.611567532044733753e+01
5.947013915153849695e+01
6.142900344524309730e+01
5.836554720335592350e+01
5.800802328594687651e+01
6.101446221205119969e+01
5.810051510492723992e+01
6.072056507504883882e+01
6.296673233159577876e+01
5.767069658455310588e+01
6.126374795149600061e+01
5.218532826604806729e+01
5.752829377748244610e+01
5.974443863276442102e+01
5.727650051423228916e+01
6.007176075499967993e+01
5.933417337367712463e+01
5.970327880780861562e+01
5.566104556380521018e+01
5.932010395988020690e+01
5.881573241844458977e+01
5.930337027822567819e+01
6.107323374769451618e+01
6.277014422676283800e+01
5.573131185205274818e+01
5.909820034605422023e+01
6.011812217251733870e+01
6.130623720746728367e+01
5.712484940044753046e+01
5.986353433646871025e+01
6.059709466544252621e+01
6.152005987600536230e+01
5.626888264498770553e+01
5.775410088756635218e+01
5.876220099650793571e+01
5.998201123792235734e+01
6.151770751471965326e+01
6.186086619019679489e+01
6.129733276097726247e+01
5.689672772022630909e+01
5.774488949492477730e+01
5.951281367413888290e+01
5.961388761742487929e+01
5.939534635211990832e+01
6.095973743193970762e+01
6.076588989906244365e+01
5.699522779751813317e+01
5.758631642683921115e+01
5.998026717867796265e+01
5.916944123282640788e+01
6.077915403998384392e+01
5.965588770495004667e+01
6.240536264561450253e+01
5.895705710105811903e+01
6.196744383518908705e+01
6.364380741352984217e+01
5.699145717089369612e+01
6.052375138522277354e+01
6.328391215602786701e+01
6.083194578941078845e+01
6.235187153802042559e+01
6.501602583849462746e+01
6.180623268524499281e+01
6.155352383151851825e+01
5.909689205261798861e+01
6.229668634888544432e+01
6.390526134864345664e+01
5.718957259011481398e+01
6.134218602946363319e+01
6.365958618211229947e+01
5.889193507176022990e+01
6.291774024675635957e+01
6.487570679133432350e+01
5.879006381407810977e+01
6.352347775678749286e+01
6.556529016636457641e+01
6.169858197442820824e+01
6.381430850218687567e+01
5.862956102407413539e+01
6.133404154594519042e+01
6.233116655280973362e+01
6.334929774328058727e+01
5.657278035058088506e+01
5.995646188264846188e+01
6.152191600590146692e+01
6.242545042241329156e+01
6.380150496211152245e+01
6.536221792800829178e+01
5.970565203449137215e+01
6.174272296896290868e+01
6.283876000538887041e+01
6.365831862750840031e+01
6.186785204353759582e+01
6.419275483738974231e+01
6.456834435326250343e+01
6.291251081571559212e+01
6.252983584289270169e+01
6.486576071844925195e+01
6.471895838235727183e+01
6.039469390226174994e+01
6.133306127142525099e+01
6.346936260498316784e+01
6.334273172140228070e+01
6.226429523075051975e+01
6.285610636404932450e+01
6.524315392663271496e+01
6.332618022000648494e+01
6.630723130530348897e+01
6.578920283347873976e+01
6.236640166494297688e+01
6.188995810048756852e+01
6.504670542270258693e+01
6.416989301810787083e+01
6.429923534463831913e+01
6.704822942409337827e+01
6.427986641570807080e+01
6.562437846271569697e+01
6.283619298559310096e+01
6.626672414452630733e+01
6.600652231537794989e+01
6.306711515377276100e+01
6.195915468180759689e+01
6.546232405703750601e+01
6.196136666090457368e+01
6.530438272719284498e+01
6.777932247065011495e+01
6.226876893926996814e+01
6.630146684795917622e+01
5.956714164514043119e+01
6.320282197925927647e+01
6.556460129372960921e+01
6.028579273990553133e+01
6.412594569922082144e+01
6.501171964207998144e+01
6.589306180437519345e+01
5.953321627208724465e+01
6.332183864093573078e+01
6.441552300975264700e+01
6.587696649642141722e+01
6.733507100744022011e+01
6.796726728346304469e+01
6.284658397294904120e+01
6.497679324806438217e+01
6.598892187452196367e+01
6.727568448649888921e+01
6.215607372169698408e+01
6.401188250450354644e+01
6.536096206848898760e+01
6.596259370488726859e+01
6.192359670782077785e+01
6.352676251627734416e+01
6.513955966829981037e+01
6.565890111909003224e+01
6.049357827892131922e+01
6.299823085646579557e+01
6.330799955171044502e+01
6.522453436172440888e+01
6.569690289103742487e+01
6.789580909067079517e+01
6.377829119164128002e+01
6.477952007091371911e+01
6.761619809069013343e+01
6.606092256226527581e+01
6.231222408575567329e+01
6.262383958992318611e+01
6.590497477271809146e+01
6.439347085323274200e+01
6.319443108433195277e+01
6.393748832697713880e+01
6.668645330558837259e+01
6.457045371658429644e+01
6.781524481142633931e+01
6.837634116633148551e+01
6.207377134904163540e+01
6.580284102571820881e+01
6.863065695482643491e+01
6.546822958070389120e+01
6.489250852889146870e+01
6.850856623946802415e+01
6.505732683265433991e+01
6.831510147834327995e+01
6.108097900520104417e+01
6.494516850418479237e+01
6.766381377296787036e+01
6.365763048434428129e+01
6.431408750791547391e+01
6.748171949669392689e+01
6.436733409814347340e+01
6.513474306725343865e+01
6.849947160300332882e+01
6.466356771403729908e+01
6.692382172955861108e+01
6.924313014225158724e+01
6.707467705515264811e+01
6.512568438764316170e+01
6.757510106553958451e+01
6.894063356881378013e+01
6.848363423930277349e+01
6.339860134737261887e+01
6.576708256938528052e+01
6.763610837279199473e+01
6.726612992321169315e+01
6.448553482274508042e+01
6.698647542218397177e+01
6.850805580103794057e+01
6.338301841192987496e+01
6.533906006058825255e+01
6.681106901253514252e+01
6.809015193431638124e+01
6.261165133301472707e+01
6.451022151901965174e+01
6.682439793928932659e+01
6.709136463828038188e+01
6.537747845628670973e+01
6.841399720317104993e+01
6.857347916756688733e+01
6.517124563730904185e+01
6.610089123467837169e+01
6.891278039821912671e+01
6.832686819806500012e+01
6.434455262374153506e+01
6.488081786544876195e+01
6.806034395642799950e+01
6.704694870631946912e+01
7.032247864450025077e+01
7.097859294970170652e+01
6.377205863868234559e+01
6.886448053183931961e+01
7.151613767742577465e+01
6.893571014962354582e+01
6.766073139820659321e+01
7.117401763568294371e+01
6.814046307760671084e+01
7.155866741742350712e+01
6.408092762292105249e+01
6.899076693829921680e+01
7.207983592063987999e+01
6.743641869539007416e+01
6.995205493272092667e+01
7.313296625905852011e+01
6.607417446906471525e+01
7.081079221498758614e+01
7.359527502363245333e+01
6.521575731963312705e+01
7.137680679769469805e+01
7.406435132436803315e+01
6.874995245123120924e+01
7.378153146506453197e+01
6.577438940394709732e+01
7.098251309791416475e+01
7.300189408154794535e+01
6.581922900346833671e+01
7.065484570654625429e+01
7.141093011516279887e+01
7.327872997700121971e+01
6.839315997065141062e+01
7.042018835614724992e+01
7.219946656477497982e+01
7.409287832119852624e+01
7.601033432493905195e+01
7.028725763130812254e+01
7.426101625141293994e+01
6.771423413462918006e+01
7.062167359600140060e+01
7.181273805994693760e+01
7.425466443505879965e+01
6.744046653651840018e+01
7.074090963225455653e+01
7.137901828623024869e+01
7.405063991685858582e+01
7.464592233056700366e+01
7.752706240572921104e+01
7.104541921999955889e+01
7.420526745954165904e+01
7.625373259472036125e+01
7.455913583364170449e+01
7.129668547189267258e+01
7.246188611974461935e+01
7.587112459995212532e+01
7.488426868439664474e+01
7.182479636883283547e+01
7.218884401744587365e+01
7.583175288300189720e+01
7.422551197608790119e+01
7.811153541428039659e+01
7.999038017803863454e+01
7.163789206468925386e+01
7.648081046947351069e+01
7.991696888274910293e+01
7.676231544258932615e+01
7.586171744102497883e+01
7.735794061838224422e+01
8.085572764119451961e+01
7.605077756196054395e+01
7.854092038630506067e+01
8.188092290589436573e+01
7.595557559861376262e+01
8.034784687900609867e+01
7.176382149780243935e+01
7.723248724816480149e+01
8.032789008140784404e+01
7.339052758145031419e+01
7.818186911642587233e+01
8.082172281151572690e+01
7.355853964129443057e+01
7.862037735365440483e+01
8.120516621673425561e+01
7.697506396094728132e+01
8.136877237474975288e+01
8.354193097893467268e+01
7.729159741022540686e+01
8.100921361144480670e+01
7.381548743962153480e+01
7.832111953136167415e+01
7.949229283277200864e+01
8.217824314171959088e+01
8.410217749429767764e+01
8.102771285239995791e+01
8.361082237309381071e+01
7.739635578683933659e+01
8.039591247057187218e+01
8.137173115803328471e+01
8.327417879241269816e+01
8.420409156956159791e+01
8.522255518984252376e+01
8.040065431362027937e+01
8.326432228723446372e+01
8.580170967173280872e+01
8.435603224125462418e+01
7.893510433651943003e+01
8.195231482205529971e+01
8.511625858383952448e+01
8.458935245781552226e+01
7.957371654591175059e+01
8.123275303239937273e+01
8.550834914747635196e+01
8.383492606578039386e+01
7.995380860576189264e+01
8.073995388634635617e+01
8.454807841022821435e+01
8.331203378664891090e+01
8.708362130641049248e+01
8.731869639318597365e+01
8.312107599000053426e+01
8.787689976284693216e+01
9.029567023488554867e+01
8.239671730522117343e+01
8.727964565984078149e+01
9.050649371135428112e+01
8.529486987831025147e+01
8.812824464148454240e+01
8.414935605729171186e+01
8.823747450300695050e+01
8.710197660210643278e+01
8.402918321316317929e+01
8.739620563044617541e+01
9.076721355451688567e+01
8.317295074830123269e+01
8.798638383342230895e+01
9.116810498630711379e+01
8.454714606500509433e+01
8.888558341711929245e+01
9.177079319721077866e+01
8.586574406783911684e+01
9.025445574855994835e+01
8.443220978450690950e+01
8.810269586490346683e+01
8.968399883373960790e+01
8.494960974406112086e+01
8.884332579543195152e+01
9.097859407034880519e+01
8.665710864328714536e+01
9.040400594023253689e+01
9.289719721739891156e+01
8.698864066665866801e+01
9.025783830562029664e+01
9.266249362162490399e+01
9.398981903938638993e+01
8.769955096535019834e+01
9.157158118800393254e+01
9.271557523155350111e+01
9.385220595954245937e+01
8.732859970880640788e+01
9.079201041271993233e+01
9.319205888570030538e+01
9.054257317439946462e+01
9.360506639610304092e+01
9.364977534585472085e+01
9.194565057150300902e+01
9.261778677237138879e+01
9.702306416086977947e+01
9.206210741936563124e+01
9.643900608840242228e+01
8.901885740507076150e+01
9.443285121694189854e+01
9.294736313212172263e+01
9.178992542712144598e+01
9.141353317096672981e+01
9.635210047561162128e+01
9.369436118282931147e+01
9.256015062152880546e+01
9.294635382018421410e+01
9.772653071062053698e+01
9.194432725227642322e+01
9.654729668136798182e+01
9.996504363215790079e+01
9.246843964309131536e+01
9.724078975211965314e+01
1.008123804213055763e+02
9.458096799825356982e+01
9.876302185679968204e+01
9.114163476245684592e+01
9.651028599347036163e+01
9.957288960283446499e+01
9.190287452201705776e+01
9.695157725437223917e+01
1.005358790223963723e+02
9.346019336505675312e+01
9.840860264107743660e+01
1.016160738768719085e+02
9.520484942898120551e+01
9.925193382664231478e+01
1.022941340443984188e+02
9.603877459790643911e+01
1.004662641250609312e+02
9.430054594069777352e+01
9.821444793974892207e+01
1.007922537949780804e+02
9.514942284412261131e+01
9.873459758820756349e+01
1.017533553867771161e+02
9.709534450304109043e+01
1.011205985126331512e+02
1.033600152062796553e+02
9.772660098836115594e+01
1.012447286107185960e+02
1.048129019648750386e+02
1.035591112742192195e+02
9.848955027528940320e+01
1.018307484823057507e+02
1.057809663058997813e+02
1.004296776412397492e+02
1.053059740321386926e+02
9.723331348853589873e+01
1.027863249884723160e+02
1.029146974480165824e+02
1.015608110474549619e+02
1.055120717336276357e+02
1.051314627785425415e+02
1.014871800144717753e+02
1.026814690084904100e+02
1.079208643072875446e+02
1.023713256961814011e+02
1.067211435406569819e+02
1.098309140098660635e+02
1.022828942730007356e+02
1.083511930860803005e+02
1.004234433930209462e+02
1.068728580070858385e+02
1.045242917007943646e+02
1.051489575864492423e+02
1.102653263340902470e+02
1.075988111683735013e+02
1.080618006221147596e+02
1.045395599234205974e+02
1.081929925751352357e+02
1.069177718619206843e+02
1.078975595457066987e+02
1.111720831232596538e+02
1.085034948952654759e+02
1.111186104305019313e+02
1.063351322186819061e+02
1.106723017113890108e+02
1.117329620137268478e+02
1.047582985940392035e+02
1.094700625746757936e+02
1.132826030014799699e+02
1.074465050430162449e+02
1.120789242183516166e+02
1.157989654979168819e+02
1.092557455944083813e+02
1.134982873883357826e+02
1.081364204590411475e+02
1.117379116272073958e+02
1.153149974375453866e+02
1.092822273431806224e+02
1.134947225437686029e+02
1.156407541383194371e+02
1.097535402395407544e+02
1.139603170885415011e+02
1.185208439120340387e+02
1.114147457062065456e+02
1.154997433750256306e+02
1.190045124720926850e+02
1.135021697899532569e+02
1.192354695463643139e+02
1.119095810726859668e+02
1.173317757287038603e+02
1.183477590962123713e+02
1.130398187005565376e+02
1.166256854244070382e+02
1.214122925130834574e+02
1.148537904455001524e+02
1.201388075306082754e+02
1.216613381442133885e+02
1.169525845340673840e+02
1.182785047361563926e+02
1.239923682323803575e+02
1.180388197500319194e+02
1.242374154857218826e+02
1.158988818218085584e+02
1.226983024398252695e+02
1.207063105162614107e+02
1.201311011992857800e+02
1.261807710426681979e+02
1.237550885883156440e+02
1.238542528905090023e+02
1.195084776544264571e+02
1.262245272700984060e+02
1.233183801848315113e+02
1.228165730563117535e+02
1.283254600801412835e+02
1.244342123980664212e+02
1.246053827922481219e+02
1.269404533101080261e+02
1.282759733718956738e+02
1.272398613880156262e+02
1.250665813537353870e+02
1.293679441329410338e+02
1.315154560345235382e+02
1.232391925088463438e+02
1.300427682714970388e+02
1.339168377057372936e+02
1.261129221996526724e+02
1.325227485408985331e+02
1.265439661695297957e+02
1.313999876661895598e+02
1.335599149190686035e+02
1.268877675893202905e+02
1.321775404261179574e+02
1.353675062678829306e+02
1.296342019396283831e+02
1.346139077697181676e+02
1.372862496147930358e+02
1.311150746601213370e+02
1.367645567095877936e+02
1.380839144252179835e+02
1.343678203199712016e+02
1.374754538545538765e+02
1.325916244614346340e+02
1.365527883084445193e+02
1.417123386146019755e+02
1.331790981898132600e+02
1.406256559880590942e+02
1.404568497816627257e+02
1.364475861874684028e+02
1.388860874170255499e+02
1.447850168143304188e+02
1.367477423170719533e+02
1.435714805486016417e+02
1.434076919488929320e+02
1.415251900638317011e+02
1.424749722791935369e+02
1.402162101276659030e+02
1.415924632196682182e+02
1.478030040844559210e+02
1.393961628925323737e+02
1.468567264415650584e+02
1.456145518926086311e+02
1.450936073328323914e+02
1.444489713334246801e+02
1.507005572958558446e+02
