0.000000000000000000e+00
4.536170506216178211e+01
-1.817382962691581483e+01
1.888563942462705469e+01
-1.144936640463717659e+01
1.669223214497240448e+01
-8.425350803616574069e+00
8.960514227764150519e+00
-6.658908966010027797e+00
6.773868796257271896e+00
2.162697291634239904e-01
-2.161532166562590174e+00
3.450035117638361903e+00
-1.723696738232418646e+00
2.776862298889332781e+00
-1.657196705056486863e+00
2.412300487027435825e+00
-1.366851838482361359e+00
2.331469232847685369e+00
-1.047165845180013433e+00
2.355386306521128681e+00
-7.628625053829098945e-01
3.114326958629985764e+00
-5.881606734504097878e-01
3.403054172295056024e+00
-4.144065862106459663e-01
3.711628760133967031e+00
-2.049287177029093243e-01
4.023916963931946533e+00
3.535405138905211575e-01
4.248525329776941639e+00
5.001194460107419859e-01
4.454597131806981913e+00
7.048027050053766729e-01
4.794137813856493402e+00
9.567508661031964845e-01
5.140196008947202522e+00
1.237268808194196490e+00
5.503335359247081726e+00
1.538774708314685657e+00
5.884107995547630310e+00
1.857901390621127913e+00
6.278171944728106801e+00
2.191754871729206133e+00
6.795283728175917304e+00
9.034152313824417746e+00
1.069628593358018875e+01
8.104826490454588139e+00
1.174612479033605794e+01
8.676630949252933434e+00
1.219847327248887936e+01
9.077885370652330366e+00
1.262643187637422315e+01
9.459901161671398384e+00
1.303389690610157103e+01
9.826267404892087498e+00
1.343130638392648812e+01
1.018611653442681053e+01
1.382276934171422766e+01
1.054188380309448014e+01
1.421134018727855342e+01
1.089569534663802841e+01
1.459801653220389461e+01
1.124814208736657406e+01
1.498337477087940073e+01
1.159947508039892838e+01
1.536744117249231323e+01
1.194958266732400531e+01
1.575009326077667993e+01
1.229822783792322305e+01
1.613107027397109405e+01
1.264508463501268132e+01
1.651006575695508616e+01
1.298979018200575553e+01
1.688674136840792883e+01
1.333196070287378099e+01
1.742595115636970959e+01
1.988272585192151709e+01
2.286642090435888619e+01
1.910893696389681295e+01
2.381483406316505125e+01
1.952654771241655496e+01
2.417220990323361818e+01
1.987112861717408308e+01
2.451322699625357515e+01
2.020063194039189725e+01
2.483560891928622283e+01
2.051323255513231203e+01
2.514161736205545949e+01
2.081042779466444870e+01
2.479617210572518715e+01
2.112391704629544265e+01
2.511581718217411918e+01
2.142727945544794466e+01
2.540285694263670990e+01
2.170384902704817520e+01
2.566987996775814551e+01
2.196265973064207344e+01
2.607085815035193477e+01
2.893164047726144261e+01
3.029305344785989362e+01
2.988772945630565658e+01
2.922464354065142444e+01
3.132210034971429735e+01
2.909187689537546362e+01
3.121751869285884951e+01
2.929403971909120230e+01
3.162817399402711871e+01
2.951040151343804041e+01
3.173835399428331172e+01
2.895363794871827778e+01
3.178554888651566301e+01
2.912728007482873593e+01
3.183996743979878019e+01
2.929988054275274223e+01
3.189034570915254463e+01
2.947096008190368721e+01
3.244382020431454094e+01
3.629049675196852576e+01
3.898126538035742783e+01
3.589301524653455999e+01
3.906886797018745483e+01
3.601092854375134777e+01
3.900290265129980583e+01
3.573992429935222503e+01
3.891804477361244352e+01
3.588629779986705870e+01
3.892320295080207870e+01
3.562908312450439752e+01
3.896648334053451634e+01
3.583126460960047410e+01
3.894762747650003831e+01
4.193267809409734070e+01
4.378962621891513152e+01
4.130060869782312238e+01
4.375985233986727962e+01
4.110574605074995702e+01
4.252775512656269541e+01
4.081498614086699916e+01
4.460696647930723913e+01
3.974752845071433427e+01
4.519466274226337532e+01
3.921126010836831455e+01
4.400016327778671155e+01
3.893155406351344539e+01
4.418965010500691903e+01
3.873519574484304684e+01
4.409783097544971042e+01
4.441647073601452433e+01
4.912878531854545372e+01
4.262540878776202646e+01
4.950719866525798807e+01
4.198368140521578340e+01
4.983335723789136296e+01
4.128986209892923398e+01
4.930319830347713861e+01
4.051794766594812813e+01
4.886093090050965770e+01
4.194208481102951680e+01
4.584908691777561529e+01
4.131684654732768536e+01
4.845547468201700525e+01
4.926160656758410994e+01
5.086528419182715766e+01
4.992438732608621166e+01
4.917861746003547552e+01
4.932343614588022263e+01
4.853855994964050780e+01
4.871251579941777976e+01
4.807243415464019165e+01
4.822327102686511324e+01
4.752511145372100998e+01
4.766895757267673872e+01
5.258289604940947015e+01
5.256017369133700612e+01
5.233338219093642607e+01
5.196978459717136190e+01
5.159181802580738463e+01
5.136179229649290789e+01
5.095071226027287992e+01
5.089278591855241984e+01
5.043217482213630376e+01
5.017062515979395698e+01
4.971223498402956409e+01
4.952116877956266450e+01
5.446986462110120186e+01
5.262942075109941698e+01
5.598503203351493340e+01
5.113527060869490981e+01
5.632988863723880968e+01
4.949998309466392499e+01
5.528598996179206182e+01
4.907639012782328791e+01
5.460547607699694339e+01
4.865799418319565461e+01
5.395422392043500537e+01
5.745545755564515389e+01
5.362686625643488725e+01
5.745744791417125441e+01
5.143494776972410421e+01
5.685921991853718538e+01
5.039796473191795201e+01
5.582939230194631364e+01
5.067172432194037413e+01
5.532415198403499090e+01
4.888172966698425626e+01
5.421492446961421052e+01
5.776219007008560880e+01
5.342351869640117457e+01
5.796529224145388781e+01
5.169806176792994989e+01
5.682322471130184738e+01
5.066328045806653790e+01
5.576930708992600927e+01
5.068841138805368018e+01
5.513334504679710335e+01
4.827632638675949295e+01
5.394537820727313004e+01
5.732756852264370195e+01
5.220406563619762608e+01
5.764089380606336022e+01
5.183084651054667802e+01
5.652346260034546788e+01
5.112478742051074931e+01
5.551563839999756311e+01
4.910664692745658044e+01
5.427882189852937245e+01
5.732287239718228022e+01
5.476479844530263819e+01
5.789491782917176721e+01
5.179019628955957444e+01
5.735983493196155081e+01
5.105226820767698115e+01
5.581341839003306404e+01
5.004549137719622820e+01
5.453423442024126189e+01
5.702099303770717853e+01
5.615051338073767084e+01
5.511790730952427708e+01
5.701365368452109550e+01
5.364077183917514446e+01
5.526434179771615618e+01
5.199682852405572220e+01
5.392751052624860364e+01
5.066695580813258459e+01
5.228500332853294452e+01
5.538181549289370764e+01
5.658472184352458356e+01
5.310362492898875786e+01
5.507996104237084722e+01
5.172984055374278256e+01
5.383009540319240926e+01
5.034092418576084071e+01
5.232376729130187698e+01
4.873603855776392635e+01
5.177027055697668345e+01
5.306719216069718925e+01
5.501661345696199845e+01
5.094930561310373207e+01
5.377148645576741615e+01
4.931544921081778199e+01
5.210892705908302247e+01
4.769786454610702719e+01
5.025766800658132638e+01
5.265895468024926629e+01
5.432785641826772149e+01
5.150965356587953181e+01
5.398531748942154707e+01
4.835082381282114738e+01
5.198427555395899446e+01
4.690413151621670096e+01
4.997654862425406463e+01
5.176896993156731952e+01
5.359484012105325945e+01
4.878658854452779536e+01
5.163637175918173483e+01
4.688098429964627201e+01
4.991079426535025476e+01
4.576892806256969237e+01
4.836403891805810673e+01
5.047864790451905037e+01
5.182671875012515272e+01
4.947512436140819148e+01
5.115628779295067829e+01
4.579191691394286323e+01
4.871037986829348654e+01
4.553622460524886861e+01
4.729203405520993897e+01
4.976593880953856797e+01
5.049613156915106060e+01
4.866694630020905521e+01
4.956563869190811999e+01
4.599079850352764964e+01
4.737196402290209107e+01
4.500073720242407660e+01
4.608294259252605229e+01
4.912619489510287707e+01
4.900241684277789744e+01
4.692973311120162805e+01
4.727443758430455745e+01
4.607197542642040844e+01
4.627754803391727734e+01
4.365510491818828598e+01
4.405940751280996892e+01
4.758275733884757130e+01
4.679532076195982171e+01
4.613634823902165039e+01
4.581172662702526566e+01
4.409495276537633401e+01
4.380496218646635498e+01
4.347861901201982704e+01
4.295153105910304703e+01
4.669438375007143094e+01
4.600416049000047991e+01
4.434001114860411974e+01
4.353516822938502884e+01
4.471499710423125862e+01
4.301099900983827240e+01
4.145732941146091832e+01
4.057852184817433994e+01
4.454825227131908605e+01
4.493010592214258025e+01
4.172381560535542633e+01
4.102897186479044933e+01
4.300732067879398812e+01
3.977092908728755560e+01
4.074920019030115981e+01
4.375578856898994928e+01
4.261408577941185882e+01
4.255832823651818586e+01
4.071211999639625390e+01
4.159783837039173449e+01
3.955189402118426756e+01
3.891019022576143271e+01
4.226111375194609110e+01
4.060912262428536224e+01
4.421251814511541056e+01
3.683696799005603140e+01
4.123008364656501357e+01
3.743743833524655429e+01
3.965737304837944066e+01
4.244523787332401099e+01
4.089556198067455028e+01
4.235668146079040497e+01
3.867429645096034108e+01
3.921676029598434354e+01
3.675549492131427343e+01
3.751122814761679791e+01
3.492870684554085869e+01
3.846856636117147588e+01
3.768356361761597384e+01
4.001325402826373079e+01
3.392235846116825115e+01
3.868811863911154347e+01
3.066616072836965046e+01
3.612547370964096416e+01
3.859217521127808226e+01
3.795729898411395453e+01
3.605680935425982625e+01
3.830987749114698460e+01
3.243963569056165142e+01
3.662636142755649615e+01
3.748008730350083795e+01
3.968248237777876852e+01
3.340496093676890155e+01
3.737471247802309193e+01
3.139897985002732383e+01
3.535015876039543770e+01
2.960557381593137194e+01
3.341072119794035444e+01
3.580395231134117751e+01
3.641245721996868667e+01
3.344707670887729023e+01
3.604382347740489223e+01
3.104644922967106524e+01
3.282479746258448472e+01
3.515711498065578411e+01
3.625791535598249737e+01
3.425249870987106249e+01
3.573277703640756187e+01
3.126597516224266471e+01
3.326518871011966638e+01
2.912071939561715084e+01
3.125758818941110917e+01
3.309094317507057070e+01
3.472159342372254542e+01
3.179161803260647901e+01
3.388673120683112217e+01
2.886992645137805980e+01
3.136049830411615957e+01
3.279178562907733863e+01
3.479961058431996435e+01
3.202991078295902128e+01
3.449540235499456031e+01
2.873174175916698658e+01
3.179840204772429857e+01
3.250691555048633319e+01
3.490168088361111387e+01
3.161070238705110924e+01
3.457183691725224861e+01
2.843697350040086747e+01
3.221311188502068035e+01
3.239440072527594339e+01
3.530195729468253063e+01
3.028018938885701772e+01
3.414780458681710229e+01
2.780855643423297963e+01
3.206305162374211193e+01
3.212129833094183340e+01
3.532836386165109843e+01
3.080262254461727167e+01
3.490541879266004344e+01
2.729578900622395921e+01
3.254068903321065420e+01
2.632399611410681572e+01
3.112212814023764196e+01
3.060970226345854783e+01
3.420103879595766472e+01
2.683723533758371005e+01
3.242995944803067943e+01
2.613400737996635925e+01
3.127156870993393056e+01
3.298427517104638440e+01
3.217742211430314825e+01
3.124948277126550522e+01
3.052074536062340471e+01
3.013195273490806514e+01
3.325756400138794788e+01
3.233547748518718379e+01
3.592256412570953472e+01
2.961717112559376730e+01
3.268084338531478750e+01
2.872032246334376282e+01
3.259560739449133848e+01
3.552572255864912165e+01
3.058695167171417850e+01
3.413037427661611645e+01
2.920457031407862303e+01
3.283467825415162622e+01
3.581520200675603149e+01
3.295895180649451106e+01
3.661877674891259460e+01
3.074377344396437195e+01
3.465409809706584809e+01
2.843867152785617591e+01
3.258930412860244985e+01
3.549633818614433522e+01
3.204355590354793293e+01
3.494057043520707850e+01
2.795205208953959897e+01
3.347790470989172462e+01
3.621364143150921677e+01
3.490397934048112916e+01
3.336283974486337911e+01
3.613329052869253388e+01
3.109641825321666531e+01
3.449072316191341514e+01
3.640530018749798558e+01
3.670794536485984594e+01
3.332792998532560347e+01
3.475666840844411354e+01
3.152568583861821239e+01
3.332034858402496980e+01
3.581593197431791964e+01
3.871591879087354471e+01
3.174235155937287445e+01
3.563896840212537853e+01
3.251729834518454965e+01
3.507689057370394892e+01
3.717239713212056529e+01
3.834016813924326783e+01
3.411463390150434805e+01
3.645357504098038959e+01
3.234819484879855622e+01
3.459082704212125492e+01
3.705306266959416917e+01
3.871320141797465197e+01
3.426793858632761669e+01
3.679780343537365184e+01
3.367779330692560791e+01
3.633284090301449964e+01
3.820155049324178265e+01
4.010321984924217276e+01
3.435230345590831291e+01
3.759092302608030423e+01
3.469384998988709157e+01
3.748808455155430153e+01
3.909949539672959418e+01
4.110475175220791755e+01
3.466535729492715490e+01
3.849992101899301389e+01
3.525381788959778362e+01
3.845065004237239492e+01
3.957280341911659605e+01
4.184064169756710072e+01
3.538330393845863142e+01
3.981060119440285661e+01
3.467529680581282037e+01
3.880590304827185122e+01
3.937190465489116065e+01
4.226560136387352173e+01
3.758427553163753743e+01
4.065882201765430892e+01
4.245759392058598536e+01
4.321550413764167331e+01
3.960656310806522384e+01
4.096140280331182737e+01
4.008647530647034074e+01
4.031578229443773864e+01
4.350535083561698002e+01
4.522420290152584244e+01
3.946655634210434016e+01
4.355874460500690049e+01
3.877091732959468828e+01
4.260368250127195466e+01
4.558530586455735545e+01
4.329893280797107025e+01
4.368953072842244012e+01
4.285636961493683827e+01
4.120032292310325772e+01
4.554786147654132122e+01
4.366276583212668783e+01
4.762422116453626586e+01
4.072183284083497767e+01
4.549898822532931320e+01
4.864144736032761074e+01
4.590042328362005009e+01
4.638929124976685614e+01
4.488615634750696870e+01
4.432815997602430969e+01
4.296180333067916735e+01
4.713479122594009851e+01
4.694820152814063619e+01
4.705279920829465112e+01
4.551866839210635618e+01
4.378512684832572432e+01
4.701456206391016934e+01
4.978976059326532777e+01
4.619399293327330014e+01
4.813325888281594445e+01
4.397984420453033039e+01
4.714709179911735504e+01
5.008169836212353943e+01
5.069429692993917058e+01
4.584921017951475619e+01
4.934866960863489993e+01
4.481820298943277692e+01
4.833562419427046564e+01
4.986381126411578890e+01
5.211981554109755876e+01
4.667822300909223543e+01
5.030894624867254095e+01
5.235875578998101787e+01
5.301344987021327881e+01
4.941693724457010717e+01
5.148806229495153985e+01
4.773850132353740605e+01
4.961382567333156857e+01
5.230325762143370127e+01
5.307994907281722874e+01
4.959008185335855501e+01
5.206320107878109837e+01
5.391994906748560368e+01
5.613038263618910406e+01
5.087520199817044642e+01
5.328883309294612047e+01
5.037489984824526346e+01
5.282761999040339873e+01
5.437478152079661697e+01
5.620846510513985095e+01
5.160414498297718922e+01
5.435991570728545952e+01
4.915421631355422249e+01
5.209673417658605388e+01
5.343777397491854231e+01
5.519873369711100253e+01
5.347787696700096660e+01
5.452574934696480113e+01
5.579222225380502920e+01
5.808303856429370882e+01
5.358826681591398966e+01
5.699263458427176232e+01
5.080368318562279484e+01
5.472199558682763865e+01
5.529362160572072327e+01
5.817733470081465441e+01
5.446352493121904814e+01
5.761289565292594261e+01
5.871221173560909534e+01
5.962292940062094715e+01
5.475916066031998497e+01
5.638709578626023244e+01
5.445562799117829655e+01
5.535951577433881710e+01
5.861714304465493086e+01
5.779790319792845565e+01
5.584737044612079870e+01
5.596588961419074337e+01
5.931255414567107920e+01
6.081885059638801039e+01
5.683113135050261633e+01
6.027984047794128486e+01
5.401260102583463407e+01
5.818787963675725194e+01
6.135769627422019568e+01
5.927139506104423106e+01
5.874076388363661039e+01
5.750548678293338156e+01
6.114619508266801517e+01
6.335504490661184462e+01
5.570664446607788278e+01
6.132927183389023895e+01
5.564235612614161397e+01
6.016249143463427629e+01
6.304284958867913957e+01
5.770986648319373558e+01
6.206527704791842126e+01
5.398789387339903101e+01
5.959872741573517629e+01
6.243599662708373899e+01
5.904019993294013346e+01
6.109349893471770088e+01
5.566212649255871980e+01
6.083703097791948977e+01
6.315666470965531687e+01
5.787121257851085687e+01
6.089559984586654195e+01
5.842786570683666270e+01
6.090470713637805034e+01
6.156404378995001281e+01
6.242907103443400985e+01
5.762124347348930797e+01
6.133721807884742105e+01
6.349876139894112725e+01
6.300329088942861233e+01
6.104554108628704512e+01
6.232712593319585892e+01
5.821544294373844508e+01
6.056544366140679614e+01
6.174962138131637346e+01
6.372182177685532167e+01
5.701675065511033580e+01
6.104022682510020559e+01
6.298259658283734552e+01
6.352020803823792505e+01
5.878720039151266974e+01
6.207332907361006136e+01
5.642622596563900572e+01
5.948507315533716877e+01
6.063470396802419771e+01
6.239922982348297609e+01
5.696365648171029505e+01
5.980755634371684692e+01
6.135992747774383105e+01
6.261086487914478482e+01
6.014756978764549444e+01
6.177464527086157631e+01
6.391964263671427915e+01
6.450845669515018699e+01
5.938141040072581944e+01
6.133079542861996458e+01
5.824310075427865030e+01
5.978039789664234860e+01
6.221290431095523132e+01
6.229690853362708225e+01
6.064652268444746142e+01
6.108257005101289394e+01
6.372862047888542492e+01
6.341847648020869599e+01
6.009351682167064013e+01
6.068217062970465747e+01
5.722757820604894619e+01
5.796945298563000648e+01
6.074646507221454783e+01
6.000607119976849901e+01
6.063610660947082920e+01
5.944666505297057313e+01
6.262210261396581501e+01
6.265423313221224078e+01
5.836732693348226064e+01
5.831598840278920903e+01
6.154585068098476341e+01
6.435829746796083839e+01
5.946508874316879911e+01
6.272993188579269486e+01
5.584206142677859930e+01
5.992639001897565976e+01
6.245144820914249806e+01
5.949655033297441520e+01
5.972666163260439021e+01
5.742755257428953541e+01
6.087469882878163929e+01
6.250248528429131767e+01
5.762716321030675459e+01
6.089369950699983036e+01
6.334691331012373183e+01
5.936042043085631548e+01
6.257677394156674211e+01
5.659654382873269185e+01
6.011953139213575525e+01
6.245687783934749149e+01
5.740820229803304642e+01
6.065882906052063106e+01
5.561591641212496029e+01
5.867057337074353285e+01
6.074520628638769182e+01
6.102815667893779761e+01
5.712235396012506072e+01
5.878300753884017382e+01
5.460227856997866525e+01
5.681159104812721949e+01
5.818424766678824511e+01
5.806749888571092555e+01
5.424135409057608825e+01
5.706942794035461475e+01
5.776683753578836189e+01
5.964825586095950882e+01
5.389803221519140664e+01
5.656714512638549763e+01
5.746117463954751514e+01
5.898721725383158088e+01
5.402059269750917991e+01
5.597509417426841338e+01
5.151397559022267814e+01
5.404679928588650739e+01
5.528398377033535382e+01
5.636093702143212170e+01
5.203821714201188797e+01
5.347435032634489005e+01
5.496256619651538955e+01
5.574602082002656545e+01
5.502428882845958213e+01
5.145167987297742940e+01
5.431474538317830536e+01
5.450462709961819741e+01
5.637666137037336256e+01
4.960232503691506878e+01
5.331890914619251731e+01
5.324291780309469146e+01
5.565154113441635531e+01
5.351472077555919071e+01
5.115490234714896189e+01
5.186280126091681808e+01
5.425800665520799271e+01
5.353104881679845306e+01
5.117805527166765245e+01
5.217157370750278034e+01
5.456817500434351587e+01
5.329865136143459381e+01
5.328283369095380095e+01
5.184947736172262722e+01
5.466430891849136486e+01
5.436260425213971104e+01
5.042530359922774608e+01
5.019890093663860853e+01
5.321701397443281678e+01
5.548581378397738462e+01
5.006280050160066963e+01
5.363166701477372555e+01
4.661102639975861450e+01
5.054022776111672499e+01
5.299680957367765188e+01
5.030439963425659045e+01
5.127270468863489583e+01
4.786560977510202974e+01
5.096596100842070598e+01
5.220106397185472957e+01
4.752738882115927055e+01
5.034736323953653425e+01
5.292254725073629373e+01
4.959474341843730372e+01
5.173134455355942407e+01
4.815074659119188993e+01
4.832721478389429137e+01
5.060497205838605339e+01
5.232412356204772408e+01
4.449555135464998301e+01
4.895604570415884638e+01
5.103108303564283688e+01
5.232904553197491282e+01
4.706930296997656882e+01
4.881031169029456152e+01
5.082020912679734437e+01
5.177769994447494639e+01
4.749973909598395494e+01
4.820273933963583346e+01
4.534397797905091920e+01
4.720951865470027542e+01
4.779111113606562355e+01
4.942156183381362666e+01
4.412457597244263496e+01
4.638756592114840771e+01
4.732199702020088949e+01
4.867073383349636373e+01
4.618131861066451194e+01
4.750493473675540912e+01
4.863089396821715127e+01
4.993895306316719740e+01
4.486511125205161932e+01
4.650001105969501936e+01
4.775797011777084577e+01
4.861339230826521884e+01
4.592501748180951893e+01
4.742170074077826314e+01
4.233046925977199493e+01
4.477556923425891711e+01
4.535197876901030156e+01
4.724692462326741094e+01
4.525512195530220083e+01
4.765785224329995629e+01
4.756844008005744229e+01
4.723777926711357367e+01
4.656772566276178793e+01
4.912637288636273070e+01
4.843846915713270107e+01
4.515398678130506482e+01
4.534601075953622740e+01
4.472028613550315868e+01
4.477657503089024260e+01
4.762505071503333198e+01
4.611855476064884840e+01
4.366643096439920413e+01
4.692199450388782367e+01
4.511057974226611123e+01
4.831259222427812716e+01
4.178159910370764152e+01
4.641996214657549302e+01
4.875564796072255547e+01
4.614526766809944291e+01
4.566055727149758781e+01
4.403502625583306695e+01
4.725974929570793392e+01
4.872497688803718319e+01
4.388477468237514501e+01
4.708823952859297890e+01
4.970351586585022829e+01
4.457732815805666604e+01
4.846788012552204350e+01
4.173635667885962164e+01
4.540025889824938332e+01
4.786287882092885582e+01
4.652293656905472830e+01
4.712150229990555061e+01
4.402266086262235234e+01
4.648549724963302765e+01
4.660512672762401110e+01
4.782523218833291168e+01
4.215586168499949338e+01
4.492498473886098509e+01
4.716304088261453842e+01
4.854654054944274577e+01
4.387379164573068380e+01
4.474074706263014889e+01
4.726504617179602263e+01
4.902019924342550894e+01
4.178010823753610481e+01
4.609703277327492543e+01
4.770362967018364486e+01
4.851869322231225823e+01
4.559849637617134732e+01
4.736922818195485974e+01
4.911208830731227692e+01
5.016016748432092953e+01
4.535315975319888793e+01
4.780111618327578782e+01
4.861205775899183834e+01
4.998384653003708422e+01
4.700769631989950170e+01
4.942904985901002135e+01
4.361742329939517759e+01
4.610224225035834422e+01
4.728574795665727493e+01
4.891135603617072292e+01
4.510598428432173534e+01
4.778929750851051494e+01
4.842443466181828171e+01
5.026786522043315841e+01
4.443381138592744861e+01
4.781721028903658777e+01
4.803396503660873407e+01
5.047123396194490397e+01
4.799045269344873077e+01
5.096021925327551827e+01
5.042808612310668082e+01
4.963941727576109031e+01
4.934767437753484387e+01
4.568487172109653471e+01
4.654584858296185956e+01
4.935491457118668279e+01
4.843834932241124847e+01
5.012689052336780549e+01
5.294298115043832098e+01
5.088973954016001500e+01
5.011286129589252880e+01
4.899234254746649242e+01
5.239347993913951740e+01
5.330951917717129618e+01
4.689392658853236640e+01
5.197253634578158454e+01
5.467484344378584638e+01
5.159199656580312165e+01
5.134149017840346829e+01
4.931613201118818068e+01
4.954633141733385315e+01
5.305190912870345699e+01
5.011612832872268797e+01
5.245870117203637761e+01
4.655797735513225888e+01
5.121365817507470553e+01
5.256596328983675193e+01
5.334132266849196213e+01
4.990294622798220558e+01
5.252691078398645885e+01
5.295425512523687672e+01
5.172350751199662255e+01
5.200403299411629376e+01
5.455552367075699749e+01
5.599715984383908562e+01
4.968597822074559645e+01
5.319416251918226379e+01
4.794559485593138959e+01
5.117785320437624108e+01
5.195146427113578369e+01
5.416073959117360204e+01
4.690979536545744821e+01
5.129901009239431886e+01
5.277654018349065979e+01
5.370360429176782446e+01
5.063381682156565233e+01
5.284474359356327966e+01
5.376939705977478212e+01
5.493429986881601224e+01
5.076451411438952732e+01
5.267857687848604797e+01
5.407360485912801806e+01
5.540067982421288661e+01
5.137703237084608787e+01
5.368150399511696946e+01
5.467360960548184323e+01
5.651953059405216351e+01
5.077475328896014872e+01
5.296254516181280536e+01
5.366905404404111124e+01
5.574700246383137880e+01
5.549742485425556282e+01
5.789403904098399778e+01
5.779727712371529691e+01
5.362950912786648416e+01
5.470583945620651889e+01
5.714983813126671208e+01
5.675807174482103790e+01
5.723518732282236243e+01
5.624829658541288779e+01
5.229082964068030037e+01
5.323711667025252581e+01
5.607797457170287458e+01
5.487848045788175000e+01
5.450726925693811609e+01
5.707423009650387513e+01
5.514611859196244126e+01
5.811861012777066549e+01
5.203479513077049035e+01
5.586994060534780004e+01
5.826635994830305521e+01
5.569280279103588782e+01
5.512518726989679152e+01
5.854724753729176712e+01
5.575761565549781551e+01
5.911669466402215534e+01
5.286060599608264710e+01
5.626502357692574918e+01
5.885503054896113895e+01
5.555727703631826842e+01
5.572908570332034373e+01
5.899549874803476257e+01
5.820441426142952679e+01
5.948259388699605665e+01
5.470413696588898489e+01
5.773389874908710340e+01
5.958326995925318670e+01
5.361871861868210232e+01
5.760179953440045608e+01
5.410438133426081464e+01
5.621666886603920688e+01
5.662145455902054181e+01
5.841442054752454993e+01
5.309524805957763505e+01
5.575628248726799541e+01
5.770010551883706995e+01
5.672495665073170557e+01
5.416050104892671158e+01
5.615164113383648470e+01
5.774979142451279301e+01
5.772226574338920813e+01
5.300562590751778203e+01
5.580145393604030346e+01
5.684693909884065732e+01
5.812829026715520087e+01
5.281418430679607923e+01
5.554762113711700522e+01
5.672284591119692010e+01
5.794767716489813125e+01
5.367458493187166368e+01
5.528919586026449196e+01
5.701443039697742421e+01
5.753354560560456576e+01
5.526823732772761133e+01
5.743056227444306217e+01
5.913608424806226793e+01
5.631676358125955772e+01
5.824603133268082189e+01
5.868011118544157512e+01
6.065211695478772214e+01
5.591455731126497142e+01
5.822832895633029437e+01
5.988744429701247185e+01
5.879638283658725584e+01
5.576848653722429816e+01
5.604923936189469913e+01
5.865555325481628302e+01
5.800451412825252362e+01
5.781976310772296301e+01
5.673420531212691031e+01
5.948088559530628316e+01
5.986685495188670103e+01
5.387340817336160370e+01
5.700882540004617738e+01
5.452528840067702731e+01
5.767060173914415344e+01
5.965451406694888448e+01
5.309912703715039584e+01
5.645288070791940527e+01
5.896214834214141831e+01
5.614527828123168973e+01
5.682311322174918189e+01
5.977037180799010940e+01
5.697948643790820711e+01
5.819622541284999784e+01
5.547939335535642869e+01
5.464962051405838395e+01
5.782440609193496073e+01
5.526572760056586731e+01
5.789640666333959018e+01
6.029584941387459907e+01
5.636546480061388564e+01
5.943940345764382727e+01
5.269321403861118824e+01
5.673664754173775293e+01
5.787048731243441324e+01
5.915752052752420553e+01
5.463936936920141818e+01
5.532090344077801092e+01
5.731418937241984679e+01
5.893969565576476555e+01
5.182733915197328400e+01
5.560125299551602041e+01
5.710467702165408355e+01
5.794969822361751000e+01
5.366410537493675292e+01
5.509700634732466540e+01
5.664439070985424962e+01
5.736320459218675438e+01
5.520527398693363352e+01
5.554651142027231003e+01
5.710900024674547382e+01
5.753664475146567980e+01
5.409026382903716268e+01
5.519394121234986983e+01
5.675969548663643849e+01
5.729805654073077648e+01
5.426645745006817378e+01
5.547333759189511682e+01
5.727717192270978330e+01
5.747940525361941866e+01
5.303963615333087489e+01
5.406142041300007861e+01
5.612720498394032376e+01
5.598548640652663266e+01
5.663567786404242810e+01
5.299652054976355231e+01
5.583726316824674285e+01
5.522804958071877479e+01
5.733652705455850196e+01
5.097728770200517801e+01
5.449216579884237177e+01
5.381865833581196767e+01
5.644203382483825493e+01
5.339198050030184106e+01
5.615760028680872296e+01
5.722637344901598766e+01
5.308294085719691680e+01
5.671391324955747848e+01
5.911774018776824846e+01
5.519125637969437292e+01
5.710988744683714202e+01
5.109044536825157223e+01
5.544436100320449867e+01
5.763568684273296583e+01
5.343582073701217183e+01
5.556912144768735828e+01
5.838153549519223162e+01
5.427354870195576098e+01
5.602718008514916903e+01
5.886889274510121339e+01
5.740835649716746758e+01
5.661218942785409070e+01
5.357075457156659581e+01
5.695023223395546808e+01
5.609085845508404589e+01
5.695232288312924140e+01
5.263074189761409372e+01
5.555678640246206612e+01
5.718709181894049465e+01
5.720959329391027381e+01
5.280263361291902413e+01
5.509243947394741525e+01
5.668201399232413706e+01
5.745785067698995618e+01
5.316601705663209287e+01
5.513179171050707339e+01
5.582900169921175149e+01
5.740468263199568355e+01
5.229487213005993596e+01
5.496366070899190959e+01
5.602518739778607682e+01
5.734175492554951603e+01
5.273354901211713752e+01
5.516555382947642272e+01
5.658987534243971851e+01
5.737723179147269548e+01
5.358960521264670973e+01
5.482957533132115202e+01
5.648340027538184671e+01
5.704964379724455625e+01
5.429034315509676389e+01
5.686995562589166298e+01
5.674435572597751332e+01
5.873925524181338886e+01
5.252854660680132781e+01
5.556526801082586786e+01
5.559312180411247084e+01
5.792452070494365302e+01
5.594376369517360814e+01
5.846690339125949265e+01
5.770212870801227467e+01
5.606299103521644156e+01
5.584791125255328836e+01
5.865623069429943115e+01
5.752285607540873968e+01
5.544706042655761280e+01
5.487649607278618902e+01
5.778788824501997112e+01
5.896405950006124641e+01
5.653189851617819528e+01
5.657909230055215488e+01
5.945007329479057745e+01
5.714806597480603045e+01
5.882746894732838427e+01
5.426804461526862156e+01
5.789130811905034335e+01
6.016840629411716890e+01
5.350549693656127914e+01
5.790418567110130965e+01
6.038509916480967377e+01
5.675210957648072707e+01
5.718398466712941541e+01
6.034299347331825203e+01
5.954582770125828972e+01
5.925232572282612153e+01
5.618269479440809278e+01
5.937192855631545996e+01
5.839504909479943251e+01
5.907311591490763902e+01
5.509013023903495565e+01
5.754491857949619060e+01
5.970115794183605118e+01
5.770526791447548476e+01
5.597979029487957092e+01
5.847094968512744373e+01
5.987366828258901563e+01
5.693297808892310741e+01
5.825015357472334188e+01
6.014520161313196667e+01
6.155000842535162775e+01
5.534869214355648381e+01
5.822727802821346899e+01
5.945639327645893246e+01
6.084516150760075703e+01
5.613238807087130766e+01
5.783825507217173367e+01
5.885498691020429618e+01
6.031284248465185982e+01
5.715942945927898222e+01
5.965625935508083444e+01
6.030219789725658330e+01
6.150833798636268313e+01
5.606039667632568069e+01
5.811835895223193660e+01
5.858821042830638248e+01
6.036101430942359514e+01
5.852521814766063102e+01
6.108063304299448504e+01
6.095233216119354580e+01
6.011967966093890681e+01
5.930219716295583510e+01
6.189377917920992900e+01
6.104718927766524672e+01
5.745341765439285808e+01
5.762066149056592934e+01
6.018208046570292424e+01
5.970964503028233850e+01
6.166896910722748970e+01
5.550397477971485927e+01
5.868984701889574751e+01
5.880287358478415882e+01
6.057479527072403158e+01
5.418319131354814999e+01
5.770843748289718178e+01
6.013528585432241158e+01
5.755833703150977954e+01
5.910028186690944096e+01
6.198990404597034853e+01
5.895464487989499958e+01
5.889870098478313309e+01
5.640603230008476032e+01
5.952119965733469797e+01
6.141542763351021250e+01
5.534818334304468834e+01
5.847495736499262620e+01
6.076422270442694895e+01
5.914891182000106795e+01
5.943963559046328271e+01
6.236199139429611193e+01
5.840547415246433616e+01
5.942884914122031148e+01
5.603804182414282309e+01
5.898424686140701567e+01
5.830301079917190066e+01
6.022445466977634254e+01
5.613796509773334265e+01
5.840974977711075411e+01
5.849150577466129164e+01
6.015019795169718719e+01
5.529398126517786949e+01
5.722956631863460331e+01
5.783827931979831760e+01
5.936043720050577832e+01
5.472079339841359058e+01
5.629326332884809148e+01
5.737465948496748780e+01
5.840221656122433558e+01
5.571818690175604871e+01
5.683428505693406407e+01
5.822173096070197573e+01
5.876666885701568788e+01
6.020373197001537591e+01
6.078055138423192005e+01
5.644987820695138936e+01
5.769638038661521051e+01
5.959086672537004858e+01
5.954162827627334309e+01
5.891302603671149285e+01
5.664079278819744445e+01
5.933578060079769756e+01
5.874899255215166249e+01
5.613341351785654609e+01
5.624048442107057610e+01
5.873796824744594858e+01
5.776879221661015151e+01
5.913898813815581690e+01
5.511933675750233164e+01
5.752081634040998637e+01
5.642004163199808175e+01
5.884329646037048889e+01
5.313178210704207771e+01
5.603968896580730075e+01
5.674778024514632335e+01
5.566919137278505758e+01
5.851109713132709800e+01
6.062627225276296627e+01
5.494022924128421437e+01
5.821821215265064353e+01
6.056878241542956687e+01
5.749839810669769946e+01
5.684197023435785212e+01
5.443149223088986588e+01
5.740752428905188509e+01
5.947663639076854025e+01
5.260045783905265182e+01
5.631938088404137943e+01
5.854172117406680798e+01
5.726951946446582298e+01
5.720099657280240280e+01
5.406736367819087263e+01
5.673487183842610193e+01
5.571997003321315844e+01
5.555478650185010281e+01
5.825093697737511889e+01
5.885496850257929680e+01
5.427384271322642206e+01
5.491502195372507344e+01
5.684101943138663415e+01
5.853399163484115775e+01
5.276045102489590732e+01
5.610280100017091343e+01
5.742977314020824764e+01
5.814023456622361863e+01
5.333565854393339833e+01
5.554506600689619233e+01
5.712478594679878796e+01
5.746242741422907585e+01
5.368669423592914569e+01
5.531054715343262274e+01
5.641540219289116465e+01
5.740953606295395417e+01
5.236841713133571119e+01
5.363486851864077209e+01
5.477601420242934438e+01
5.539640654475064707e+01
5.568811402283818524e+01
5.740191870569576338e+01
5.757176990338152223e+01
5.312042923540592199e+01
5.393720574352067842e+01
5.590061422902407884e+01
5.570246800017687150e+01
5.712668576175084212e+01
5.143556393317265218e+01
5.428396762099583839e+01
5.369991285046737062e+01
5.607092366466431343e+01
5.349297709581674809e+01
5.611147507943242374e+01
5.515723456719888418e+01
5.422822220648912150e+01
5.672595520764003396e+01
5.471764317080792495e+01
5.761716359908101737e+01
5.090322123063243254e+01
5.491790875825545015e+01
5.718005042510362301e+01
5.464107413241466560e+01
5.490616651609822441e+01
5.789228760559696951e+01
5.504447372710898634e+01
5.706694613819275474e+01
4.979088515190636599e+01
5.449329995825793560e+01
5.684458260563417298e+01
5.329658947615912723e+01
5.369579892579396585e+01
5.674925807769504615e+01
5.496662738328677023e+01
5.476347588879951900e+01
5.803111158119384783e+01
5.448033002383400714e+01
5.755396104757681996e+01
4.865549862487384303e+01
5.324318689618063871e+01
5.529204604829870107e+01
5.703932152486220986e+01
4.984722052779366663e+01
5.406475445373865796e+01
5.586404123674192590e+01
5.648426200613796766e+01
5.185305232566908984e+01
5.391473641203995015e+01
5.468136836266259593e+01
5.608351128551614551e+01
5.112833039282566716e+01
5.388270606628700676e+01
5.505891074272002328e+01
5.602165802658726790e+01
5.736542231175604201e+01
5.817999320603245650e+01
5.630064507927004769e+01
5.638719923469953699e+01
5.815008470401625829e+01
5.872902141738050830e+01
5.365500735124727782e+01
5.638538503154983061e+01
5.671379955666227346e+01
5.869110895726011279e+01
5.529126795071849898e+01
5.805015676611309061e+01
5.788122602001070049e+01
5.905414421589293994e+01
5.558033651478311299e+01
5.836597515262680247e+01
5.762821653464899896e+01
5.920975113688403724e+01
5.511287276343320940e+01
5.809822232633680983e+01
5.692130162045553732e+01
5.910600524644697629e+01
5.365399424832492059e+01
5.713397145156132240e+01
5.810124531498815514e+01
5.665245788587466080e+01
5.979888325203909005e+01
6.201433066589297027e+01
5.458068760495947203e+01
5.892303439131950427e+01
6.163106551825463697e+01
5.861468755459744528e+01
5.931847143202340078e+01
5.671172472474661674e+01
5.987685257135525774e+01
5.964504038919356788e+01
5.684754322016650008e+01
5.672539566932347554e+01
5.993168033319237509e+01
5.845816974620350948e+01
6.103463197668720852e+01
6.307096803628789417e+01
5.572700109916752353e+01
6.089888396728653674e+01
5.481911532288506095e+01
5.778393149751647684e+01
5.969670230522932286e+01
6.009213390403774468e+01
5.611776698053695611e+01
5.824030680568628782e+01
5.900163997331220855e+01
6.060988772920534728e+01
5.415433278734144551e+01
5.753347057639799544e+01
5.925668153304015817e+01
5.955958932196254807e+01
6.088954823835420171e+01
6.214242466605102067e+01
5.845300059383931313e+01
6.049225308581409166e+01
6.144274151698085973e+01
6.297503401834758563e+01
5.747743422877690733e+01
5.930117517863162391e+01
5.998729122190061958e+01
6.156116100451010453e+01
6.098912996167639733e+01
5.587181320539712459e+01
5.827188512415662558e+01
5.870308542523636675e+01
6.041502187991194006e+01
6.072054633462301609e+01
6.270672916398775243e+01
6.170417426913069647e+01
5.728044238274944178e+01
5.823901793804195393e+01
6.053821170270714447e+01
5.974584161506321323e+01
5.927895498483535874e+01
5.880595787617779990e+01
6.139072039099896472e+01
6.005325641555857885e+01
6.293234317704945369e+01
6.442023040873547757e+01
5.768986381437040478e+01
6.086581059602973909e+01
6.338243193057564184e+01
6.099016733229529308e+01
6.300111595091787109e+01
5.874013226356459683e+01
6.174643294438872942e+01
6.374193542257648204e+01
5.867283703334570788e+01
6.157526695261927330e+01
6.392247811170430793e+01
5.986641819293124911e+01
6.091838010897128441e+01
6.368880462756182226e+01
6.241978950121831105e+01
6.242393406877715023e+01
5.905421164240174647e+01
6.197231528653915689e+01
6.165480500440862954e+01
5.988848736553106278e+01
6.086701780203249967e+01
6.354575519572379960e+01
5.946830626607908243e+01
6.081227304611034867e+01
5.702674044509679874e+01
5.894694255377998360e+01
5.955438549499294965e+01
6.119155191703916330e+01
6.252670735243066247e+01
6.343668228838519951e+01
5.896753857908306173e+01
6.069323326464136414e+01
6.172302902048141959e+01
6.277401018757267082e+01
5.902802802224594814e+01
6.072886325007052477e+01
6.180076735387984144e+01
6.257152269631622943e+01
5.740976011070997487e+01
5.897670819369792383e+01
5.940841226529769870e+01
6.112169093615661097e+01
6.026992283796258931e+01
6.224369945490368394e+01
6.216100805282093944e+01
5.970152837160154746e+01
6.000634439570556111e+01
6.214792451300137088e+01
6.158664418085157877e+01
5.878708064458109561e+01
5.870229081833194584e+01
6.121853424848418257e+01
6.016204096801921963e+01
5.807644089452344360e+01
5.942497273321106377e+01
5.980585257699554802e+01
6.024797984999488420e+01
5.839123001319284612e+01
6.087602165617753514e+01
6.122867960365798012e+01
5.911286504818102117e+01
5.983581979611616930e+01
6.232965643382674870e+01
5.974139720509799645e+01
5.849616673278094936e+01
6.159502544518471723e+01
5.879364285665767653e+01
6.174421302893741625e+01
5.574336948953668269e+01
5.901040065869358386e+01
6.128304622926653167e+01
5.805136082596734326e+01
5.796238981965409209e+01
6.074331617969184549e+01
5.901399060327172919e+01
5.936524991736249035e+01
5.619500414305499447e+01
5.888367318917475757e+01
5.932280456138160929e+01
5.631767495474925767e+01
5.886709542157269226e+01
5.810226777510909812e+01
5.992642030042957657e+01
5.565746406681653013e+01
5.788845662234703582e+01
5.851800160428506814e+01
5.940747732946362447e+01
5.298076945947628502e+01
5.611464124322859703e+01
5.749830814016578273e+01
5.834658948349093066e+01
6.002379426474175972e+01
6.056640602633238046e+01
5.682287663474070172e+01
5.843040720837608859e+01
5.946904892958302469e+01
6.047570530483941553e+01
5.540991206394809865e+01
5.662890041485334791e+01
5.775729971602652313e+01
5.856972402065609629e+01
5.567079042240825970e+01
5.726018143160155205e+01
5.858751087808727931e+01
5.868127314081962709e+01
5.416513553926031221e+01
5.499676895414246758e+01
5.691256008835633651e+01
5.669529308688748870e+01
5.810608336619339553e+01
5.817236828784914593e+01
6.016877773695171783e+01
5.575711507101777187e+01
5.877982776516406460e+01
5.806244578874512285e+01
6.013048893310601528e+01
5.470377888157768353e+01
5.787688010715461218e+01
5.811761305962837554e+01
5.845340204539984086e+01
5.225661498413771255e+01
5.702792178095712217e+01
5.882363362247699001e+01
5.624899087747294146e+01
5.665567118422123372e+01
5.956232672379719872e+01
5.670709296214464956e+01
5.838343671162390081e+01
6.105937433372108814e+01
5.759463386112607708e+01
5.801255735044940565e+01
5.525363534553700617e+01
5.811240976043178108e+01
5.801200558570262444e+01
5.654266542176127075e+01
5.690399333507485835e+01
5.976624377369402197e+01
5.633337517235771230e+01
5.724551998921435114e+01
5.996351917886343585e+01
6.008888576552187288e+01
5.626690857173040428e+01
5.823683206068552920e+01
5.989570076888615091e+01
6.036062724625581666e+01
5.598579185848839757e+01
5.792501526943824075e+01
5.885481731627735513e+01
5.980522715866212735e+01
5.485624154146711362e+01
5.692045430293163832e+01
5.802798741902887514e+01
5.888444760825834123e+01
5.488454971199153221e+01
5.658336689979282852e+01
5.792974769287142323e+01
5.878996791708862446e+01
5.479099503370287749e+01
5.690032728314174904e+01
5.754620082377248735e+01
5.832002082728294567e+01
6.013696140655650879e+01
6.031312965061201936e+01
5.938551316357563792e+01
5.646152429103741355e+01
5.910852383502244578e+01
5.889081008284601637e+01
5.941224123941963597e+01
5.898955567681118595e+01
6.144826671571101429e+01
6.001450939286595343e+01
5.653641152059402941e+01
5.724116364983500205e+01
5.984652252008616102e+01
5.840863388603347062e+01
5.928475864149000074e+01
5.900963292437810992e+01
6.166788636170959137e+01
5.904666406779119114e+01
5.685905654216880833e+01
5.973887477634482224e+01
5.733182311264155828e+01
6.034634858795212153e+01
6.298965182118713102e+01
5.996737640302237082e+01
5.986097533726505304e+01
5.745913913297320619e+01
6.058808230692825703e+01
6.203834540677753040e+01
5.613275625183217699e+01
6.015808544200321961e+01
6.235315650438213453e+01
5.888151316620128739e+01
6.093857887596343659e+01
6.388955679719205705e+01
5.806508477719668093e+01
6.194584018502462186e+01
5.349571825227187105e+01
5.846157993917249485e+01
5.965046507193731173e+01
6.144074887087744941e+01
5.464795002656500600e+01
5.838043501461767448e+01
6.013857228560605250e+01
6.094778240869044339e+01
6.254603050160039857e+01
6.372399928449595308e+01
5.783816418031539541e+01
6.050833388184603479e+01
6.160985402782661424e+01
6.265558520007785148e+01
5.908889019909913998e+01
6.046951755281241248e+01
6.186002532354535077e+01
6.264236918515443620e+01
5.707493754635091676e+01
5.965022474232769412e+01
6.022705277404229918e+01
6.179115477257271749e+01
5.963049508199627979e+01
6.200550863267075385e+01
6.227280309187452900e+01
5.920525239231260173e+01
6.246723836355139525e+01
6.200451866698095671e+01
6.387319422502674371e+01
5.815660296375875049e+01
6.071721193740053479e+01
6.031328859596779779e+01
6.254831947216735699e+01
5.972152610249744953e+01
6.259031584375858870e+01
6.193959929593527391e+01
6.186732864301593082e+01
6.368566119876988552e+01
6.162300394310614138e+01
6.308943242254639472e+01
6.005052458795796611e+01
6.308483297883012142e+01
6.523997845415580343e+01
5.834879410899852559e+01
6.171856075180499346e+01
6.410733954671283641e+01
6.101724458381016092e+01
6.210301431617630641e+01
6.485150744801106271e+01
6.153247162684662896e+01
6.251707054104343797e+01
5.937852899828253328e+01
6.229043822705780542e+01
6.196294837072725414e+01
6.024872187719491734e+01
6.327046693047177683e+01
6.368554633064354675e+01
6.058617949128092306e+01
6.092078846087208177e+01
6.370015216539820102e+01
6.282721419437691424e+01
6.204551905242660581e+01
5.861267145459527228e+01
6.071380353336949298e+01
6.165480740884649435e+01
6.194669727357869959e+01
5.602928296213629977e+01
5.896144498672867229e+01
6.037558560764393434e+01
6.114305590498378962e+01
6.237823107324643246e+01
6.373094360937029990e+01
5.845564537372106173e+01
6.020092991952461858e+01
6.107738163168011170e+01
6.218582364309507682e+01
5.799239447572350770e+01
5.927907120218515757e+01
6.056305950628538426e+01
6.097535638692504278e+01
6.105182999751446005e+01
6.294957467937756945e+01
6.278808687114255349e+01
5.947790964218779663e+01
5.993664133442841546e+01
6.209862952782557244e+01
6.139490775524218691e+01
5.759616163826449053e+01
5.803455675453566442e+01
6.055726696527629116e+01
5.952421565833569872e+01
6.137803433915161833e+01
6.197561661441078229e+01
6.165549671473529969e+01
6.000554506878796701e+01
5.904430793816312217e+01
6.160114348702821019e+01
6.171943006978112578e+01
5.647746771404504074e+01
6.026246471218470191e+01
6.093766608008245811e+01
5.919016126462147298e+01
5.930023319637483326e+01
6.210602077396176668e+01
5.921510699458969640e+01
6.182756790706157091e+01
5.490801074785742486e+01
5.835135268618623883e+01
6.062241133772390356e+01
5.715580561826205752e+01
6.002592643700995012e+01
6.127128025512890730e+01
5.713345407706960088e+01
6.070834306730443330e+01
6.257955988150074234e+01
5.572787550223626596e+01
6.011946492236904049e+01
6.197287605556162760e+01
6.170854818152228205e+01
5.790542541707485213e+01
5.808046877247232942e+01
5.985313966512259753e+01
6.146421723616600730e+01
5.571423508185996809e+01
5.888549068163192857e+01
6.008926413906475972e+01
6.103104369039816390e+01
5.625295524113247581e+01
5.764950135063173775e+01
5.892739765023403464e+01
5.950937274781748698e+01
5.651386924657553124e+01
5.817120135014022964e+01
5.913010737609624101e+01
5.867101627575552669e+01
5.694495976270791004e+01
5.877250230061282821e+01
5.946319337417882167e+01
5.496821239099820389e+01
5.630669595767681557e+01
5.771668016667793211e+01
5.796137194870064491e+01
5.676587634561816742e+01
5.707193240795663769e+01
5.903706988183650139e+01
5.859812977812440948e+01
6.080248642944388138e+01
6.003393510017881596e+01
5.797346617315908901e+01
5.763423434343540919e+01
6.007815003258881603e+01
5.897839889384896139e+01
5.790626709566908659e+01
5.687205030209568690e+01
5.941794309941457186e+01
5.990474184763007059e+01
5.427076237894110022e+01
5.852897194916057089e+01
6.068099106129866982e+01
5.803309141486904821e+01
5.748343604673668494e+01
6.057632566646186945e+01
5.769272721301812368e+01
6.048220830126405190e+01
5.161143848731138917e+01
5.686771515791990339e+01
5.918907221072078073e+01
5.584449694894342997e+01
5.870122732915942265e+01
5.984505137764724481e+01
5.595214766200339795e+01
6.050387073276894512e+01
6.077974200501218149e+01
5.757945725235003920e+01
5.795211830157774102e+01
6.070675988588643435e+01
6.115520798047846540e+01
5.694077912801724750e+01
5.887014082450887287e+01
6.045541645490704497e+01
6.099735778758175542e+01
5.662384541291482520e+01
5.853301364709626853e+01
5.944359794313290024e+01
6.038118636659222460e+01
5.547925968110205019e+01
5.749173392615080047e+01
5.857988632178575017e+01
5.945510300610978760e+01
5.533883044162772791e+01
5.700276706769308532e+01
5.829745940685572947e+01
5.918258171039178706e+01
5.548815070834883301e+01
5.759160662862815627e+01
5.820893063541832646e+01
5.886140695923413801e+01
6.064843258429552719e+01
6.078678226973381982e+01
5.900329868823168766e+01
5.897996852666827294e+01
6.119468183644147530e+01
6.071649774958931545e+01
5.662553090311414650e+01
5.719892797081801916e+01
5.958182058142455872e+01
5.874906523011979687e+01
6.000951273834026267e+01
5.900891957481820782e+01
6.172158516043853638e+01
5.893311702557841159e+01
5.769398472773391262e+01
5.884702247194315561e+01
6.074751603374450326e+01
5.825887170443961338e+01
6.121484683354978529e+01
6.335699987110506726e+01
5.689446616981421556e+01
6.064994733432063612e+01
6.324525738945025211e+01
6.007954016322000257e+01
5.996057823469921999e+01
6.314261369647152122e+01
5.985978971681264937e+01
6.274072251940852141e+01
5.507357785486109947e+01
5.930988176742564377e+01
6.160645032823389755e+01
5.832243389029380864e+01
6.170757457262828893e+01
6.144812747518183471e+01
6.222337199007249353e+01
5.659765100180751318e+01
6.046162305539634474e+01
6.146862183013506353e+01
6.282245530395764632e+01
5.834537884299250976e+01
6.033123614127246981e+01
6.073424628428447392e+01
6.196589227774598641e+01
6.357926430341347412e+01
6.388656814305413434e+01
5.887021816110313210e+01
6.016590803783910957e+01
6.154422541693166693e+01
6.266588145397567899e+01
6.183897368161201058e+01
5.806426023865356001e+01
5.986176657047299443e+01
6.073346802430749136e+01
6.205983894853130067e+01
6.344743406768235872e+01
6.370745186666611914e+01
6.002492152176701978e+01
6.109483804054841727e+01
6.280702381238253906e+01
6.300001735052215679e+01
5.974295563271507348e+01
6.045042373019227711e+01
6.243800109092925510e+01
6.220245960301166832e+01
6.064247112320452970e+01
6.276282790744336637e+01
6.185112584055080021e+01
6.371466353095395618e+01
5.776871841383911033e+01
6.043681555190222099e+01
6.046603905046740124e+01
6.257060672070782203e+01
6.449504232431260675e+01
6.240017020010115800e+01
6.319866689850547914e+01
6.102410665781653876e+01
6.396860284658616536e+01
6.417011312862850048e+01
5.849721771802216352e+01
6.166310990281717608e+01
6.405791800510451139e+01
6.097780716638776966e+01
6.159937322218640077e+01
6.442744943946418346e+01
6.122286481839619654e+01
6.310289899972604388e+01
5.917855725034919345e+01
6.180146049814773335e+01
6.301410782519534592e+01
5.886571023524943058e+01
6.238692804987557849e+01
6.373747434139589529e+01
5.953315098505645864e+01
6.305706016642466238e+01
6.407752169266764497e+01
6.214495881914439224e+01
6.169404107194969811e+01
5.773514618191048697e+01
5.976219550991670104e+01
6.149913966294923995e+01
6.069589888074210648e+01
6.237435129508521214e+01
6.370225771571391249e+01
5.946700791827358046e+01
6.156071201166739826e+01
6.263182558996285820e+01
6.370635864350382604e+01
5.898998148137674491e+01
6.016081733749529548e+01
6.127788034969778153e+01
6.220334723568930713e+01
5.940529288907814021e+01
6.125764458191724060e+01
6.167482373549847807e+01
6.270086952569889149e+01
6.366246596723666329e+01
6.354110981317857210e+01
6.087391016579744729e+01
6.126085220688197097e+01
6.340532032537348783e+01
6.260938419039729297e+01
5.851564085496330847e+01
5.888121373465703101e+01
6.140141733796902201e+01
6.033545768592334468e+01
6.213466068800482134e+01
6.265698086433678782e+01
6.248523511913904116e+01
6.052455872446751783e+01
5.963443421424815227e+01
6.215124267567085781e+01
6.345815691409544712e+01
5.692141406803991543e+01
5.963483583411467492e+01
6.192854817535769030e+01
5.943901963625493323e+01
6.154080024466276910e+01
6.396610247989760722e+01
6.073631087536976736e+01
5.997760750587975309e+01
5.750736827582279886e+01
6.035385268008923276e+01
6.238392555186339905e+01
5.562550459613088805e+01
5.909529527013365424e+01
6.123920254011040498e+01
5.872182106315590033e+01
5.866393967176504987e+01
6.154982434217384935e+01
5.847550910815153458e+01
6.105128270429739956e+01
6.255735152217533823e+01
6.097607287992474312e+01
5.844454896146712031e+01
6.024849665058732029e+01
6.145282499309727342e+01
6.205730989023015809e+01
5.740197096900854490e+01
5.873214073558105497e+01
5.999833371142721461e+01
6.143569553672938355e+01
5.500907638932411459e+01
5.796515226734783255e+01
5.828564499404747323e+01
5.967331174800701632e+01
5.509052073205814537e+01
5.644173756269749731e+01
5.738626830536301071e+01
5.852695847823970610e+01
5.931132137637150237e+01
6.055780893181884039e+01
6.085907987034879341e+01
5.528499669851630216e+01
5.692257714084077236e+01
5.794860312350170517e+01
5.786051892311505895e+01
5.889411233802001533e+01
5.873063807528539826e+01
6.044693825102159934e+01
5.701368283624591271e+01
5.957490017086219325e+01
5.890106121474219236e+01
6.033262788994636594e+01
5.538957573045986749e+01
5.833180835012696974e+01
5.737381808422365737e+01
5.977384891585333548e+01
6.211911331471016950e+01
6.001693589335577883e+01
5.889423919502056748e+01
5.737826271246245824e+01
6.028676894392370400e+01
5.986160607854507276e+01
5.715031623231971025e+01
6.085791550283806828e+01
5.810218123792350298e+01
6.104463153254402386e+01
5.308648300612586723e+01
5.768133955570794313e+01
5.999512412634434355e+01
5.674795930866604010e+01
5.750930927786773594e+01
6.021197893805193502e+01
5.902166907765383286e+01
5.914668182130513685e+01
6.197419237909173262e+01
5.815561560504005456e+01
5.927724668843683986e+01
5.530416365432387948e+01
5.745190069916776565e+01
5.781046205390878612e+01
5.950373283496314514e+01
5.278380767130760631e+01
5.668700599941966800e+01
5.804636993892230379e+01
5.880443247042309451e+01
6.024081042303536293e+01
6.148302804749469175e+01
5.574301789002931429e+01
5.816402984395430309e+01
5.965441796533279017e+01
6.048695087239342882e+01
5.572483076421472958e+01
5.719512942330684524e+01
5.844261906592809197e+01
5.944615266623497973e+01
5.675744851511308298e+01
5.890016052434443594e+01
5.950656533459927999e+01
5.994915693404708890e+01
6.174898584033613957e+01
6.183017459142266148e+01
5.816929645969463536e+01
5.891951672820129460e+01
6.095701517582401863e+01
6.058884679425545983e+01
5.720642052863805560e+01
5.767193793061291984e+01
6.003599373281276286e+01
5.919577333977284184e+01
6.042583887937048104e+01
5.942987382324174916e+01
6.212452042909821159e+01
5.941425851081979204e+01
5.781522157567090403e+01
5.898761404720077905e+01
6.101118131001501155e+01
5.845583544184069069e+01
6.163126961294916129e+01
6.379167417664292117e+01
5.645772263431226889e+01
6.060800493430070190e+01
6.321778745831718282e+01
6.012817820317896889e+01
6.118025394079975143e+01
6.401695449520076409e+01
6.065992132787749114e+01
6.137107977984016571e+01
5.837292357896411943e+01
6.135590318427223622e+01
6.090604695766157306e+01
5.919118240182870494e+01
6.242002864943679441e+01
6.287933901297270722e+01
5.976190013035004966e+01
6.004499775066893363e+01
6.292388077784890044e+01
6.276979940811153114e+01
5.965260981878888202e+01
6.153122459475115136e+01
6.305981903825710333e+01
6.345095802714183009e+01
5.913788202073355649e+01
6.079280498652687470e+01
6.147953799457320656e+01
6.287265608395425431e+01
5.790678622466143111e+01
5.994627845890659046e+01
6.097296191029673906e+01
6.158544620473097808e+01
5.807458323997364857e+01
6.031455140222502820e+01
6.134698745061429292e+01
6.191450172744296054e+01
6.317833649700332188e+01
6.407196752916338767e+01
5.841125382524496246e+01
6.022584045473841741e+01
6.070133516908093441e+01
6.245024205909982129e+01
6.231386334758543910e+01
6.433939964298627956e+01
6.404649819857417015e+01
6.029391460895023869e+01
6.072046471370414622e+01
6.286179360159952267e+01
6.235147478588810799e+01
6.273077765506216963e+01
6.296739400463111735e+01
6.511709729064072860e+01
6.225286321081896546e+01
5.997841480868643060e+01
6.049383856932551140e+01
6.316979506750013940e+01
6.106314109658102751e+01
6.398944219485392892e+01
6.595002567333959576e+01
5.970582802288247848e+01
6.316955256356095560e+01
6.552656804619968511e+01
6.237470456044336231e+01
6.235313648174006573e+01
5.971660106395705725e+01
6.273454646596258755e+01
6.460040298012253857e+01
5.845483341861415028e+01
6.135394153840448439e+01
6.355991625873154760e+01
6.069473624945598544e+01
6.081849638081970966e+01
6.365153578865578510e+01
6.123553187039356516e+01
6.367772952038522050e+01
6.573202455365803587e+01
5.996180236678409869e+01
6.392123093344722662e+01
5.822458597454712503e+01
6.037723644274661439e+01
6.178831165213160403e+01
6.241000284111289176e+01
6.395121868032148171e+01
6.520915644969693403e+01
5.968197471228106821e+01
6.189684163246079862e+01
6.297963428416325371e+01
6.407459767435511822e+01
5.990416385479380068e+01
6.132943969553036112e+01
6.239081591205415833e+01
6.318952672839841966e+01
5.990444259560445772e+01
6.197401000121602976e+01
6.230744966298841092e+01
6.291038098220544583e+01
5.792424094509753019e+01
5.986497854831656440e+01
5.982434721050168491e+01
6.173915656469527136e+01
6.154871016908930415e+01
6.372444442245121365e+01
6.220540221359581068e+01
5.798986057239069680e+01
5.854165876405728852e+01
6.103170416898856132e+01
5.991973141476348275e+01
6.251257722477566858e+01
6.123430267425008111e+01
6.259221244614095525e+01
6.025156860661559932e+01
6.291386103372872185e+01
6.315671020558495741e+01
5.786958042798569579e+01
6.146654527817543112e+01
6.337153266913906435e+01
6.074831082826683826e+01
6.085375288825992612e+01
6.359754998833794559e+01
6.066793605571010772e+01
6.306651233432255310e+01
5.657509420694961477e+01
5.969220383156562804e+01
6.192598582849799982e+01
5.841570214612260514e+01
6.123686651146131510e+01
6.229874255943936845e+01
5.881750993050582821e+01
6.240656201485367660e+01
6.281323946943869885e+01
6.006957517021845661e+01
6.010467842843817010e+01
6.271275437712662892e+01
6.217555162288618220e+01
5.904657068779598461e+01
6.194403230054906118e+01
6.329141612925090499e+01
6.034788162010618606e+01
5.941697683021405396e+01
6.135228723503404780e+01
6.222174082924556870e+01
6.056761209334991491e+01
5.707514111188601902e+01
5.889964092173543264e+01
5.980578566603480795e+01
6.064382496708052628e+01
6.152487739437744807e+01
6.260493935124853948e+01
5.779642925498427530e+01
5.894048194429655041e+01
6.015579917066482807e+01
6.079478837163630089e+01
5.787219128921323374e+01
5.973947152074730127e+01
6.118502503939782144e+01
6.124323762366362445e+01
5.638273123519167740e+01
5.714259221075859330e+01
5.900177605550764781e+01
5.872979322061511454e+01
5.976324823861464353e+01
5.981077658408052855e+01
6.182526887295659890e+01
5.794074211460733892e+01
6.070522202042774040e+01
5.981881509711151068e+01
6.142578293403909839e+01
5.675628663563151122e+01
5.980704800683328415e+01
5.983053380061903681e+01
6.028142146176779903e+01
5.344606748269627161e+01
5.749074337726553807e+01
5.974228810265277190e+01
5.739271773300220758e+01
6.024265152917136845e+01
6.237243276022044114e+01
5.535605986504841525e+01
5.952557680879808544e+01
6.181108073736297115e+01
5.850330707263623253e+01
5.849280190638636157e+01
6.140298542978730723e+01
6.025106758753469194e+01
6.196730119107495227e+01
5.317861286624606265e+01
5.854341914070379715e+01
6.059715991841766680e+01
5.611115550156760179e+01
5.914797118126634956e+01
5.853898358680307012e+01
6.040624332995093226e+01
5.674284719263486920e+01
5.897997715391460360e+01
5.917284767419751290e+01
6.031876620457304483e+01
5.403156621001225801e+01
5.735492841537554654e+01
5.823112994850893642e+01
5.938070915914202885e+01
6.084720253069789919e+01
6.178628809091984664e+01
5.643671847704274569e+01
5.850011134724184814e+01
5.935060704170923884e+01
6.056882323842496163e+01
5.649841934243249142e+01
5.782582547204619061e+01
5.903042173571008533e+01
5.959235211457654913e+01
5.954546944379269746e+01
6.132900103932121993e+01
6.140229834196685488e+01
5.800196404513434345e+01
5.875713912643383452e+01
6.080204419743145650e+01
6.039977551352681928e+01
5.691637605424208601e+01
5.734204349578757132e+01
5.971279358009076077e+01
5.884816669013413559e+01
6.142945230134026957e+01
6.092559809933271708e+01
6.324668228526333280e+01
5.654404769191587121e+01
5.996471074599394058e+01
5.962002125546094078e+01
6.208503113614359137e+01
6.438031145973315006e+01
6.193794777902976278e+01
6.330194272399177180e+01
5.936584952862963149e+01
6.252904071645642858e+01
6.448659835770862969e+01
5.678932922657136118e+01
6.106267475181036275e+01
6.346265159980828230e+01
6.003788693715421942e+01
6.121903113997862533e+01
6.392894688035901396e+01
6.228610845526207385e+01
6.281518322097046081e+01
5.932042690507673655e+01
6.217129610652861516e+01
6.128541521608222098e+01
5.930886123058458992e+01
6.262745270126999486e+01
6.348171606920224264e+01
5.969981037286427750e+01
6.022494671703888969e+01
6.211435089752454530e+01
6.382134316456896528e+01
5.832862979695177330e+01
6.146600111676517031e+01
6.253808322933148389e+01
6.358410465593109251e+01
5.778481062585215255e+01
6.024669223856828637e+01
6.177267834479810915e+01
6.239016346094602739e+01
5.863782469642337247e+01
6.042173232506961966e+01
6.126205181014483259e+01
6.274631268230744041e+01
6.327452827173873118e+01
6.479103520680112638e+01
6.079495352957452070e+01
6.301918639418302348e+01
6.303955906806270804e+01
6.478338432715916895e+01
5.964360603336988476e+01
6.204013246972530027e+01
6.197746201616098460e+01
6.387558461723741488e+01
5.986395583956845456e+01
6.273939060159947445e+01
6.218891645195329687e+01
6.422463384953495336e+01
6.602497852989074545e+01
6.391066091819113382e+01
6.144154075265696946e+01
6.076115314913996457e+01
6.364383022746313401e+01
6.267534778129508055e+01
6.443415446936305102e+01
6.695588213073622796e+01
6.426350599158821808e+01
6.262016066905975009e+01
6.084051696290156741e+01
6.398246054563158225e+01
6.477633320274593132e+01
6.087611628757963445e+01
6.423639380659746223e+01
6.627632193797175830e+01
6.017439885913296393e+01
6.308474193974677746e+01
6.529607781488940077e+01
6.364667456035937221e+01
6.353529025037842359e+01
6.008837048864535291e+01
6.291019989921588973e+01
6.316590604966248890e+01
6.023876010106764767e+01
6.306727849339733183e+01
6.246205624247823351e+01
6.403785705835767317e+01
5.982527665825313790e+01
6.205434301127530006e+01
6.189176895924281041e+01
6.337714590223095712e+01
6.477651912860824268e+01
6.567304899167291410e+01
6.078219049656402007e+01
6.208488491511354823e+01
6.316014183302743845e+01
6.439856598661067721e+01
5.967408576487815708e+01
6.067511107614494392e+01
6.187881435549711995e+01
6.292975169809120928e+01
6.081051513198443104e+01
6.280680659349074091e+01
6.311024967446041956e+01
6.291521708000397695e+01
5.848554674074326698e+01
5.919141941961497366e+01
6.101041728672513642e+01
6.086220642285133664e+01
6.295990634121635310e+01
6.248245797378620381e+01
6.377371642004276708e+01
5.633941340053682012e+01
5.998195684560570839e+01
5.912105561489405403e+01
6.165649589943535602e+01
6.305363422824481034e+01
6.146909354831169026e+01
6.341818103707481669e+01
5.797568630427969083e+01
6.094017320784006131e+01
6.104876229184144876e+01
6.130131610773252504e+01
6.372145265172918727e+01
6.289560873238779237e+01
6.170756029967206757e+01
5.975653910248879441e+01
6.253220839686849786e+01
6.415163913075166136e+01
5.763116118552670741e+01
6.067613332293931450e+01
6.293523925534020691e+01
5.958482495944846846e+01
6.015661842059200382e+01
6.277804959408370422e+01
6.093057818131514836e+01
6.112866188839699788e+01
6.393845715288073706e+01
6.040546002878399179e+01
6.275991147067145448e+01
5.495427467431071733e+01
5.903411724215146705e+01
6.083865620159552634e+01
6.078525731093670714e+01
6.226528687965784314e+01
6.351981896808732131e+01
5.803037906792341971e+01
6.106463901633941305e+01
6.214835944818035784e+01
6.339523579184894686e+01
5.834068594147153419e+01
5.921385478487179199e+01
6.075362752875602013e+01
6.157132367327462674e+01
5.701156069908736868e+01
5.811753902982964348e+01
5.924702511659887705e+01
6.011408230036617084e+01
5.853007597953133967e+01
6.047132337548205783e+01
6.091565325789938612e+01
5.679565462959114797e+01
5.770890491225998886e+01
5.918754489911196259e+01
5.940680863648610455e+01
5.768327523770124543e+01
5.838643000618072421e+01
6.024646243333756956e+01
5.975904735753635322e+01
6.192263778130232765e+01
6.113954176403666452e+01
5.926148971702102841e+01
5.882668691089613588e+01
6.123073818721633188e+01
6.006601817910457441e+01
5.871998985104299607e+01
6.095874185419954472e+01
5.897330763739152104e+01
6.156598881123685629e+01
5.673379340514352975e+01
6.004124164765774907e+01
6.194274822314048379e+01
5.820361592697862818e+01
5.993338045044676221e+01
6.245813301847093868e+01
5.924279174437157280e+01
5.877286615286564597e+01
6.182953912082149373e+01
5.873327397423997809e+01
6.145333796996703057e+01
5.254370392248472399e+01
5.782151734288387956e+01
6.002506517316983548e+01
5.747995678547896148e+01
6.016940517593356219e+01
5.962388325131742306e+01
6.027870820921922501e+01
5.550380580774380945e+01
5.914077869727596237e+01
5.906591342506300180e+01
6.000804850879735142e+01
6.162217911554535021e+01
6.255795622258217747e+01
5.810671139223479997e+01
5.901989568217240389e+01
6.047172244944656683e+01
6.176124650647510350e+01
5.694071312210822811e+01
5.977814255341313299e+01
6.042791074566408582e+01
6.157634304796312819e+01
5.639453996614713560e+01
5.784883967793571458e+01
5.871873467872420349e+01
5.991272804760154003e+01
6.134603419012464798e+01
6.168729009610720482e+01
6.192961003844013135e+01
5.737509886181886998e+01
5.823713716267310048e+01
5.999280881085355333e+01
6.009236598121896833e+01
5.871505340087290392e+01
6.115860203569771159e+01
6.077421298461810295e+01
5.842164265127954792e+01
5.861206010781945253e+01
6.099933901850322115e+01
6.008022262116369205e+01
5.845208912494009468e+01
5.820475413434506606e+01
6.087149424573757983e+01
5.936590933034696604e+01
6.217187372999470085e+01
6.403773600275440003e+01
5.734969873393260542e+01
6.080020274116697010e+01
6.346270251054382783e+01
6.100423043689050928e+01
6.255985004997159393e+01
6.510811467946173536e+01
6.190159358916175592e+01
6.160603611711991334e+01
5.916391029666934287e+01
6.227684063512299417e+01
6.392835005767580725e+01
5.718530535748701027e+01
6.124743133666771655e+01
6.349815317508645052e+01
5.945305528026448627e+01
6.208583088102291470e+01
6.461457939204628076e+01
5.962228571911049357e+01
6.343334715804964929e+01
6.464155796555530742e+01
6.444235242521237694e+01
5.894896616294656155e+01
6.249294044588013008e+01
6.404670856757628883e+01
6.467048421934262592e+01
6.027648358770378678e+01
6.206763208331481252e+01
6.311542481059969134e+01
6.392699708339378617e+01
5.895959738594866195e+01
6.077442578679971774e+01
6.196666411128084206e+01
6.325342660744812662e+01
6.420067214025898750e+01
6.510978689764787930e+01
6.223613802201121104e+01
6.339279621338339865e+01
6.408528573769133629e+01
6.527851230295168250e+01
6.059102460487149955e+01
6.277243075170328979e+01
6.312325819688208384e+01
6.494486518117660978e+01
6.040218465602761455e+01
6.309505371444122801e+01
6.300914060875832945e+01
6.482340087468708134e+01
5.890024811771112212e+01
6.146059807211636894e+01
6.110656439300273490e+01
6.337119999771798007e+01
6.087733376578372457e+01
6.375480349549056314e+01
6.292969950461444739e+01
6.174757192328974753e+01
6.383033916355123694e+01
6.175284019569012628e+01
6.425137588925855425e+01
5.951968893560331253e+01
6.216885483706931836e+01
6.441468433558792128e+01
6.124956560117683324e+01
6.443621749781303265e+01
6.639884633595828234e+01
5.954868221910117398e+01
6.298617029742651141e+01
6.541043413029230180e+01
6.192866759383776554e+01
6.212565764473655605e+01
6.507988438077954640e+01
6.282121162997810160e+01
6.455417381394667586e+01
6.073698729486928016e+01
6.360144479201350265e+01
6.290071157561713733e+01
6.081001293730048474e+01
6.398548061349681859e+01
6.469070549325346065e+01
6.111449234869257197e+01
6.174128176320842698e+01
6.362509859771829923e+01
6.531917318040601117e+01
6.035847628511579899e+01
6.233043068472218806e+01
6.312895592822962243e+01
6.448064296396668738e+01
5.959785708778453994e+01
6.112882307869574561e+01
6.211180512463646153e+01
6.358335108725819396e+01
6.456472622360782054e+01
6.575196045243583853e+01
5.997136173898243783e+01
6.173578830030997011e+01
6.302598995345476141e+01
6.354087463905593580e+01
6.365276171421849938e+01
5.914848554313749673e+01
5.991410584564324182e+01
6.187017362060114323e+01
6.176975286481461325e+01
6.401851070111052877e+01
6.356663259831930901e+01
6.439083685460961703e+01
6.501159506731478643e+01
6.645759741015108091e+01
5.859338094872556724e+01
6.271313169513470598e+01
6.311252693385539203e+01
6.380960877063061787e+01
6.242391828000174314e+01
6.524367553337506820e+01
6.679848539649630368e+01
6.009217351985844857e+01
6.283060397421130716e+01
6.529493312669772820e+01
6.293394145805970652e+01
6.439316489201297600e+01
6.060317434057041197e+01
6.356767450895437577e+01
6.442598047938388106e+01
5.891353485883090713e+01
6.239102361745765535e+01
6.477268420487068568e+01
6.081644186402829888e+01
6.160237914667639814e+01
6.435478690609367902e+01
6.175168122620052458e+01
6.180477754933721712e+01
6.478809217389958519e+01
6.144905339652478204e+01
6.423524950448135939e+01
5.714609387732822654e+01
6.097976649861440279e+01
6.292672598338390344e+01
6.008377866437741943e+01
6.176258021077718752e+01
6.346569185099069443e+01
6.395468648866011563e+01
5.912310609704040587e+01
6.110071965049883147e+01
6.213339712674416404e+01
6.296996098419007382e+01
5.804986130634536323e+01
6.003855154250830850e+01
6.066629911600362135e+01
6.207422679631025630e+01
6.318589652406884483e+01
6.421723820082306133e+01
5.760037176700225814e+01
6.045160907722710419e+01
6.165715436702972596e+01
6.246853693416711906e+01
5.868816711026536836e+01
5.992929755869026565e+01
6.153964491265539039e+01
6.188650902043552549e+01
6.390610945954873046e+01
6.375095993125074045e+01
6.176461794621912560e+01
6.194679882857975883e+01
6.435907034538126936e+01
6.363021873495571157e+01
6.085021421210545611e+01
6.076336503328482053e+01
6.337684135798138385e+01
6.226279373620133128e+01
6.066508358010535318e+01
6.224163276984805293e+01
6.233915027786306950e+01
6.338380513462904986e+01
5.790156972671840663e+01
6.160059874705947891e+01
6.396525896199420202e+01
6.142406673707903764e+01
5.999810808800893369e+01
6.348050102839084730e+01
6.059308258666442271e+01
6.368740269346922389e+01
6.615973620198866456e+01
6.076608386164477338e+01
6.439771558615629488e+01
6.672107992448225389e+01
5.957087104378012299e+01
6.481041325191719693e+01
5.912154677034107664e+01
6.295754431694142284e+01
6.443549535469483658e+01
5.870922283816560849e+01
6.287525122082599438e+01
6.342785178720840378e+01
6.467984393884107419e+01
5.749293690126044254e+01
6.256267277136700500e+01
6.332737039831263104e+01
6.476050411400960627e+01
5.757433544403799885e+01
6.147245658542554736e+01
6.333684234942511182e+01
6.163221652760628189e+01
6.341638063520090185e+01
6.475406807129459708e+01
6.374514144117056702e+01
5.964653318640290536e+01
6.188617493707980799e+01
6.293022293306860604e+01
6.427258583098728195e+01
6.596608840550517527e+01
6.640655044860602629e+01
6.163045936051621965e+01
6.442241488554275008e+01
6.485125315552885183e+01
6.692935413811403578e+01
6.093014014772813169e+01
6.390728283227007722e+01
6.399230156854786600e+01
6.610914936366053496e+01
5.949765760715163765e+01
6.275851709041983639e+01
6.268764425627104941e+01
6.527770038212005943e+01
6.711114845585379385e+01
6.548761495543173794e+01
6.534607851750216412e+01
6.415824531167882583e+01
6.729245657026956451e+01
6.693336185438960229e+01
6.325718360571472232e+01
6.712216056164432132e+01
6.481152823671553165e+01
6.820670181738213955e+01
6.315987584732071269e+01
6.683329032674768655e+01
6.780111427486987452e+01
6.393135333548141830e+01
6.618208745146492333e+01
6.914358497691291916e+01
6.492252488595774196e+01
6.576911701125200693e+01
6.906321320417475818e+01
6.576795813990425188e+01
6.684294177450182417e+01
6.333393928295314623e+01
6.663640996055902121e+01
6.602820577733776020e+01
6.512434766990342894e+01
6.831453921198955470e+01
6.871702486358832118e+01
6.465305974929177069e+01
6.610533061424594337e+01
6.889196619714688552e+01
6.767053338697016329e+01
6.693606279471401876e+01
6.860588327573117340e+01
7.015177144090026218e+01
6.452829844917538082e+01
6.765626823798687894e+01
6.931402986864911497e+01
6.977963060414157326e+01
6.497530464551549301e+01
6.754795030689808755e+01
6.876229274570461314e+01
6.974682972588811936e+01
6.433304949882307255e+01
6.669612178939243563e+01
6.757965186283342973e+01
6.938419781873730585e+01
7.021475746648316374e+01
7.206672871517722001e+01
6.545854956067768171e+01
6.806392405873785378e+01
6.866493203240680998e+01
7.099817812338082490e+01
6.871841619817048752e+01
7.193787253255210601e+01
7.142664199450348406e+01
6.775535650485113592e+01
6.830137570693918292e+01
7.109060386250899910e+01
7.024288197853329052e+01
6.935109709349075047e+01
7.015790198048493664e+01
7.294810117310399278e+01
6.992402558991720696e+01
6.786149834832428951e+01
6.822439189811598226e+01
7.152731183681345328e+01
6.889056236059956007e+01
7.245731926596691608e+01
7.466628264428725004e+01
6.749832102290164926e+01
7.145875196230832671e+01
7.422834440123982347e+01
7.031442992726383068e+01
7.034204887376967008e+01
6.721096593075138514e+01
7.088202835599113882e+01
7.294787181750417915e+01
6.660850739976356749e+01
7.009290103499048996e+01
7.261014811531062207e+01
6.738331954944749214e+01
7.134010779245873834e+01
7.309325287380403324e+01
6.869725384167156790e+01
7.316511672401587418e+01
7.355399675821398375e+01
7.218259105234285755e+01
7.222882817019365120e+01
6.678655990665545517e+01
6.998200521213749425e+01
7.084914687652194232e+01
7.179177864424015354e+01
7.354089747383268616e+01
7.394580448469743317e+01
6.896706860300501774e+01
7.166882968969885326e+01
7.283177814926393978e+01
7.390351067838032861e+01
6.842374881973934464e+01
7.065061213940194307e+01
7.156242746935153320e+01
7.361799430415156564e+01
6.751758407583449184e+01
7.012974066225606862e+01
7.061311818464264434e+01
7.222872628517620797e+01
7.443179003307085395e+01
7.405994802151202805e+01
6.935807218678647246e+01
7.074847433527733642e+01
7.366028404628526971e+01
7.287489908069474609e+01
7.066134464634612300e+01
7.093262904372127764e+01
7.409169826371986289e+01
7.211251410934193018e+01
6.917590839752097054e+01
6.966717771593818043e+01
7.301444840977194417e+01
7.095701337276175025e+01
7.075287719177562451e+01
7.112643860921913586e+01
7.387816993173942137e+01
7.107469770498701678e+01
7.440820078776192759e+01
7.541322030589287806e+01
6.919687522606116659e+01
7.247534606481414698e+01
7.526269072382453373e+01
7.165025895902631703e+01
7.152201240514723679e+01
7.496774590390516835e+01
7.130801656375213327e+01
7.435412409563437564e+01
6.763315664110616865e+01
7.127086876353735079e+01
7.378409441475221797e+01
6.902978239018428042e+01
7.224525809597678006e+01
7.284474969074346973e+01
7.343639683672731167e+01
6.722705625616524117e+01
7.132854622793981036e+01
7.330963949734805851e+01
6.870261031697131671e+01
7.260754335113658442e+01
7.437405119723160851e+01
6.889235238306943643e+01
7.279044197516293480e+01
7.394476305722984932e+01
7.485521433350348275e+01
6.880619847223280772e+01
7.151841906711165109e+01
7.295944280743252364e+01
7.399268073734462803e+01
6.797666754065778605e+01
7.051196821798767189e+01
7.215179318328918612e+01
7.283393579373679927e+01
6.982294702937082320e+01
7.252267447075823270e+01
7.282025883670023347e+01
7.319615224895181882e+01
7.343897354355424056e+01
7.584999232133127123e+01
7.062457138414207236e+01
7.291619386950128501e+01
7.454744674882279298e+01
7.284812668627796484e+01
6.959277644521911554e+01
7.073027206969514680e+01
7.352453791007516770e+01
7.250448798083148461e+01
7.160648133244396263e+01
7.231749561085180744e+01
7.515704814819058299e+01
7.254822189544499622e+01
7.592395667748891697e+01
7.566124031340554268e+01
6.946248792440347586e+01
7.467250057989195966e+01
7.487604717178831493e+01
7.447229026510950689e+01
7.097954752925663513e+01
7.537983479810529275e+01
7.267435621377106258e+01
7.604720294894447363e+01
6.853293260288940303e+01
7.300711849714527091e+01
7.593979302714761559e+01
7.152783852526187047e+01
7.488832434532402260e+01
7.512154784450774514e+01
7.213929242273249542e+01
7.380070138725669437e+01
7.659471956518021329e+01
7.355563319968703695e+01
7.626324441536145571e+01
7.748510120179776095e+01
7.433784694802476167e+01
7.565201949008897486e+01
7.063202809259354353e+01
7.393907730309604176e+01
7.440213490034896893e+01
7.526507670169684161e+01
7.050750550560390195e+01
7.223014825683310391e+01
7.374166245878447512e+01
7.557931948604540651e+01
7.653927991341342363e+01
7.824898386459867083e+01
7.263469479507455162e+01
7.467081423715579547e+01
7.615767463671087967e+01
7.519221311640222893e+01
7.421490359468636200e+01
7.519464695160959877e+01
7.788205503418475928e+01
7.258824013540703390e+01
7.490399237722400017e+01
7.684644972073274971e+01
7.676139613381315030e+01
7.154513660442130174e+01
7.459741278858264479e+01
7.457514787838067605e+01
7.732941562572867156e+01
7.199202027352882283e+01
7.547412206653690703e+01
7.478698572700400860e+01
7.751038494006826340e+01
7.986891550640025628e+01
7.681388949224853491e+01
7.527776747070880958e+01
7.414201562284280556e+01
7.766844199722422104e+01
7.604858847762304208e+01
7.436724549037036525e+01
7.785320595939495547e+01
7.482454153982963874e+01
7.852994260183430697e+01
7.333924368792212078e+01
7.712788171270447890e+01
7.949617353920004348e+01
7.219840517160733384e+01
7.648691502560699007e+01
7.952218091193445559e+01
7.528557104047067128e+01
7.616775612425371378e+01
7.950165305000925287e+01
7.521973796905267307e+01
7.658719629651163530e+01
7.980939380712706566e+01
7.797599071943393767e+01
7.979540464457780047e+01
7.467466526747872990e+01
7.770972542977935404e+01
7.819354730250879015e+01
7.410403955406003718e+01
7.700770697460031045e+01
7.811427140575490569e+01
7.923861539976000756e+01
7.304152124174110838e+01
7.613128571099703379e+01
7.827088981121690381e+01
7.676783435500841790e+01
7.765734167893829465e+01
7.879824082623477466e+01
8.050919514491627638e+01
7.492219082971254807e+01
7.706856349935479500e+01
7.783276698332429078e+01
7.992350087222209254e+01
7.326673798886200473e+01
7.644439009436287336e+01
7.697658079460109093e+01
7.811652140663028376e+01
8.098677160351944337e+01
8.050410373544902143e+01
7.509782509961725339e+01
7.654452170504598030e+01
7.921340163325768913e+01
7.885898733249455006e+01
7.595073976731498533e+01
7.632795417962020679e+01
7.926351586501442625e+01
7.833865353023577427e+01
7.623700763233919986e+01
7.706668285846488686e+01
7.998865260124362919e+01
7.789598247291742439e+01
8.146681471622085269e+01
8.109226359247587368e+01
7.596366080675565513e+01
7.614448235598845827e+01
7.924625606700870151e+01
8.222037770108596533e+01
7.526517379975130950e+01
7.931218670532891224e+01
8.203803570475827200e+01
7.778459844392611444e+01
7.812288986397302892e+01
8.123960601432557382e+01
7.707285886246759787e+01
8.034258955971016292e+01
8.305014678914079695e+01
7.715363612137288385e+01
8.112907306785305650e+01
7.466301427639142219e+01
7.850028743692296018e+01
8.079239998715171112e+01
7.488739036396087556e+01
7.843772006795838081e+01
8.058176639583818712e+01
7.815124835784428114e+01
7.723960921427772064e+01
7.989371970445921534e+01
8.074348679026570608e+01
7.580177265239858286e+01
7.859339032173409123e+01
7.975139518229008218e+01
8.077869896056930088e+01
7.563491705549870403e+01
7.784929254882922578e+01
7.961202476049500376e+01
7.707743537714279114e+01
7.879290613789213182e+01
8.062466032961170015e+01
7.953711153547293122e+01
7.664918215966287107e+01
7.819589178218458869e+01
8.056271284256588672e+01
7.988605141972487900e+01
7.464490570082149645e+01
7.777556204148874031e+01
7.774168824574981329e+01
7.944773814522052646e+01
8.143288815946760906e+01
8.092529289255678293e+01
7.638292084551964933e+01
7.718700441872820761e+01
8.037850456003000943e+01
7.915429065049022483e+01
7.797301272589446341e+01
7.769334844172155385e+01
8.103513801929982208e+01
7.807167742089961848e+01
7.628367402262698249e+01
7.732341724048465892e+01
8.023158166012525783e+01
7.768210035529178015e+01
8.092402074068856166e+01
8.304669830662837171e+01
7.449372336886300161e+01
7.938847025168192317e+01
8.216349136648504725e+01
7.876656835475256457e+01
7.844886330123513574e+01
8.154599485611610987e+01
7.777729952112322565e+01
8.081909372442461859e+01
7.434501141408902924e+01
7.792377740975018696e+01
8.047100957084710160e+01
7.550908097983695200e+01
7.836730086510952731e+01
8.043389031694782432e+01
7.504708171780131920e+01
7.935482120621770719e+01
8.146181322280456527e+01
7.568875207957511009e+01
7.945960119240480424e+01
8.113265545023405423e+01
7.981327857476496490e+01
7.644968780765833571e+01
7.853957251121939009e+01
8.056979706116661077e+01
7.727110210093071885e+01
7.984168299241062527e+01
8.124959193586911965e+01
8.034789795315965932e+01
7.706497909273892333e+01
7.914712893128326243e+01
8.093289015913244100e+01
8.055180262012407866e+01
7.539536417658122502e+01
7.760464413235808934e+01
7.801941992175100893e+01
8.048433012578860257e+01
7.412524575354548517e+01
7.722624536767406767e+01
7.717715761591702517e+01
7.826162853434738054e+01
7.329294024294033250e+01
7.707497517859552261e+01
7.647376304981187900e+01
7.897237084630700110e+01
8.097562692411439400e+01
7.780090436266399934e+01
7.928969372609029165e+01
7.566425836896750923e+01
7.887639875846635107e+01
7.750997937737200516e+01
7.517110361196881740e+01
7.694623755013591904e+01
7.748663535649302503e+01
7.698217634805715193e+01
7.690359426068998516e+01
7.982428747839297500e+01
7.723888474823057493e+01
7.702749995547898720e+01
8.043136101123839410e+01
7.713534810273630171e+01
8.001124175791301241e+01
7.336038403220167936e+01
7.733524143389325900e+01
8.007546365452182613e+01
7.522412992840556001e+01
7.788308268123202538e+01
8.046842392548454370e+01
7.279303863154473220e+01
7.739561067766105396e+01
7.982394592189035620e+01
7.580242713975502511e+01
7.985970891464731380e+01
8.064744101204759374e+01
7.720554709910115321e+01
7.942049126642633894e+01
7.400921734785971751e+01
7.597260581039047622e+01
7.834914176761053284e+01
7.374789353916796131e+01
7.727243392032718816e+01
7.825988417189321922e+01
7.994375552278582120e+01
7.373612647549281007e+01
7.632428496752318381e+01
7.779071900039797072e+01
7.567048978779907031e+01
7.740887870760064970e+01
7.930051263293653108e+01
7.926336485453558112e+01
7.390849053032306415e+01
7.643301158539375706e+01
7.685473278703007338e+01
7.882150302139159237e+01
7.245754626866872172e+01
7.566145666154960736e+01
7.552362384222236358e+01
7.795426541381259256e+01
7.833816137818428160e+01
8.105591637332769039e+01
7.424844672086425135e+01
7.689439488141768209e+01
7.900159540250015766e+01
7.759762226242666827e+01
7.468490423382978349e+01
7.486800170787563502e+01
7.799635533141704968e+01
7.631033203742863691e+01
7.658011048586794800e+01
7.625775144258800253e+01
7.946713393001518000e+01
7.643746454276534052e+01
8.011383533536570667e+01
8.095943796363636125e+01
7.476868994912815936e+01
7.854536586180698521e+01
8.166525714201365815e+01
7.694152661508647384e+01
7.945243859512942208e+01
8.221721574672267252e+01
7.723958656039930304e+01
8.027902649893250953e+01
7.297184179624795775e+01
7.750308243605240932e+01
8.005177412423083183e+01
7.329114062373119509e+01
7.756440224473834633e+01
7.983943187903440730e+01
7.371379095380551405e+01
7.845222778056941593e+01
8.063351470487749850e+01
7.485223290246447903e+01
7.929985487293893698e+01
8.101406348122912959e+01
7.751074039050675424e+01
8.007993106327701582e+01
7.412596814752262731e+01
7.682551839075439659e+01
7.864622349101799159e+01
7.717012528097426127e+01
7.623449692872131322e+01
7.847571842553136889e+01
7.856441866726318324e+01
7.538419259464177458e+01
7.842090219697502107e+01
7.925778840186818286e+01
7.767408514302761091e+01
7.516998431258612356e+01
7.661025626842901204e+01
7.916600556537720479e+01
7.628970432758515585e+01
8.002354868377436503e+01
7.968839312858713697e+01
7.479166715789818909e+01
7.886161648195627549e+01
7.822138461786879304e+01
8.105980929297781756e+01
7.423149963271823992e+01
7.829381388884519311e+01
7.707257170629479504e+01
7.994808983575656214e+01
7.501168705977208617e+01
7.823793260819603290e+01
7.719068969474172093e+01
7.966000654435005401e+01
8.134062721301278032e+01
7.707616822708183690e+01
7.996223651275782629e+01
7.463749477832270429e+01
7.811438515933875237e+01
8.024798340165992272e+01
7.469382321711775319e+01
7.813659425363671573e+01
8.098309406242724151e+01
7.628772579187651104e+01
7.803796652891716690e+01
8.121568696515028307e+01
7.687913567106626545e+01
7.758871730464349525e+01
8.096219039319737476e+01
7.667746240165826066e+01
7.945015662865723982e+01
7.450465599445050202e+01
7.788768723681843653e+01
7.783154765115952500e+01
7.615609812077674690e+01
7.912132397696790065e+01
7.982065056540419334e+01
7.539882654211488955e+01
7.789304181677425731e+01
8.012212284886989266e+01
7.617652292459781904e+01
7.943849739757328621e+01
8.094024780903798444e+01
7.696917640491356849e+01
7.989416737137905500e+01
7.382662340372174015e+01
7.633011332814265870e+01
7.777229394938375151e+01
7.732356482497625905e+01
7.414872537325639712e+01
7.594530996508203202e+01
7.799091974815702599e+01
7.634264787839850896e+01
7.887262141333998500e+01
7.921438709114337939e+01
7.460620890689874329e+01
7.598194300976560100e+01
7.866342242558287978e+01
7.823640040131763840e+01
7.394633403775836200e+01
7.496761038902238283e+01
7.798202488584075809e+01
7.714542654430599100e+01
7.336656336921846844e+01
7.470787356669677592e+01
7.789724813946101278e+01
7.653087538277338808e+01
7.979794484367295127e+01
7.805377650892778263e+01
7.606336332192611849e+01
7.464513600917709368e+01
7.806788823089338791e+01
7.968852324011892563e+01
7.101559361875031584e+01
7.601650852159568217e+01
7.895482167004091423e+01
7.601279199345391646e+01
7.528746895157668462e+01
7.703335974656984320e+01
7.699843272421504992e+01
7.589048906185327326e+01
7.913695515551472681e+01
7.848672790956491951e+01
7.507509480488469933e+01
7.630220455761555343e+01
7.939702254829305161e+01
7.520413828575958348e+01
7.614573142064239164e+01
7.921447784048744722e+01
7.659105179687507814e+01
7.784296517945598737e+01
7.332791926781359848e+01
7.651776885367192449e+01
7.719560620531001405e+01
7.350084204603024318e+01
7.645599602890851543e+01
7.715348516881982732e+01
7.756755155582581551e+01
7.241147661505826250e+01
7.455637701095000125e+01
7.667164096050495914e+01
7.424231409943320159e+01
7.661542602600788143e+01
7.809325637541326159e+01
7.351343320477333521e+01
7.608925124770222226e+01
7.743783249982243433e+01
7.797084424330648744e+01
7.480709946892544338e+01
7.785836316203170782e+01
7.807108674248135571e+01
7.543531758105311269e+01
7.470220256651229818e+01
7.543077046508165040e+01
7.789753004029614658e+01
7.615560360171187426e+01
7.971838646682442686e+01
7.833268462381820996e+01
7.468180239258832387e+01
7.490332550288967184e+01
7.800240271326042318e+01
7.691568822757133717e+01
7.398751250976175697e+01
7.356023636777727859e+01
7.693373986429440947e+01
7.549506279359587779e+01
7.541796094874548828e+01
7.590423046717549482e+01
7.873725007495072248e+01
7.556781281479686641e+01
7.373044279728273409e+01
7.685067470794803057e+01
7.393446873774720984e+01
7.724548205423484148e+01
8.042783802764922996e+01
7.523303183938263317e+01
7.880005791312675001e+01
7.082512950515094019e+01
7.538487679309328371e+01
7.834591081277342539e+01
7.378761962038130662e+01
7.727828236362967118e+01
7.746153357405520978e+01
7.397734891331971596e+01
7.614657824341955461e+01
7.881750751057532511e+01
7.282746698495357407e+01
7.764716884150321619e+01
7.990785275060014214e+01
7.327210999168914896e+01
7.797599305415282345e+01
7.155199979922318221e+01
7.521239092115091296e+01
7.578741902590367374e+01
7.708549316114705618e+01
7.187383377050156241e+01
7.390404475374585047e+01
7.617018076497886625e+01
7.311895042706544245e+01
7.579408929868550615e+01
7.737896018463534631e+01
7.630646126306129418e+01
7.256974144365356949e+01
7.575368557171158557e+01
7.704045453130744647e+01
7.124741045192047295e+01
7.399192892063889815e+01
7.639839829866086518e+01
7.669456573248181996e+01
7.403472764733031397e+01
7.672247250183119149e+01
7.692224661353894533e+01
7.602230498164172445e+01
7.628449285569936933e+01
7.921681239392627560e+01
7.618335488854989990e+01
7.997962696785745607e+01
7.931693380312100317e+01
7.643115623526463764e+01
7.592714253687474013e+01
7.952170855777593772e+01
7.853524159943673055e+01
7.636588348883294941e+01
7.896773087016939030e+01
7.749365450409639777e+01
8.071386552680469606e+01
7.337476981323645475e+01
7.779498760385277478e+01
8.002134575818887186e+01
7.598110832232734424e+01
7.819876561561441974e+01
8.124700163215321425e+01
7.740779283369161590e+01
7.762341594474672490e+01
8.128016753185826815e+01
7.716854422445462092e+01
7.941864994684286216e+01
7.525378641946427649e+01
7.914774592010803644e+01
7.886516314720937260e+01
7.509112770886315502e+01
7.855831640198644550e+01
7.952593143336100923e+01
7.664834351417381697e+01
7.827365843191864769e+01
8.138217366389753238e+01
7.668993860478239810e+01
7.941012090235324195e+01
8.148182812420755283e+01
8.011561688941792170e+01
7.691347889361455259e+01
8.004475937898982352e+01
8.131868302311153229e+01
8.109343762231426922e+01
7.601780726403281108e+01
7.835382155995459641e+01
8.021154897164618092e+01
7.799521267695529048e+01
7.965165051075528879e+01
8.169708386309598325e+01
7.758786035272768800e+01
7.982336150976124145e+01
8.251539489503294078e+01
8.260804970886329102e+01
7.691131342979088004e+01
7.915327402602943607e+01
8.231990802570285837e+01
8.191273876280767752e+01
7.642579382984804681e+01
8.017667140184286723e+01
7.961743265802822123e+01
8.253721405635991459e+01
7.732216701078530718e+01
8.125610702600414470e+01
8.000988649364911964e+01
8.254278025204318681e+01
8.179180150256379989e+01
8.500772691039553308e+01
7.773229472178221044e+01
8.139602346404180366e+01
8.392816356629599284e+01
8.084754864635840477e+01
7.948215109105110798e+01
8.061883414190728558e+01
8.389118370065730801e+01
8.045456170598484391e+01
7.980937184972233922e+01
8.056164144259197712e+01
8.381987795863014412e+01
7.962617727452879990e+01
7.980535374364838219e+01
8.239151467957648833e+01
7.838016503016858394e+01
8.192694543181606548e+01
8.491307041881577788e+01
7.872805133221112328e+01
8.309036912585489176e+01
7.625706971701501402e+01
8.041088232117262180e+01
8.299769757160883898e+01
7.663469486041235257e+01
8.048433030527529297e+01
8.284795713078189294e+01
7.926867553069227768e+01
8.158107211361905797e+01
8.426342919443229107e+01
7.877185010821882827e+01
8.262929147488588910e+01
8.432315179754664314e+01
8.282750382522804955e+01
8.313025061349377154e+01
7.764286121043592459e+01
8.006069889996575739e+01
8.213713528895453919e+01
7.906937018380534710e+01
8.115665346559036664e+01
8.327729318831130456e+01
8.025497304802783560e+01
8.311907558999590151e+01
8.372065892584387825e+01
8.482362313797278830e+01
7.887413369260721652e+01
8.251282615428004874e+01
8.271975330301287954e+01
8.474310587240564985e+01
7.760447815040197383e+01
8.145516852594236923e+01
8.112605570914378461e+01
8.446103258201600283e+01
8.446643625925788967e+01
8.701526175229578541e+01
7.990604727206182645e+01
8.289793704233403560e+01
8.548799210739264254e+01
8.417884000608920303e+01
8.086695062031544978e+01
8.373982601489808530e+01
8.327309157267082185e+01
8.589972407734363458e+01
7.862614689453677386e+01
8.328944158406176257e+01
8.260931989189916180e+01
8.534484684313885339e+01
7.811406246492381911e+01
8.260861029608078354e+01
8.484361813776068573e+01
7.974874626951660161e+01
8.351712535568432827e+01
8.654618859032005673e+01
7.998495976111874484e+01
8.373522048383789240e+01
8.680957589618944326e+01
8.095418923792396981e+01
8.473004955253250614e+01
8.714424418950463291e+01
8.114303005292582327e+01
8.542503864529058433e+01
7.902732776702964657e+01
8.282927243200080625e+01
8.521747151058426084e+01
7.874076389803025222e+01
8.269967523183883884e+01
8.463450725608748826e+01
8.374200782785574404e+01
7.993442127200451353e+01
8.398800817718232281e+01
8.556951913318023628e+01
7.999421128776492651e+01
8.291362340310155332e+01
8.511950841446076765e+01
8.291656863501967223e+01
8.440547332441502704e+01
8.712650774609979010e+01
8.468857968771538935e+01
8.289837239126705981e+01
8.487482698000600578e+01
8.790621350138461310e+01
8.195891365028465714e+01
8.445008564295945064e+01
8.665744244681920350e+01
8.664093606847234241e+01
8.136150264286523281e+01
8.342993914210630635e+01
8.729357463137323236e+01
8.604702133985126977e+01
8.021691162414209941e+01
8.499347094801646563e+01
8.427948620447119765e+01
8.766854567453378877e+01
8.804916909374017564e+01
8.942150410948077877e+01
8.410379200487749074e+01
8.732601656829075409e+01
9.040833819431145457e+01
8.516927333231248554e+01
8.838954412063266375e+01
8.102555836904630837e+01
8.523729501257413688e+01
8.748723260139124136e+01
8.204608773074170358e+01
8.614194185809355986e+01
8.980441712021483625e+01
8.355811635733748233e+01
8.791688457831686776e+01
9.128628108813036590e+01
8.422004385086468403e+01
8.874015998119625692e+01
9.207059109852355050e+01
8.510492827215496447e+01
8.972865633374445338e+01
8.280400293695073799e+01
8.749605425108333634e+01
9.043127484856864839e+01
8.246073076259752099e+01
8.778883658328987849e+01
9.072466873340160021e+01
8.284153329690927592e+01
8.806867397916442997e+01
9.077326896358806607e+01
8.482987570310797310e+01
8.967729191273362233e+01
9.205439065116277675e+01
8.677144853236254107e+01
9.045882475696326708e+01
8.396549971814273761e+01
8.744445781638634685e+01
8.989117302817369648e+01
8.491057187702752174e+01
8.884437089766743156e+01
9.150697315639074247e+01
9.060625152870841248e+01
8.578762906327010285e+01
8.941805177747045263e+01
9.043437882468350608e+01
9.086724811527908230e+01
9.392829427455212965e+01
9.236056874455752563e+01
8.884788206290367896e+01
9.072002437192007562e+01
9.517931991526293700e+01
9.033039328222179165e+01
9.403938894608197074e+01
9.467427429913408332e+01
9.343456200492208552e+01
9.276688026199735759e+01
8.859913468533113701e+01
8.964372836824757940e+01
9.379424203693621109e+01
9.148815337587464569e+01
9.604253047254748310e+01
9.410887350489396397e+01
9.311510904101315589e+01
9.124310264992678299e+01
9.239858496004350741e+01
9.645261736475791281e+01
9.203866628188787047e+01
9.703970080304863188e+01
9.587435746490761801e+01
9.306097987375805758e+01
9.343361418693572773e+01
9.465777117077307423e+01
9.829870029686161104e+01
9.172191162684126198e+01
9.654792581866506396e+01
1.000401772424980607e+02
9.215365656378006065e+01
9.726832449088466603e+01
1.006009115700624790e+02
9.368709221815483090e+01
9.833928956783098840e+01
9.171938932693404922e+01
9.660830974537469729e+01
9.854303911032596375e+01
9.313654772399614501e+01
9.641270628328699388e+01
9.932557764124049982e+01
9.257187903357313985e+01
9.715560590612797398e+01
9.961897692572830465e+01
9.555243100801456535e+01
9.965004821194294493e+01
1.021345148282022848e+02
9.558646648059141171e+01
9.950878311617071859e+01
1.028371016562453519e+02
1.003409055962291774e+02
1.004484294477566380e+02
9.476041081147477030e+01
9.934128650665623184e+01
1.009530827936072228e+02
9.556213610246155099e+01
9.841979257230960343e+01
1.022243400875962607e+02
1.016786422050107745e+02
9.687195772946832051e+01
9.902060777067397623e+01
1.035403985625023893e+02
1.008243855874250841e+02
9.888125367699495882e+01
1.011778530875258610e+02
1.035313502396078462e+02
9.801570080857852929e+01
1.035260517132730342e+02
1.026832521750433358e+02
1.014578266774795310e+02
1.004803885711965421e+02
1.056516948627034509e+02
1.024360450111457368e+02
1.032207153232191530e+02
1.078263610954404470e+02
1.050049267929268098e+02
1.043007376481788953e+02
1.023118568166637630e+02
1.073157871430402821e+02
1.018729022866102696e+02
1.076285221393274156e+02
1.109224900870914752e+02
1.037970102490261297e+02
1.082081826227664720e+02
1.023404279944240187e+02
1.072647881285982692e+02
1.088256469388391139e+02
1.021056457640718946e+02
1.067210648093602856e+02
1.103441955441396516e+02
1.040183144940051250e+02
1.081773149058337822e+02
1.115478387846066965e+02
1.054795786035950442e+02
1.096432325092191746e+02
1.126079934934227538e+02
1.064712860852589102e+02
1.107978661597422985e+02
1.042015334421598567e+02
1.086510237084205812e+02
1.113784904290027526e+02
1.052520468752507981e+02
1.095465638733540885e+02
1.121722000713382101e+02
1.068876803032748057e+02
1.103737598947470673e+02
1.143404559695029974e+02
1.072544378763679020e+02
1.131527634951964814e+02
1.058400729008090195e+02
1.107360113987725043e+02
1.124458192437386401e+02
1.075735058578521546e+02
1.103739407461702484e+02
1.146184138911928443e+02
1.124328595857697337e+02
1.089073113070059406e+02
1.137723789034874784e+02
1.139360213811372660e+02
1.102906582385277687e+02
1.164077353406871396e+02
1.158151025610995504e+02
1.125007314020711533e+02
1.130917283345567483e+02
1.183876217579879011e+02
1.111320652005885279e+02
1.177912918149206973e+02
1.192020401422745408e+02
1.145142190216050437e+02
1.150258892836335463e+02
1.157649522626767293e+02
1.200000217659205362e+02
1.170234736226194912e+02
1.172016002528770571e+02
1.169493460534321088e+02
1.219746735425431154e+02
1.157406364211868635e+02
1.196196137138660447e+02
1.239831487982225866e+02
1.161979355843026980e+02
1.217751436991545262e+02
1.259735581082402547e+02
1.184545111984399028e+02
1.235249506640698200e+02
1.167480426290163678e+02
1.225376375465297230e+02
1.231657462065086293e+02
1.172203580155096887e+02
1.227578264976984883e+02
1.262983847037036753e+02
1.211220358382660010e+02
1.242477241543430182e+02
1.270961420864864522e+02
1.211072439548246678e+02
1.260559715403190069e+02
1.294963288631462888e+02
1.225728474101566405e+02
1.284415935372272486e+02
1.208080374601576779e+02
1.269190071808938853e+02
1.283118803785702937e+02
1.223004643867550669e+02
1.265963314103226338e+02
1.318906981511424590e+02
1.235878131341171979e+02
1.300496967103359509e+02
1.310511107873730339e+02
1.275577261700850897e+02
1.301938595353093433e+02
1.249899879634753859e+02
1.287192052991867968e+02
1.331864843710432638e+02
1.251898139997752963e+02
1.320154667373016082e+02
1.324427751837946516e+02
1.296347848348932814e+02
1.313050915865559318e+02
1.372623419035829500e+02
1.289912316129518786e+02
1.360527205849321035e+02
1.356570507533268426e+02
1.341931495215546306e+02
1.344124519261100374e+02
1.325382022734572445e+02
1.335531555403358084e+02
1.398597748285577325e+02
1.317587950207465610e+02
1.394070387561257007e+02
1.371615293850854016e+02
1.374000738199743239e+02
1.358709611337351078e+02
1.415140458914276280e+02
1.373624345666374609e+02
1.416016837299823976e+02
1.470091712334899228e+02
1.390336312789235365e+02
1.452294376981220410e+02
1.375277988687980155e+02
1.443068032641615446e+02
1.417029206527532210e+02
1.448359811349253619e+02
1.457218499917332224e+02
1.485850671384442307e+02
1.417540692990793900e+02
1.472938313416013045e+02
1.512725912187623010e+02
