0.000000000000000000e+00
-1.350041169702205934e+02
4.511301475236697911e+01
-4.473032590515731499e+01
1.549557515602451474e+00
-1.100653225744267516e+01
6.704900333235137566e+00
-6.016038780113058593e+00
5.120678773454993227e+00
-4.557983637892617068e+00
3.694924762313161803e+00
-3.550987643204888577e+00
3.317777258693097586e+00
-2.815969853051423666e+00
3.048814449084098488e+00
-2.230703155470469046e+00
2.732721004532498110e+00
-1.722408426518362123e+00
2.648162911078715265e+00
-1.268380054615394714e+00
2.666744537626116518e+00
-8.525923812898495990e-01
2.744822769084269254e+00
-5.198321507053069723e-01
3.575993845096598900e+00
-2.752805208246033031e-01
3.908144447184767500e+00
2.697477531579191012e-01
4.144455163681373122e+00
4.095759599988789690e-01
4.344248322416683017e+00
6.101545324943281612e-01
4.681555012928806825e+00
8.587918979435108513e-01
5.026069611052995434e+00
1.136725986793050591e+00
5.387165953390737450e+00
1.435941026330965542e+00
5.766440697553112393e+00
1.753118825739556685e+00
6.159141273693229834e+00
2.085287723063777410e+00
5.433054391596948030e+00
2.448592861931621734e+00
7.120435058587018418e+00
9.339065924504879490e+00
1.084645240804761279e+01
8.334893503300412121e+00
1.209122152073522649e+01
8.965886297296922436e+00
1.251107072739971748e+01
9.342674652966493909e+00
1.294631980597615240e+01
9.735332844067885461e+00
1.335609500548705597e+01
1.010346618937493091e+01
1.375886364406167850e+01
1.046867439687588153e+01
1.415505198311872270e+01
1.082924080031670044e+01
1.454922228560066877e+01
1.118815117127577885e+01
1.494112162524668719e+01
1.154531156636557299e+01
1.533158273125619608e+01
1.190103465265800331e+01
1.572038512875097638e+01
1.225509492120007415e+01
1.610744368492339973e+01
1.260725063368579768e+01
1.649245566638844807e+01
1.295715492463136798e+01
1.687512293020931509e+01
1.330444019882081008e+01
1.725510613235438839e+01
1.364871628125365355e+01
1.780078767634158865e+01
2.022466834215895659e+01
2.318826913662350719e+01
1.941551507199372750e+01
2.413527978898949655e+01
1.983680215474534592e+01
2.449582729623840649e+01
2.018439680213863241e+01
2.483958311147379661e+01
2.051611149256452649e+01
2.516412474204692629e+01
2.083038586123553060e+01
2.483520256146430327e+01
2.116081435602810501e+01
2.517222819525681388e+01
2.147930756833689969e+01
2.547461754906641218e+01
2.176932646349813893e+01
2.575542764045662736e+01
2.204037651726937241e+01
2.601450714162800892e+01
2.229266653104535223e+01
2.641197550440827158e+01
2.925338437590948715e+01
3.062476700148587838e+01
3.016293651140638588e+01
2.963456562580181597e+01
3.169641675159398986e+01
2.946890921773658434e+01
3.155943103872357014e+01
2.964534623532393098e+01
3.194833112343179238e+01
2.917866799783431375e+01
3.208827683221154103e+01
2.932497220040763963e+01
3.212213031596715496e+01
2.948908861381054436e+01
3.216522651025230317e+01
2.964444995526473647e+01
3.219728519033360925e+01
2.980607089466391102e+01
3.279241035847689290e+01
3.661292692841002605e+01
3.928291260662984996e+01
3.624231397678472177e+01
3.936169005600886805e+01
3.635230353587657248e+01
3.928400364863450989e+01
3.609502409533573797e+01
3.840903729745298989e+01
3.293843723430315862e+01
3.844561174991293484e+01
3.555956499516052816e+01
3.852758152277759507e+01
3.541313900531552861e+01
3.855340522300489425e+01
4.141963540001444244e+01
4.256426670102032972e+01
4.143592417494325986e+01
4.287451456100625080e+01
4.148008621053233469e+01
4.288098564505479260e+01
4.126516995996247772e+01
4.274853855469548591e+01
4.101296721963892367e+01
4.256237412493050698e+01
4.074794957638145831e+01
4.235092517213281837e+01
4.046496692170741483e+01
4.198942848647498494e+01
4.068220978228538343e+01
4.474499724842516457e+01
4.555475985703868247e+01
4.997260611566269972e+01
4.334509762852994896e+01
5.053419454586430248e+01
4.265353698915470204e+01
5.012642227518804106e+01
4.187445697259629895e+01
4.987773658110495489e+01
4.324136121049544101e+01
4.520258895928994036e+01
4.601230528813002962e+01
4.563788071310499106e+01
4.451140498259663048e+01
5.050459491099483955e+01
4.881106504550420055e+01
5.315358178938373612e+01
4.649303085402781477e+01
5.346333681770217794e+01
4.551680073178406616e+01
5.245756491586034542e+01
4.527054775956610655e+01
5.175389598057029161e+01
4.434897356284594139e+01
5.100178578175239608e+01
4.377978449919801562e+01
4.984963032789215021e+01
5.265846389652109849e+01
5.122936280094426564e+01
5.349873316648003652e+01
5.134629807776036614e+01
5.148974170253218574e+01
5.104277486336508929e+01
5.074576085728719477e+01
5.031256865315565818e+01
5.025133731923165925e+01
4.976428025868564475e+01
4.950634514581163614e+01
5.443991779003922460e+01
5.262006281435621702e+01
5.617946708293326452e+01
5.061765808638677555e+01
5.615534702857386407e+01
4.939021583897373091e+01
5.519383075572326192e+01
4.960163110655955165e+01
5.474148168746226872e+01
4.801946349438618711e+01
5.367504965843080811e+01
5.737741417759667684e+01
5.387038079592152684e+01
5.637672043304016256e+01
5.374786700620081348e+01
5.597500272183722814e+01
5.316507299973311973e+01
5.399181133932173537e+01
5.245881129682198463e+01
5.337422228890753217e+01
5.172700767348320028e+01
5.217262385184610451e+01
5.658492313065382007e+01
5.440457303887249907e+01
5.643105950444623886e+01
5.431473425947923772e+01
5.506430594861426187e+01
5.312149924785243371e+01
5.434746099436017630e+01
5.220940856977078681e+01
5.339539979030472239e+01
5.122006423050422796e+01
5.552790129273069653e+01
5.544615048300697424e+01
5.650284305548293418e+01
5.356014962922458267e+01
5.738848961178081254e+01
5.081916930424111456e+01
5.681902051227308448e+01
5.011202076176160602e+01
5.536495862661983125e+01
4.811127429272345069e+01
5.439841299493073734e+01
5.732466261847555700e+01
5.190392956424823012e+01
5.675464157692909595e+01
4.974083036427155946e+01
5.571125417415279202e+01
4.944898318539382132e+01
5.428576714526703739e+01
4.752989821678118432e+01
5.324574436008567346e+01
5.456464745058301702e+01
5.794308134943130995e+01
5.212020124526205933e+01
5.616423383672087510e+01
5.049657784981234698e+01
5.465503718849840453e+01
4.958978559948037201e+01
5.328393364312891833e+01
4.772140333162596448e+01
5.172382801847618339e+01
5.419933591791014749e+01
5.526231222298299173e+01
5.210739557582270010e+01
5.434761447665218270e+01
5.089157635432306392e+01
5.284204968585766693e+01
4.937507339507365600e+01
5.139578777189173309e+01
5.358388545873633291e+01
5.586438502096743264e+01
5.142813865616178504e+01
5.418551681592292368e+01
4.993320803978671307e+01
5.279917607621379716e+01
4.833412634771383409e+01
5.094145937316565664e+01
4.703982779637346567e+01
4.977405361932089534e+01
5.209195728976816753e+01
5.363142157507763841e+01
5.030509993865945262e+01
5.251739071467236641e+01
4.769988997210155901e+01
5.090403888810422472e+01
4.576753168115678960e+01
4.888099600070206918e+01
5.064460530773405367e+01
5.252578393777416466e+01
4.753490981715835062e+01
5.060135457970368833e+01
4.657346326768584532e+01
4.922472009121365488e+01
4.442936334309812452e+01
4.733696560914439999e+01
4.940703334339485053e+01
5.074934464958000291e+01
4.883915227771699819e+01
5.032721715786139782e+01
4.525699944268837527e+01
4.798459313107466784e+01
4.431011968928149258e+01
4.633996482137756345e+01
4.879415240499193374e+01
4.953421466391233707e+01
4.797878371700146261e+01
4.881650065055504939e+01
4.532744342136911797e+01
4.658015696136367723e+01
4.400738900097425699e+01
4.558901431863944964e+01
4.853890041434221558e+01
4.834437663106137961e+01
4.641974019043686184e+01
4.673581992242726812e+01
4.515246917660424941e+01
4.542782069247988375e+01
4.269341388854761732e+01
4.566646013938812132e+01
4.575067072011239588e+01
4.912207142195293841e+01
4.362220089072813778e+01
4.736879892929292168e+01
4.207686513737026957e+01
4.579975358241909333e+01
3.970196515618603428e+01
4.376960712736032377e+01
4.446133558702647548e+01
4.674282741451347079e+01
4.193218886412056179e+01
4.590565428433500728e+01
3.944799034127278503e+01
4.396046200533555748e+01
4.693778056663366272e+01
4.446654822989606259e+01
4.449230993139197921e+01
4.317173945709269844e+01
4.249625280173612651e+01
4.118319858963879199e+01
4.164435140554152071e+01
4.012017321647083890e+01
4.321352202427052447e+01
4.625582722923731893e+01
3.913487771800083692e+01
4.323130512807836823e+01
3.972036743338459530e+01
4.180107285209346202e+01
3.795367024817454649e+01
4.129344253539161969e+01
4.394998758358706681e+01
3.972175100456406938e+01
4.292650305269053490e+01
3.751747798171457049e+01
4.148454784465222644e+01
3.424573468914175578e+01
3.919982332979473227e+01
4.206193663708683061e+01
3.969139050535693514e+01
4.171691455423423633e+01
3.796088881046871677e+01
3.869221623179897307e+01
3.621592822297318293e+01
3.665433515697215228e+01
4.039132793463821969e+01
3.853179943580370548e+01
3.931858357860057396e+01
3.629113839039927569e+01
3.875869950056475943e+01
3.156998965582060634e+01
3.710218096184377856e+01
3.951493990675448487e+01
3.753975236858263997e+01
3.880809156388116321e+01
3.559901953362599869e+01
3.650851497777125587e+01
3.286658650878816701e+01
3.447965303563675832e+01
3.707504575767716659e+01
3.958511580018486598e+01
3.249555936845668924e+01
3.639952898043676299e+01
3.310637711452086052e+01
3.541964144073838128e+01
3.697445814812488152e+01
3.893650703493292298e+01
3.402646992860217523e+01
3.581444522343844739e+01
3.375491765473086048e+01
3.539758294401368488e+01
3.122913475633450631e+01
3.314737284025116537e+01
3.514297492049571048e+01
3.624184030731606754e+01
3.270292607798118922e+01
3.522070869434785578e+01
3.029374994607167793e+01
3.224005687650947038e+01
3.416732484420766980e+01
3.574423020305393806e+01
3.478725528854468507e+01
3.232467459661540232e+01
3.448512793023752465e+01
2.991341223827837936e+01
3.200291704461015740e+01
3.387394241474091672e+01
3.506210532055676765e+01
3.124933595857529767e+01
3.308112382274966734e+01
2.935948003510307913e+01
3.137518303427181721e+01
3.364098239164170678e+01
3.436381617048935766e+01
3.283082549379309967e+01
3.367674213817915785e+01
2.975595904767239830e+01
3.115336337454419180e+01
3.398075482901926136e+01
3.401384854211808317e+01
3.345358229101909586e+01
3.367600100928913065e+01
3.076992328077717431e+01
3.116751292897471259e+01
2.934630044090129530e+01
3.176307154519023968e+01
3.174049309572996336e+01
3.504553840049923252e+01
2.797312757665890359e+01
3.277508743844738603e+01
2.714503553310149897e+01
3.179083287667805635e+01
3.163675918963189559e+01
3.500724399185951086e+01
2.735711610647023662e+01
3.303972356478975314e+01
2.700542693619380685e+01
3.205925368603588765e+01
3.369347525025211354e+01
3.223717307101351537e+01
3.401962845206142561e+01
2.904571021461503477e+01
3.306415192178971552e+01
3.606726272515166443e+01
3.392270264457388151e+01
3.330311288421664528e+01
3.212090495930043232e+01
3.202954041759472403e+01
3.076104558106215592e+01
3.382147467254254281e+01
3.686723087354029360e+01
3.062048112308489323e+01
3.393183223450727581e+01
2.953445953051463135e+01
3.386792896471631309e+01
3.615416677780380894e+01
3.407633909615037737e+01
3.593018292540025982e+01
3.040751946157764607e+01
3.420356187559959693e+01
2.866639591470423554e+01
3.274534970389110811e+01
3.574807153762284173e+01
3.252034062214401189e+01
3.612928795391908210e+01
2.991659018915376933e+01
3.407454198564430925e+01
3.684108915181261068e+01
3.431851631632620325e+01
3.740564928877073925e+01
3.002719163283667214e+01
3.551540279372433417e+01
2.979817180709231295e+01
3.362308471942282040e+01
3.613189996909683543e+01
3.546939009677512900e+01
3.286605298453627455e+01
3.560570222682141406e+01
3.078742709070213834e+01
3.398327820104933039e+01
3.628175770967170166e+01
3.617105572845756711e+01
3.367198827020640550e+01
3.564226136868194317e+01
3.158588304747631881e+01
3.416155244078797892e+01
3.586293950084062487e+01
3.741777324275559380e+01
3.356705322126587276e+01
3.577820059436966460e+01
3.176699318724561749e+01
3.475919132503106823e+01
3.655384867639891411e+01
3.779404815258858008e+01
3.492062587898930559e+01
3.751506441400881187e+01
3.217997653952928516e+01
3.525946802537418989e+01
3.715792279052626412e+01
3.921975198000071572e+01
3.355565603795533747e+01
3.675832817225330018e+01
3.849146012662121308e+01
4.063102584168002807e+01
3.965324986381689598e+01
3.787081942913503241e+01
3.915422300860407745e+01
3.437590277408724404e+01
3.699675396109772407e+01
3.938299324784988187e+01
4.033881909444026093e+01
3.753940716502582831e+01
3.899897672003782390e+01
4.174050542052636104e+01
4.212864952464552459e+01
4.178949601249015444e+01
4.181160195104146027e+01
3.802549005823473749e+01
3.954930802393354128e+01
4.265756894852786019e+01
4.276862983200901880e+01
4.131512106363724257e+01
4.167092675429149295e+01
3.945352112791375987e+01
3.991208220844902144e+01
4.311091506575885290e+01
4.427088726047324485e+01
4.000843143853201411e+01
4.114037141471578707e+01
4.166885819884875275e+01
4.543032811016672667e+01
4.418724790497851984e+01
4.556136083368119216e+01
4.216455278476014712e+01
4.446554055506918957e+01
4.049562998378283396e+01
4.463291831911956109e+01
4.637083179350215545e+01
4.050665185557942749e+01
4.538955094851588257e+01
4.134612681006038315e+01
4.591844270623518298e+01
4.885178510960850673e+01
4.200892300767650767e+01
4.695835752494085114e+01
4.162267661714353295e+01
4.611795082859125472e+01
4.933379954313061688e+01
4.323406612947051286e+01
4.716343249149996808e+01
4.521819353013591325e+01
4.695789011573054239e+01
4.981317813926951743e+01
4.940050657274191792e+01
4.730301655842202280e+01
4.552871874993493151e+01
4.695566408661315450e+01
4.985018882110347960e+01
5.254960009919313535e+01
4.654123314899002395e+01
5.030946558481222297e+01
4.609478752284854153e+01
4.888049220643848258e+01
5.140893366161205336e+01
5.142749521427493420e+01
4.817234766842506843e+01
5.010827121103381643e+01
4.661780175711763974e+01
4.871708525472570983e+01
5.103085401934784926e+01
5.215492776583261048e+01
4.827741481774605603e+01
5.030053053947025177e+01
5.303632016545404326e+01
5.399479335479473718e+01
4.985650993286117938e+01
5.229304396436143065e+01
4.814721596363912681e+01
5.097173055100861205e+01
5.217396190145451129e+01
5.425570375974557180e+01
4.890221155684034215e+01
5.259807396062672069e+01
4.810582204204813195e+01
5.059098501627559585e+01
5.261933070889366348e+01
5.398871404659121254e+01
5.085492188441016026e+01
5.334742784320938824e+01
5.559684347788898862e+01
5.690399561716070309e+01
5.189801522687847068e+01
5.462637486206305937e+01
4.922652687379968484e+01
5.216269083048161548e+01
5.444457993260121498e+01
5.537750426870391607e+01
5.327992963530606829e+01
5.487197565432090585e+01
5.767544467391442709e+01
5.787726901935138812e+01
5.393347320900770114e+01
5.567281254859705797e+01
5.329735835852685710e+01
5.539213043815442461e+01
5.602381269246073003e+01
5.893761828605755682e+01
5.462905360157012069e+01
5.803715795554241907e+01
5.933086864449212783e+01
5.939591085534054571e+01
5.683860040603946828e+01
5.714760987883295229e+01
5.531265274649589969e+01
5.778712203443277673e+01
5.927354064226958741e+01
5.798153163608272109e+01
5.684020550681110961e+01
5.628154977867423980e+01
5.965508475893775397e+01
6.244312901337727340e+01
5.480402395769417723e+01
5.990469305090928032e+01
5.654244754365070946e+01
6.042397081447194296e+01
6.306397839039222220e+01
5.533348246703442896e+01
6.098060027981635045e+01
5.535094628921383730e+01
5.986323553509894424e+01
6.274016178018025869e+01
5.729246530917917823e+01
6.165446353455022432e+01
5.359102926910469478e+01
5.920663232245648544e+01
6.204968429990368861e+01
5.885449490353142465e+01
6.066079181698128764e+01
5.667991210715761241e+01
6.086144600699920204e+01
6.084232421668499313e+01
6.086098637419181046e+01
6.037896055688313623e+01
5.765336686523296095e+01
6.033616780796454293e+01
6.106873490495507895e+01
6.284039496901795729e+01
5.565206073157403921e+01
6.012217172640366414e+01
6.242639573178482237e+01
6.375980019965830081e+01
5.980663995109003395e+01
6.128096339980541529e+01
5.728867464009741184e+01
5.972312495191638959e+01
6.081919491117772480e+01
6.298249745534228339e+01
5.667026447969055880e+01
6.059899585290438040e+01
6.182234631354832999e+01
6.381722412830633573e+01
5.782383866393598026e+01
6.118517212384103487e+01
5.570367331591919680e+01
5.886558036588391474e+01
6.010591339108123066e+01
6.167377502563351044e+01
5.745136909911715861e+01
6.031224275525204348e+01
6.197488666568805371e+01
6.317387589901112932e+01
5.739531095961478968e+01
6.038719866002450942e+01
6.243146676517741867e+01
6.313107179008009240e+01
6.252066695769887161e+01
6.255395529223635265e+01
5.736915850975744746e+01
6.054568849909808392e+01
6.088892080164606568e+01
6.341054473221385024e+01
5.967517718522470460e+01
6.189266502893541144e+01
6.377307181248288259e+01
6.315249031922129319e+01
5.963442888825600363e+01
6.030762463927055705e+01
5.732907663258077946e+01
5.806982178013284113e+01
6.085403088401831440e+01
6.011256749368638452e+01
5.945341320353016101e+01
5.867874233877138579e+01
6.183854225590865639e+01
6.241113997936696478e+01
5.710687527632236282e+01
5.755752064011736735e+01
6.075747302682016482e+01
6.347257006485655495e+01
6.013408920792510770e+01
6.045224560328308172e+01
5.857504403954398242e+01
6.203036520792304032e+01
6.351085891170966846e+01
5.847755192111772971e+01
6.180167838751714271e+01
5.545406191818656083e+01
5.898598320857188781e+01
6.165089057313400644e+01
5.830102555208026871e+01
5.854222994872659314e+01
5.590773345443337661e+01
5.930689689357603811e+01
6.022313042664620042e+01
5.918072886965698842e+01
5.799204844727871944e+01
6.149035469171560209e+01
5.885287921345930329e+01
6.050638503951366687e+01
5.686616468628499632e+01
5.744223041580165301e+01
5.975115040532949706e+01
6.172890753736912473e+01
5.662077008648470411e+01
5.922156717479452226e+01
5.306833969921159166e+01
5.620548396950420056e+01
5.811829218752266968e+01
5.876958828099478893e+01
5.443366024582893203e+01
5.656349245751496113e+01
5.743246225997366139e+01
5.934924509393706415e+01
5.354819967317361318e+01
5.636537381165862826e+01
5.716362168065432314e+01
5.885196521503548439e+01
5.394556470152768668e+01
5.629554470268899991e+01
5.758206644288746645e+01
5.882982887182055975e+01
5.457465856712899210e+01
5.642198762387989319e+01
5.231214537988815749e+01
5.366505188030931350e+01
5.513975855292466122e+01
5.588778297880991630e+01
5.537360007175377064e+01
5.186195022487900985e+01
5.446199952918095732e+01
5.465533494094504618e+01
5.683969414631944517e+01
4.990837355451200352e+01
5.366826193168165560e+01
5.358738877261426126e+01
5.601966468246700970e+01
5.380914895310471024e+01
5.123167655820905253e+01
5.293131426586838728e+01
5.484741425932696046e+01
5.366809046213347756e+01
5.134351734834055492e+01
5.282884565570947188e+01
5.381965876424152384e+01
5.318933528972598168e+01
5.253813591303859454e+01
5.158557480192393996e+01
5.434401587106212617e+01
5.495209510814156317e+01
4.869926377148092911e+01
5.318311445242723323e+01
5.549417918294043517e+01
5.309030013358886180e+01
5.423118431699579389e+01
5.149870161035839544e+01
5.012622477440594793e+01
5.351041337891098948e+01
5.065806494926171410e+01
5.386304882163553742e+01
4.667982766946838780e+01
5.080483799999424122e+01
5.328274738629097840e+01
5.020031530005778109e+01
5.057868058070524597e+01
4.827555021373461130e+01
5.139685203532576452e+01
5.030374263999458861e+01
5.041483959700323680e+01
4.966256668317753054e+01
5.189055477907995595e+01
5.292126104843494971e+01
4.952450645057450629e+01
4.950236657732097001e+01
4.637607049295813511e+01
4.854373275624596573e+01
4.941108771282334544e+01
5.130987918286486860e+01
4.351868745512827985e+01
4.801260445475573846e+01
4.979155100411747981e+01
5.023299772079918313e+01
4.653752326175543175e+01
4.840752734881363040e+01
4.973555533170479492e+01
5.042279611424214636e+01
4.676288824013153089e+01
4.893479974286412215e+01
4.988798355477554480e+01
5.097847544314641510e+01
4.687653799148225886e+01
4.870146590378905671e+01
4.355635516177940048e+01
4.508195786898099300e+01
4.624102942208550360e+01
4.786914736794756919e+01
4.399924790228948268e+01
4.606498733366266407e+01
4.705529730207344130e+01
4.862056979460292894e+01
4.604544303690487084e+01
4.664519310778671013e+01
4.734360166373369339e+01
4.929140121603808922e+01
4.514601046667015538e+01
4.776484836461523997e+01
4.785514941822197699e+01
4.997888816474848284e+01
4.475793702093631765e+01
4.777847047709886397e+01
4.805495233170808689e+01
5.031380015963232921e+01
4.613192752193537416e+01
4.912389674164238329e+01
4.085809749083956888e+01
4.549691735960391270e+01
4.508472650766859147e+01
4.797122932244032967e+01
4.383318493756140555e+01
4.738542368733923382e+01
4.826071759551658857e+01
4.593727927218805007e+01
4.829447121119584807e+01
5.092739894495203856e+01
4.770092162817709180e+01
4.833028405189952537e+01
4.612360907344147876e+01
4.425111865482779905e+01
4.802794593745144880e+01
4.531118061187660118e+01
4.860607414729965825e+01
4.200849243505420816e+01
4.555367285435126945e+01
4.824325243549415632e+01
4.506477869167370898e+01
4.579298408406297227e+01
4.352207443027108269e+01
4.680386301419115114e+01
4.522561892165911246e+01
4.664612972998313722e+01
4.228994035700635834e+01
4.561324321187846209e+01
4.753254076775375125e+01
4.748354348952551618e+01
4.407769068059847939e+01
4.660123865922019348e+01
4.722040279861521839e+01
4.917132547086627881e+01
4.101272433009152962e+01
4.611308753817544925e+01
4.805869312653300796e+01
4.845995147075229426e+01
4.431798333473407325e+01
4.658349659504599316e+01
4.827425692165669346e+01
4.895913116433733592e+01
4.543398920779051764e+01
4.743588395279823544e+01
4.890657090745579438e+01
5.014762528047884871e+01
4.561167501800366608e+01
4.790008228584203920e+01
4.884605147825664773e+01
5.042517695091524388e+01
4.738817280654689057e+01
4.962506924304153699e+01
4.378384966807174550e+01
4.626026433301862539e+01
4.741809411545876429e+01
4.904613556879275649e+01
4.533002080711145965e+01
4.801014515444718000e+01
4.863058996738045181e+01
5.042207988541117913e+01
4.450163741595387279e+01
4.788041443362739358e+01
4.809640452611849071e+01
5.052919931319036095e+01
4.825121362622657273e+01
5.120329326387402347e+01
5.065055215943148426e+01
4.925648187124246391e+01
4.914296393380458028e+01
4.572001885191460246e+01
4.651990554194927796e+01
4.932504998465869051e+01
4.841329645689629757e+01
5.041004608483449800e+01
5.320962575644227854e+01
5.106732035899761968e+01
4.991579554787577422e+01
4.887899743732850055e+01
5.228490604766935235e+01
5.325066320319540836e+01
4.703076284245727123e+01
5.212567931701011048e+01
5.481518178943606756e+01
5.164643428809249315e+01
5.146730557897424063e+01
4.941566260261422627e+01
4.947936827833651563e+01
5.302372149865264817e+01
5.004598334030266926e+01
5.280561511669552743e+01
4.547085183378378304e+01
5.052268655678108189e+01
5.302827168243275224e+01
4.979886531256997273e+01
5.239778080660074977e+01
5.471206817532514322e+01
5.473915759591397290e+01
5.132543547876498025e+01
5.251517254512176436e+01
5.481316461925673877e+01
5.647239479289900288e+01
4.887347423035480887e+01
5.343300317020585766e+01
4.837082737142459621e+01
5.141290126755340140e+01
5.195998685274103224e+01
5.413448668770678296e+01
4.778358259514431694e+01
5.147299891701477748e+01
5.239000349034177617e+01
5.453700226969991149e+01
4.780885388883470455e+01
5.135685804020842227e+01
5.242956652366017067e+01
5.376401443084665033e+01
5.245369926270785044e+01
5.428214483698796045e+01
5.558633028248490149e+01
5.566001248542851698e+01
5.065311470107415204e+01
5.311116376621622948e+01
5.401322252437333304e+01
5.578155136728062757e+01
5.280171248366987413e+01
5.552429193435047949e+01
5.604189836294871441e+01
5.691828220677920314e+01
5.169301569016024445e+01
5.424746734804104165e+01
5.490549984385401672e+01
5.706373659345621263e+01
5.439912046052656081e+01
5.378987541340971745e+01
5.405741080415046440e+01
5.649449489920989009e+01
5.561618861493789723e+01
5.211962247500713374e+01
5.319816058444906304e+01
5.596348060694601401e+01
5.474900636904560258e+01
5.456021881854110234e+01
5.624759866816953036e+01
5.547265458658458215e+01
5.804294091489166618e+01
5.340332477150938928e+01
5.660411137266181214e+01
5.760234835423288047e+01
5.585064037971163486e+01
5.451987204406118792e+01
5.801302391456750485e+01
5.523701854284158941e+01
5.867291874434317833e+01
5.322367399335897176e+01
5.640276444816070267e+01
5.895422326840561311e+01
5.528255230752985483e+01
5.561250596215784725e+01
5.885076673071394282e+01
5.806909700531367946e+01
5.890302367195346989e+01
5.485842672276530863e+01
5.523988996888699887e+01
5.857359452343144568e+01
5.503994232286066079e+01
5.705784376823591941e+01
5.298086030554515702e+01
5.539641603510425938e+01
5.578439958404052845e+01
5.784027795831366348e+01
5.284588853895363769e+01
5.550317538255769279e+01
5.679857312436595862e+01
5.819712611754071219e+01
5.160445915377762560e+01
5.511210537850823243e+01
5.660993993288872872e+01
5.749427280271809337e+01
5.341142197106332645e+01
5.525897756231720592e+01
5.669620364120207512e+01
5.779701611689731777e+01
5.246329781416477545e+01
5.506185401482554198e+01
5.630629432159302183e+01
5.738017299515348668e+01
5.425698516768845536e+01
5.559899279227554558e+01
5.706512435028402308e+01
5.773420946436286272e+01
5.398379636312596119e+01
5.653070820169321564e+01
5.671016446800648225e+01
5.857364007973676934e+01
5.454519132065136944e+01
5.742940252412962820e+01
5.718667765321205820e+01
5.908899674296906568e+01
5.449717550286943180e+01
5.762523786924467828e+01
5.690027443208688851e+01
5.952265485103961140e+01
5.404629671926372225e+01
5.675367312982721302e+01
5.603987821328031060e+01
5.872778305037069657e+01
5.567968277642165020e+01
5.847781880170221314e+01
5.931550166069450825e+01
5.571483708091088261e+01
5.865373029149402839e+01
5.225107477213219909e+01
5.550674721263168010e+01
5.664821905047097061e+01
5.499863966238829960e+01
5.806060275053664554e+01
6.039502896871704962e+01
5.401218074679781722e+01
5.756789099543187405e+01
6.002836302186333484e+01
5.716025583579004632e+01
5.703782444192474799e+01
5.429940771135920130e+01
5.564924004727749463e+01
5.853639227656852029e+01
5.587237765298380054e+01
5.626314878787498941e+01
5.329126096232977972e+01
5.619863664096590128e+01
5.552141386819043589e+01
5.689712653465532100e+01
5.864034518989278411e+01
6.028791151971553575e+01
5.332013783030028264e+01
5.725987602580434555e+01
5.204351692829142451e+01
5.481974527228207705e+01
5.568519317582650530e+01
5.722861657137690372e+01
5.023294990557079842e+01
5.392014004603585420e+01
5.543040273819226371e+01
5.629682493385270448e+01
5.215920600449468481e+01
5.369755296826680535e+01
5.467355001795303338e+01
5.595350110534119636e+01
5.349133631220932728e+01
5.537223589416198166e+01
5.646034946734620519e+01
5.666565299208726003e+01
5.165548777576836414e+01
5.380761418992170064e+01
5.461351250838632865e+01
5.623842095495999160e+01
5.753148896993148753e+01
5.765082553869508075e+01
5.498431045773946124e+01
5.583913989643782827e+01
5.156158940804439794e+01
5.289861446302946035e+01
5.501547292636310971e+01
5.484018355819252122e+01
5.504242813102172249e+01
5.478540752604214958e+01
5.723525355476316889e+01
5.547310212320528677e+01
5.227427394796338689e+01
5.320577695194091916e+01
5.574248637763535186e+01
5.457801477958123115e+01
5.559435124512344828e+01
5.652526998442074557e+01
5.673079069973007194e+01
5.497854463243114509e+01
5.384247811084755853e+01
5.685414549098629777e+01
5.882167777085907545e+01
5.105956602921137488e+01
5.590874456197994391e+01
5.840595352977774724e+01
5.558656105103601419e+01
5.635132227530738191e+01
5.934737268495653240e+01
5.647356568670691956e+01
5.728520252535237489e+01
5.452518943713065624e+01
5.372647833337742895e+01
5.709580641967196613e+01
5.516057939633619611e+01
5.812379698838417852e+01
6.011469333813722216e+01
5.517413386812594922e+01
5.833609263482166796e+01
5.206023423141103024e+01
5.532300361821943824e+01
5.727780006110914712e+01
5.766444745233581415e+01
5.379913412987390586e+01
5.596110759986503780e+01
5.667285696084321245e+01
5.835878992102187368e+01
5.134289682534652144e+01
5.544186760408818770e+01
5.708608697188835635e+01
5.775058107071289015e+01
5.287516183993812291e+01
5.568597402785133710e+01
5.733583362945200435e+01
5.768844763918392715e+01
5.372525714660404361e+01
5.602494630368367723e+01
5.772549616507091486e+01
5.768648261555143364e+01
5.442446968368166438e+01
5.568837952185286611e+01
5.736046015687796285e+01
5.791852165831181054e+01
5.387110807427237802e+01
5.655142534223196549e+01
5.677511814729999884e+01
5.877533839260415505e+01
5.339809553581788037e+01
5.644192765019785440e+01
5.645886201704663421e+01
5.879502928880166479e+01
5.557497037738814072e+01
5.844874313919798681e+01
5.775978353048949998e+01
5.901810978740765279e+01
5.583251357929216141e+01
5.888735071642702223e+01
5.777860876468367479e+01
5.746773855900553940e+01
5.639506349810925911e+01
5.932392251498906433e+01
6.032596318885472897e+01
5.359393862732011371e+01
5.814412504345161636e+01
6.066127771376576305e+01
5.831182348798247261e+01
5.851808092352067803e+01
6.176102909310088762e+01
5.886388673818755279e+01
6.124470723996391541e+01
5.433578781218393772e+01
5.884747597869114344e+01
6.134010829754813443e+01
5.766540572176449331e+01
5.794020012264639519e+01
6.113674667928614781e+01
5.975542916960189643e+01
6.200200693997497581e+01
5.451264676442127666e+01
5.907407255821406977e+01
6.130942893457386589e+01
5.569857869539374917e+01
5.872895517158947598e+01
6.067590061796585843e+01
6.110922966381799171e+01
5.736861259899487919e+01
5.931237779147155464e+01
6.085699297964513477e+01
6.190743927016663406e+01
5.759093229613778675e+01
5.877757658555211862e+01
6.048263801936647610e+01
6.216140627566637278e+01
5.651777244833098024e+01
5.849187919181238016e+01
5.985472276592142293e+01
6.093259802970634809e+01
5.876652389938053744e+01
5.946456361606939112e+01
6.113857026827877661e+01
6.110661936280104101e+01
5.748125965507183111e+01
5.873601921163540140e+01
6.026335116584161256e+01
6.099070591731546642e+01
5.669349924389195650e+01
5.845932184937488074e+01
6.018556863943607027e+01
6.037862746723030227e+01
5.880284531628039701e+01
5.956249938828943868e+01
6.165645378881647076e+01
6.112396192707115716e+01
5.688029622365566240e+01
5.768519793253958738e+01
6.009712703021342861e+01
5.936104194457099226e+01
5.881584552331842985e+01
5.862948143535628276e+01
6.107107697835235882e+01
5.978269323292650483e+01
5.701903799162606390e+01
5.801482550458642606e+01
6.072629597579414451e+01
5.878345881643942050e+01
6.033088410305617799e+01
6.246399483963320165e+01
5.979585679041114332e+01
5.994725605447717953e+01
5.780467230629913900e+01
6.094356753120683834e+01
6.280103605434411662e+01
5.611944746991361654e+01
5.965646206797039497e+01
6.208958662562314146e+01
5.880243432465596953e+01
5.901217378365362265e+01
6.200826665300041896e+01
6.093158708181304206e+01
6.243812438971432499e+01
5.637619892609969696e+01
5.978697280332692543e+01
6.199767322465743291e+01
5.620778258142234307e+01
5.977211711099911895e+01
6.163780331462863415e+01
6.093708846659507117e+01
5.748709150120367184e+01
5.950167162105289975e+01
6.115780244074291971e+01
6.173989175894510595e+01
5.737443065381518181e+01
5.932016910513642216e+01
6.049154740306867950e+01
6.123775705028413086e+01
5.684529274258612475e+01
5.845210812973748915e+01
5.999979928637895199e+01
6.068434103593286721e+01
5.655057632329064177e+01
5.804525034990294330e+01
5.886198479205400247e+01
6.024097449073033061e+01
5.670376753197916031e+01
5.882291203279484648e+01
5.934882871965852758e+01
6.009891173343267212e+01
5.530459457406876567e+01
5.758208781407229537e+01
5.770160104081244157e+01
5.938156760940464096e+01
5.745862571738232560e+01
6.008777539886024499e+01
5.946645601627298561e+01
5.582898262386018473e+01
5.640981112597886238e+01
5.890180016009730934e+01
5.795639347536623376e+01
5.984433665275647485e+01
5.484971998449661612e+01
5.747872278952284830e+01
5.640918463520697657e+01
5.895744368891953258e+01
5.479957364318944002e+01
5.733763871115235133e+01
5.790193572206540296e+01
5.678488944244945458e+01
5.966682249700233598e+01
6.139182001300716252e+01
5.482331354653653932e+01
5.790807167553530377e+01
6.030802260866476416e+01
5.743110794768811189e+01
5.864393087253579750e+01
5.559232657918403220e+01
5.833460614051968207e+01
5.892846367833761434e+01
5.594347513039613062e+01
5.510266052478579013e+01
5.809640184484442216e+01
5.655896019774552030e+01
5.854318121924571727e+01
6.088354011302269697e+01
5.569216450266967655e+01
5.913064782249283979e+01
5.095376067726400038e+01
5.555651794256043274e+01
5.670461416580533154e+01
5.831942284911308150e+01
5.146787680249420305e+01
5.530790831827545162e+01
5.699834825894498636e+01
5.755794717183140818e+01
5.298414026395005294e+01
5.483736576745195634e+01
5.555167175782030142e+01
5.684765647329022187e+01
5.202268829410183315e+01
5.448118200586617377e+01
5.552028465883384456e+01
5.681352841292360978e+01
5.783876544967642985e+01
5.893179211674356566e+01
5.371897234108413244e+01
5.517167559979755964e+01
5.627207249820021673e+01
5.691365719234779164e+01
5.758233655098021586e+01
5.244621785316228824e+01
5.469976839171554417e+01
5.486857451659444962e+01
5.658481382494450429e+01
5.479597532874746690e+01
5.723389443184526471e+01
5.694266831406627460e+01
5.431272586809529201e+01
5.462716342854754714e+01
5.691679116590412235e+01
5.613225087730233298e+01
5.427912258685520897e+01
5.394539088121760528e+01
5.641694577089027973e+01
5.553975843683805635e+01
5.367225310918502856e+01
5.630469460082819921e+01
5.433638496169503895e+01
5.727940278049582901e+01
5.278282571255235922e+01
5.618084150096200347e+01
5.837427729312355495e+01
5.343389804104246821e+01
5.693477128903825246e+01
5.925998301169938998e+01
5.489361163915434361e+01
5.730544513125607153e+01
4.898248550339258145e+01
5.438478847183297660e+01
5.674695761028537788e+01
5.339286039570507114e+01
5.353356434246963147e+01
5.665830445658338022e+01
5.483014342719274481e+01
5.501772838476865957e+01
5.817726458338549378e+01
5.465288809716409446e+01
5.683758856863376963e+01
5.275018319293444335e+01
5.489307232762789823e+01
5.685530111398074382e+01
5.680076461233340979e+01
5.288079353680763006e+01
5.466586245987826942e+01
5.520240968739874177e+01
5.673273143407530483e+01
5.020079164328202381e+01
5.387318147215745512e+01
5.475467900086939466e+01
5.605853699747608232e+01
5.102436099854956097e+01
5.373322686665895986e+01
5.484742322396652980e+01
5.627098329210515004e+01
5.736408727431138743e+01
5.817256366721642991e+01
5.557566834329225003e+01
5.636713596309689223e+01
5.716397088437992835e+01
5.878863941054344622e+01
5.348260449189018573e+01
5.588783969510952687e+01
5.620425964486854298e+01
5.816317663039345121e+01
5.649490270574288786e+01
5.324300567967516429e+01
5.620255937725809048e+01
5.598903263804508867e+01
5.783366097896814750e+01
5.743670890229476100e+01
5.996154626902006157e+01
5.644457361792711225e+01
5.799839285849146364e+01
6.036298773457769329e+01
5.842698548227797772e+01
5.571876008933071489e+01
5.520730991800262899e+01
5.812972203092066081e+01
5.707943585688951060e+01
5.717326348735467434e+01
6.006072952184000258e+01
5.758835649782097477e+01
6.059846634305685598e+01
5.311098185742399380e+01
5.763428718676309614e+01
5.996278144063415994e+01
5.688475143562648384e+01
5.757337764534994307e+01
6.062530168478905779e+01
5.740678105696858324e+01
5.898469608121146024e+01
5.548804902016934903e+01
5.859976280572543317e+01
5.761049215122029921e+01
5.766283595840495479e+01
6.071113197964601227e+01
6.153530956706571686e+01
5.719967518399113260e+01
5.772733986479587998e+01
5.984334861432749619e+01
6.183526938393469408e+01
5.661953736094951495e+01
5.925776574600634916e+01
6.118488703530402972e+01
5.962906400839266041e+01
5.728158370271823685e+01
5.880341254892217506e+01
6.036575774700588681e+01
6.178607652503988845e+01
5.646763602876607280e+01
5.779780308960376090e+01
5.922740522134922259e+01
6.076534719349739788e+01
5.525007427037901664e+01
5.695758926036175751e+01
5.841249618963329482e+01
5.913406382416390272e+01
6.006319150621835945e+01
6.064385724012450396e+01
6.221453670941948388e+01
5.769544311965337613e+01
5.991619310544411547e+01
6.025710182734016485e+01
6.203474711233426575e+01
5.749954525497238933e+01
6.016821959862331681e+01
6.014201510472673817e+01
6.212023118836692959e+01
5.679509582172902071e+01
5.955742129564951881e+01
5.903297506845034803e+01
6.147355854980306589e+01
5.825360967023242154e+01
6.120517736661602015e+01
6.059311111978789199e+01
6.167385271602564956e+01
5.734494704493583583e+01
6.005043287020368581e+01
6.003265110126123005e+01
6.145186032872545923e+01
6.371492032999315569e+01
6.126669771572795042e+01
5.993006215709485218e+01
5.801765737508604559e+01
6.116960116179215845e+01
6.340899979646128060e+01
5.824949807596924245e+01
6.112769033523890272e+01
6.347037532700921503e+01
5.947827054274012681e+01
6.031045363364597733e+01
6.312925608450800041e+01
6.191548151929535493e+01
6.222814516177584920e+01
5.877619410190362004e+01
6.163611164371999251e+01
6.092307662463643680e+01
6.017525806103423491e+01
6.004063096674453703e+01
6.256234880437479262e+01
6.102232342248058217e+01
5.825195659504380785e+01
6.032160962814065641e+01
6.195067682387509933e+01
6.238486007544811685e+01
5.790403291968942057e+01
5.976814078487486626e+01
6.046661340992552880e+01
6.188551346697607158e+01
5.707400230948167064e+01
5.860341510691519318e+01
5.953331312529620334e+01
6.063385419632140838e+01
5.742421094107361057e+01
5.905685198189064522e+01
5.982678637182562653e+01
6.115991680257214824e+01
5.438313097484793701e+01
5.746779344927674771e+01
5.803726170793456163e+01
5.889476403424216500e+01
6.079267802945986432e+01
6.078363724862389716e+01
6.175197348394110719e+01
5.590494925266060022e+01
5.802208887702015971e+01
5.780855457057995750e+01
6.002557697867518982e+01
5.797411784872829799e+01
6.065195355023118395e+01
5.962223958490307041e+01
5.808274416953843655e+01
5.930044728224561368e+01
5.987340545792434909e+01
5.965212018399955696e+01
5.811232168496729855e+01
6.067810444030919825e+01
5.871821032168527665e+01
6.124571677091186217e+01
5.526174875116438301e+01
5.831799535601955853e+01
6.004657276888465134e+01
5.746950415766911391e+01
6.031869306770531836e+01
6.253081377307636757e+01
5.642762006368066352e+01
5.965569758120073374e+01
6.195201939535661495e+01
5.887643383426500776e+01
5.862681247213912883e+01
5.573740563478343546e+01
5.870426834395342297e+01
6.045571677852046122e+01
5.384751737504427638e+01
5.838245805409897571e+01
6.040349826080838369e+01
5.735279853743899992e+01
5.952530093802389644e+01
6.185966581824831678e+01
5.693121971193376396e+01
6.000039282311396960e+01
5.562502246935039096e+01
5.786424125169150301e+01
5.838504781126430032e+01
5.918792024084508796e+01
5.276344263093299247e+01
5.594912759715973749e+01
5.731897721303396054e+01
5.813598771499610507e+01
5.984097984075145860e+01
6.041198143188403691e+01
5.652262395399741024e+01
5.812044630571738679e+01
5.918501842208365105e+01
6.010227577548619138e+01
5.382821395495599148e+01
5.645122202865002947e+01
5.756504340852163892e+01
5.829359514015506250e+01
5.608061874234810062e+01
5.690580827280425069e+01
5.860552279871414783e+01
5.872161035934712459e+01
5.420510440443436551e+01
5.498802475958557778e+01
5.692432998732326865e+01
5.669905201847149101e+01
5.788138805337484882e+01
5.850288366503419013e+01
5.893560681314934158e+01
5.575941823473662140e+01
5.909325649926555002e+01
5.795272303793410629e+01
6.028088939428084103e+01
5.379147721466380716e+01
5.726532073377571663e+01
5.777775280105830547e+01
5.728098820642241407e+01
5.494434830254711954e+01
5.811748684391395869e+01
5.580248173819117596e+01
5.879388754523305494e+01
6.120869899997087060e+01
5.835540527013286294e+01
5.983418710255175199e+01
5.486461720309043244e+01
5.850664441692933337e+01
6.070486150827538552e+01
5.296544393049985189e+01
5.776118239855506431e+01
6.001429338398438063e+01
5.838435575703427816e+01
5.871046089879141761e+01
6.159449067023536628e+01
5.782745862904907597e+01
5.889490416495822700e+01
5.501415721128034164e+01
5.723246689657788977e+01
5.763879912978030973e+01
5.938718672414862709e+01
5.264061791158193415e+01
5.667855451912603115e+01
5.809501694710952791e+01
5.889192645745473698e+01
5.421011457584113202e+01
5.603075530150883310e+01
5.712369257787284482e+01
5.821824716989409154e+01
5.950594152088144284e+01
6.081107747362336369e+01
5.537069059881864774e+01
5.742030754102294310e+01
5.827759208903933086e+01
5.950449172809973675e+01
5.608045716415440296e+01
5.744971503095911913e+01
5.869722874721727379e+01
5.929857595069554321e+01
5.832843753164308964e+01
6.047015722397571835e+01
6.063335998254378723e+01
5.877643605954686734e+01
5.900598287449975032e+01
6.121247115146232431e+01
6.075144716579563209e+01
5.662459385775972720e+01
5.717445404364138994e+01
5.959947402481185463e+01
5.879988592659138646e+01
5.986542947438263695e+01
5.904211438139965651e+01
6.178153738401383066e+01
5.931159012666663699e+01
5.720149585157091110e+01
5.866142617979406282e+01
5.992701956639778871e+01
5.819942800003920524e+01
6.112488059447245803e+01
6.370788365010777454e+01
5.811100554963199016e+01
6.140805954521453458e+01
6.399768139123332134e+01
6.060426455622360464e+01
6.024949367262377820e+01
5.787714375385333199e+01
6.104437190864485530e+01
6.291494921934449280e+01
5.568543273541742167e+01
5.989341151729555435e+01
6.220076113547873575e+01
5.922057975595327406e+01
5.951189605628887591e+01
6.275505140286774264e+01
5.945562660337272121e+01
6.253313818727774276e+01
5.408007228126339783e+01
5.903192073532002127e+01
6.022071433973427190e+01
6.197705583732646062e+01
5.497346666496157752e+01
5.865909399109062861e+01
6.042084518349588507e+01
6.122758815220408479e+01
6.282125675662936715e+01
6.398328174668036183e+01
5.809906592065291875e+01
6.076366115228555032e+01
6.181570593711904849e+01
6.290896475950626154e+01
5.861839167789344174e+01
6.099482794035139932e+01
6.177055204086093454e+01
6.330154106781318291e+01
5.800134425086736911e+01
5.990788754356474044e+01
6.045420499862373021e+01
6.195798856578871749e+01
5.677690551914568573e+01
5.909555732926700244e+01
5.927427739021428010e+01
6.106401313494348670e+01
6.085046481429642995e+01
6.291172718928304164e+01
6.263480502186192922e+01
5.891773157441378572e+01
6.046372118970236187e+01
6.205319275931357481e+01
6.075752560650536083e+01
5.885016879796962286e+01
6.000373678855105197e+01
6.176796826441328392e+01
5.999583100667922508e+01
6.282761608885609661e+01
6.490785685624994983e+01
6.083791434142458598e+01
6.313920459945511965e+01
6.564856084501815303e+01
6.291969289423300893e+01
6.124046776036691142e+01
5.951212675954884901e+01
6.268042992073496578e+01
6.352791267130634623e+01
5.997854082848824930e+01
6.292174668511823654e+01
6.505452542315781272e+01
5.897734471637915732e+01
6.198799641592889742e+01
6.423515057844741705e+01
6.273404534803879073e+01
6.239398337138256778e+01
5.903518786789369699e+01
6.193319321796768406e+01
6.251367496615984720e+01
5.935993436960566072e+01
6.200205396457731410e+01
6.153862172714284640e+01
6.329873468251402358e+01
5.911607639913431456e+01
6.127250558734220931e+01
6.141821700436992160e+01
6.286860844302052698e+01
5.796623375830515101e+01
5.980841649873239163e+01
6.041922006125339095e+01
6.181135224692475560e+01
6.292154982795572948e+01
6.404288892958209090e+01
5.974151902490905997e+01
6.121072337096060068e+01
6.228612149918480156e+01
6.311128617831007404e+01
6.011469545573363149e+01
6.222354158538137625e+01
6.262325849514903808e+01
6.303256756843595099e+01
5.832551047425936730e+01
5.928641241702413822e+01
6.116006300075186175e+01
6.104913642926594264e+01
5.977172061488649035e+01
6.197311056858037404e+01
6.159470743692251204e+01
5.865189536976716767e+01
5.867418046840573709e+01
6.122137710292629720e+01
6.016183449125575322e+01
6.164236097217414567e+01
6.219814238025696795e+01
6.212924515200018050e+01
5.994912990580576917e+01
5.917364653557471854e+01
6.168771669079846731e+01
6.346059652300434095e+01
5.695563746280688378e+01
5.965139791105203670e+01
6.205128869781376011e+01
5.952593155728399665e+01
6.129468304964008496e+01
6.371862069792020122e+01
6.060900573702108574e+01
5.994134324626477905e+01
5.746827284045350837e+01
6.033888071406888542e+01
6.234357173558452558e+01
5.552314817661282831e+01
5.902118841091444068e+01
6.118864373632137443e+01
5.855637240251596154e+01
5.855979738981113059e+01
6.146109246780217461e+01
5.833261358908891481e+01
6.109338517105485522e+01
6.286489986984253875e+01
6.003655043129784730e+01
5.895198027438460997e+01
6.023957693070161667e+01
6.182668544259821886e+01
6.235530687958581098e+01
5.768951162731291049e+01
5.874149444880564630e+01
6.016966384843549065e+01
6.139451800436463458e+01
5.584417977628164209e+01
5.856558231612002174e+01
5.918161558583942394e+01
6.036779733096157230e+01
5.483863055884572191e+01
5.670786925016836477e+01
5.753573771623017308e+01
5.866044171191948919e+01
5.975742046111857064e+01
6.055069918684999664e+01
5.868563460977924962e+01
5.881787328621309285e+01
6.058544528963201969e+01
6.072670697840792542e+01
5.641071700218075335e+01
5.707072835855598214e+01
5.896501175992579391e+01
5.873986404222920044e+01
6.009469236190326313e+01
5.994922793283786433e+01
6.208255967012767940e+01
5.815985208783681770e+01
6.011417300013756915e+01
6.088434138800061390e+01
6.012187278662312906e+01
5.691587864791141271e+01
5.634876104399452146e+01
5.893108861659106168e+01
5.850752548677573373e+01
6.037119416679414030e+01
6.254343582631884146e+01
5.968275421465863673e+01
5.884113420035892261e+01
5.702198007907561816e+01
5.991393813526968870e+01
6.161690792905299219e+01
5.314351865348558590e+01
5.821892150417432532e+01
6.055604391547198162e+01
5.737811466015228490e+01
5.837336044302545446e+01
6.102163748578398383e+01
5.978459267689377299e+01
5.962938670323709545e+01
5.655293085884505189e+01
5.924780616033940106e+01
5.823384312062663071e+01
5.658494094603897651e+01
5.977827809999481445e+01
6.064673108681414959e+01
5.717862138969186248e+01
5.760682631773644147e+01
5.949609497919980328e+01
6.119512574512263825e+01
5.467905966030139808e+01
5.822993473427840883e+01
5.979374414052132636e+01
6.039011973842540471e+01
5.404570352043978687e+01
5.674718863329032814e+01
5.789973984726299960e+01
5.923910992127935771e+01
5.427766492573215373e+01
5.685752731579746921e+01
5.787504902094586612e+01
5.880997530233383941e+01
6.020724388893092538e+01
6.056047450582084934e+01
6.149990112922540675e+01
5.533310366172569417e+01
5.755939079110314083e+01
5.790918102150452285e+01
5.975275054160747601e+01
5.780540377612514646e+01
6.039145672058780434e+01
6.003902571044321235e+01
5.708861339496203868e+01
5.745219926588430326e+01
5.985283384225299130e+01
5.899017054901560186e+01
5.907842420511357773e+01
5.836961793715849467e+01
6.108000496263449719e+01
5.929380627259934755e+01
6.217617369755366497e+01
6.400114851548073602e+01
5.652625554300492894e+01
6.008889903392825005e+01
6.276878850942674859e+01
6.034837373705127561e+01
6.249395120038166596e+01
5.542737018482218048e+01
5.978690998634665732e+01
6.077039261628794975e+01
5.863692812574466018e+01
6.172997622286801800e+01
6.332157689448357729e+01
5.690998849999329678e+01
6.097165006477022331e+01
6.320317350600837614e+01
5.859267824735638897e+01
6.326929750415906284e+01
6.514021323966179011e+01
5.768219066215630164e+01
6.257209819994170630e+01
5.639121937285623432e+01
6.004844709318543750e+01
6.145464790442087377e+01
6.119074746168874412e+01
5.727166589330218471e+01
5.915540538999483999e+01
5.966494560596420627e+01
6.136102684632716375e+01
5.641435460618671982e+01
5.885823459022931559e+01
5.954653364290899731e+01
6.095730104487713419e+01
6.212302586680336702e+01
6.334473697558393468e+01
5.878563022002398242e+01
6.041065651149579452e+01
6.167342024934222167e+01
6.265957006466872059e+01
5.942588802895102873e+01
6.163724546349607891e+01
6.217270163854588816e+01
6.323062848409001901e+01
5.744548457418863308e+01
5.952000914152091582e+01
5.963993370147583306e+01
6.141450164793207733e+01
6.041220752885688938e+01
6.272547423239644360e+01
6.244298632597656251e+01
5.906468496380617239e+01
6.063597387808196260e+01
6.147170551699961294e+01
6.118941078240796827e+01
5.965812373538687297e+01
6.014311215263111876e+01
6.242373787740865509e+01
6.093104521530275264e+01
6.380593492132069144e+01
6.327907440251541260e+01
6.120316457852229064e+01
6.000156601297856440e+01
6.292259098377626714e+01
6.440640860743623364e+01
5.759447776391478158e+01
6.100948538406790078e+01
6.343744085913975539e+01
6.040835180530950055e+01
6.228158337801413325e+01
6.483580071286796453e+01
6.154096917358508279e+01
6.132404597442978655e+01
5.842379241436720605e+01
6.139272577781656537e+01
6.325128292263842411e+01
5.732713058560998576e+01
6.085854473416394939e+01
6.291571898046920097e+01
6.172631452683023667e+01
5.909521904726196340e+01
6.283892015351236182e+01
6.341093936724602287e+01
5.912542816306014259e+01
5.959901426680404057e+01
6.139452516271539650e+01
6.301340260693977058e+01
5.805919947429822514e+01
6.048562619393028683e+01
6.158409006863563206e+01
6.250517941951702028e+01
5.701327371248786591e+01
5.915681172732407589e+01
6.024275957010080162e+01
6.130386194764614061e+01
6.257149412578028347e+01
6.353628639046142013e+01
6.127631696467174294e+01
5.950792128629491629e+01
6.167959790651725882e+01
6.208311702549124789e+01
6.173791671355233746e+01
5.732190501839905039e+01
5.815175122583406164e+01
5.999519646679100049e+01
5.986272603646806800e+01
6.198314304855505696e+01
6.136824175940841286e+01
6.061046424601936167e+01
6.019181461594751426e+01
6.279680935710264578e+01
6.159268335707414366e+01
5.851234776071073895e+01
5.859680668949566495e+01
6.119226475814225807e+01
5.980779258424277600e+01
6.092596523936104091e+01
6.172551087012147519e+01
6.116271027637731805e+01
6.179029492044943339e+01
6.415705680918648568e+01
6.161070100739912192e+01
6.114096509954880077e+01
5.905934077210374511e+01
6.187379151952566758e+01
6.363752062592672587e+01
5.705937402017238469e+01
6.010858691285250899e+01
6.238460962589241632e+01
5.909406108410515657e+01
5.973734711463499281e+01
6.237592190704759787e+01
6.074321618091675390e+01
6.051943960415388801e+01
5.695641964721624362e+01
6.007072437703729406e+01
6.144951174351599832e+01
5.551867926046198676e+01
5.921682870635229534e+01
6.081526244735781717e+01
5.985184967849867377e+01
5.654641855441182940e+01
5.838212688994916277e+01
5.974881720944118513e+01
6.020044814752527884e+01
5.421182481245698881e+01
5.730754995185808554e+01
5.851908440735706307e+01
5.938221766010652658e+01
6.087572999592058665e+01
6.155115645422613824e+01
5.750032769274606181e+01
5.896533241627344779e+01
5.996965656321368954e+01
6.086133865411717636e+01
5.470187125022533081e+01
5.717245156773603298e+01
5.824008641733480118e+01
5.890781774734652743e+01
5.703638403673226520e+01
5.786198388430116069e+01
5.942558290499371054e+01
5.948667027288602327e+01
6.142004690974507497e+01
6.110083335216381784e+01
5.838474800975669865e+01
5.859342908178265930e+01
6.080161626301605793e+01
5.999580143063692361e+01
5.883610330186068182e+01
5.822301686242278151e+01
6.067540749695049840e+01
5.938139563213001537e+01
5.679782647360793391e+01
5.946270962404260274e+01
5.748811011085311407e+01
6.035160030696421529e+01
5.705344222435692103e+01
5.990816714840029533e+01
6.169495624887981222e+01
5.436151918430932994e+01
5.854708001269150941e+01
6.089175708176990298e+01
5.797734325189266258e+01
5.953784465809349058e+01
6.210898767809399601e+01
5.870165185947875131e+01
5.870354210590028288e+01
5.598099020885585730e+01
5.879920230928085800e+01
5.943784195373278578e+01
5.667114910720700749e+01
5.963475974063467078e+01
5.847867426471194108e+01
6.013527025694596517e+01
5.635679522049582602e+01
5.837854511221226517e+01
5.868173290663318653e+01
5.978450267979434329e+01
6.136791053659207051e+01
6.213025685725816061e+01
5.772843068124659283e+01
5.915676565819354238e+01
6.038367582171427728e+01
6.156654656903982215e+01
5.651673020571602990e+01
5.784846220378265969e+01
5.950155810214533858e+01
6.028042127809388973e+01
5.707906004875068362e+01
5.882462085343162528e+01
6.012694044665266091e+01
5.986046207768053051e+01
5.634653068090513273e+01
5.866064782241068087e+01
5.905923344593013979e+01
5.975236759462339364e+01
6.153546872062008788e+01
6.167220027660376047e+01
5.989042516502327373e+01
5.968865017863166145e+01
6.192287743791450794e+01
6.145749870233952095e+01
5.740217167922892827e+01
5.797036797385771223e+01
6.033027665379007232e+01
5.949514048055574023e+01
6.083457574947407664e+01
5.978707778838492004e+01
6.248158533471720943e+01
5.960118559317714926e+01
5.866373085728289993e+01
5.963674465264931968e+01
6.174273922896806965e+01
5.909019395898921090e+01
6.185393117141740760e+01
6.426234431823020543e+01
5.761260513952134232e+01
6.132528128398082856e+01
6.386169586037740231e+01
6.070440467565627074e+01
6.089563294117142789e+01
6.398026266925899108e+01
6.059195138506558465e+01
6.302301722814087270e+01
5.605929643856718059e+01
6.014548998546420933e+01
6.239476548331151662e+01
5.913832243298261204e+01
6.033023733182941584e+01
6.295960006855830215e+01
5.976496390903810152e+01
6.358154950439842423e+01
6.399570976352191565e+01
6.097917939088284811e+01
6.198221539888506015e+01
5.788550894566568417e+01
5.995712660039042419e+01
6.177501441015476757e+01
6.002916319110416765e+01
6.214175481246049770e+01
6.348968412681674778e+01
6.156820520129765129e+01
5.909486320964217043e+01
6.126757714092693163e+01
6.214809824985797349e+01
6.300917699782132075e+01
6.392476133342997713e+01
6.543984408866785429e+01
5.992881372063516920e+01
6.168727360992500763e+01
6.213013373111400028e+01
6.392600745127526807e+01
6.108303370379275776e+01
6.380972665895997409e+01
6.378226339214317875e+01
6.390070159097575697e+01
5.888697470285652713e+01
6.126741525847598524e+01
6.133590651057255627e+01
6.334947949878657170e+01
6.024428851369955851e+01
6.304621023037640271e+01
6.243866080133091145e+01
6.388355613841551417e+01
6.388481527637567581e+01
6.596454487333780037e+01
6.062750514612569930e+01
6.337997228089582080e+01
6.526986898882798016e+01
6.280399240323374244e+01
6.095183292365805983e+01
6.355219508877495116e+01
6.110409116942675922e+01
6.410737040588352897e+01
6.005710814878023740e+01
6.332331760824896350e+01
6.550610896909427083e+01
5.908603611208512518e+01
6.251745416016920842e+01
6.483638168275716396e+01
6.140890403196456049e+01
6.135911952620893572e+01
6.425017251071820112e+01
6.282208535596751631e+01
6.499418108296301000e+01
5.831017592503709324e+01
6.142348304021056293e+01
6.360015247366174407e+01
5.908677784397396948e+01
6.201500732506239189e+01
6.144956868222971025e+01
6.398101224373004925e+01
5.846271121633662915e+01
6.063795736871048803e+01
6.194784921709090497e+01
6.286018209350323360e+01
5.752085241208619237e+01
5.991503469093433409e+01
6.115685244208216886e+01
6.196023015498121111e+01
6.314166422460039740e+01
6.444038894268166473e+01
5.910218233209145211e+01
6.081348973313308193e+01
6.165398336030136051e+01
6.279385332279827026e+01
5.808872914075306682e+01
5.954094629230191771e+01
6.064773366984274361e+01
6.115842970868664707e+01
6.143379219386822143e+01
6.329577222182471274e+01
6.310890506564788183e+01
5.966624302810453173e+01
6.029674859072160586e+01
6.242372722648276095e+01
6.167480783446546866e+01
6.419330369673106418e+01
6.299055757381088227e+01
6.197420638996943865e+01
6.130205996776521005e+01
6.395996280721693239e+01
6.241030293078200941e+01
6.149012254295509905e+01
6.032683072553520276e+01
6.287735150869627887e+01
6.299906510124574766e+01
5.831983279894453176e+01
6.213256968335271324e+01
6.256970528701982204e+01
6.105250008024252395e+01
5.958974732459046209e+01
6.266669892743207981e+01
5.977343189764143716e+01
6.268397143774500080e+01
5.806183540164472845e+01
6.076452778504364005e+01
6.289040548730093150e+01
5.736922499641468676e+01
6.057263092840545227e+01
6.262850630184905754e+01
5.733484992109755041e+01
6.133811250133990711e+01
6.324228646198698556e+01
5.748755789128029647e+01
6.174167662882948804e+01
6.353529498336703796e+01
6.097889890193023632e+01
6.240930938689267293e+01
5.704590197186384160e+01
5.935799073391224567e+01
6.070802902824684111e+01
5.995026565723683376e+01
5.747959419812816151e+01
5.967964853533140968e+01
6.091392951135611611e+01
5.818774192001863810e+01
6.037663314812133564e+01
6.120403247149613435e+01
5.879233033111167828e+01
6.037952020098555295e+01
6.156151659779876439e+01
6.002772183914594706e+01
5.961872215868824298e+01
6.125858455717929729e+01
6.177314675934266575e+01
5.717806420434965275e+01
5.805323214358912765e+01
5.952769915652827137e+01
5.977533101094297052e+01
5.859849971234563526e+01
6.050318250293619116e+01
5.987336350214565073e+01
6.131794903318907330e+01
5.631589025172155516e+01
5.895356195261119581e+01
5.830685424328201805e+01
6.055887751454719847e+01
5.608711514646626028e+01
5.905279491947937487e+01
5.796223143566774638e+01
6.019677656711620273e+01
6.250037422056926317e+01
6.035986284101807087e+01
5.874732711010215525e+01
6.135070065125019312e+01
5.904791331005462496e+01
6.174004753752446106e+01
5.604591840851839635e+01
5.970115442673037620e+01
6.179100593219620663e+01
5.827398408960906551e+01
5.837862887678183199e+01
6.131796628191052889e+01
5.813656142662276949e+01
6.022304337169719446e+01
6.256575282660521964e+01
5.811965267712838568e+01
6.244936584941454782e+01
5.337724410799558683e+01
5.873364903682340810e+01
6.079163941979782493e+01
5.629809168714186285e+01
5.923441940455639809e+01
5.854487795872904599e+01
6.043569181599973916e+01
5.684059950777945147e+01
5.861296778376441807e+01
5.964857657577471883e+01
6.013204921485782961e+01
5.419391641030392037e+01
5.730697705762623428e+01
5.873032020701950984e+01
5.966735810911784910e+01
6.123728274494844470e+01
6.188024126736010544e+01
5.732145071405017944e+01
5.896077298676204492e+01
6.005669743937126270e+01
6.104141486482692613e+01
5.650831522311624155e+01
5.794775342534962448e+01
5.917654351591556150e+01
5.966468973338486137e+01
5.969153841565272245e+01
6.151237159558520062e+01
6.159323973362968729e+01
5.769750633039890886e+01
6.032443534689752340e+01
6.002441375413979330e+01
6.213151682596699033e+01
5.768395990287538666e+01
6.060661297843824258e+01
5.982925921321333362e+01
6.206824480515221154e+01
6.206845670570834983e+01
6.431696770761561766e+01
5.828754468605118433e+01
6.128889564096618159e+01
6.331391911744412226e+01
6.091283176456651915e+01
6.046404483879503289e+01
6.321640520044125111e+01
6.071453565380203088e+01
6.365605472824089617e+01
5.646892111401477621e+01
6.061271024656629436e+01
6.307848180465938981e+01
5.991287115166886679e+01
6.035591336967104326e+01
6.334939571916041245e+01
5.992632071312441866e+01
6.192095372164098421e+01
6.440605882258196857e+01
6.034124212001753307e+01
6.278784511202759688e+01
5.925329790095761950e+01
6.214894163814212646e+01
6.150546100976865915e+01
5.902097624751360172e+01
6.239128237914579955e+01
6.285135045010528643e+01
6.083848207471009317e+01
6.139369883807800221e+01
6.333238381779445803e+01
6.472832834920679090e+01
5.955886695517065021e+01
6.165290434445515189e+01
6.239476950004979727e+01
6.374390694784410272e+01
5.870366705556422460e+01
6.042955024380306384e+01
6.151517980663389551e+01
6.287260485405427346e+01
6.381401898777312454e+01
6.470721943108527796e+01
6.211641055793097621e+01
6.237282597231906323e+01
6.315401400528810427e+01
6.465827351190525007e+01
5.940643688356854568e+01
6.140108639688041592e+01
6.179931629621789568e+01
6.355719483503774825e+01
6.294977359916123305e+01
6.500042361292972259e+01
6.470090342458836119e+01
6.085426559161622606e+01
6.130847771562028470e+01
6.343803271481025519e+01
6.294373191748944407e+01
6.328292505609701379e+01
6.344552867064616208e+01
6.565825196566730426e+01
6.295968639446509485e+01
6.020345985741879957e+01
6.101563945475220407e+01
6.363728879935326432e+01
6.150991297320967988e+01
6.446164258703156236e+01
6.591572240598137000e+01
5.981742123736962924e+01
6.330078488486743993e+01
6.568920237514981864e+01
6.258937193520765874e+01
6.282883802970143705e+01
6.573128338494822742e+01
6.252070785675517328e+01
6.517087197848627511e+01
5.913336083226402451e+01
6.204143174703870045e+01
6.423121801816783716e+01
6.074926191191361369e+01
6.107925214647696777e+01
6.383245519214724339e+01
6.313321451339030688e+01
6.168736396240873177e+01
6.477224315031691049e+01
6.422365658298475921e+01
6.049387443446880752e+01
6.298336754425402972e+01
6.413690420293337979e+01
6.419470445606559394e+01
5.970135981014209392e+01
6.091127515423960403e+01
6.227161035651499077e+01
6.306653758329868253e+01
5.937941686467546987e+01
6.127710557670100400e+01
6.198888036676020619e+01
6.303665644190449058e+01
5.848722930857322666e+01
5.970088148472004264e+01
6.072510433095021654e+01
6.163633726186496631e+01
6.247170477837379110e+01
6.392347078799043913e+01
6.236136696941367319e+01
6.433238678421500367e+01
6.447259181591120125e+01
6.183747759755741669e+01
6.209143598770212691e+01
6.207886250047176446e+01
6.424701074496982756e+01
6.144189927188271838e+01
6.050691849960756485e+01
6.067811523322930611e+01
6.303663669725959551e+01
6.120583638280284333e+01
6.389601098572325100e+01
6.251698586083706033e+01
5.987895940985423948e+01
5.928540083966903751e+01
6.182334443249529699e+01
6.232400294129466545e+01
6.038396242140746750e+01
6.317733106998603887e+01
6.530620738712454454e+01
5.886050180676669896e+01
6.157284976060988413e+01
6.383612093166804868e+01
6.087651311111474683e+01
6.205038887903943134e+01
6.455958488933421791e+01
6.130219923661649517e+01
6.147499032514573969e+01
5.846288693280853721e+01
6.125376372814718451e+01
6.216916847928732182e+01
5.897894749353082489e+01
6.185957186467951630e+01
6.127307803020378429e+01
6.181742435077448761e+01
5.769106606116457669e+01
6.051042159012689581e+01
6.001067398014107823e+01
6.151732701372237244e+01
5.704710265650226830e+01
5.934962164460726797e+01
5.931116319646969970e+01
6.066765898988275296e+01
6.200674223383972361e+01
6.281688578184571981e+01
5.810273241316745185e+01
5.962895680489707217e+01
6.076011869737970983e+01
6.131027231595646754e+01
5.807425133681050511e+01
5.964072331743105337e+01
6.051516076235452601e+01
6.130893182754081039e+01
5.619914560038452578e+01
5.756339839901023936e+01
5.833781734940080810e+01
5.958899157963610804e+01
6.001434379959275134e+01
6.163651526304135331e+01
6.134855701922731441e+01
5.584060601043261585e+01
5.817740257022409622e+01
5.775350924427507238e+01
5.972175170155115609e+01
5.850122977122718027e+01
6.082428663369400113e+01
5.992360553287269198e+01
5.688997897086613875e+01
5.744832845293097989e+01
5.974858688184593802e+01
5.837751044136319223e+01
6.091887515155504218e+01
6.117251260240873023e+01
6.056819049959192824e+01
5.614876227377935436e+01
5.991467734777531717e+01
5.770978388831050410e+01
6.068126183273401608e+01
5.595700956553410776e+01
5.941232228141119265e+01
6.152599431950628883e+01
5.551399139217764400e+01
5.923211340472971642e+01
6.147174609317114147e+01
5.733416755441104584e+01
5.855922758739760781e+01
6.118020189556513344e+01
5.991022764653124000e+01
5.976411953180031844e+01
6.266209851953528442e+01
5.892870052501919531e+01
5.990073421318992786e+01
5.597261912352351487e+01
5.890729718908720258e+01
5.808224130584939360e+01
5.993861585030962402e+01
6.169009880106540322e+01
6.299386977206749094e+01
5.615822667382226285e+01
5.968858528150125409e+01
6.092235708011894246e+01
6.211217397363981974e+01
5.695726535762611320e+01
5.818819415115800098e+01
5.982828539746501662e+01
6.068276241127734494e+01
5.645289553336433386e+01
5.799690206463138509e+01
5.923108051707892940e+01
6.020757140326772827e+01
5.621383611308935002e+01
5.842689536518644644e+01
5.910382288894496838e+01
6.028501247893401427e+01
6.034590810012922191e+01
6.201245888063906619e+01
6.004997045095177555e+01
5.871256496740608810e+01
5.955598833316282281e+01
6.158433407950229110e+01
6.001239258590771186e+01
6.263102384217314267e+01
6.172674339888822459e+01
5.855523259950849990e+01
5.841728719633845657e+01
6.103754180083312519e+01
5.982628214036841285e+01
6.128778834458649527e+01
6.298070723732873688e+01
6.077199546410858488e+01
6.106755443370904857e+01
5.914531704493062136e+01
6.226798314521622046e+01
6.389469615152446380e+01
5.630166526800290683e+01
6.045907119505321248e+01
6.307243817257376151e+01
5.997140678903760147e+01
6.089607584455141875e+01
6.376952216634193604e+01
6.047930791745286427e+01
6.112147959066374625e+01
6.402527886487327180e+01
6.272464406453310914e+01
6.289075673478410522e+01
5.948694763268456853e+01
6.243691453917306688e+01
6.177767444291563947e+01
5.964375903428605596e+01
6.302241981680163008e+01
6.344210457087861954e+01
6.042100713784243737e+01
6.138895229016137023e+01
6.335075713123436003e+01
6.502065694289663611e+01
5.968260330261434632e+01
6.177452757615883883e+01
6.346753998973471056e+01
6.283924187635241765e+01
5.903145377770623980e+01
6.065864284728151290e+01
6.198602941208265094e+01
6.345567156980153811e+01
5.795012354492418893e+01
5.978307586871535051e+01
6.084274494292682789e+01
6.154463710616073513e+01
6.326993523795256635e+01
6.371363700311832901e+01
6.392901323523217627e+01
5.831682199142231582e+01
6.047621465073726199e+01
6.063367770806516432e+01
6.248070649130183085e+01
6.121807777896798086e+01
6.367484704838118859e+01
6.342784553327304309e+01
5.997465401501477800e+01
6.086002411200180973e+01
6.312501980904860233e+01
6.220141096067939657e+01
6.489062438773241581e+01
6.427691339683211424e+01
6.440708243754002638e+01
6.236395575298403315e+01
6.548998502183189885e+01
6.428277735872019605e+01
6.172367602317581969e+01
6.467710145142530109e+01
6.210082418333623622e+01
6.526981925410544250e+01
6.070968339207408349e+01
6.379158840866750779e+01
6.611921383191543100e+01
6.143653180749397080e+01
6.424714212133970648e+01
6.664584234838480370e+01
6.160801381610309591e+01
6.455848917840251033e+01
6.683997219708254534e+01
6.158840662899589802e+01
6.542797374775375374e+01
5.895434389738199599e+01
6.234130368978564718e+01
6.451893889970033058e+01
5.955669823730183055e+01
6.312496210137467756e+01
6.390897102965780618e+01
6.460213940677827793e+01
5.854331765714339042e+01
6.210775598672771025e+01
6.312058757080070848e+01
6.454983888132694858e+01
6.583099541145580247e+01
6.663636279654741656e+01
6.168985408064946796e+01
6.370901262791753794e+01
6.484201751904825528e+01
6.546653571696003837e+01
6.051210642245683147e+01
6.191662110551539655e+01
6.305181855542887348e+01
6.414886053199097660e+01
6.194956722266967120e+01
6.417612635113341923e+01
6.463865536787776023e+01
6.305743648992163486e+01
6.557542342923110823e+01
6.555959696163334627e+01
6.326182865938835675e+01
6.366544670053545474e+01
6.602274261033751657e+01
6.539533838033412394e+01
6.131377109744565956e+01
6.159788547429580774e+01
6.422155567806366605e+01
6.315571986442889596e+01
5.961331699908274828e+01
6.135671302433674157e+01
6.296662581287758087e+01
6.139296614326436696e+01
6.345676181473761801e+01
6.594420470503838771e+01
6.391442705125137280e+01
6.144352599220707134e+01
6.289425120075014775e+01
6.489685746446856740e+01
6.224377746645602372e+01
6.269441992457097257e+01
6.556111657546323102e+01
6.257915874395489908e+01
6.442248651553022398e+01
6.709455853741553710e+01
6.332255819028868871e+01
6.324523037221843680e+01
6.029331959228552051e+01
6.335275146513733802e+01
6.488241843686223831e+01
5.931926872633551540e+01
6.280746182301948721e+01
6.471364745458237167e+01
6.178951155880697144e+01
5.986178994475100978e+01
6.268359394957592201e+01
6.271684794405940977e+01
6.377058346296483649e+01
6.609832507881529295e+01
6.393535158928172990e+01
6.214868316801874215e+01
6.380112093719766619e+01
6.532750259763895428e+01
6.568413965512525010e+01
6.099288723657613076e+01
6.273668161081951666e+01
6.380409632003078713e+01
6.470658570507930563e+01
5.919496300945223766e+01
6.107602388991415410e+01
6.201666304565217303e+01
6.328538217359568563e+01
6.475991638809342987e+01
6.553375437010397775e+01
6.083849883728971975e+01
6.213789801641704003e+01
6.380357748207924118e+01
6.420534904303583801e+01
6.404670622475467212e+01
5.961016975231795811e+01
6.049465372770897886e+01
6.264122790458991830e+01
6.241779339102083668e+01
6.486692404319278182e+01
6.432423838959707041e+01
6.195645841094903972e+01
6.180164962163325981e+01
6.450913398408185628e+01
6.352951575887974656e+01
6.138566005122905267e+01
6.319194015214727500e+01
6.345852463648872543e+01
6.447527912322857446e+01
5.910887344492971351e+01
6.280739334313315680e+01
6.564555270563649003e+01
6.283338584291887940e+01
6.597156516035855134e+01
6.750854052196969235e+01
6.023391327630261571e+01
6.481675432774601120e+01
6.746279016116513105e+01
6.348990445332685084e+01
6.411867613150991474e+01
6.736268925649123673e+01
6.395851621050022828e+01
6.485771408668900051e+01
6.152728892641746938e+01
6.463021870071619901e+01
6.391217965114354627e+01
6.283118415903538079e+01
6.627529845895905680e+01
6.692731964560513802e+01
6.233337382666638149e+01
6.343527535591667998e+01
6.638726908928184400e+01
6.632811669922003261e+01
6.320650526745114917e+01
6.497553145802480401e+01
6.690687661001820175e+01
6.281081946036164254e+01
6.488366384173811241e+01
6.698949436593552775e+01
6.732984612309610384e+01
6.216530501928300367e+01
6.401648392717621050e+01
6.573182861927510601e+01
6.706063265884203872e+01
6.216456229038421100e+01
6.453544077208442786e+01
6.527262073308482115e+01
6.721578758341667026e+01
6.140974120504142064e+01
6.410267002987463059e+01
6.470349731639944935e+01
6.665882203976609333e+01
6.818033759126522853e+01
6.788986790380444347e+01
6.603677291574176422e+01
6.631761773452133468e+01
6.900786344606495959e+01
6.796466155457274283e+01
6.427367532980655085e+01
6.491877593470374563e+01
6.785747895962596488e+01
6.661308989454231266e+01
6.457224009302385070e+01
6.491559160843607401e+01
6.808849571579035853e+01
6.616907956834756988e+01
6.961572881528684320e+01
7.146808849828182986e+01
6.316894674206120897e+01
6.765930488705686230e+01
7.089288609874250824e+01
6.800580580457231861e+01
6.895180280776021675e+01
7.233120887654654041e+01
6.880313478578673880e+01
6.974896169674769908e+01
6.667303882591842523e+01
7.012039917969542557e+01
6.936648691519673093e+01
6.619811935850506757e+01
6.895254499559628414e+01
7.163057181796469308e+01
6.427956568431558537e+01
6.970898277949704891e+01
7.211037761599007467e+01
6.877106933672422429e+01
7.195264994070753062e+01
7.325087758929974768e+01
7.035135814243366781e+01
7.140631444912720838e+01
6.678158186736101243e+01
6.895273978099105250e+01
7.019083209470998952e+01
7.151842412158238460e+01
6.590622037023970847e+01
6.832685664708508000e+01
6.969830413152804738e+01
7.153809986582359670e+01
7.289101014846531257e+01
7.378446043159141254e+01
6.807101765358201817e+01
7.059696152848957240e+01
7.151822120741449851e+01
7.365639438349585078e+01
6.720015655598091087e+01
7.014101611427967953e+01
7.062927646510428303e+01
7.254768052622465291e+01
6.629388389366829415e+01
6.958549343719127478e+01
6.952209327569960351e+01
7.198362159579376396e+01
6.932046012108055777e+01
7.267729135110286620e+01
7.220718312990638310e+01
6.912559113811212796e+01
6.979719773284857354e+01
7.266201692694258440e+01
7.169097059564469987e+01
6.934359841712662842e+01
7.257500385965109047e+01
7.037937433667572407e+01
7.276697126930856996e+01
7.522163385315343476e+01
7.252000186049072283e+01
7.129492548913826511e+01
7.441082417896670620e+01
7.138677341586787861e+01
7.507936344594924094e+01
6.973455163675161828e+01
7.321426711057367243e+01
7.594079997492762857e+01
7.081527132168000094e+01
7.411504708297640320e+01
7.672935413114959147e+01
7.038260799550135971e+01
7.396510053591704548e+01
7.655628657087908095e+01
7.188708720244994765e+01
7.594208923157587776e+01
6.907303595259317319e+01
7.259025388253152755e+01
7.495792131620200394e+01
6.916160732309961645e+01
7.282505875987253319e+01
7.450244803411798955e+01
7.410166611582164364e+01
7.019090051629314075e+01
7.292575180431607862e+01
7.434055618340229898e+01
7.477007487007550424e+01
7.642480730082034768e+01
7.751143419740398599e+01
7.190607248740946034e+01
7.464143550101923097e+01
7.582385324496348744e+01
7.693299801974737306e+01
7.127033133039032009e+01
7.359000866870982804e+01
7.459067301658426175e+01
7.660374581047132381e+01
7.024641810786039287e+01
7.299013837051515452e+01
7.357051360895512460e+01
7.554044257076142799e+01
7.698541650024500882e+01
7.635885801755040347e+01
7.293476276844465644e+01
7.382655475275718970e+01
7.689836188024767694e+01
7.607427293372424515e+01
7.254018121461878366e+01
7.322819510578432300e+01
7.654552449010014925e+01
7.527014868685613180e+01
7.295586642886439677e+01
7.409280290004889480e+01
7.696457128057151920e+01
7.495704695934647077e+01
7.204786588886634036e+01
7.299204422717153307e+01
7.618082667931416552e+01
7.372256030696030393e+01
7.723511366840162395e+01
7.774983403269233406e+01
7.217852508873558293e+01
7.564124350040142986e+01
7.855099767555032031e+01
7.426960522876254345e+01
7.523123281417939268e+01
7.863763764603334039e+01
7.479860253653804136e+01
7.600653484079411726e+01
7.243262513453582585e+01
7.582322196246379065e+01
7.557616532160166400e+01
7.207647062541973071e+01
7.553888145855549396e+01
7.638591307602470692e+01
7.422221818151037098e+01
7.512759067091785425e+01
7.819515021155933709e+01
7.335683358231202078e+01
7.566668439828029591e+01
7.810167455083438881e+01
7.687894549217193685e+01
7.365465549819786872e+01
7.666192422715836585e+01
7.778609590041742194e+01
7.717819857649709547e+01
7.282482170250408160e+01
7.601282386934299495e+01
7.734167975729009470e+01
7.737085742925175680e+01
7.200442541135001306e+01
7.444410694894597214e+01
7.596748965481098992e+01
7.526893045845923780e+01
7.543708348127418617e+01
7.760132542737503059e+01
7.638612575807273686e+01
7.419610119907441970e+01
7.514026542720225166e+01
7.819469581794689361e+01
7.523139455434342437e+01
7.465436974420464367e+01
7.499782433523571967e+01
7.782843187822872721e+01
7.441623231389205273e+01
7.775669496733527808e+01
7.740060853655400308e+01
7.614305017930780650e+01
7.528439334780901504e+01
7.871076585960366856e+01
7.674178200034684494e+01
7.445574963428740034e+01
7.622122424895813708e+01
7.761361325713559722e+01
7.585160429270766258e+01
7.423813293957422843e+01
7.777781587374883543e+01
7.484627082118750252e+01
7.836019234987399784e+01
8.143779898665479777e+01
7.700139970538042178e+01
7.974798798499323027e+01
7.310744889811084590e+01
7.740494124872196835e+01
8.030719741076627827e+01
7.261116671415391011e+01
7.754395807034673282e+01
8.040334836484940695e+01
7.405426572244296324e+01
7.830605768626296026e+01
8.043127431840409258e+01
7.625473740849128035e+01
7.951062804681697571e+01
8.129236891737993176e+01
7.721941950953041101e+01
7.893686666656961393e+01
7.422136734820051629e+01
7.729871793661550328e+01
7.813156575685235339e+01
7.749524195096697099e+01
7.560990268007047632e+01
7.796265340066217675e+01
8.025734033777303011e+01
7.313656188872967334e+01
7.689667414635297860e+01
7.860353744705624024e+01
7.985188354900405727e+01
8.206520367227076918e+01
8.251324959591127595e+01
7.652515936611756331e+01
7.981713294599668984e+01
8.043478426386087676e+01
8.329434228987919653e+01
7.632435691598993799e+01
7.890781382873174721e+01
8.120185502760810436e+01
8.124966291615019998e+01
7.455889340445095570e+01
7.811907375090260075e+01
8.088499531859243064e+01
8.033847467728574543e+01
7.560658912314889335e+01
7.950197764826086200e+01
7.847213609881139007e+01
8.171379999793423110e+01
8.479275858295601154e+01
8.137099685140329086e+01
8.109141299601343178e+01
7.964699905921098377e+01
8.354696833961979507e+01
8.009248256753160433e+01
8.341947168358167630e+01
8.575772290020940147e+01
7.802153668044196877e+01
8.281251125847310846e+01
7.908059978898225495e+01
8.303104671067025322e+01
8.401269760998822278e+01
7.996973362606526337e+01
8.395907691974230147e+01
8.411185261017237735e+01
8.022780988187052742e+01
8.216871925045313674e+01
8.586982643119485203e+01
8.091138679867701455e+01
8.251968488003029734e+01
8.624971497649259788e+01
8.126628841257073077e+01
8.335457662335007001e+01
7.854457136297058639e+01
8.259786006556292648e+01
8.349108968112780360e+01
7.914188738417988134e+01
8.313055159768346414e+01
8.450930872404344996e+01
8.251947726333222022e+01
8.484161664758728705e+01
8.662944866885986528e+01
8.239848771824854623e+01
8.568705954148420290e+01
7.984996099163670635e+01
8.196731504322127648e+01
8.443253691096870739e+01
8.339483820653667578e+01
8.633093848909538792e+01
8.730719347974090283e+01
8.098905202244384327e+01
8.451930328612590415e+01
8.648128455185829466e+01
8.264479871201254468e+01
8.715252910647726026e+01
8.736944685726199111e+01
8.650032943898033011e+01
8.698916432834630541e+01
8.110111394309852528e+01
8.517368609865989981e+01
8.508884285178704943e+01
8.681008359747264080e+01
8.609541922646155854e+01
8.989394739931870504e+01
8.309316527921376405e+01
8.622788473646619423e+01
8.915704803143881918e+01
8.728426157706833521e+01
8.452892427049269486e+01
8.455042930291351411e+01
8.853605624332328716e+01
8.679027329343021790e+01
8.481285716958589660e+01
8.619630276797990120e+01
8.983427904624588223e+01
8.562732852083820489e+01
9.032372419392737584e+01
9.014276844029802760e+01
8.650021919063317455e+01
8.694735294549366245e+01
8.968458611592230056e+01
8.588240757492920352e+01
8.771750472722170855e+01
9.190830834578447650e+01
8.701442620599620170e+01
9.008171163570786177e+01
8.529670331474291345e+01
8.932850453007947067e+01
9.091926116887233889e+01
8.586193803446289508e+01
8.923055368520833497e+01
9.226048268158206156e+01
8.571046788097014257e+01
8.979190692334343282e+01
9.238638543475326514e+01
8.724936035849322025e+01
9.172297469640407996e+01
9.393270640103300195e+01
8.862044172938573183e+01
9.206837679428211629e+01
8.603644742523798072e+01
8.946475333246951323e+01
9.159154655025072600e+01
8.718629140184759763e+01
9.072208852219655739e+01
9.316667926243054865e+01
9.274425632469500158e+01
8.666369184868401021e+01
9.065625588080666830e+01
9.185321139904351639e+01
9.331411185205242020e+01
9.524395032702612696e+01
9.062648661920280801e+01
9.241225681287544091e+01
8.859341317214675371e+01
9.038158103036579405e+01
9.449278429618962605e+01
9.266259112079077909e+01
8.859730199370520154e+01
8.989729577774558322e+01
9.421108878914814966e+01
9.240217915616732114e+01
9.707278777844118167e+01
9.170949535010080922e+01
9.687077347087894452e+01
8.875486612512656848e+01
9.419273704411800452e+01
9.238938431877433288e+01
9.368612223758795210e+01
9.556785369610906855e+01
9.584139829732662008e+01
9.180855531060731778e+01
9.277203280323109880e+01
9.713305480743854048e+01
9.249458349838408822e+01
9.534521644293120346e+01
9.858014642870375610e+01
9.532928412480369218e+01
9.859779634695638606e+01
9.090656086965691429e+01
9.591872698700849753e+01
9.899664915181057268e+01
9.269162533290227657e+01
9.646949552942619732e+01
9.980279423770733160e+01
9.332507930619678405e+01
9.740078910848896498e+01
1.005716978202448644e+02
9.444269736788655223e+01
9.852205069409238547e+01
1.012123743144915551e+02
9.534349081049141716e+01
9.963942139816792576e+01
9.303414656618771517e+01
9.719236348790961699e+01
9.953677105712763762e+01
9.456813793270188739e+01
9.801366639100248790e+01
1.005340638418932429e+02
9.528422386497103957e+01
9.892008959172471805e+01
1.018350904202819009e+02
1.005503498259659665e+02
9.612767638036140738e+01
9.952484027599511762e+01
1.027491407501641305e+02
9.774855495581877562e+01
1.019125722908266738e+02
1.029166004385443500e+02
9.817925729437034477e+01
1.004335754121177757e+02
1.046716387314129406e+02
1.038815340605802078e+02
9.900756216206710292e+01
1.005222303433781548e+02
1.052719555957676931e+02
1.000400112506157484e+02
1.048725477274004447e+02
9.732105314397890083e+01
1.031915053064351611e+02
1.018323231882309017e+02
1.000440180975489284e+02
1.000006290154618824e+02
1.052205583213169291e+02
1.008738791140153808e+02
1.031918463685609169e+02
1.017525734210604611e+02
1.062077924820440273e+02
9.989637568455626138e+01
1.051044947345446587e+02
1.076362544309360629e+02
1.011080516057666330e+02
1.055006518724377571e+02
1.102963467417115737e+02
1.034478647431984655e+02
1.067662895800542771e+02
1.111381936119259564e+02
1.040237052714594910e+02
1.085348437836118904e+02
1.036692306151537508e+02
1.077617110738642765e+02
1.099627832596862476e+02
1.048134197688025040e+02
1.090266768408487650e+02
1.109717206864558534e+02
1.055555116728174170e+02
1.087907638467330571e+02
1.116425912972702861e+02
1.066624696162474351e+02
1.105171951511324977e+02
1.130397306240830346e+02
1.078171729345497880e+02
1.120910616363462395e+02
1.059324365301325486e+02
1.102155259493132888e+02
1.125582003503675850e+02
1.061504193347981300e+02
1.104618617696431926e+02
1.146054625894153673e+02
1.075675088819213983e+02
1.115544753607858866e+02
1.147761479270436951e+02
1.096627944448322722e+02
1.152308365025171071e+02
1.078793381395651636e+02
1.132231921694835535e+02
1.142640615042291330e+02
1.086753005605309852e+02
1.116582778687885735e+02
1.167158350741911050e+02
1.114952293202483986e+02
1.168718654932616232e+02
1.162507584658957285e+02
1.129166997294759369e+02
1.142992679787449077e+02
1.200030115040391365e+02
1.138711856590644373e+02
1.190775487782530320e+02
1.116369676753570701e+02
1.182757227399241344e+02
1.164113792744593923e+02
1.166127354994439571e+02
1.217923646892900109e+02
1.189859167963348767e+02
1.181264493242354234e+02
1.166301513308359432e+02
1.224266274298867074e+02
1.156079517977668303e+02
1.214339270636408230e+02
1.258083423945175952e+02
1.168610139387285187e+02
1.242044448926118037e+02
1.170237339941478893e+02
1.233887510372500316e+02
1.201271173859719426e+02
1.227585910121836577e+02
1.260646270065606984e+02
1.202568315243195372e+02
1.245935752399482226e+02
1.185624407398442770e+02
1.245138297882292733e+02
1.266225368720977258e+02
1.199124983482420106e+02
1.250413990280316483e+02
1.284811157201738752e+02
1.223989194405280330e+02
1.270036203325516766e+02
1.307230186803550396e+02
1.236618481764076307e+02
1.291542978340067123e+02
1.314454517656577934e+02
1.260873570881999370e+02
1.306111935403395705e+02
1.246878442526147666e+02
1.288642098346145417e+02
1.334264139829323881e+02
1.256292308690066477e+02
1.303693874764749978e+02
1.325738293544979172e+02
1.280920953377979004e+02
1.311309700755587357e+02
1.364301570857417403e+02
1.288030986863583109e+02
1.347226675766310677e+02
1.269335251494102010e+02
1.334738272914568427e+02
1.337928950786221378e+02
1.306193233744613167e+02
1.324536505571836074e+02
1.382985182747638362e+02
1.305599103194617499e+02
1.370442856801407459e+02
1.369308514974655395e+02
1.353851539835702340e+02
1.355119068423436204e+02
1.416209077888214267e+02
1.346922539381336037e+02
1.409864181096143909e+02
1.336350586996725553e+02
1.400096650388694854e+02
1.380101644424465519e+02
1.383561646589805321e+02
1.411891573077115254e+02
1.436999716138634824e+02
1.371067030915999680e+02
1.423418588677265291e+02
1.478135435811757930e+02
1.400198395298966432e+02
1.458634753165143536e+02
1.494222309687445147e+02
1.419350553624487361e+02
1.480382104273060975e+02
1.417900618458225495e+02
1.472550669522155999e+02
1.465558973654449062e+02
1.452105040144014936e+02
1.504471822106416425e+02
