0.000000000000000000e+00
1.770114177157870472e+02
-7.948339391216498484e+01
2.479514495442916200e+01
-2.691814054111278409e+01
1.035057404687198357e+01
-1.720595339958837755e+01
6.163780996438478432e+00
-4.687873405438154784e+00
3.882387187156011166e+00
-3.782825540590527336e+00
3.585549408772153335e+00
-3.052217724915943009e+00
3.214529166522773540e+00
-2.462427717331441723e+00
2.850479175670545207e+00
-1.951238659246535612e+00
2.653241215952669929e+00
-1.492165557351211591e+00
2.615429570094841338e+00
-1.072327230924299712e+00
2.659112638470004786e+00
-6.800884538589958561e-01
2.711250174772818600e+00
-5.332441137610318682e-01
3.077898518763908964e+00
-2.907271204475870841e-01
3.384948187702180977e+00
-3.657295387575770079e-02
3.696765471383247181e+00
1.954069235493320622e-01
4.024555084145085893e+00
4.645634505361034838e-01
4.366230307945005329e+00
7.450329439321721203e-01
4.720688202987894933e+00
1.047184079808967327e+00
5.085935407475563608e+00
1.362898329626937244e+00
5.460742967485676225e+00
1.693853721547571523e+00
5.843673354146506682e+00
2.036767920476330929e+00
6.233589631312458579e+00
9.247749332809313216e+00
1.078578779197449933e+01
7.751902482439959385e+00
1.154100706175329982e+01
8.051244185692045363e+00
1.204534541532276393e+01
8.617639204967055377e+00
1.250070830726304294e+01
9.089556295111627549e+00
1.293979535554002247e+01
9.536511693625529418e+00
1.337278270519183643e+01
9.985019749144276702e+00
1.379588000269202297e+01
1.042330282642598149e+01
1.420965780505490095e+01
1.085474726652916289e+01
1.461221187699566215e+01
1.127568840754918611e+01
1.500274929924830225e+01
1.168582610646796915e+01
1.538039925941518504e+01
1.208392600489117363e+01
1.574511056899982364e+01
1.247013112453619321e+01
1.609734102430743974e+01
1.284490053347655092e+01
1.643808337169015132e+01
1.320932783725199045e+01
1.676853632607391376e+01
1.356460804350573746e+01
1.708990965893757519e+01
2.113709018867824341e+01
2.019169466315735306e+01
2.269148286267787284e+01
1.902621358045611544e+01
2.373537464154838972e+01
1.946369603589311481e+01
2.408212353996717070e+01
1.980347387700300033e+01
2.444134173249376829e+01
2.014465897208301826e+01
2.476653141204069186e+01
2.046028595252799320e+01
2.507871753592062092e+01
2.076171788209012803e+01
2.537101081084925980e+01
2.104591728733044675e+01
2.501231052553925238e+01
2.135730167244802047e+01
2.533596482358427693e+01
2.165897189577109216e+01
2.561551792397262872e+01
2.192693130407157298e+01
2.602232344432253086e+01
2.886542135406547516e+01
3.056048283352036066e+01
2.884822603059217272e+01
3.236506353063093400e+01
2.826245476079995811e+01
3.207956852772792189e+01
2.833608734023257725e+01
3.281708549151673537e+01
2.850877030619538743e+01
3.232942030352409546e+01
2.866667496842305241e+01
3.246483241288221677e+01
2.883639648600815519e+01
3.254178278370226707e+01
2.897429813896293993e+01
3.261739660052395351e+01
2.861760205096870280e+01
3.345747355861594485e+01
3.486059991431547900e+01
3.891936381450246785e+01
3.469487454884843913e+01
3.894778443214686092e+01
3.223622911532422108e+01
3.900010791207589023e+01
3.251466530642383645e+01
3.904904654664662189e+01
3.273075688217868162e+01
3.937810424257477848e+01
3.247389946715372844e+01
3.921400985313763954e+01
3.498845537108324066e+01
3.896069747468124689e+01
3.534505014392163247e+01
3.850049482330038586e+01
4.143391337937701735e+01
4.229121522832541302e+01
4.093270602520669854e+01
4.231092358817389254e+01
4.094197791106014961e+01
4.236800140751777377e+01
4.075680400241940049e+01
4.226156436073972600e+01
4.049015537792226382e+01
4.206745218796498875e+01
4.021668395343623104e+01
4.171851692107640730e+01
4.043231185875720257e+01
4.155975736345472171e+01
4.594813762919071820e+01
4.787443588088945745e+01
4.317177806407791962e+01
4.938177305416189000e+01
4.188279498530837941e+01
4.977800004873443385e+01
4.119710478502392448e+01
4.919869737698555667e+01
4.260039788913855574e+01
4.623260346575631985e+01
4.184417729138521480e+01
4.843768676107612237e+01
4.163697100347719982e+01
4.748613633996362182e+01
4.889882678887236978e+01
5.245757584321857792e+01
4.548762146027221576e+01
5.261799211453771363e+01
4.456995601589044043e+01
5.158150594366738773e+01
4.424940752196295790e+01
5.126304908322517662e+01
4.457262699271841910e+01
5.146370993879845912e+01
4.388672884716845601e+01
5.006634616548771533e+01
5.126926083714533888e+01
5.374734287210248596e+01
4.941973032673439548e+01
5.489763232997709963e+01
4.749450094156520663e+01
5.382997272102823416e+01
4.816779344742891311e+01
5.380518502281020687e+01
4.645096633815742848e+01
5.261803661269172494e+01
4.766946711462468755e+01
5.061357054217533857e+01
5.517348496622514631e+01
5.177179272758063178e+01
5.576491122655747290e+01
4.959351695666660476e+01
5.542187447186571347e+01
4.868401484837750814e+01
5.445577228319866947e+01
4.871683041675355952e+01
5.397787301192887099e+01
4.774337866643195838e+01
5.325196921600151256e+01
5.699162425049776459e+01
5.291731899056726718e+01
5.687666311805194397e+01
5.104422572485377430e+01
5.649356288021137118e+01
5.003119231404351552e+01
5.548580824285649271e+01
5.032532665599776323e+01
5.499985816444901587e+01
4.852415995257825898e+01
5.388460414945115673e+01
5.743726092473802680e+01
5.304553473689752963e+01
5.762837181991516644e+01
5.133190614152422171e+01
5.648650391576376251e+01
4.975651421353385473e+01
5.543770503747316525e+01
5.031115665568952977e+01
5.480896684010034647e+01
4.790261840229008783e+01
5.362546412368159565e+01
5.700070297807327790e+01
5.183655750072722412e+01
5.727086547865682320e+01
5.152350567940387549e+01
5.618308697158521170e+01
5.068242663947721383e+01
5.514384449757209694e+01
4.883697420129807654e+01
5.395664314419147445e+01
5.699854890327017642e+01
5.458764665066573230e+01
5.725651175078562716e+01
5.171452544703168996e+01
5.706480113734824755e+01
5.077342036676663639e+01
5.550004430584781545e+01
4.921315609619050946e+01
5.401805699051148935e+01
5.671266389518523710e+01
5.593993217926519179e+01
5.459322990909818429e+01
5.681419743547789381e+01
5.316678811903540947e+01
5.498400030138883210e+01
5.173039245191540658e+01
5.375272957226121662e+01
5.041013366393566031e+01
5.199355607605733098e+01
5.509986195531376296e+01
5.629523470312821587e+01
5.287468688687891927e+01
5.483947408618809760e+01
5.146403921719780783e+01
5.355488796473789392e+01
5.007776353301218819e+01
5.206506328944249873e+01
4.848024445927640613e+01
5.151597336763983748e+01
5.281095018842553657e+01
5.476271199083301866e+01
5.070189368573942801e+01
5.352626281962706400e+01
4.907005746160224646e+01
5.185682833275391346e+01
4.746276385880610604e+01
5.002888894955284371e+01
5.242692300143223605e+01
5.409951283937026290e+01
5.126674908843622802e+01
5.375091851826663714e+01
4.811099933208966917e+01
5.174835612227055037e+01
4.668000718074341648e+01
4.974554437348042057e+01
5.153370682000338121e+01
5.336520578007987581e+01
4.859136086691062673e+01
5.142720100277009010e+01
4.669723515957924320e+01
4.971907624671127479e+01
4.557284181087032948e+01
4.816682493686547417e+01
5.028334794493384408e+01
5.163476065291850148e+01
4.931021463453772213e+01
5.098184785209760861e+01
4.562323849160056710e+01
4.853876962851065713e+01
4.536079066893095302e+01
4.711491446435486097e+01
4.959125362364597578e+01
5.032501108551052482e+01
4.851641199669730753e+01
4.941290466478555743e+01
4.585359448320117792e+01
4.722151570067261162e+01
4.484339193128550249e+01
4.593057783135089522e+01
4.897746918908397618e+01
4.885784422167645857e+01
4.678787534212039390e+01
4.713452587505402391e+01
4.593462465319810661e+01
4.614333612972357201e+01
4.353756578612269124e+01
4.393749527951817413e+01
4.746649813375392313e+01
4.667907265117164428e+01
4.601134867927842009e+01
4.569280944249644705e+01
4.398504297736857893e+01
4.369852099601123996e+01
4.336447498616148977e+01
4.284295198257483861e+01
4.659223729911180101e+01
4.591551955039138733e+01
4.424880854015720644e+01
4.344766148276502804e+01
4.463232854160827401e+01
4.292655149796296143e+01
4.137796701844528258e+01
4.050298571607463316e+01
4.448116639519869153e+01
4.483640348356019700e+01
4.175248831090117108e+01
4.098834417245594608e+01
4.295559041699888070e+01
3.974087353272874878e+01
4.064944707184658768e+01
4.367614859337992073e+01
4.250463589550912502e+01
4.259791765948560283e+01
4.074529603811468093e+01
4.131885520387757538e+01
3.935921604436688170e+01
3.884778716247443953e+01
4.220525936212177243e+01
4.053730616170978607e+01
4.334202127399260007e+01
3.743784236347813987e+01
4.176345292047507485e+01
3.523913854745268992e+01
3.969819884142553690e+01
3.411173945803309948e+01
3.827529215536100793e+01
4.105502125673475433e+01
3.712699148633743818e+01
4.092759744399544530e+01
3.348958945184443792e+01
3.890980999271776142e+01
4.167519555196578551e+01
3.724850122032427180e+01
4.128660869467120875e+01
3.366416743038182346e+01
3.912778922918615621e+01
3.176643833743302991e+01
3.712090074468759582e+01
3.956123722600346326e+01
3.898734530557347000e+01
3.637747954087297586e+01
3.935683838735572238e+01
3.204990468696782102e+01
3.671333091600157417e+01
3.002019189769721663e+01
3.472689272518270087e+01
3.665808688261689952e+01
3.767795747818419017e+01
3.474481859022451147e+01
3.606316505680790385e+01
3.222895769527536203e+01
3.399392367772446022e+01
3.611194380986167829e+01
3.784090400043148605e+01
3.407665328152241102e+01
3.734836456050473430e+01
3.180499079500907555e+01
3.480247818462794385e+01
2.921407091614205953e+01
3.236126900441369969e+01
3.377077632160687415e+01
3.554737584304505305e+01
3.189284221935333363e+01
3.438855863844270999e+01
2.965224873063869637e+01
3.201574851248478382e+01
3.338307503268911347e+01
3.517320743401725736e+01
3.339214853144672190e+01
3.492336920403811007e+01
3.025955818157627419e+01
3.241149511500178448e+01
3.430592833274009479e+01
3.553048606396937004e+01
3.206366085752187445e+01
3.406064612642727951e+01
2.996491902490094716e+01
3.183663752838088001e+01
2.839525671117704775e+01
3.037960672652302563e+01
3.266645712319444783e+01
3.337167477269083804e+01
3.143361207549788006e+01
3.233675424886920524e+01
2.849476568215131778e+01
3.010817625373938355e+01
3.292793106664938563e+01
3.295556394665299393e+01
3.274798039384518944e+01
3.275982483283782187e+01
2.914576145934117690e+01
3.011265820705317964e+01
3.332672538362040626e+01
3.311585227574438051e+01
3.123776932922440253e+01
3.136832408879321932e+01
3.158991589149453105e+01
3.052381344755918136e+01
3.410756125604504518e+01
3.397917915364965324e+01
3.142331984400003009e+01
3.140946805340742998e+01
3.305920161891742026e+01
2.731827627998924868e+01
3.246976384110294589e+01
3.301509970424489637e+01
3.515237141110092978e+01
2.995086478050015444e+01
3.284744532147844609e+01
2.870991555572054921e+01
3.254487709898510417e+01
3.553689857891217230e+01
3.162417077452299452e+01
3.537512792493433977e+01
2.932416778748062924e+01
3.241401594573950717e+01
3.542264524308082230e+01
3.421987262829843957e+01
3.366354623287372050e+01
3.213222380432492287e+01
3.334694594315096339e+01
3.096039598657276315e+01
3.430891200837481136e+01
3.459959522174362689e+01
3.366221299518542054e+01
3.348281467178041027e+01
3.130996010326083479e+01
3.256127873155080721e+01
3.619783840305224487e+01
3.417537958905224826e+01
3.469414941034399646e+01
3.235954133260491972e+01
3.402103381267488658e+01
3.118426946329583416e+01
3.480702124239829232e+01
3.415769816614415788e+01
3.732029849026782387e+01
3.164852578172071063e+01
3.567952871216301958e+01
2.810147752976957136e+01
3.347799117802381375e+01
3.588559332544490132e+01
3.636308420838297906e+01
3.290578388733000281e+01
3.454302471271857655e+01
3.116972228143065848e+01
3.469178165414882642e+01
3.482000367244957317e+01
3.722405181016390685e+01
3.347945487877192505e+01
3.643616970504319141e+01
3.073596869390874531e+01
3.361839422653610399e+01
3.565418977092617325e+01
3.743741454218856290e+01
3.388668533836178653e+01
3.599175716844105466e+01
3.204168195127016361e+01
3.512488041175747355e+01
3.685854154192754351e+01
3.807781365891714387e+01
3.503082889342317685e+01
3.763593093328866956e+01
3.235230281449457834e+01
3.544152273050460877e+01
3.733430715087531127e+01
3.939110155073935005e+01
3.386990324905750782e+01
3.706116616051757262e+01
3.878972722856651245e+01
4.093802400531872365e+01
3.978530627523246466e+01
3.849781349514027795e+01
3.940218296520859553e+01
3.470123966325630249e+01
3.730984809245808975e+01
3.970331900557945204e+01
4.065595745149549600e+01
3.775286438418471846e+01
3.922978712917169020e+01
4.197294629872835969e+01
4.245260180803867911e+01
4.069832260674682800e+01
4.149168512869977832e+01
3.835242162489104345e+01
3.982784147159927102e+01
4.291921574546064733e+01
4.361532818500730002e+01
4.078681385002242621e+01
4.130540426720228453e+01
4.201130430248245062e+01
3.850385136805952158e+01
4.247694526852248487e+01
4.450917183118018983e+01
3.926258239194162059e+01
4.352033590703187116e+01
4.116788234367196964e+01
4.491236278027960793e+01
4.577303542325632435e+01
4.372655551824840359e+01
4.407180521534333906e+01
4.232484695397393182e+01
4.185031009265780000e+01
4.578658830648527100e+01
4.710618280346341891e+01
4.178321982502344412e+01
4.658395959240711903e+01
4.006874627740704398e+01
4.482916225164706958e+01
4.798265168813747295e+01
4.537516377273627910e+01
4.580924974098059721e+01
4.431153683343912064e+01
4.377087685825657815e+01
4.828066169246786643e+01
4.545493395691411109e+01
4.907758530899281624e+01
4.213989079994212261e+01
4.600953500090241732e+01
4.899250179106104497e+01
5.149519752046725785e+01
4.558885186734044481e+01
4.941496931987928320e+01
4.486070771014863112e+01
4.838548195471275903e+01
5.099611925753686847e+01
4.907547290570610699e+01
4.737816030437863191e+01
4.903177436487933250e+01
4.589863990681840988e+01
4.866294222774451583e+01
4.951245261983682866e+01
5.162616949023546908e+01
4.585553921114928499e+01
4.968641080246516140e+01
5.223641494390153639e+01
5.284542339139444067e+01
4.909751422623320138e+01
5.156486973777931837e+01
4.686627833154735612e+01
5.064680477249977741e+01
5.139960838775275676e+01
5.397729364336805702e+01
4.898771462554169887e+01
5.208413231734110838e+01
5.324318109019740319e+01
5.535719676635416420e+01
5.190955651957877137e+01
5.405957883819763765e+01
4.925952463534515147e+01
5.182596067375566662e+01
5.353002156964379310e+01
5.522905966017118828e+01
5.218231472101846435e+01
5.454456911114027662e+01
4.966828062139029498e+01
5.220398972567106455e+01
5.452130519856896029e+01
5.592611976820438713e+01
5.087073436033938378e+01
5.363372003867200988e+01
5.594034844793591787e+01
5.689779989581533215e+01
5.470893526677051710e+01
5.580972118579429520e+01
5.075053815372729105e+01
5.332193822608448386e+01
5.602769725432326453e+01
5.636334642556468566e+01
5.496781454320428395e+01
5.582474280586030346e+01
5.889551433072285391e+01
5.857336097754111393e+01
5.541202125045268900e+01
5.635703190087780712e+01
5.476636070137959678e+01
5.551024762178271033e+01
5.878333924849103909e+01
5.793409813511747330e+01
5.568796221794471535e+01
5.588752469217130425e+01
5.923123877120389125e+01
6.077252409127636668e+01
5.708708469920793505e+01
6.046302519651297303e+01
5.389665503326649798e+01
5.814215967824291198e+01
6.132852952785290768e+01
5.925326231628285711e+01
5.874878468177035273e+01
5.750439526183443917e+01
6.114177834528052813e+01
6.332381417140655344e+01
5.570109187589927302e+01
6.131216395616932147e+01
5.560220788347209009e+01
6.011902560893064162e+01
6.299959637279142299e+01
5.773206477967205785e+01
6.206473774115156061e+01
5.398371562431923110e+01
5.958897304078727331e+01
6.242101601206522332e+01
5.893780101301526742e+01
6.175315088323378632e+01
5.443042072826682443e+01
5.980593702447351490e+01
6.151324531381288807e+01
6.406751162050127846e+01
5.669946680583878162e+01
6.095990841943314820e+01
6.345722404378584258e+01
6.385444053313194956e+01
6.027263295129814935e+01
6.142116310529782197e+01
5.779155828642866766e+01
6.043296845737422984e+01
6.142998718978794415e+01
6.339978917605238706e+01
5.700570714839182074e+01
6.094729901733158783e+01
6.262794088607486742e+01
6.436864244565514070e+01
5.984179326961372425e+01
6.151494006041138363e+01
5.745254148966510854e+01
5.998736237822716788e+01
6.080461744143864422e+01
6.291097835012833883e+01
5.720633425806243366e+01
6.033163917968256840e+01
6.144464927976309809e+01
6.325399701425884302e+01
5.831997515951567124e+01
6.120459913747242808e+01
6.275782684919183652e+01
6.404510915209820610e+01
6.007086916371875418e+01
6.206010694253806292e+01
5.724643269023312797e+01
6.048148472211187965e+01
6.093789676036782765e+01
6.313241654123226709e+01
6.114640550391331431e+01
5.905079166191352158e+01
6.026585816003647977e+01
6.274490584321715403e+01
6.276521520083900185e+01
5.850438550667313109e+01
6.006911190676127887e+01
6.257616106263004241e+01
6.381207227677939642e+01
5.990779866010309007e+01
6.269550962169258668e+01
5.683196469397464767e+01
6.002484550131168106e+01
6.041439325593587739e+01
6.310697835379605181e+01
5.869098930584079454e+01
6.098135122978163736e+01
6.331510381450019054e+01
6.148920607495657009e+01
5.941909289934202576e+01
5.864807714142514072e+01
6.192195508370022594e+01
6.426275371881781950e+01
5.874472346108005638e+01
6.195448495431880076e+01
5.731454458917668404e+01
6.073516707881682919e+01
6.326263355472999450e+01
5.918885358690724985e+01
6.199336255881345892e+01
5.564565996226578903e+01
5.909306140047601019e+01
6.174110134662323901e+01
5.832771746132046786e+01
5.846081846720211672e+01
5.583902729607903836e+01
5.923777490946610413e+01
6.047724102834226301e+01
5.725414371023207849e+01
5.849414156494837869e+01
6.168037551264252727e+01
5.874665726937745802e+01
5.997280277721288400e+01
5.643890287096175484e+01
5.773792133602999854e+01
5.986537299706502324e+01
6.176957505102749479e+01
5.568462234005971823e+01
5.879181193460087229e+01
5.400817076610279344e+01
5.662418035111764425e+01
5.732532189509382903e+01
5.917384839805433927e+01
5.369961867044931125e+01
5.635933071749334289e+01
5.767493394023319553e+01
5.912838624534658294e+01
5.297077255994587119e+01
5.609957225612509291e+01
5.750218153852910774e+01
5.855545031821250745e+01
5.445735045952738318e+01
5.646870321696012240e+01
5.770265512459002366e+01
5.889017332927503645e+01
5.454569356008830994e+01
5.605820363334036216e+01
5.210363996882614401e+01
5.433114324959832686e+01
5.520482094785135274e+01
5.686400541689617683e+01
5.221471725559310073e+01
5.421554734665279085e+01
5.479311652497818841e+01
5.698244601909927809e+01
5.395984378081234922e+01
5.542763307120681304e+01
5.683518526281640248e+01
5.593007243027308562e+01
5.237438564438125610e+01
5.321660799992709912e+01
5.154612106019421702e+01
5.180351206500196781e+01
5.423109890042984205e+01
5.350692678650587197e+01
5.113124967763702244e+01
5.227981267225076323e+01
5.459502456860371922e+01
5.312180617278108485e+01
5.350558310871649326e+01
5.175458039625699058e+01
5.461712672145875302e+01
5.427201206649552745e+01
5.126946634398497338e+01
5.039271460339861619e+01
5.342248156568749806e+01
5.551057331328133415e+01
4.963558204795966589e+01
5.320885037845494736e+01
4.732513665156187699e+01
5.097944544345023843e+01
5.341775608114915030e+01
5.049700972085756945e+01
5.020156227724620379e+01
5.339505007981223628e+01
5.080292401885102294e+01
5.334263691342047764e+01
4.544746333798583038e+01
5.035997121835249146e+01
5.268998084170703322e+01
5.012858222828904786e+01
5.120033264307330967e+01
4.793502654304871413e+01
4.756718556574992363e+01
4.994205879911603319e+01
5.199099652882573253e+01
4.749052067616452177e+01
4.861786052637530275e+01
5.083015450557394388e+01
5.241019020470674405e+01
4.458721282990705959e+01
4.911634740828157675e+01
5.091164378558402603e+01
5.138652534566389107e+01
4.748497709391410382e+01
4.903076485561157227e+01
4.445496878361013415e+01
4.565577802974613064e+01
4.738829894348359772e+01
4.828241815133037562e+01
4.556335447572995889e+01
4.732616138331253097e+01
4.848011508843001138e+01
4.957494047995069764e+01
4.484365906478214470e+01
4.660960342050951510e+01
4.797114855873387285e+01
4.884831962394865457e+01
4.737988429727983686e+01
4.501310564373829948e+01
4.651048363098541927e+01
4.816777478571518145e+01
4.867765697161123484e+01
4.371372797925440068e+01
4.519266665415511142e+01
4.695224216497261693e+01
4.735180172377295804e+01
4.685930177715260214e+01
4.530643929553355065e+01
4.767649154612503537e+01
4.758263711682000263e+01
4.665642953976511365e+01
4.660119380437506464e+01
4.904487373437777364e+01
4.838756613564520137e+01
4.508676685235036530e+01
4.528050997576179526e+01
4.474922358026214653e+01
4.479499884908727125e+01
4.763929459561101964e+01
4.611007577928938161e+01
4.363778908983516658e+01
4.688654401160557228e+01
4.507359277482561311e+01
4.827412310720906419e+01
4.177887253725936034e+01
4.640226380137752216e+01
4.874148378670313519e+01
4.611937410097340262e+01
4.561146151926347869e+01
4.399062126698741082e+01
4.721506536480088556e+01
4.885129454889477785e+01
4.341177121204702161e+01
4.679915708395731855e+01
4.943335338862360828e+01
4.455522206799300022e+01
4.883426236978011303e+01
4.205996530001777245e+01
4.563000814387027049e+01
4.806534605771864932e+01
4.588318839218252521e+01
4.807498644128830279e+01
4.175468173717558784e+01
4.575124726258366792e+01
4.774108934424847206e+01
4.681240172279564860e+01
4.361918385433941125e+01
4.616019071902954352e+01
4.680853265274588182e+01
4.889738194714904296e+01
4.070116513223811694e+01
4.579940907932922300e+01
4.774600229713255573e+01
4.814495119005012214e+01
4.401501698262412532e+01
4.640748491496246686e+01
4.799065022628469990e+01
4.866293791524243062e+01
4.518287128155269272e+01
4.718738563768175709e+01
4.867013410550062247e+01
4.989432917533577694e+01
4.534149149221291708e+01
4.763938384637442169e+01
4.858752798778308346e+01
5.016024598407192769e+01
4.713869535772636965e+01
4.936921245377779854e+01
4.353316320015591856e+01
4.601345770575576211e+01
4.717190548539492312e+01
4.880505615989168433e+01
4.513663134282336387e+01
4.781874249474443417e+01
4.844129763198339589e+01
5.020436757934665906e+01
4.424960801424290224e+01
4.763641903717768145e+01
4.786003506285940290e+01
5.029392603186720123e+01
4.808870318653092824e+01
5.103660738316414580e+01
5.048530484969644760e+01
4.889129005359008318e+01
4.883926555858553797e+01
4.560771746356454059e+01
4.637032866719456337e+01
4.917392152740492151e+01
4.826349498860094656e+01
5.019373279714560709e+01
5.299667735510107036e+01
5.087786502547616152e+01
4.979157812069109923e+01
4.874313969806350144e+01
5.215089326445880147e+01
5.313463235630883474e+01
4.687429886735205287e+01
5.196037479741954002e+01
5.465554460684459315e+01
5.149404297552614906e+01
5.131372624746724398e+01
4.926983855333637763e+01
4.933983841615619781e+01
5.288875040567136665e+01
4.993182757290636431e+01
5.267652184017119055e+01
4.541117522289659547e+01
5.044903296837875928e+01
5.295443655978510122e+01
4.956208391889419573e+01
5.225110844404009924e+01
5.458248433769136199e+01
5.472782387446788732e+01
5.129338400763034400e+01
5.223867135888174573e+01
5.462367141782661406e+01
5.641949282951082978e+01
4.876132863974285669e+01
5.334153270157182902e+01
4.839290108920569367e+01
5.137772331370236856e+01
5.187415838440406191e+01
5.408674581981099294e+01
4.811824004771373353e+01
5.146835186348337032e+01
5.223179535658247374e+01
5.450816931659880282e+01
4.772863658827044020e+01
5.135313144962315590e+01
5.245515540021025913e+01
5.424368488052500936e+01
4.924728561700996465e+01
5.113198886579293401e+01
5.274290956922204288e+01
5.404716313331201150e+01
5.461098104586573498e+01
5.642029705883962976e+01
5.710896972098536395e+01
5.228508247205405723e+01
5.400030280288499540e+01
5.595736874949007955e+01
5.643216261220726437e+01
5.654569770109160487e+01
5.367275858314949488e+01
5.464207238124104293e+01
5.676523003371255527e+01
5.655210673633527563e+01
5.236625343084716633e+01
5.342093630784509628e+01
5.585492941006923218e+01
5.544900599605636415e+01
5.600030823370784105e+01
5.487275562269329754e+01
5.785324638766552141e+01
5.669381351694758564e+01
5.381127221857046550e+01
5.359025231692629632e+01
5.657862333524686704e+01
5.846757990449102493e+01
5.332464826022687276e+01
5.641244416873519185e+01
5.906851765697227563e+01
5.665279392901306466e+01
5.649954152477721436e+01
5.462152101902760393e+01
5.794203171400712193e+01
6.013932448175103218e+01
5.388195643423660641e+01
5.724128655506078189e+01
5.982923400613156417e+01
5.673769671940216597e+01
5.684042733499791211e+01
5.423230027272383325e+01
5.754345636620774940e+01
5.884205481702977636e+01
5.499238638715218741e+01
5.881891570386470391e+01
6.141756173937580598e+01
5.479544468449918071e+01
5.774175205986839643e+01
5.614743281480919990e+01
5.867170306982107064e+01
5.975828956830525129e+01
5.625474220475391718e+01
5.680363292894388394e+01
5.327148677863664972e+01
5.563377290344394055e+01
5.630271546291393747e+01
5.818200895975923714e+01
5.275578332716550989e+01
5.537746955863197229e+01
5.654362589501175052e+01
5.808651953054746286e+01
5.199162299355003825e+01
5.488194815691209527e+01
5.602034140350000513e+01
5.755539191471002169e+01
5.318364271551045164e+01
5.463988894286360676e+01
5.587013533597760073e+01
5.731467496450453325e+01
5.490597101850957529e+01
5.717317935006114027e+01
5.778688294682380899e+01
5.895906349232480892e+01
5.348192919925539002e+01
5.558758876611153710e+01
5.584237803711913273e+01
5.766324502542597230e+01
5.682456770990081907e+01
5.941317910442569428e+01
5.894037440006635364e+01
5.499452881959075512e+01
5.583061456283255808e+01
5.842621710401793678e+01
5.761770943256637878e+01
5.886951050797427598e+01
5.548808274558690812e+01
5.814982142704536727e+01
5.729745042868120919e+01
5.873137115259142149e+01
5.537184406328472619e+01
5.670366292927595708e+01
5.895962398396057580e+01
5.684562356350187429e+01
5.530991947468784531e+01
5.854779663570495529e+01
5.629026093530914210e+01
5.939410592291049795e+01
5.371833328005828889e+01
5.705593723990909183e+01
5.943039987424796067e+01
5.625124121334754790e+01
5.569126219761005103e+01
5.339140893028706358e+01
5.653590613523381592e+01
5.867374138392152361e+01
5.171559486044179010e+01
5.569600876244866328e+01
5.803475735826679482e+01
5.673485022400547706e+01
5.690188389378702283e+01
5.383913478954617915e+01
5.668537773619673459e+01
5.568424390534484303e+01
5.548515965749818690e+01
5.418008902405691174e+01
5.621532142370999452e+01
5.789565983475771560e+01
5.274627283375644993e+01
5.478923483500600611e+01
5.646424726734692001e+01
5.738054911707657624e+01
5.307176560295972223e+01
5.436647241960383070e+01
5.610113809638418303e+01
5.750424340461010786e+01
5.281050214332609727e+01
5.538200564116885971e+01
5.658487705239972598e+01
5.783333894447729762e+01
5.324943976607098506e+01
5.457875512087802861e+01
5.613616334601146463e+01
5.707782039129732254e+01
5.532173027887560579e+01
5.736596234309158149e+01
5.790227053390086809e+01
5.756512067055636805e+01
5.288077801246384979e+01
5.436124468993000391e+01
5.613211544912644513e+01
5.650429094158938881e+01
5.229873405226005900e+01
5.332983550536894057e+01
5.537598396193524053e+01
5.528224711765260935e+01
5.708375903707431576e+01
5.132383926690339848e+01
5.430579450261785723e+01
5.383055744457528391e+01
5.630153409376526241e+01
5.356085224190631067e+01
5.630863099204425026e+01
5.547862679141606890e+01
5.502286474362433211e+01
5.400164589516133162e+01
5.669944101771405087e+01
5.773431078856150123e+01
5.091096208201996376e+01
5.531518999921649993e+01
5.779517273442316849e+01
5.556647132406378375e+01
5.607428053897786668e+01
5.911503257505272302e+01
5.634476087249723975e+01
5.791998540394813233e+01
5.301023983028024844e+01
5.684923721072318159e+01
5.914236238686986269e+01
5.319111104880450824e+01
5.630032860781543036e+01
5.868014591794263879e+01
5.752289088640589654e+01
5.713947807008479884e+01
5.386526274841057216e+01
5.726177508528356697e+01
5.648461709658429442e+01
5.524159611465357500e+01
5.653962464273889310e+01
5.295070210872763283e+01
5.509362161396961710e+01
5.542664977680393434e+01
5.523983922344676500e+01
5.722685228048921857e+01
5.797008504908060189e+01
5.439142122184742334e+01
5.591512873705904951e+01
5.775801723201026050e+01
5.894817141783426706e+01
5.399074251352755738e+01
5.576018404239033543e+01
5.703891945835461286e+01
5.857208711434099513e+01
5.391160406946961103e+01
5.577503513178236716e+01
5.680005938694240086e+01
5.849489282364476850e+01
5.365789228518525533e+01
5.580070279309229164e+01
5.668993782959564243e+01
5.840970593417125656e+01
5.734060176567921019e+01
5.304672125599937971e+01
5.434729378967807634e+01
5.627705046837331793e+01
5.657089407335195119e+01
5.423005008862356391e+01
5.510003667063534749e+01
5.734391810712074289e+01
5.707893173933808839e+01
5.341211105883223098e+01
5.423611483842102388e+01
5.678291225695048894e+01
5.603049817220470885e+01
5.673608308806537792e+01
5.618652869775550585e+01
5.900889260491528177e+01
5.702616353283388406e+01
5.442497955927122177e+01
5.646877547888911408e+01
5.683279657969923448e+01
5.783574223696483330e+01
5.334311943641279186e+01
5.687511950142333461e+01
5.936032397072742839e+01
5.661991488798405214e+01
5.538930312116954724e+01
5.900755546329828860e+01
5.613973878848749877e+01
5.947054815324344190e+01
6.195561930648243987e+01
5.809817181813837550e+01
5.951710726695005604e+01
5.644907522430160185e+01
5.958593153954769406e+01
5.847807847520927993e+01
5.852648864410275564e+01
5.672832216017966545e+01
6.075735407901999707e+01
6.066009515601163571e+01
5.699939952114870323e+01
5.725154794025714011e+01
5.946902365252315548e+01
6.153531492175190465e+01
5.662538287743127086e+01
5.942274953892399481e+01
6.075726892941952428e+01
6.144381820753402224e+01
5.721357123165852698e+01
5.921248886283929380e+01
6.034600826989093036e+01
6.125155699326885639e+01
5.650666704410322438e+01
5.883672791066772589e+01
5.981753932348287606e+01
6.095357976990008098e+01
5.703521337751401887e+01
5.919703937370764635e+01
5.996030795462649365e+01
6.156491245728490469e+01
5.644677598227059434e+01
5.839328840188100145e+01
5.961094077618069065e+01
6.000037330448692074e+01
5.767518302314689294e+01
5.861058821523068474e+01
6.044525861290386359e+01
6.070518027695844410e+01
5.615241693949138124e+01
5.909056007654787379e+01
5.880465959396928355e+01
6.095306963608530992e+01
5.841266858724473821e+01
6.126807176954780942e+01
6.056084866277669931e+01
5.802443270259600183e+01
5.804088846168880877e+01
6.061616313461859562e+01
6.009239389791938635e+01
6.188042550554885679e+01
5.584191348662180587e+01
5.905760489041148276e+01
5.921486524220021153e+01
6.040529355823360191e+01
5.683510758594452028e+01
5.966244234532161528e+01
6.222014048523879381e+01
5.795698739718286419e+01
6.062800159095159103e+01
6.303485377563380609e+01
5.881274114428866540e+01
6.057713055075726061e+01
5.693164188757354793e+01
5.978079555027795067e+01
6.169580508509526595e+01
5.562210664555187378e+01
5.874654112470094702e+01
6.103776316068213248e+01
5.949635523130645254e+01
5.964673232716315709e+01
6.248892718344410468e+01
5.904310103827465639e+01
5.992446449915582463e+01
5.632932208487218162e+01
5.928750047963926306e+01
5.872993736109442153e+01
6.058820919975294572e+01
5.645474220674365995e+01
5.872956715980633646e+01
5.880718255281639273e+01
6.045331193268482650e+01
5.560782986758844260e+01
5.752074635767849742e+01
5.814843324225535071e+01
5.966647262218244663e+01
5.498944933154409398e+01
5.657600602705677773e+01
5.759844426553930674e+01
5.867637297951701925e+01
5.588113329488439973e+01
5.749426975359726555e+01
5.848965721416981722e+01
5.913444564680857241e+01
6.061740760921529869e+01
6.087627245419358957e+01
5.733661326187854002e+01
5.819822663528541540e+01
6.016577889104742383e+01
6.009950847362318171e+01
5.737161023498686063e+01
6.097951697313329333e+01
6.040909718827013819e+01
5.824078860973951066e+01
5.826775307523577396e+01
5.331454584933605645e+01
5.524992837739188900e+01
5.721367732825595454e+01
5.616142999884540643e+01
5.808335445789405327e+01
5.914497896381572417e+01
5.808763813514820384e+01
5.623979008601176588e+01
5.535274480791913732e+01
5.796597472537116147e+01
5.817600071630956649e+01
5.483864147887260287e+01
5.923795399646584769e+01
5.837504283413198891e+01
5.992142874095462446e+01
5.397100707315895818e+01
5.724622206545706149e+01
5.941013071217135888e+01
5.628870125216622000e+01
5.591574086258814447e+01
5.893434951537954447e+01
5.573429389932000078e+01
5.861527647253502238e+01
5.148172600207912808e+01
5.523097118897550217e+01
5.756469431184760310e+01
5.460867555857388567e+01
5.509871463774333478e+01
5.790868637732081226e+01
5.712358158893297855e+01
5.573739886066077531e+01
5.885347690016725863e+01
5.883909165120416418e+01
5.518709148901135109e+01
5.707759539566435336e+01
5.867945595118973046e+01
5.909251565179359744e+01
5.452773677393808072e+01
5.643760029693294911e+01
5.756399056021346894e+01
5.839178447190873555e+01
5.381538020138067679e+01
5.561708689730788535e+01
5.682220551292593314e+01
5.744107232689940190e+01
5.426968724614077644e+01
5.587518728895152265e+01
5.688456342816228073e+01
5.787852823788467305e+01
5.146789281844426256e+01
5.418879003396322247e+01
5.534214514038472288e+01
5.588199963156571926e+01
5.588938109977038948e+01
5.760931700574408154e+01
5.778202783677978260e+01
5.333400898503820287e+01
5.414960848324494691e+01
5.611235242491524389e+01
5.591622611420651623e+01
5.733144923947465088e+01
5.163984907408202218e+01
5.448218542497699701e+01
5.389850322809127903e+01
5.627033063199701957e+01
5.370507178799645942e+01
5.632315189360948438e+01
5.536208545857470398e+01
5.440716124088419292e+01
5.690914270605055947e+01
5.490385189275028210e+01
5.780423805352531019e+01
5.112870883616610485e+01
5.512876308390679725e+01
5.737821387593872657e+01
5.483576840569507738e+01
5.504572014649752987e+01
5.804658265316305688e+01
5.520065494041116239e+01
5.730535424659644406e+01
4.970713666922044638e+01
5.455218005847618912e+01
5.691418609403051221e+01
5.350883886922677846e+01
5.363802779025657941e+01
5.677513275069641452e+01
5.499814456954445063e+01
5.514787301011700293e+01
5.832493564816797260e+01
5.478345870108375237e+01
5.697570549110930216e+01
5.293784078859667375e+01
5.509145966704168274e+01
5.706333455539692068e+01
5.690459863060429058e+01
5.302792190658429661e+01
5.477760651759837884e+01
5.539067301762216289e+01
5.691698611829338716e+01
5.026305922379668800e+01
5.399433333604016383e+01
5.486305826867613433e+01
5.638347287986553624e+01
5.119974285981040651e+01
5.372499937662303182e+01
5.493336662807926984e+01
5.611651503759116366e+01
5.757685644949997084e+01
5.874661796249893797e+01
5.483579944024592123e+01
5.648635926202282320e+01
5.812179319855087556e+01
5.860044640952842343e+01
5.443489990355983821e+01
5.570622524868116443e+01
5.755340399097919146e+01
5.774145467711522883e+01
5.654803461902449158e+01
5.701390967189134074e+01
5.920656783506009901e+01
5.832688961570793396e+01
5.426580276573576356e+01
5.497824886420355739e+01
5.745849514385548673e+01
5.664887443704868275e+01
5.688958495116941094e+01
5.633859318475772682e+01
5.912035057273921979e+01
5.728325197288603476e+01
5.438855124811382069e+01
5.641160179734337987e+01
5.653837251102060435e+01
5.795466460283645915e+01
5.538472888626403545e+01
5.851766238423297750e+01
6.063248645791433233e+01
5.310898705683523247e+01
5.762775932033401460e+01
6.010840627462561514e+01
5.708015114678114799e+01
5.792456779982190085e+01
6.093185119362651392e+01
5.782172019245179939e+01
5.898984694408063234e+01
5.592171444645725131e+01
5.898672870715489580e+01
5.794793772703914669e+01
5.792357140143470673e+01
6.099908467719923522e+01
6.204228155713511228e+01
5.740847930532231658e+01
5.865087539459904065e+01
6.052383843660442153e+01
6.238261732141009475e+01
5.546152209020132062e+01
5.927956222542491815e+01
6.110005354638534669e+01
6.194970333481769131e+01
5.764318057865284572e+01
5.903092804242885450e+01
6.051006743054109194e+01
6.157074894682526889e+01
5.659675605245161023e+01
5.829712465232195484e+01
5.957925328477193716e+01
6.095605080147930011e+01
5.633621224882485734e+01
5.789784116610347553e+01
5.895048491491268550e+01
6.043157033339592488e+01
5.558519331363164895e+01
5.767095430629594688e+01
5.819257732564725671e+01
5.976060414478067173e+01
5.982243640468014689e+01
6.170114182465120223e+01
6.190320301420113935e+01
5.697703054304793824e+01
5.977393172273987432e+01
5.935018098235428141e+01
6.146417579351937377e+01
5.993718549010126395e+01
6.257665985499805572e+01
6.179692800853231915e+01
5.826596687750858905e+01
5.839305299357204149e+01
6.094634598386434021e+01
6.039452998318611776e+01
6.255880227948055250e+01
5.639496327628456385e+01
5.952288994681475742e+01
5.951917236255620480e+01
6.143904081271173112e+01
6.365734947209688954e+01
6.128236009937154449e+01
6.135175628272853743e+01
5.919187010209962096e+01
6.232042647143901348e+01
6.423819155820584115e+01
5.749299539407906678e+01
6.096293928477640378e+01
6.337554750747226251e+01
6.005113954672476240e+01
6.043341049799308706e+01
5.750445908395344929e+01
6.050345253912988142e+01
6.128677896901225353e+01
5.888379882474867344e+01
6.190782867780157517e+01
6.129957197219206932e+01
6.089510460161577043e+01
5.811223731966637018e+01
6.200857546217108052e+01
6.159180079530251106e+01
5.879340205836030009e+01
6.080687847255577339e+01
6.246570240294919074e+01
6.286855001278097177e+01
5.838921994508790192e+01
6.023944016760570719e+01
6.095250830405152698e+01
6.237359428249508397e+01
5.753220831004180269e+01
5.907791616675245194e+01
5.999234428062445090e+01
6.111170204329103939e+01
5.774775420758207645e+01
5.940202768355948848e+01
6.023012694947099988e+01
6.160368786983884348e+01
6.211301771830486729e+01
6.358442672182791000e+01
5.951324358390611025e+01
6.140282853596868762e+01
6.167840312546016435e+01
6.366588899518943379e+01
5.815995537136013382e+01
5.929850770298970986e+01
6.146020875500968828e+01
6.083424284521155556e+01
5.849451029468042407e+01
5.847163252698739200e+01
6.105906330451959008e+01
6.001291311843701237e+01
6.072578246924712886e+01
6.027742176153977027e+01
6.267028665509012342e+01
6.008139584203100725e+01
5.770358706476040567e+01
5.823308391481942436e+01
6.077161107174163135e+01
5.891551154228648812e+01
5.887816451533389284e+01
6.133152494484714623e+01
5.885754274081296700e+01
6.125713992381808026e+01
6.374194227392605683e+01
6.039422625977083925e+01
5.978984823724465514e+01
5.737490362182828108e+01
6.028226199972841215e+01
6.233966880312425474e+01
5.554866980883475946e+01
5.911006524929255335e+01
6.131078905882748131e+01
5.910383008731393062e+01
5.896052075245676605e+01
5.586729917535488710e+01
5.861524431662176937e+01
6.012645019147156233e+01
5.390283266287584496e+01
5.787905540900815282e+01
5.965163349784232594e+01
5.862165405322812717e+01
5.541396133973802307e+01
5.734133288199811318e+01
5.875837400187997872e+01
5.919110357102797337e+01
5.325481666354340149e+01
5.648864954123140336e+01
5.797001866237908985e+01
5.855966169225823847e+01
5.987593910208724424e+01
6.046442651041515859e+01
5.778767670800825584e+01
5.887653389562079553e+01
5.999844592772267760e+01
6.084239787858285808e+01
5.550522463822954222e+01
5.691098279193627008e+01
5.786296278384543257e+01
5.914564054298367779e+01
5.887750262623782760e+01
6.071749728601943730e+01
6.084827692896331541e+01
5.559533594194402184e+01
5.656129742602370669e+01
5.843611880887458909e+01
5.823251169730986732e+01
5.968630259571950347e+01
5.446274253410853561e+01
5.721141532877864222e+01
5.658172908714265503e+01
5.890169325802873601e+01
5.494709946296036662e+01
5.777086258112074546e+01
5.668697567655340208e+01
5.872910820256306152e+01
6.110249243624747351e+01
5.900492970400719628e+01
5.745646274853371693e+01
5.632224207667388072e+01
5.905193899077190878e+01
5.893662503488815219e+01
5.611229920276995387e+01
5.996035078827065234e+01
5.768206104402595713e+01
6.011326375496839347e+01
5.394443324832895570e+01
5.805263032003826851e+01
6.032639604777983067e+01
5.517947117993705319e+01
5.850028622410675183e+01
6.066703072503329253e+01
5.694974437943179879e+01
5.975410708642088764e+01
6.187509718038940321e+01
5.661413506349820324e+01
6.022387725651245205e+01
5.146626683924471735e+01
5.664656148394342949e+01
5.781473022249637950e+01
5.947775094373425731e+01
5.236781277573926729e+01
5.638090918871554891e+01
5.812594341428384581e+01
5.879333319876378283e+01
5.411461820221135355e+01
5.603535225755095439e+01
5.684517566455156157e+01
5.812110304369416269e+01
5.969068896711810623e+01
6.059336875999901650e+01
5.593925252804706361e+01
5.755954640171685099e+01
5.888803500826510628e+01
6.006639699895510631e+01
5.676225845974786210e+01
5.894135342321848015e+01
5.946577450354475047e+01
6.091610165014954958e+01
5.463354344810402097e+01
5.692899672741999950e+01
5.732962112065523286e+01
5.921001741849023148e+01
5.814139936078971260e+01
6.052711999687436872e+01
6.016204884533126318e+01
5.634594885207605586e+01
5.686202210819293157e+01
5.928012652094566448e+01
5.848402010525442307e+01
6.007167114152989740e+01
5.908644325836968392e+01
6.181556627711205465e+01
5.855468350138273337e+01
5.941479776854183115e+01
6.012184657497563478e+01
6.128601168814209643e+01
5.777597092721164529e+01
5.969406887301056486e+01
6.200324838362092805e+01
5.922823699302451672e+01
5.859903841584407047e+01
6.193895648885233385e+01
5.899475971272704555e+01
6.211769564089293993e+01
5.432917477268708240e+01
5.870288075664276306e+01
6.112659908936689845e+01
5.770792539298469137e+01
5.849699500166119037e+01
6.137873660702635448e+01
6.000260778722329746e+01
6.087632909279565041e+01
6.365207202394648078e+01
5.908471880226654349e+01
6.158479249871784589e+01
5.476913235705673344e+01
5.874519729983376237e+01
5.986308677000982925e+01
6.146224933210594088e+01
6.288012289821101319e+01
6.374678461990747280e+01
5.940317473851151675e+01
6.079748013682867480e+01
6.221495055341074476e+01
6.333814472139908247e+01
5.830026093650475616e+01
5.981959025323882173e+01
6.113524192221495923e+01
6.261148671769969098e+01
5.720112117339471780e+01
5.888224190554440440e+01
6.029618173117364677e+01
6.096816025519587612e+01
6.161570622421964316e+01
6.227904913598776915e+01
6.383406130077492691e+01
5.916879585448678114e+01
6.125045869471053095e+01
6.232478333270270809e+01
6.210654158455601959e+01
5.973128245336850739e+01
6.028876542981257103e+01
6.230117657618099969e+01
6.204559636896271257e+01
5.896652906515357273e+01
6.072558580232821157e+01
6.111325209821792015e+01
6.270916705111147138e+01
5.630815049629250524e+01
5.889478605350414853e+01
6.087539929469323141e+01
5.914170975913702932e+01
6.197088793851067834e+01
6.383306900361539959e+01
6.102810229450297186e+01
5.988416811406592188e+01
6.293609072446727026e+01
6.034123384945783641e+01
6.351552491664504885e+01
5.836551155123792967e+01
6.123418406549954085e+01
6.316255632590942071e+01
5.965656898078629666e+01
6.273390050516354677e+01
6.450658682250741549e+01
5.862492956219488605e+01
6.166066719506280691e+01
6.388097646316965950e+01
6.231379745326656661e+01
6.169003067620815983e+01
5.842609255531354506e+01
6.131620619488827373e+01
6.192923406494767846e+01
5.911245900494926531e+01
6.170454253260054855e+01
6.140906027845836945e+01
6.297519806514839047e+01
5.849129826978662550e+01
6.040908160034436492e+01
6.104047492581607059e+01
6.245702925365174707e+01
5.719864349833394357e+01
5.919222244754039508e+01
6.047520613813594537e+01
6.117978517632679569e+01
6.208639432214754095e+01
6.318623483834679178e+01
6.025467482494252636e+01
6.147527586992924853e+01
6.267715429828357543e+01
6.195818112723075899e+01
6.188976882005301405e+01
5.706734219464972568e+01
5.842545016904679045e+01
5.903618583342313286e+01
6.040294694440052581e+01
6.144893533603754321e+01
6.137168694129447033e+01
6.247312693272053963e+01
5.715338268412830303e+01
5.943976394315055956e+01
5.899520716842039292e+01
6.133097382222738503e+01
6.045929597687372592e+01
6.307575468125486395e+01
6.113191161761543668e+01
5.751390132317698800e+01
5.822346595591777429e+01
6.059597043325423016e+01
5.920112277595569594e+01
6.042085392312866787e+01
6.081505449119063655e+01
6.151493464818931756e+01
5.799452656379524029e+01
6.068520889547761499e+01
6.308070343435761629e+01
5.941650139632677963e+01
6.053215544888735167e+01
6.300882683703547116e+01
5.999895874924273897e+01
5.962265562335410607e+01
5.710886199541785402e+01
5.995989270938380855e+01
6.183051653229546929e+01
5.503972798941285305e+01
5.854529569612736140e+01
6.070527365446477575e+01
5.844997810117699544e+01
5.829162359609886579e+01
6.122774247742179909e+01
5.785192766556849620e+01
6.047260711608445405e+01
6.200028119421747164e+01
6.106494472752259384e+01
5.775338079716776463e+01
5.966931129778872389e+01
6.079206026559121057e+01
6.142794352585797668e+01
5.686370620438109569e+01
5.838774796186523020e+01
5.961177702009590007e+01
6.084673312539091228e+01
5.596663711046166867e+01
5.695723201527314217e+01
5.851500651155763677e+01
5.929697771433966125e+01
5.603716965403170747e+01
5.763580673243933461e+01
5.868543128816409649e+01
5.935726639656306247e+01
5.485420676806974427e+01
5.647546882859346340e+01
5.708857118465306257e+01
5.830589174409626452e+01
5.879131224836260117e+01
6.043060757056976939e+01
5.988083918398407235e+01
5.451607925568409030e+01
5.694347198704095092e+01
5.672005280181735998e+01
5.870144003863127580e+01
5.717589302385540861e+01
5.961846750629791813e+01
5.875701060543791243e+01
5.610193029724489122e+01
5.656264262949228794e+01
5.892551049578553091e+01
5.758516563661262211e+01
5.792935130993626558e+01
5.826774129573630745e+01
6.054857337944901019e+01
5.637438021159402979e+01
5.949091137206909963e+01
6.125426021706258695e+01
5.615835781048478026e+01
5.950283889614508581e+01
6.198698220193202957e+01
5.835242419431367722e+01
5.884870188767997234e+01
5.628034309559527770e+01
5.912027233600421994e+01
5.881312328506982112e+01
5.607553843733307275e+01
5.890513212337288707e+01
5.908634529549359371e+01
5.787902015199199468e+01
5.710184495500594437e+01
6.032271291397075430e+01
5.658452872836150505e+01
5.948787741818466657e+01
6.042362289283688881e+01
6.179758298360793844e+01
5.701755827341348493e+01
5.767466639798245609e+01
5.957602764357424974e+01
6.127533387420287880e+01
5.457397554511469195e+01
5.819036187002853922e+01
5.972274735548255364e+01
6.014905641408034143e+01
5.575651920876620693e+01
5.806067478802554405e+01
5.955162489749005772e+01
5.985412100667394952e+01
5.516180989583536842e+01
5.663813955467838923e+01
5.797157336818823126e+01
5.890571133919706170e+01
5.723383617614008756e+01
5.871810878785073129e+01
5.911355582147312759e+01
6.006704382206897463e+01
6.019097124481250205e+01
6.208905498749905405e+01
5.713845333683597971e+01
5.932886793130686698e+01
6.011069629833743733e+01
6.088209506153243211e+01
5.610362756848255827e+01
5.959875310891347766e+01
5.904639778837016451e+01
6.144574193768067261e+01
5.671189347270158265e+01
5.987664519855391632e+01
5.890452576703147969e+01
6.121628521661969557e+01
5.587211686621358808e+01
5.925377484119711369e+01
5.949748862159651708e+01
5.991385353831567784e+01
6.267422377623767460e+01
6.058439969499904265e+01
5.890254455095530517e+01
5.732842789774810655e+01
6.031289248217351684e+01
6.275724476237840577e+01
5.763481068831118392e+01
6.104102703849171974e+01
6.334233148219693277e+01
5.728434411796629178e+01
6.127089434486894959e+01
6.347824024762982731e+01
6.010174873772270132e+01
6.309549922565580715e+01
6.505530670031502893e+01
5.861296026207359944e+01
6.304691435254464693e+01
5.593208608379890023e+01
5.987510066606637338e+01
6.103549121003780442e+01
6.265441041541372869e+01
5.577672310752888762e+01
5.937522997600914465e+01
6.110105679301199189e+01
6.182090836543336820e+01
6.341893146703712603e+01
6.463728984288799495e+01
5.857823803625559833e+01
6.122136846891133644e+01
6.273506555035999810e+01
6.358088679906027352e+01
5.856403518166638378e+01
5.991004731745466927e+01
6.132235862304111151e+01
6.241584908431588019e+01
6.097089686566699385e+01
6.318249782330883590e+01
6.348592783724247113e+01
6.058246597770713748e+01
6.235582665954335368e+01
6.253764642833530729e+01
6.431246936746886433e+01
5.944499437914239337e+01
6.092719759282212522e+01
6.284528506351212940e+01
6.255768230805450258e+01
5.944612818663716070e+01
6.212514344320485549e+01
6.127304507060354410e+01
6.347157884207810952e+01
5.828837901573577085e+01
6.121555274515203138e+01
6.068424139537291495e+01
6.316622787583749243e+01
6.513464566850841209e+01
6.294286332483671487e+01
6.174446293477581804e+01
6.018471692347129931e+01
6.314318034326713303e+01
6.347240093397430627e+01
5.912320034250555523e+01
6.305912321330088588e+01
6.526871306799073125e+01
6.122722752477560704e+01
6.213871204559877270e+01
6.492043660760627688e+01
6.152871831786367807e+01
6.266022904328061571e+01
5.941658976384597679e+01
6.229200921963437310e+01
6.174372752520762475e+01
6.006787231697032325e+01
6.308863285135935683e+01
6.401070433089154221e+01
6.009650611992920233e+01
6.028866813403853797e+01
6.303059836570869834e+01
6.360873391238797581e+01
5.952648575218177740e+01
6.185449482126418275e+01
6.243962417710196178e+01
6.383839877245172545e+01
5.874392628267651872e+01
6.063250523620351373e+01
6.155604005082032870e+01
6.270908342251676970e+01
5.716172825002927738e+01
5.938086827827822134e+01
6.073271400569795730e+01
6.152838509203068895e+01
6.263673655963319220e+01
6.356278588179541345e+01
6.177172858360622598e+01
5.866607334162829801e+01
6.016382792805869428e+01
6.146874530222708444e+01
6.173099277172340749e+01
5.737698953577127270e+01
5.955087184902563280e+01
5.959828392195762348e+01
6.112127095805192312e+01
6.146982574800670562e+01
6.322094186114313885e+01
6.052237224181234865e+01
5.993695718211529311e+01
5.960260244029748122e+01
6.215840808107820692e+01
6.040474835204297932e+01
6.307555461343406478e+01
6.217061539003397996e+01
6.127074622929616510e+01
5.996561700387277938e+01
6.251517967792304376e+01
6.261978136093554781e+01
5.707831074304453978e+01
6.063636464116325442e+01
6.235492216254660747e+01
5.976352038062743333e+01
6.077684018823215695e+01
6.332955452844961286e+01
6.038747274183057812e+01
6.108222931274979572e+01
5.823755773128007718e+01
6.103692186650612683e+01
6.133792854521048099e+01
5.810145529517198781e+01
6.089801065810856784e+01
6.035696675150652624e+01
6.007149618164080351e+01
5.805695151075650529e+01
6.087610798461228256e+01
6.232889062444179018e+01
5.513917221526972412e+01
5.883660020188369089e+01
6.066222484970704443e+01
6.027030643379244879e+01
5.772741361661779536e+01
5.969643842251431209e+01
6.016279608348165908e+01
5.938431869457196655e+01
5.682824407105385234e+01
5.906480978034807094e+01
6.032312164604242355e+01
5.781640983249903343e+01
5.997604533208303224e+01
6.080935122875123255e+01
5.797533865397109309e+01
5.935132310492511465e+01
6.050054862642559073e+01
6.091012755254381972e+01
5.645948564194048203e+01
5.801518710174536153e+01
5.877944007790428316e+01
6.002927411450242090e+01
5.743287571074632325e+01
5.966806497307608481e+01
5.984406894594504678e+01
5.663347772561782278e+01
5.760983986493411635e+01
5.945631952143366306e+01
5.907941559480315874e+01
5.748632954123316097e+01
5.767522452675432731e+01
5.991876523405057497e+01
5.896199931235447877e+01
5.542879202517398340e+01
5.616469233100047376e+01
5.844745881879238425e+01
5.709473019144871841e+01
5.965213889646580725e+01
5.989807164281012319e+01
5.955160647677624297e+01
5.459872220934385467e+01
5.850450223160184748e+01
5.684795654332925352e+01
5.981102233780158883e+01
6.234549975590149273e+01
5.942854571819656684e+01
6.006373740415671847e+01
5.737210963399234487e+01
6.019735284147017751e+01
5.982013885060543856e+01
5.708720520763452555e+01
5.701295162320231924e+01
5.994801514966662381e+01
5.796250149523287121e+01
5.884370687084926033e+01
6.167465280950170126e+01
5.794782971788615100e+01
5.979784605212591231e+01
5.444043399509259018e+01
5.789599076252260090e+01
5.728380140439459467e+01
5.913777293032815408e+01
5.523550765912298033e+01
5.696513616292243398e+01
5.770825503942001689e+01
5.893464036136156636e+01
6.018115874036572421e+01
6.142401482323909079e+01
5.627919788769587939e+01
5.752298492953545406e+01
5.920569324613907725e+01
6.008201491360756563e+01
5.611176332177961257e+01
5.773878934705147969e+01
5.905614678383815175e+01
5.990543379924186240e+01
5.601239105083324432e+01
5.806698998097341757e+01
5.869941756295575885e+01
5.935209419881866921e+01
6.112358610632838207e+01
6.126735205268740714e+01
6.003582013361361902e+01
5.882092429229632558e+01
6.129156188425459817e+01
6.089449369605137008e+01
5.710497539644648413e+01
5.761035380634753267e+01
5.998134120510773215e+01
5.915338302838530637e+01
6.081062925947652076e+01
5.968419717391795132e+01
6.237577877743772348e+01
5.901553850661086642e+01
6.013523089301053659e+01
6.069110776101621951e+01
6.187925413311061362e+01
5.783969110897892563e+01
6.081804862611615903e+01
6.337504367212569889e+01
5.934360992991609152e+01
6.132358675053939123e+01
6.373086795633350476e+01
6.033528947959333522e+01
6.006248569562787765e+01
6.326851393099881449e+01
6.005530127415450181e+01
6.301379083553036509e+01
5.531749539516118119e+01
5.952815377704850164e+01
6.181363422475452296e+01
5.854535854607527057e+01
6.190572597685432754e+01
6.168776540203948855e+01
6.234575994988266956e+01
5.674435620240098643e+01
6.064644780507519783e+01
6.168065968681855793e+01
6.298957591825684688e+01
6.443539563992831631e+01
6.550257498727893335e+01
6.098793010866070574e+01
6.164162228070546234e+01
6.331420299401540319e+01
6.462110164544549207e+01
5.861044966403344603e+01
6.114112647523938193e+01
6.230381716797023017e+01
6.349416592263120407e+01
5.903114007807175057e+01
6.065658145883219987e+01
6.196919580469301536e+01
6.293487379140292859e+01
5.908579293627274609e+01
6.134666143029465246e+01
6.162526145454436488e+01
6.314642046363925942e+01
5.802972145772395152e+01
6.009399048791512854e+01
6.046047072555249002e+01
6.180224514916773160e+01
6.326347214596773938e+01
6.298041644477493861e+01
6.407278534019704352e+01
6.377486076333081400e+01
6.598325897292411923e+01
6.214010718494873942e+01
6.391948169840121352e+01
6.555552676872740392e+01
6.357195448651241065e+01
6.077523872545728523e+01
6.015740763616943099e+01
6.302622918579581324e+01
6.234400777910224178e+01
6.397260416346804845e+01
6.636053307122904243e+01
6.353808519405622945e+01
6.257644007551832033e+01
6.050889927546320735e+01
6.363133154766826749e+01
6.521460465881618518e+01
5.868159006301716119e+01
6.211288540548564896e+01
6.445285085197414787e+01
6.116429798787329020e+01
6.159491995233717176e+01
6.439066388839763988e+01
6.299883754111902334e+01
6.459834272059934790e+01
6.677168508296696814e+01
6.159951749438057078e+01
6.504075391047781807e+01
5.838094869119235852e+01
6.150117128604821204e+01
6.336805756818202440e+01
6.204321805868531214e+01
6.129394008150129025e+01
6.314948047043738910e+01
6.387194601672590721e+01
5.950123507106751930e+01
6.082772979919714373e+01
6.215629439970305725e+01
6.289446391231984279e+01
5.930437045775235561e+01
6.131072773269827536e+01
6.218969538844169165e+01
6.290243332558954847e+01
6.384015526360154524e+01
6.497688926631514050e+01
5.920577764929237929e+01
6.110244403698436599e+01
6.234243183285237677e+01
6.276257030477417942e+01
6.294630132361518804e+01
5.851976577253992673e+01
5.919444543885514776e+01
6.102417648345061707e+01
6.087891148492789739e+01
6.299348377963176659e+01
6.252276809052696649e+01
6.380664860100629454e+01
5.637983655831092022e+01
6.003759587479574833e+01
5.920006060869294373e+01
6.174217911157377614e+01
6.315867272751486894e+01
6.158192998621927927e+01
6.350429897484628583e+01
5.810842125304995420e+01
6.109225423755041362e+01
6.120946721238122024e+01
6.147832270294519930e+01
5.669580552342486612e+01
6.024171819371505876e+01
6.183548394244282775e+01
5.909768948038760783e+01
6.188217673222889914e+01
6.397045243696220496e+01
5.763191518618060627e+01
6.069284991534713214e+01
6.294724728114824330e+01
5.984678226797200296e+01
5.998456588423923108e+01
6.272984498440224144e+01
6.106787901378518768e+01
6.210270076102510473e+01
5.827925558390869298e+01
6.123538149103854522e+01
6.041399547734497588e+01
5.850796894407908866e+01
6.143189381627569645e+01
6.226971884882531327e+01
5.875048694130220639e+01
5.903057376984470750e+01
6.078318632294641333e+01
6.238108693218501344e+01
5.693654204835871724e+01
5.956815050670772393e+01
6.078451071771058878e+01
6.142816202859100372e+01
5.671050665766135523e+01
5.924860196652768707e+01
5.994670969608894495e+01
6.087077101742266905e+01
6.182356211848345851e+01
6.287142393589451217e+01
5.761146169401197170e+01
5.893315271893023066e+01
6.019809214702427624e+01
6.072888060836935864e+01
5.905205529581728285e+01
5.965712542227116444e+01
6.127549703364623213e+01
6.136455565871381168e+01
5.584156160301161975e+01
5.821110746580227868e+01
5.785579661064974033e+01
5.982179145044758428e+01
5.922082881525605558e+01
6.144844663116220573e+01
6.057742220374178288e+01
5.764038038867218461e+01
5.814881321925722091e+01
6.049266513496878162e+01
5.913857988013743494e+01
6.000701300005481187e+01
6.022713774346888016e+01
6.233968470324553834e+01
5.654024253929702581e+01
5.981565571224597733e+01
6.196041734462964712e+01
5.942131694475265391e+01
5.941418556492376268e+01
6.231510034958647282e+01
5.940399143579023900e+01
6.147853302985204493e+01
5.406376902375595961e+01
5.847533766967488589e+01
6.074351974267517562e+01
5.727254685307595139e+01
6.008707222280330029e+01
6.065939580323729530e+01
5.882613468399857481e+01
5.824213174472554755e+01
6.127796835032732048e+01
5.867077686007733206e+01
6.112720194320882428e+01
6.257450066296215141e+01
6.068824919239649773e+01
6.099019910987826165e+01
5.421896776519321293e+01
5.811365149636103666e+01
5.968648815898860960e+01
6.018628493666138013e+01
6.173237873431513378e+01
6.305761043247331088e+01
5.733992998235792271e+01
6.033804888806157862e+01
6.096192492147198294e+01
6.225975488849989858e+01
5.641268201871506704e+01
5.862282716741770372e+01
5.946924790228867153e+01
6.069538641667181622e+01
5.672736691783948260e+01
5.806960304038580034e+01
5.927697947628176678e+01
5.983990442046359703e+01
5.964114495061415511e+01
6.143291121141103872e+01
6.151495038838050533e+01
5.827510676588955363e+01
5.900594573829443590e+01
6.105429789720219702e+01
6.064331047683995735e+01
5.696404474035346510e+01
5.741874709286857836e+01
5.978628420546521482e+01
5.893137333834715719e+01
6.151184343701459767e+01
6.099503444768645721e+01
6.336422933779834921e+01
5.672054509010488488e+01
6.013523966537931642e+01
5.979590450841938321e+01
6.225036244268558505e+01
6.454872020579668401e+01
6.210589683159343366e+01
6.340400112929503962e+01
5.966259117868136741e+01
6.280517852247223942e+01
6.468796308908373760e+01
5.692952586559859185e+01
6.120741379906457524e+01
6.360750087739010183e+01
6.018288328687641098e+01
6.136256058549766834e+01
6.407303433679985005e+01
6.242214857214069923e+01
6.296711817893470453e+01
5.946621159933875589e+01
6.231414137488196303e+01
6.142564049765783807e+01
5.943691979176964679e+01
6.275717574887459449e+01
6.361567097882739574e+01
5.983533411688346604e+01
6.036149414710300931e+01
6.224969607288880979e+01
6.395665650377411282e+01
5.845771412690219648e+01
6.159233926478173515e+01
6.265217396905805458e+01
6.371676647305523744e+01
5.789861321281732387e+01
6.037541146246945090e+01
6.189003125667922234e+01
6.253197908962410168e+01
5.865738432631366805e+01
6.036775771356698073e+01
6.125708350504699240e+01
6.275541382526409251e+01
6.323571535710312475e+01
6.503917475633168976e+01
6.024946816515699766e+01
6.222564714970739885e+01
6.345039769000448615e+01
6.323362466994752396e+01
6.097521340560535208e+01
6.143990505737970409e+01
6.342053438141186206e+01
6.312308315698184202e+01
5.959247383327447523e+01
6.221608545159801906e+01
6.125856349410216950e+01
6.345536413152892408e+01
6.553988108590266393e+01
6.381474440168825879e+01
6.289693062676049351e+01
6.169991522892474478e+01
6.461546276979353820e+01
6.279631829439713897e+01
6.112709045416240627e+01
6.421470765882421006e+01
6.165046292224821656e+01
6.467024354359604388e+01
6.071739023335398855e+01
6.397202731618025240e+01
6.604625138783283944e+01
5.947255357703974710e+01
6.285798052716774009e+01
6.518480842771224104e+01
6.174717015795391006e+01
6.197529365592900064e+01
6.480319779608086606e+01
6.321001175005922335e+01
6.530454512022572544e+01
6.734246460628675379e+01
6.166519902886167870e+01
6.501555232080758628e+01
5.944890173444211001e+01
6.257451715298177675e+01
6.352813529596801345e+01
6.355998990067094923e+01
5.802762826081168157e+01
6.079333530607888747e+01
6.245463504956796896e+01
6.371193237765780282e+01
6.487465023591471436e+01
6.565720161705996816e+01
6.086652960566343040e+01
6.261074308541792988e+01
6.336373400024944402e+01
6.440285070030306258e+01
6.037549654752023542e+01
6.188776461262946782e+01
6.291927519185723128e+01
6.353182440532118846e+01
6.007373605450075615e+01
6.203564192671455402e+01
6.238931189426112667e+01
6.355964056299758624e+01
6.467326084574375500e+01
6.461621037752642849e+01
6.177362942249740030e+01
6.214392618694476766e+01
6.428500535379512826e+01
6.371409293993304601e+01
6.143176157755963374e+01
6.380242511740867428e+01
6.285778916957225704e+01
6.350428185370324030e+01
6.205373874091650066e+01
6.479838610693006729e+01
6.306447481352866191e+01
6.026093117970811619e+01
5.966383430018441203e+01
6.223137688095695097e+01
6.172098685479652147e+01
6.290754779185134993e+01
6.523320567940768910e+01
6.259834347545125866e+01
6.145412684157393102e+01
5.947444500305604009e+01
6.229032688517428085e+01
6.401063780776591727e+01
5.770228760902979559e+01
6.078724482832496534e+01
6.303659571822120000e+01
5.970374368623588879e+01
6.002917507585566881e+01
6.270456789910101492e+01
6.097315613187697636e+01
6.149275412481711811e+01
6.420192125920443971e+01
6.067321584989525718e+01
6.250256763746018152e+01
5.587351942352818668e+01
5.940221261987215939e+01
6.113155330103326435e+01
6.004406158393964432e+01
5.677515720818505685e+01
5.856057768478088832e+01
5.971936504968541470e+01
6.065637069014560012e+01
6.178706754962662018e+01
6.266853870675588212e+01
5.798946471726680585e+01
6.050286425083953645e+01
6.120374370140260822e+01
6.211773665327881844e+01
5.672743707585241424e+01
5.832740450152522982e+01
5.922086366491552667e+01
6.015113348583970065e+01
5.532684281772737478e+01
5.747227322310602915e+01
5.857190703667684062e+01
5.919189804306466840e+01
6.067090199422309382e+01
6.093122995643500417e+01
5.938890825317110966e+01
6.028255639984441672e+01
6.217158454581514349e+01
6.164305903357183780e+01
5.711565603734839414e+01
5.800194078654057961e+01
6.008135790936351128e+01
5.924682605420423442e+01
6.029335376280893399e+01
5.996716687400321888e+01
6.225623530542667794e+01
5.837850444868000466e+01
6.024347441209603460e+01
6.102192013765219514e+01
5.989979331624281400e+01
5.731999946834855564e+01
6.039742869937641245e+01
5.807032231433711900e+01
6.077038694951331621e+01
5.743311333831891830e+01
6.041419545511038081e+01
6.204314485798055046e+01
5.403101499811977249e+01
5.857449299602211568e+01
6.088403214709504851e+01
5.769120328780337559e+01
5.884682656790709387e+01
6.139887968429386689e+01
6.006143373429508614e+01
5.963334080593462261e+01
6.262725731443426014e+01
5.904443015406286577e+01
6.017035513656058043e+01
5.617217253602448324e+01
5.905837195334372325e+01
5.823441645496826879e+01
6.009088337623136056e+01
6.184449178603138364e+01
6.313097151221086278e+01
5.629039846008612358e+01
5.987027058345254460e+01
6.145882269615717775e+01
6.144984823908500005e+01
5.656087897466872505e+01
5.810127706209540577e+01
5.968244600075325934e+01
6.044417123555852811e+01
5.768404236981528044e+01
5.943614774625535091e+01
6.067022372808436614e+01
5.929142154806669396e+01
5.995599905572272803e+01
6.139650046368736724e+01
6.179109259576981827e+01
5.676463691948364243e+01
5.911363453368690557e+01
5.941106930590488133e+01
6.119934791456758205e+01
5.709268216319200206e+01
5.991238219594434611e+01
5.966897837923171721e+01
6.138445953636975361e+01
6.095580210364752105e+01
6.337641346962489308e+01
6.028019823981620107e+01
5.991843997584027903e+01
6.063982291693636029e+01
6.281490730539533018e+01
5.960426585104183062e+01
6.256815155336813916e+01
6.263258273485388372e+01
5.999507101457010805e+01
5.901778713617437688e+01
6.209926352804074412e+01
6.382425679466635415e+01
5.674032595246485045e+01
6.089385641578237340e+01
6.350926855798238790e+01
6.033394579022917981e+01
6.020549466981312747e+01
6.339069024278339981e+01
6.008378268994756866e+01
6.290617318497079680e+01
6.516382871699818224e+01
6.167912578301399407e+01
6.459297237307494299e+01
5.702574733781935379e+01
6.115527495191798124e+01
6.344435100065448552e+01
5.872802686455388965e+01
6.059233609673539434e+01
6.298686850671338533e+01
6.225865056938808806e+01
5.854963458739226922e+01
6.073282291175333114e+01
6.225770821050375758e+01
6.294601808166726187e+01
5.678885049554218512e+01
6.001766312200808784e+01
6.130659829576170239e+01
6.241328547063911714e+01
6.358649064829941011e+01
6.494929093088613570e+01
5.987534830319445689e+01
6.126424570394593161e+01
6.269914834892288980e+01
6.381832170502653412e+01
6.085483297315640527e+01
6.332896857990434825e+01
6.367129879321838359e+01
6.418351237104933205e+01
5.818392953018470592e+01
6.077327260663411579e+01
6.099322506323566273e+01
6.281201515375652633e+01
6.303475217350700177e+01
6.510052035948547200e+01
6.436770961356461385e+01
5.885308007101218664e+01
6.213552695337251208e+01
6.167526818357973184e+01
6.379339306078229299e+01
6.537334781033590048e+01
6.360643137241040534e+01
6.332372291496399441e+01
6.200054051651577680e+01
6.496688616634192215e+01
6.458020127355570139e+01
6.136031979538366699e+01
6.496589088477094265e+01
6.251992065991620962e+01
6.567436686027393478e+01
6.116628564623024289e+01
6.422206362340990893e+01
6.612771362280012966e+01
6.096971491573203394e+01
6.390477426276144257e+01
6.630079880120706548e+01
6.181661422443237086e+01
6.361910393992520341e+01
6.624432149704621509e+01
6.358496156438292957e+01
6.376619404058195784e+01
6.027851135453134646e+01
6.338211090217006216e+01
6.507859430349240881e+01
5.903329544023473829e+01
6.248809473388055125e+01
6.440678765470568123e+01
6.300328901160968798e+01
5.979922092002649947e+01
6.282048759235544111e+01
6.275478913145898474e+01
6.429113106426902391e+01
6.583396017329302197e+01
6.687663539272834612e+01
6.180016156757850609e+01
6.307562421996588142e+01
6.441809230922670793e+01
6.588687154825301207e+01
6.033988713098104029e+01
6.220032129184853176e+01
6.324096456425684210e+01
6.435670487293276665e+01
5.784005106144952890e+01
6.069449478361279660e+01
6.181101546359952437e+01
6.241738862254807430e+01
6.268236129198135131e+01
6.473023872811157275e+01
6.457262881497965168e+01
6.058288751786090387e+01
6.127417207038085678e+01
6.360219530857076364e+01
6.311937311578824961e+01
6.178787277204520478e+01
6.481168710549637524e+01
6.356054696273913152e+01
6.020542702801812140e+01
6.034293172095829050e+01
6.332331993933438241e+01
6.182011506584866822e+01
6.377822370611705338e+01
6.598875243209506891e+01
6.367328309810473286e+01
6.193720588553495077e+01
6.474818063573722782e+01
6.228267330634853494e+01
6.541994386622870650e+01
5.926701028655694614e+01
6.275331653455393877e+01
6.496526123415573295e+01
6.165426158689621161e+01
6.477308833906208463e+01
6.608790023973112682e+01
6.146701605266428459e+01
6.404556226003506936e+01
6.640127628945225524e+01
6.030460110216844072e+01
6.450432624584763630e+01
6.677377248955741607e+01
6.225747801668804016e+01
6.617425454332625634e+01
5.844981336417038165e+01
6.247520806133408655e+01
6.454500184112995953e+01
5.886167405146204601e+01
6.289984876452236051e+01
6.396385972642241313e+01
6.466091407562804250e+01
5.820201101463378990e+01
6.166652199758524233e+01
6.326839355199856385e+01
6.426109586072573165e+01
5.952026775109366241e+01
6.130828979224180131e+01
6.221216000390036527e+01
6.355574441461647694e+01
6.471747498129707310e+01
6.604567414084387167e+01
6.021232728150650360e+01
6.199947273326386465e+01
6.353360725531600650e+01
6.431421859287529230e+01
5.958182897411062839e+01
6.090042337322007171e+01
6.260643097909829180e+01
6.303323967089541924e+01
6.284853525094743532e+01
6.501874639966108305e+01
6.496877720792329569e+01
6.101103183201758640e+01
6.195993390708099469e+01
6.444153512584111354e+01
6.376620235650847235e+01
6.061651802395188326e+01
6.124824339914628268e+01
6.398342493600426195e+01
6.276601418983950254e+01
6.573428655591203551e+01
6.597174234987529928e+01
6.201887809340042423e+01
6.174781283907223184e+01
6.473071699651406163e+01
6.752261559862685658e+01
5.968141753583138609e+01
6.412944989230788906e+01
6.687501412488556696e+01
6.381520953532690754e+01
6.372952926221276471e+01
6.723456380376096320e+01
6.383731972791966314e+01
6.574914089384465399e+01
6.865312852829207202e+01
6.380834345660117890e+01
6.689521873153937292e+01
5.850072987026727134e+01
6.388796665687755905e+01
6.641688328323593282e+01
6.195564250414776808e+01
6.542076855100670230e+01
6.722318900168285438e+01
6.350573007950514182e+01
6.667243915218112704e+01
6.788461072837461074e+01
6.529793980129461772e+01
6.668467923509818718e+01
6.200286590942909726e+01
6.419225879775797239e+01
6.547389570069736919e+01
6.567330565895979078e+01
6.779300801467176996e+01
6.820444126397958939e+01
6.262326449611579449e+01
6.527955225916693394e+01
6.668415754721901578e+01
6.821311577131118042e+01
6.251354465408457628e+01
6.460681445634270403e+01
6.651294174444967666e+01
6.708051075710059763e+01
6.390621164122348574e+01
6.713228199685869413e+01
6.771194995794159865e+01
6.643216700443784362e+01
6.714449708871421763e+01
6.983952272455867671e+01
6.732830905156085066e+01
6.472583320369359683e+01
6.546121550502734010e+01
6.841022515995912556e+01
6.773045604180813939e+01
7.097276921063276234e+01
6.990704988569480349e+01
6.674890264295757447e+01
6.645843748780818316e+01
6.998033452952435596e+01
6.890797863846285054e+01
6.645926246431541529e+01
6.975617435239723818e+01
6.732440171468535084e+01
7.109593453955235987e+01
6.577868407819713070e+01
6.956895128700485031e+01
7.280943737486565226e+01
6.631326488442542200e+01
7.079044877050678508e+01
7.390704829109451168e+01
6.752327357168273636e+01
7.177419086021596684e+01
7.472398902981926483e+01
6.750794536207395424e+01
7.248174828209501186e+01
6.439813724492672975e+01
6.946799411374972522e+01
7.234665980839733379e+01
6.623939640837477327e+01
7.060493910898442493e+01
7.196104808466429859e+01
7.064288198572081967e+01
7.071828426707307358e+01
7.427830705566735503e+01
6.913691029666435384e+01
7.136014969552928733e+01
7.418854527020724277e+01
7.362712759436730892e+01
6.950518161701931774e+01
7.201456182270470663e+01
7.403140924971036441e+01
7.458055658419533529e+01
6.899344897308498048e+01
7.247223327043280960e+01
7.392453476113344379e+01
7.505314405787945020e+01
6.896151642789969571e+01
7.196569066458657460e+01
7.316118036435112515e+01
7.512733226842577494e+01
7.613024833222594623e+01
7.757151059975656437e+01
7.114935939413039989e+01
7.449023399356067898e+01
7.505844828072551422e+01
7.761991386424575978e+01
7.228337702954412691e+01
7.327548311631578315e+01
7.607713305003098014e+01
7.572239514964402929e+01
7.158256037854449971e+01
7.251058324641024910e+01
7.569117506563343056e+01
7.488466900544067073e+01
7.246750331304539827e+01
7.262403607643757653e+01
7.595134374817143907e+01
7.417759488250933941e+01
7.782820551404429921e+01
8.007666176924234946e+01
7.285993837258814665e+01
7.681160066389480789e+01
7.964803457772337936e+01
7.618140573135799798e+01
7.549594573374847073e+01
7.871665073108761135e+01
7.509953861587148083e+01
7.889510351256809884e+01
7.307973709766275761e+01
7.681009889293964932e+01
7.972749659556313873e+01
7.399294012869465575e+01
7.772662511104275040e+01
8.043123291187674795e+01
7.371998863992449458e+01
7.781320372615519432e+01
8.045667893010138982e+01
7.697258982108169789e+01
8.010558603946275014e+01
8.192660829163932590e+01
7.750843876841589974e+01
8.026989511540767808e+01
7.511487380101375777e+01
7.776860737406123292e+01
7.852047618754417613e+01
7.989005785499799117e+01
8.162799316722647802e+01
8.285268241190102856e+01
7.718937162964002141e+01
7.966229016040222177e+01
8.086848188893570466e+01
8.260785765608792985e+01
7.676615978003307816e+01
7.926374813696446608e+01
8.102506750796742097e+01
8.117050913415135938e+01
7.590713324071154489e+01
7.785049633650595524e+01
8.045114135780501385e+01
8.083614489443149864e+01
8.390088608606231446e+01
8.333161415864147159e+01
7.829484741218800536e+01
7.932268110182938869e+01
8.255836855545534547e+01
8.181155407162979998e+01
7.804235016847231066e+01
7.883903694897159653e+01
8.239308454724104536e+01
8.120581306001172095e+01
7.890861828120287669e+01
7.921163159859807479e+01
8.292256367414753981e+01
8.019274057853688475e+01
8.397095700515943406e+01
8.623188271880489708e+01
7.903477967313749275e+01
8.248491153759461270e+01
8.546095628466268579e+01
8.239658862650190940e+01
8.144407611940968650e+01
7.925297469553612473e+01
8.309438344029240398e+01
8.363076981059342074e+01
7.764450316284722931e+01
8.165036181134702531e+01
8.470561151845569725e+01
8.034476552313658715e+01
8.149600052481287094e+01
8.496456379106803070e+01
8.079595156111595600e+01
8.240369200873253419e+01
8.558325699989568136e+01
8.191755613567463001e+01
8.345743546973602633e+01
7.909939963203591162e+01
8.250771114791710659e+01
8.328362700388987605e+01
7.994639189392606227e+01
8.323474673951778868e+01
8.444942883153252922e+01
8.051754839761599669e+01
8.353022880435233333e+01
8.534977667648297484e+01
8.274664532712746734e+01
8.490127315828560484e+01
8.670845208246352342e+01
8.507664584029689081e+01
8.336279041479093621e+01
8.116808703426214322e+01
8.325764011593874159e+01
8.557681472157629798e+01
8.010796218988846817e+01
8.258013062132599202e+01
8.339767840436007873e+01
8.617953000907995431e+01
7.956324289251584503e+01
8.334970270947208348e+01
8.358170635733533516e+01
8.536173137928520305e+01
8.784214977933019952e+01
8.732144398238408201e+01
8.185352826809557314e+01
8.344227973533037357e+01
8.656769402401756963e+01
8.608687352252982805e+01
8.233082230229199183e+01
8.309559801397486467e+01
8.640274964641275801e+01
8.490264238839256450e+01
8.258070993172856333e+01
8.339197257483627368e+01
8.683109858084181099e+01
8.480627086623310618e+01
8.246709284671567275e+01
8.448146273178871013e+01
8.521362647020228565e+01
8.403247004834346967e+01
8.738573020760418331e+01
8.847609258424510870e+01
8.511547728896036347e+01
8.425277598422087522e+01
8.733371410443567129e+01
8.376678180333799162e+01
8.670702189775745694e+01
8.971105031994231638e+01
8.409229394061377150e+01
8.836256645968695977e+01
8.070072684792451412e+01
8.534535641787765314e+01
8.836495278962968314e+01
8.158062654405773628e+01
8.590235202275994197e+01
8.838037955890202113e+01
8.192226265121905726e+01
8.694798351555155591e+01
8.924692817200832451e+01
8.401029938298133004e+01
8.821463427771688259e+01
9.019301722839225022e+01
8.684858391088283724e+01
8.940380426106584366e+01
8.315007927398590937e+01
8.617042287426117753e+01
8.821837979661478357e+01
8.306275132320475052e+01
8.677505064460623885e+01
8.886862860202565173e+01
8.950943140972108836e+01
8.355443767533949995e+01
8.715600192878802943e+01
8.798273643326925253e+01
8.980909803114765566e+01
9.171059704956977043e+01
8.774199748108100039e+01
9.139691865578487295e+01
8.281245269110452512e+01
8.851016857648524194e+01
8.809907988732057049e+01
9.135628240124974297e+01
8.383866180337773244e+01
8.836578857723249314e+01
8.735702644802408656e+01
9.116821163864159416e+01
9.043534311706497419e+01
9.188863495163059270e+01
8.915790285952373040e+01
9.350266711773799955e+01
9.021098542972147527e+01
9.357581830619660934e+01
8.569501389504428346e+01
9.012873884696348625e+01
9.089344669848881608e+01
8.937680153454628851e+01
8.763645974694813390e+01
9.082829311047470355e+01
8.894194365865250518e+01
9.221344465799731438e+01
9.518215729086222154e+01
8.912963994058988249e+01
9.342572629881446744e+01
8.599201537997190314e+01
9.108312926676453003e+01
9.391285131933828723e+01
8.687391577095176842e+01
9.143225376552378236e+01
9.467458979211818360e+01
8.712926389452086084e+01
9.205460587325816846e+01
9.487353965242898823e+01
8.808034138580873673e+01
9.267761087565871492e+01
9.522032881157085171e+01
9.001747065566836170e+01
9.454866426372302612e+01
8.780198934614615780e+01
9.186519401748971347e+01
9.379828201902974172e+01
8.907621165163078558e+01
9.254042695662153051e+01
9.485695818788349243e+01
9.097156060642862485e+01
9.445411743170859609e+01
9.607617557152042309e+01
9.007980651839112340e+01
9.294746492115501724e+01
9.079219230170947696e+01
9.410083684270072979e+01
9.481950844536487466e+01
8.942013065707214992e+01
9.181248433906971229e+01
9.547968559446206882e+01
9.441506195340004126e+01
8.941179773696050859e+01
9.144185689891597235e+01
9.544670440907735554e+01
9.408505761254151878e+01
9.791180524617539049e+01
9.612495164594082553e+01
9.285584874169649083e+01
9.347891220886144481e+01
9.800078752901733026e+01
9.536028711513273493e+01
9.330052717429487075e+01
9.305029360373113434e+01
9.743179483461125301e+01
9.489237739243512237e+01
9.336158397753179372e+01
9.299182709324051643e+01
9.736818924895197824e+01
9.337432357996814858e+01
9.800956473967535487e+01
9.959021387614252774e+01
9.545243695239118153e+01
9.621717964382364130e+01
9.521467590102407996e+01
9.947793031583022128e+01
9.373185222052431698e+01
9.804940689151629840e+01
1.009883797493075406e+02
9.368821472343688583e+01
9.842234304020038849e+01
1.015820854934019053e+02
9.556578266391466059e+01
9.944693306869380933e+01
1.023044953438776332e+02
9.558630580342799021e+01
9.991815588590900177e+01
9.425270643270255277e+01
9.790199917896813986e+01
9.970973223620286774e+01
9.416225039141700393e+01
9.803495188085427969e+01
1.001878058378649428e+02
9.755939747987045507e+01
1.001594456887096811e+02
1.021071650994525015e+02
9.703221583791672344e+01
9.986207050089765858e+01
1.023841001026848687e+02
1.028521773985531098e+02
9.678013744767706328e+01
1.006686447756429743e+02
1.016013426829242832e+02
1.034685190102415930e+02
9.630861669836664873e+01
9.951545004379312331e+01
1.025544108765168687e+02
1.001890522127145289e+02
9.812936796626576097e+01
9.957902995687483383e+01
1.036683479080188590e+02
9.831883837591115594e+01
1.024346579959941721e+02
1.031413474842859728e+02
1.012748950679545601e+02
1.008363997418352938e+02
1.053364777933293226e+02
9.940188872700178990e+01
1.048274606939731939e+02
9.716742138002423701e+01
1.023988932206699474e+02
1.005761355783740072e+02
1.014694669667308915e+02
1.007901595263575132e+02
1.054147353781493592e+02
9.983941527057274357e+01
1.047029306171695140e+02
1.079522536939043960e+02
1.003105129426134141e+02
1.052106969951986315e+02
1.086803878254234377e+02
1.025948198855719937e+02
1.073257016634224499e+02
9.991654816773399261e+01
1.052071412073432413e+02
1.047204867671749611e+02
1.028553238941101711e+02
1.004009579175570082e+02
1.040505496179406606e+02
1.063220986418127296e+02
1.009718576926735807e+02
1.051306152911310221e+02
1.074881337986849132e+02
1.021163334159389819e+02
1.054562822149211883e+02
1.081202884032704219e+02
1.030207071386065110e+02
1.065551011756709698e+02
1.092350866194876602e+02
1.033137598774488453e+02
1.077137190509974118e+02
1.099110774911282249e+02
1.058131642257650071e+02
1.092708169549678416e+02
1.034167108150834906e+02
1.068212832025044179e+02
1.089112493480737243e+02
1.039398763018990337e+02
1.068961411686016163e+02
1.104269673776714171e+02
1.083293986624122880e+02
1.046494181371371184e+02
1.094435473858960535e+02
1.101219180880255095e+02
1.058268002114396609e+02
1.078632436665243972e+02
1.121951505643066866e+02
1.099462512841205211e+02
1.060723244635152014e+02
1.096903555755990283e+02
1.102047127806045808e+02
1.124313702601216960e+02
1.117893272389777479e+02
1.150893896912147483e+02
1.074673624907559031e+02
1.124136353852544516e+02
1.150962374515910511e+02
1.096105888535329740e+02
1.147270595208402426e+02
1.075046665694996477e+02
1.133767503715176872e+02
1.109364257155759503e+02
1.108356834313330666e+02
1.132274704307548348e+02
1.147115929416195712e+02
1.096878428644162540e+02
1.148042617742097207e+02
1.185108909366328618e+02
1.113162418971744927e+02
1.157918859752369087e+02
1.198419766270038167e+02
1.130160727950345887e+02
1.174951210399857757e+02
1.119888598938936184e+02
1.162803249461736499e+02
1.184258106709779383e+02
1.117630826363017604e+02
1.168263092616060135e+02
1.197726655601961880e+02
1.139630316088304625e+02
1.179906506747995252e+02
1.210364699395099564e+02
1.150050341178373401e+02
1.186808019192888253e+02
1.131068521544454057e+02
1.169602637318313754e+02
1.204599604617395840e+02
1.145798021550501318e+02
1.185986681787914279e+02
1.205442740062842546e+02
1.157399478776510620e+02
1.192675137480143235e+02
1.236467438821173914e+02
1.167149437343790339e+02
1.198981218847578987e+02
1.248047394423333287e+02
1.180415702937403921e+02
1.222493767628767074e+02
1.155603954890685401e+02
1.211925866797480893e+02
1.215296898896812365e+02
1.197727194274324773e+02
1.214406104722824438e+02
1.263912688822600643e+02
1.194377389962273384e+02
1.226372523304722790e+02
1.276534281041160597e+02
1.211450759617715818e+02
1.267331979575999839e+02
1.266897541435948682e+02
1.246430849737023010e+02
1.247798892408625591e+02
1.218035298900869776e+02
1.233900051383645149e+02
1.289592464826983189e+02
1.229992205305659354e+02
1.289039981034746063e+02
1.283328516971527620e+02
1.275407308346442079e+02
1.260512769759116338e+02
1.313168200843020088e+02
1.251978510334719772e+02
1.305900207932915578e+02
1.346840166744752025e+02
1.277632862306404036e+02
1.326889945053708857e+02
1.258207476236749613e+02
1.316548183511017669e+02
1.312737285333986677e+02
1.288483450122370755e+02
1.343804467805047409e+02
1.315251974165378783e+02
1.342503792577902573e+02
1.287065927908528522e+02
1.340056891004490183e+02
1.320625546777230852e+02
1.354456563141326342e+02
1.384935886207282749e+02
1.330645673638313724e+02
1.373471942839255178e+02
1.318829320829977405e+02
1.359207490061720875e+02
1.395489442082190692e+02
1.329774525872799700e+02
1.376193619602441345e+02
1.403654354558174191e+02
1.355217366274159190e+02
1.385797119609404717e+02
1.437838162068971997e+02
1.360218069664153973e+02
1.418391837115882765e+02
1.424291013724040056e+02
1.404597864174618280e+02
1.426903172685161962e+02
1.385332985227850315e+02
1.410906087223347924e+02
1.470764293978982948e+02
1.384983330770026271e+02
1.439336513699952604e+02
1.446147249675842374e+02
1.420228726847291227e+02
1.434074266067908354e+02
1.491022641290045101e+02
1.413549659519880208e+02
1.481153248506275872e+02
1.401698813477065926e+02
1.470569269086414295e+02
1.459619687736081346e+02
1.449163639909669428e+02
1.473555595989844278e+02
1.521315325424558580e+02
