0.000000000000000000e+00
-4.566865942699844538e+01
1.983194724291707800e+01
-2.631472543393004671e+01
1.393253956254606685e+00
-7.453986686227526803e+00
4.000019731062202766e+00
-1.159594204779903137e+01
4.108270026833681143e+00
-3.656504025068363362e+00
2.955557607141740206e+00
-2.947065672784098034e+00
2.780486107440122368e+00
-2.380694176833344944e+00
2.462006326881958085e+00
-1.887797286376559303e+00
2.370667567264824083e+00
-1.447353625518343678e+00
2.388873036407300976e+00
-1.046123963630385623e+00
2.465152902964908854e+00
-7.060505838620675378e-01
3.262586838471562167e+00
-5.030151763907714235e-01
3.578536791842565901e+00
-3.015292969106029841e-01
3.909938847393601424e+00
2.554611387183916005e-01
4.138636302507515019e+00
4.054476483859301705e-01
4.345469321788453243e+00
6.094260955416059833e-01
4.684103069323959367e+00
8.600062605696859874e-01
5.028787135401154629e+00
1.138897218913935250e+00
5.390964547584614408e+00
1.438876113663834166e+00
5.770691830208872553e+00
1.756580168392768870e+00
6.163850657271070510e+00
2.089164222715465868e+00
5.437839338791765620e+00
2.452759854092636971e+00
7.125667948418867859e+00
9.343996971098714965e+00
1.085029624060126352e+01
8.339231807346354941e+00
1.209706159599477004e+01
8.970823736747986388e+00
1.251660449284782928e+01
9.347442150953085616e+00
1.295207785047139382e+01
9.740299287590223898e+00
1.336198356081470173e+01
1.010854593816862668e+01
1.376486625193342839e+01
1.047385928152234769e+01
1.416116668756517605e+01
1.083453055038578938e+01
1.455544483685173240e+01
1.119353716649894004e+01
1.494744588987452971e+01
1.155078612338875210e+01
1.533800158013520587e+01
1.190658884030719555e+01
1.572689140855363377e+01
1.226071996702390443e+01
1.611403020550390508e+01
1.261293766777624725e+01
1.649911545356860287e+01
1.296289514776486129e+01
1.688184911240393404e+01
1.331022465874501748e+01
1.726189200572290616e+01
1.365453617994429614e+01
1.780769388307220424e+01
2.023095660797455508e+01
2.319416994193962012e+01
1.942113460175617945e+01
2.414115130528691111e+01
1.984248732362650003e+01
2.450175464147321591e+01
2.019013493392236214e+01
2.484555829448442665e+01
2.052188780575635718e+01
2.517013769315293104e+01
2.083619068017871712e+01
2.484121636472062278e+01
2.116663708647095277e+01
2.517826345043131298e+01
2.148514215357307222e+01
2.548065709027383008e+01
2.177516057235978764e+01
2.576146312165355567e+01
2.204620079904837482e+01
2.602052698968205746e+01
2.229847206013396033e+01
2.641798520031386133e+01
2.925906175577509671e+01
3.063148956148437208e+01
3.016536464244293114e+01
2.964678768718624724e+01
3.170646983800462948e+01
2.947846262754549684e+01
3.156742398320587029e+01
2.965321107453015514e+01
3.195514050854643529e+01
2.918582196857132161e+01
3.209477328215693603e+01
2.933179059040467251e+01
3.212827148840795388e+01
2.949567441384440158e+01
3.217109960068709285e+01
2.965076777297431931e+01
3.220286060496775349e+01
2.981219608615892014e+01
3.279887672748799332e+01
3.661888243227149786e+01
3.928838278652811056e+01
3.624872017252423717e+01
3.936699184906803595e+01
3.635855203203333019e+01
3.928907603517730251e+01
3.610153023909345649e+01
3.841377509506745724e+01
3.293337949349414373e+01
3.844814245979719658e+01
3.556080844018708120e+01
3.853026557108798045e+01
3.541474521524248331e+01
3.855570035095048098e+01
4.142207963703520335e+01
4.257284617504829782e+01
4.143812615893230600e+01
4.287798265198107828e+01
4.148391589020519632e+01
4.288538707339771605e+01
4.126846746852333325e+01
4.275239258192281255e+01
4.101656946937100656e+01
4.256625182041116062e+01
4.075148068422393521e+01
4.235472094817566102e+01
4.046840778319648990e+01
4.199311246127759745e+01
4.068568175589444991e+01
4.475087782244734314e+01
4.555810853380668135e+01
4.997845002925405566e+01
4.334725129398029253e+01
5.054151549493173690e+01
4.265543050914801881e+01
5.012991425948563062e+01
4.187608599766064543e+01
4.988117561957407986e+01
4.324326129553764986e+01
4.520581182497595307e+01
4.601509619364676240e+01
4.563967773068239353e+01
4.451352870225645830e+01
5.050689468062108745e+01
4.881317136925935785e+01
5.315509039022050075e+01
4.649442665788203755e+01
5.346244976358667600e+01
4.551789927283483195e+01
5.245716221412295255e+01
4.527341413167798834e+01
5.175696605369829939e+01
4.435155872779031228e+01
5.100287258967716753e+01
4.378227840429244111e+01
4.985130605114242996e+01
5.266675683975500988e+01
5.122028067350017011e+01
5.352007627776269771e+01
5.128000726760114958e+01
5.155675756278711219e+01
5.109054553410466326e+01
5.075878713177181822e+01
5.032633603677005141e+01
5.023721013087747167e+01
4.975392782662330404e+01
4.951644017436151302e+01
5.444700880199690829e+01
5.262648322704681902e+01
5.613901823009257441e+01
5.074557225055366416e+01
5.619135560582544286e+01
4.941483072891406891e+01
5.520704653929861649e+01
4.952594272965502853e+01
5.471240035423301151e+01
4.803288733963611890e+01
5.370859272256390682e+01
5.740872569640607281e+01
5.380826622474575771e+01
5.665314671436500760e+01
5.298394953994274914e+01
5.690505865610580827e+01
5.091404892536000659e+01
5.625234726683368081e+01
4.981798427559493092e+01
5.516396054610985544e+01
4.994877848369219464e+01
5.460698373202767897e+01
5.784020067742409310e+01
5.274550432362730135e+01
5.754862388624034963e+01
5.150210904681350854e+01
5.657511782102079678e+01
5.150090067290557982e+01
5.595160202378230707e+01
4.920824893147315748e+01
5.482555419194650170e+01
4.976791814988185081e+01
5.418857150845742865e+01
5.740828845963085314e+01
5.237786667314374256e+01
5.763838916879187479e+01
5.232445883488565386e+01
5.668964551227243476e+01
5.016343932022615348e+01
5.543288245820689752e+01
4.830272296907137530e+01
5.453615949175763689e+01
5.730393591463654701e+01
5.469523031901825760e+01
5.801136165622712326e+01
5.315918663238005593e+01
5.712364537225201389e+01
5.083126635173506003e+01
5.569492161422158460e+01
4.884341339600430132e+01
5.458246788062228205e+01
5.601546498491219239e+01
5.905974930647925447e+01
5.332425379679386879e+01
5.736236813884870855e+01
5.187792508724286478e+01
5.585149034193219819e+01
5.058576700330720399e+01
5.436759728186011387e+01
4.872931241443863826e+01
5.279666594275298763e+01
5.497370690993260922e+01
5.639679932658331296e+01
5.295307087063963536e+01
5.487424186212908950e+01
5.161779572581443887e+01
5.370099579894490915e+01
5.024710335878636158e+01
5.225096436090990437e+01
4.863174021263512969e+01
5.165984097012273679e+01
5.296208563493070898e+01
5.489931360470959731e+01
5.083555394037103525e+01
5.366658882845868561e+01
4.919518530954309199e+01
5.197682110627194874e+01
4.758498960798178246e+01
5.015734783037204636e+01
5.254592522343079253e+01
5.421290039200749078e+01
5.138805317118409022e+01
5.386919619181791319e+01
4.822278176274090811e+01
5.185828794485297522e+01
4.678450737214197375e+01
4.984925185656909008e+01
5.163671727857563809e+01
5.346342741890121175e+01
4.867835942909572822e+01
5.151458243010793581e+01
4.677312785737715473e+01
4.979633543468467138e+01
4.565227532434560942e+01
4.824257355727024787e+01
5.035627767179195757e+01
5.170424843664389414e+01
4.937731587557406243e+01
5.104816912076371693e+01
4.568389309260597742e+01
4.859743881896135775e+01
4.541466408121156206e+01
4.716841111066352710e+01
4.964178460545633698e+01
5.037226280887043117e+01
4.856914970850229452e+01
4.946142393556746697e+01
4.588163234217469721e+01
4.725667498554874868e+01
4.488630353930576433e+01
4.596711948083727606e+01
4.901061310960447059e+01
4.888718394084824581e+01
4.681475737031543360e+01
4.715818848713785627e+01
4.595930523201206341e+01
4.616403133474187115e+01
4.354760350124842461e+01
4.394743697969615681e+01
4.747171130979973697e+01
4.668403417417480483e+01
4.602468180020974131e+01
4.570066501852956975e+01
4.398453714648946544e+01
4.369447235258006401e+01
4.336754312112908849e+01
4.284125371386641490e+01
4.658559519235144109e+01
4.590267717472951858e+01
4.423546681713157369e+01
4.343079407532836456e+01
4.461910392984784579e+01
4.289989884218903171e+01
4.135106433943760607e+01
4.047322855451675139e+01
4.444632377998734540e+01
4.481447215031862186e+01
4.168023299431714435e+01
4.094195709910430026e+01
4.291609608084314686e+01
3.967766842589765730e+01
4.065856441204000760e+01
4.366798850968736190e+01
4.250891250627364570e+01
4.246015820196994639e+01
4.061484844511888781e+01
4.147597590036851756e+01
3.944067500239512469e+01
3.880727359614829197e+01
4.216227104100375556e+01
4.052131179541305528e+01
4.324903139430399079e+01
3.774664158135590242e+01
4.178354751108684439e+01
3.509240483455024417e+01
3.958497268154703619e+01
3.424640042126611661e+01
3.833107736007944055e+01
4.106067042368142950e+01
3.706728303994008655e+01
4.079524866968761643e+01
3.403815760596412332e+01
3.896516918506464577e+01
4.169858544603735595e+01
3.707104059469433821e+01
4.099971884827512980e+01
3.451536703021887575e+01
3.926718007928404575e+01
3.121959193800374521e+01
3.676358234398797720e+01
3.924573639974767048e+01
3.897078338939471109e+01
3.700272304202944440e+01
3.918419232468131952e+01
3.355609893809423738e+01
3.777887401418890079e+01
3.056322681506381755e+01
3.496701139398469849e+01
3.756488558796284138e+01
3.668705219066426082e+01
3.650356177873293717e+01
3.287996165187428943e+01
3.624232955239833842e+01
3.009319054176250674e+01
3.390371764919382258e+01
3.554722882898219893e+01
3.723797422661696999e+01
3.254734141306014550e+01
3.569865410614229972e+01
3.012850675293469749e+01
3.318870746829403373e+01
3.477597491477908420e+01
3.636862007356695869e+01
3.264190384658648014e+01
3.510238756201551524e+01
3.044192578082772016e+01
3.278328044628381832e+01
2.866780809294767352e+01
3.111171758495997608e+01
3.254952225237869357e+01
3.426295241369130906e+01
3.121576870475509224e+01
3.351490152555533086e+01
2.888096553852847492e+01
3.104466508500599886e+01
3.292649997701018094e+01
3.416767913982483407e+01
3.211414816895717195e+01
3.356761074869775285e+01
2.918065585341105006e+01
3.102821511293090495e+01
3.332766941554169193e+01
3.405267496893655021e+01
3.258494265723812333e+01
3.344098785775022264e+01
2.933431432991320520e+01
3.081783254837952768e+01
3.365018077455136591e+01
3.369076253661697962e+01
3.291112838528295015e+01
3.322579229736738426e+01
3.044306883879706049e+01
3.085860479628111719e+01
2.909898705267895380e+01
3.154234943558349968e+01
3.151950366131107373e+01
3.483309500172449447e+01
2.734556068603396994e+01
3.256237817994814776e+01
2.681229330650714715e+01
3.150816733838509265e+01
3.135799492152973045e+01
3.477275969247440202e+01
2.713416191160924029e+01
3.284729072954796436e+01
2.676709759574426428e+01
3.186329048038236422e+01
3.350737094998485333e+01
3.216289050170874475e+01
3.362433616869396502e+01
3.006093301278884411e+01
3.222112433438336154e+01
3.497380878381336089e+01
3.378932834032680432e+01
3.304766477275291692e+01
3.189753956967527060e+01
3.209002635794719538e+01
3.077977130156249075e+01
3.385163442509866627e+01
3.629953304838401351e+01
3.066972924467879835e+01
3.413038377465389317e+01
2.942634072946945878e+01
3.308102057219689129e+01
3.605804418872877193e+01
3.331405319629725170e+01
3.577558999963719089e+01
3.095945731907495002e+01
3.464146330532204843e+01
2.864100801491030523e+01
3.271767791548175097e+01
3.571283860915045949e+01
3.204071203141086244e+01
3.646031247453070279e+01
2.854118571437032514e+01
3.412264646114189759e+01
3.686077363509287608e+01
3.454089431111291475e+01
3.585947982517680543e+01
3.123330950586337806e+01
3.530539552071056875e+01
2.950819504901520673e+01
3.337870636092596754e+01
3.583922914500193713e+01
3.599280889549149265e+01
3.274922413660760867e+01
3.517007106904571856e+01
3.127049196703632461e+01
3.332232356752175662e+01
3.563716088572996199e+01
3.671773545977068665e+01
3.329314712761470929e+01
3.530839131370301232e+01
3.147408728077044060e+01
3.407643985025035960e+01
3.610354670390918841e+01
3.761240115596941536e+01
3.363341469759727431e+01
3.573139681513880106e+01
3.235352516600372752e+01
3.501275632613734956e+01
3.706589817125948372e+01
3.829551417833810945e+01
3.459125517941350125e+01
3.762910915974940451e+01
3.913486984283518666e+01
4.083617427936749777e+01
3.678022393043269034e+01
3.990929758850195697e+01
3.415374601741923044e+01
3.766223177978426406e+01
3.909808265211656675e+01
4.126216238043370765e+01
3.878397704518459221e+01
4.085993327726855995e+01
3.494183285243809678e+01
3.883634260629505519e+01
4.001050866685028495e+01
4.253654339269326101e+01
3.745879076116282391e+01
4.146209155514206657e+01
3.520982478342371280e+01
3.964087605097943623e+01
4.035393016730562721e+01
4.324812024334200089e+01
3.883900526827682143e+01
4.276721277440390168e+01
3.731667342379193286e+01
4.064452448299444853e+01
4.078678806101904541e+01
4.395746310266808621e+01
3.839035347747545046e+01
4.309987840218321509e+01
3.764948145520592959e+01
4.122336890177331981e+01
4.202585883605728156e+01
4.528167176812970496e+01
3.983003233276137678e+01
4.383368354347501850e+01
4.539354576481375858e+01
4.506200876248220766e+01
4.409658867910170699e+01
4.356886244549161091e+01
4.303468582072248694e+01
4.240669294121483546e+01
4.632782041185175359e+01
4.636128916578368830e+01
4.416062188620897899e+01
4.441097690966314104e+01
4.333494709394452116e+01
4.732125453698137107e+01
4.800227256825916555e+01
4.601559403015107108e+01
4.548427839058665967e+01
4.411368691312587487e+01
4.491980230217278347e+01
4.928547841462547296e+01
4.614771500381323222e+01
4.721760394578630837e+01
4.623385400836297521e+01
4.582442277591619018e+01
4.899844432497667412e+01
4.974723883187385098e+01
4.811599315235810082e+01
4.874280215167093644e+01
4.604584721501910849e+01
4.916449770276496878e+01
4.969930242497910200e+01
5.055860696859517844e+01
4.456005549435479907e+01
4.956529437499450808e+01
4.599294267145638315e+01
4.911698160512942479e+01
4.976401866375491068e+01
5.083624133452714489e+01
4.688443271824675662e+01
5.096097003266007874e+01
5.215178128693535342e+01
5.464258528077924382e+01
4.918598160121776175e+01
5.247886599608195013e+01
4.671965082729436602e+01
5.043474621154882698e+01
5.183987065892785751e+01
5.386173872903927418e+01
4.730947638367695163e+01
5.206877330097296408e+01
5.361324363968750362e+01
5.542743726352623668e+01
5.043244220811906331e+01
5.393438081928347572e+01
4.929916721230917886e+01
5.192408612018206782e+01
5.361790819585392143e+01
5.530401007483549591e+01
5.202735722142138997e+01
5.439440363059764394e+01
4.934258294396442324e+01
5.204958188753822412e+01
5.428928960840077167e+01
5.575471848374452577e+01
5.080803646808906393e+01
5.352785358805744664e+01
5.582006182995230859e+01
5.678716738727400326e+01
5.415845549659838554e+01
5.601771827659605663e+01
5.072386350763304819e+01
5.340071501623313566e+01
5.608841567919721172e+01
5.641128288818458714e+01
5.449048111558834506e+01
5.552659108162833945e+01
5.857780296005076792e+01
5.832470375429091547e+01
5.537584489541074362e+01
5.626385496211502613e+01
5.488550550162376140e+01
5.559272079315112336e+01
5.885826923848725301e+01
5.798335803264791366e+01
5.563824522620909363e+01
5.586210387811784983e+01
5.920411613056916877e+01
6.071445049278036521e+01
5.697182023701019205e+01
6.038987863452506843e+01
5.387955386146865067e+01
5.810907674810682266e+01
6.127829136582932534e+01
5.920041777266647642e+01
5.872385975852578355e+01
5.747062916549948142e+01
6.110515995831647729e+01
6.326417116980417887e+01
5.567039416508740857e+01
6.127031239241812699e+01
5.552826039112420631e+01
6.004332534717064362e+01
6.292530488488029761e+01
5.776688499648947328e+01
6.204328774837627236e+01
5.396064568347121337e+01
5.956097024400022377e+01
6.238739637447059039e+01
5.878621917071914282e+01
6.198678463036107189e+01
5.414285737390434150e+01
5.964233236679628902e+01
6.135929003477185262e+01
6.415787339424618096e+01
5.606493944475343483e+01
6.083674267808145686e+01
6.334511112301256475e+01
6.396514044514433550e+01
5.990038945442714180e+01
6.157939456135378720e+01
5.782353971560662842e+01
6.032475470386899730e+01
6.122741141552101851e+01
6.333401464314390239e+01
5.760110840263021714e+01
6.103541304257768019e+01
6.233522500594597204e+01
6.444306831117842194e+01
5.780226556467663812e+01
6.194724970571098766e+01
5.600122207614398206e+01
5.960005522616450691e+01
6.069870779354838675e+01
6.277777625095387748e+01
5.673996450363797805e+01
6.010404532438743530e+01
6.143159824966637217e+01
6.304940766127305807e+01
5.966134649075605978e+01
6.134914948618744290e+01
6.296580388334371747e+01
6.423179305047536047e+01
5.911381598479339772e+01
6.183452553498937476e+01
5.843689465591038612e+01
5.962297282831165290e+01
6.161837500054272709e+01
6.228024841512447551e+01
5.983595647330825074e+01
6.098191139547421358e+01
6.342616087909427591e+01
6.351034911132633454e+01
6.167758962852878568e+01
6.177492279259111996e+01
5.753726760974346632e+01
5.888140852504858458e+01
6.148014800068294505e+01
6.111306320811436876e+01
5.871605016049411319e+01
5.910848674779390421e+01
6.190725806260986985e+01
6.132374192532580537e+01
6.031387120049100048e+01
5.962957590140668174e+01
5.794360082939945045e+01
5.931993641527624561e+01
6.198791641348032044e+01
5.999390492588241841e+01
5.964713746824101293e+01
6.249487137435843920e+01
6.011374149566027114e+01
6.333823717148360544e+01
5.707592669528150253e+01
6.108711766827178025e+01
6.376519322540519852e+01
6.078738187574500529e+01
6.042414164854030645e+01
5.823054295647935419e+01
5.938117583779210662e+01
6.266810635461206402e+01
5.940024302974978099e+01
6.023661891190149476e+01
5.747424381229783563e+01
5.735699639998037469e+01
6.078020348474080947e+01
5.782370685866377613e+01
6.084907996257698670e+01
5.448901891835657096e+01
5.830627194519696133e+01
6.077531158033906422e+01
5.710348329492730812e+01
5.967677792910145484e+01
5.461056783938811776e+01
5.751955736299944277e+01
5.944574467908723392e+01
5.968107391475581380e+01
5.577859269292461875e+01
5.764335433270623099e+01
5.942943370465274455e+01
6.037143879490243847e+01
5.593999427722015838e+01
5.714616562122877497e+01
5.915022375327613702e+01
6.048601465411218214e+01
5.462342122030224090e+01
5.786193770341754572e+01
5.144562819574866097e+01
5.472166735417553696e+01
5.617355484909504781e+01
5.713543870086390797e+01
5.438599901900435896e+01
5.583935263590633014e+01
5.711281095137497488e+01
5.816375823577028825e+01
5.345289491529990045e+01
5.492801564396940961e+01
5.640203545400335372e+01
5.718114532614062284e+01
5.663015942089051435e+01
5.314935302947754536e+01
5.568241338951896324e+01
5.586489009475389622e+01
5.808301268666979666e+01
5.124075226870912303e+01
5.455072693340648016e+01
5.481608814746634550e+01
5.721338919211506635e+01
5.477992669637386314e+01
5.373808318148244467e+01
5.368449977785947880e+01
5.616329940768401485e+01
5.536370827375876047e+01
5.221193331357413570e+01
5.216531732625350770e+01
5.476999391300611109e+01
5.422144383586770289e+01
5.439068508868726326e+01
5.318195637500444661e+01
5.008650151320867394e+01
5.295053889502167976e+01
5.111827086189124003e+01
5.414959941095464302e+01
5.018537384023220227e+01
5.274664485921426405e+01
5.509663207710768518e+01
5.207838103873753255e+01
5.200498899821286614e+01
4.999254522262707923e+01
5.310027813084077764e+01
5.411080998015063415e+01
4.989366026672642818e+01
5.206175419228532775e+01
5.479192459909882018e+01
5.093871934581090954e+01
5.298528088012713511e+01
4.710491103610873864e+01
5.126677975171196522e+01
5.347788390299400874e+01
4.893388242842681279e+01
5.214867998420066897e+01
4.598197433781807320e+01
4.994669793555709703e+01
5.113987866142962702e+01
5.227742184189828123e+01
4.819301733822211986e+01
4.837212582581389597e+01
5.066995745027368514e+01
5.243734120424610268e+01
4.524256210308369930e+01
4.953932406724969439e+01
5.108679248859179012e+01
5.153164770391672533e+01
4.769620534109471066e+01
4.954250693955962959e+01
4.437613632564022481e+01
4.634738006637154939e+01
4.767897828293641282e+01
4.833013286508462159e+01
4.647067661749552059e+01
4.843912296294735853e+01
4.920333161421493884e+01
4.999627271635318948e+01
4.508388373715136055e+01
4.655426405532676171e+01
4.767783844847015473e+01
4.932935658025127168e+01
4.426711839090319245e+01
4.624867128704499208e+01
4.741593466069886631e+01
4.882760659914130486e+01
4.889308758227954144e+01
4.361224414884110701e+01
4.519544996926842373e+01
4.690718619751926610e+01
4.728997361529548016e+01
4.656903675686500321e+01
4.643032838998107792e+01
4.867844484737536703e+01
4.846096071224442881e+01
4.461798603443538269e+01
4.539363652903402624e+01
4.777312486758933119e+01
4.726976801254335214e+01
4.832923512876905647e+01
4.475974336920498331e+01
4.689548950999586907e+01
4.729774777866490609e+01
4.968079439412344556e+01
4.120559890169629114e+01
4.634148386734759839e+01
4.747271514301027651e+01
4.656773303673685405e+01
4.848612369789435661e+01
4.162428363520004382e+01
4.654037970138726621e+01
4.786149261095409457e+01
4.634670448216121486e+01
4.510528274876945432e+01
4.363306533342560556e+01
4.688971613230077651e+01
4.916013326707741982e+01
4.272346488938867992e+01
4.621017678855620403e+01
4.889945927820249238e+01
4.591560104418251598e+01
4.639103607387084338e+01
4.424494044748245614e+01
4.374260981094377598e+01
4.738342207673996143e+01
4.512656879670529264e+01
4.725765756353219160e+01
4.190953333652889512e+01
4.461416851563652841e+01
4.694136666391325008e+01
4.843529635298443736e+01
4.326507223872455654e+01
4.589480132363458864e+01
4.735661362684816567e+01
4.814732584002061344e+01
4.410306353755916575e+01
4.492840309598519610e+01
4.742560221903122653e+01
4.900594704152057091e+01
4.172693097554189023e+01
4.601092645379440427e+01
4.761248371316087713e+01
4.843015063194621206e+01
4.510324916075779100e+01
4.732562995341686474e+01
4.863180751061135965e+01
4.971214379535521743e+01
4.525490213601311495e+01
4.758049318039727638e+01
4.852409654747651047e+01
5.009425636467448584e+01
4.665214946197890100e+01
4.904084865016104544e+01
4.320246864082258043e+01
4.566551647571372285e+01
4.686131141770611919e+01
4.848608798201270531e+01
4.524708809475281868e+01
4.791871804830071113e+01
4.851360369727652255e+01
4.967501089970587458e+01
4.552932769464980822e+01
4.857080781699121275e+01
4.867558415730399446e+01
5.092828448683440001e+01
4.529893742672059886e+01
4.873730462524254392e+01
4.840706365708367542e+01
5.114208466036688350e+01
4.733478532452824794e+01
5.016997103004153047e+01
5.075255136885832741e+01
5.148451424223301842e+01
4.847299843580681511e+01
4.935370959023106963e+01
5.221277913951040262e+01
5.022709670952861671e+01
5.093518209256474449e+01
4.901503626761433452e+01
5.246840398101554115e+01
5.244093985450722784e+01
4.973642568067936054e+01
5.095141623482776794e+01
5.422471435726570377e+01
5.127814531602819415e+01
5.110452838116903962e+01
4.904167993461087605e+01
4.906488685139208172e+01
5.262073610916910127e+01
4.963330092622305756e+01
5.244071368058968829e+01
4.494663825701741189e+01
5.006068431458504620e+01
5.257263766347617917e+01
4.961761666214131594e+01
5.207207973473079932e+01
5.437562105210200514e+01
5.428938018408472743e+01
5.089652399456474541e+01
5.220778494152352067e+01
5.446346647043649369e+01
5.603661702321388560e+01
4.853345986433730985e+01
5.307764281764767844e+01
4.786958459918363928e+01
5.098673357984016974e+01
5.150498715837009911e+01
5.383107082875989846e+01
4.695867511321095833e+01
5.113519397584819615e+01
5.235551382666966447e+01
5.418377552004081821e+01
4.753795829915433302e+01
5.103907290279446585e+01
5.234023700525101930e+01
5.380800008429557835e+01
4.807608545187145666e+01
5.131645307152528801e+01
5.247565774314438158e+01
5.375868412460253154e+01
5.258333426117197718e+01
5.398561820892180663e+01
5.568913850295637502e+01
5.606623103321812351e+01
5.075212531616472234e+01
5.311713174491738698e+01
5.494251354300544676e+01
5.482556374365377394e+01
5.419305864431968445e+01
5.470776944205314862e+01
5.697816695899285122e+01
5.646747672824686504e+01
5.239366583731309390e+01
5.338604152149156334e+01
5.581383274432472774e+01
5.539717274603236064e+01
5.422418739045362202e+01
5.387935104920945406e+01
5.673594639973438802e+01
5.590894755196696053e+01
5.375309973634148974e+01
5.312674153462673132e+01
5.611805729021232736e+01
5.734066310468258365e+01
5.510908027183453584e+01
5.368824021898870313e+01
5.715030245116324181e+01
5.484117131429470504e+01
5.824647521179503684e+01
5.309228913813772266e+01
5.636901971432786951e+01
5.884912643688975464e+01
5.541927348186580105e+01
5.534583389746973836e+01
5.870599899293778634e+01
5.565161253000469088e+01
5.870642493237870951e+01
5.214442941299934375e+01
5.582439000788013317e+01
5.828043424213341694e+01
5.563896344853596077e+01
5.606076455210423148e+01
5.292195236530777436e+01
5.634005864936182206e+01
5.680125668670914507e+01
5.697040474863442228e+01
5.907075119638442828e+01
5.998890842713978344e+01
5.561064269000540605e+01
5.642533645302739842e+01
5.306741917141876996e+01
5.549686401216633413e+01
5.632150999435140903e+01
5.808260667868032101e+01
5.200498465992161812e+01
5.505216599996422389e+01
5.645136245930785890e+01
5.747769217653372920e+01
5.315626850716417806e+01
5.521903921061716147e+01
5.625940491879013194e+01
5.740625092121211281e+01
5.405381278724647132e+01
5.587611810531060996e+01
5.704061118669399377e+01
5.824392684957993538e+01
5.390556758872062915e+01
5.568966004587593943e+01
5.652415285814324619e+01
5.805319588570401379e+01
5.426209362076935605e+01
5.688153492946874223e+01
5.705793831908113845e+01
5.885520407665489984e+01
5.179434481883910735e+01
5.541963267557228789e+01
5.540263851333797618e+01
5.776459494967339481e+01
5.636713893447753776e+01
5.911677354476003643e+01
5.827329330703055632e+01
5.572800899110084316e+01
5.561130959232311000e+01
5.819884331806571964e+01
5.806693728743570659e+01
5.902649358547650138e+01
5.496219625970330469e+01
5.693544332042591094e+01
5.904547921765467322e+01
5.713331168460970844e+01
5.517880365558692546e+01
5.847506275514112417e+01
5.622733893824339901e+01
5.935159019847795747e+01
5.435462235368443373e+01
5.735717735339565593e+01
5.972291589370329490e+01
5.624993340519088747e+01
5.681562656414448753e+01
5.976754974220624916e+01
5.680919306876615593e+01
5.763564386306236997e+01
5.469153809064838612e+01
5.421331724550492481e+01
5.742028034729140984e+01
5.504498609870584858e+01
5.798972172877234499e+01
6.029360766571849695e+01
5.590220045459136600e+01
5.891044941959716397e+01
5.306571266815225130e+01
5.660258287468105465e+01
5.787971197246946531e+01
5.728506047559648806e+01
5.445341517386511043e+01
5.677654911045521402e+01
5.795489982404473750e+01
5.802559221741689299e+01
5.181345411423998115e+01
5.541504143510784530e+01
5.693373767090230331e+01
5.778620122078915244e+01
5.354746367583280175e+01
5.499785763214535450e+01
5.656916788538070762e+01
5.727642080149763615e+01
5.511496565726233143e+01
5.547955275862556590e+01
5.687501244479955176e+01
5.766152201754876216e+01
5.372351009258213139e+01
5.491338978046846364e+01
5.647838333078307471e+01
5.706459433322280717e+01
5.406748208478922635e+01
5.727361353587996717e+01
5.764329880096060066e+01
5.552913025224172827e+01
5.628425127747993884e+01
5.059252771577451568e+01
5.368091094879305558e+01
5.374732585334490409e+01
5.586917734018328474e+01
5.483095298342679058e+01
5.739169905406085093e+01
5.663019174535801170e+01
5.369576641394336036e+01
5.378740635300740536e+01
5.637113745969243439e+01
5.555684342211961990e+01
5.576027541989040515e+01
5.804244455751861409e+01
5.611302578352425030e+01
5.846740412754969896e+01
5.184277240998204661e+01
5.599933398991223754e+01
5.846060489740614941e+01
5.597606010603640669e+01
5.583558505447940234e+01
5.905658227424591189e+01
5.629706397071900170e+01
5.889418635617476383e+01
5.014468383083024605e+01
5.584567072902065377e+01
5.832348712003139468e+01
5.507459079171330529e+01
5.541023751042423129e+01
5.849943497715278085e+01
5.747142774661256936e+01
5.878998447224458346e+01
5.299689059121801904e+01
5.715839268015979968e+01
5.838354892134778140e+01
5.394132072804243450e+01
5.502812857562250315e+01
5.714101797971784436e+01
5.919346066093093839e+01
5.485765179616250009e+01
5.698532840707997593e+01
5.851158462911180891e+01
5.946404282625265836e+01
5.510077376397372007e+01
5.643869223821608472e+01
5.805176464896999988e+01
5.966273588375992176e+01
5.420441673791295045e+01
5.579235916002447482e+01
5.723778449370584553e+01
5.847198300085280209e+01
5.664268042243338641e+01
5.624795304607584256e+01
5.803708602560359964e+01
5.893076191030282018e+01
5.496296742537806068e+01
5.729791642629936632e+01
5.809286266339008620e+01
5.980043860791290200e+01
5.421325130604822817e+01
5.635921950079318776e+01
5.716086550828036650e+01
5.913010612738156624e+01
5.733936580031916463e+01
5.452343505418844671e+01
5.761582841961467238e+01
5.746356813706455569e+01
5.855078099227209520e+01
5.519552336332209563e+01
5.807013213471080348e+01
5.736155170559088390e+01
5.872752980372549558e+01
5.526241909772642913e+01
5.831755711580233736e+01
5.714942706762577274e+01
5.800338689693429473e+01
5.635178980069953525e+01
5.917033873023407864e+01
5.998608623892095437e+01
5.288083137507504716e+01
5.748963574094165807e+01
6.001036855042324447e+01
5.767213656179681891e+01
5.858595360767282756e+01
6.160388481429367147e+01
5.866779585161669530e+01
5.993704333391821848e+01
5.697548891233034141e+01
5.576130701788397204e+01
5.932630947158818202e+01
5.605024935282251164e+01
5.931811089268580872e+01
6.165721045813507573e+01
5.831033927747569123e+01
6.073681748503265254e+01
5.507128708785720761e+01
5.923891821716707540e+01
6.093617537479792645e+01
5.445297953144740433e+01
5.790806748091943490e+01
5.997973792938147142e+01
6.146214487579781860e+01
5.710698738153901388e+01
5.763040574724152521e+01
5.968205700261153623e+01
6.147687764095208252e+01
5.510824390437986864e+01
5.860771295511678147e+01
5.998232965428015717e+01
6.117729062724790623e+01
5.626406874851831930e+01
5.792724012477258810e+01
5.935579353943266057e+01
6.090022843086710935e+01
5.577737005441976947e+01
5.737306549303200853e+01
5.841290312598088974e+01
5.988383124667104340e+01
5.858593388457652651e+01
6.079384320139586606e+01
6.135154860390531439e+01
5.895751419683215033e+01
5.996853579079837715e+01
6.181307652125466490e+01
6.206504655667539794e+01
5.704812662533463907e+01
5.836673748494103364e+01
6.036735195448160596e+01
6.047599069802007676e+01
6.056195285710186482e+01
5.849467125352679631e+01
6.127246791716746088e+01
6.052152161395003560e+01
5.731941244097460952e+01
5.744510424463556575e+01
6.000108897084631110e+01
5.950785211016450660e+01
6.164218621030059353e+01
5.547063013196753190e+01
5.863728498626829122e+01
5.878037062911075594e+01
5.998489184218702519e+01
5.620756828952998063e+01
5.947992837238492569e+01
6.200957157361483496e+01
5.711900376489130338e+01
5.996003939077151301e+01
6.236778105709618814e+01
5.890758616560086836e+01
5.854902189708256799e+01
5.610607762474699456e+01
5.921913448611167041e+01
6.129298050448196022e+01
5.513280998747538320e+01
5.821164889134907128e+01
6.050331053037475471e+01
5.905160913686285085e+01
5.881220498968960442e+01
6.189414704265434608e+01
5.809184722952623048e+01
5.998925472747909993e+01
5.561869179674466324e+01
5.868313626420383855e+01
5.795110632810852280e+01
5.989855924413476629e+01
5.587074122189777370e+01
5.810262277918051410e+01
5.834678104169931601e+01
5.993455557109531640e+01
5.474856620489375558e+01
5.689752477703576972e+01
5.779296847438339313e+01
5.910801186324094658e+01
5.361183621694050316e+01
5.606623693151657761e+01
5.744735621760751343e+01
5.812175971994822987e+01
5.514906451161511569e+01
5.733464126614998690e+01
5.831965982036106766e+01
5.877122984327314015e+01
5.970781972450730990e+01
6.105285663958137121e+01
5.550917972222640628e+01
5.741359377535274433e+01
5.758503881253615475e+01
5.960035538975836289e+01
5.877331473868161993e+01
5.393773404589611431e+01
5.511897067584576604e+01
5.731094600365430125e+01
5.680377197299376490e+01
5.708991714416137597e+01
5.664318756920595632e+01
5.915765226554014333e+01
5.714279647611933655e+01
5.396789939292533234e+01
5.437564065756002663e+01
5.688458849886897895e+01
5.559073214325553636e+01
5.651464274934914300e+01
5.864345592908944838e+01
5.659521806181808756e+01
5.757881367320164401e+01
6.004928558927594651e+01
5.758228514811505505e+01
5.853225332536402448e+01
5.568151031717744814e+01
5.869659792441062507e+01
5.976009600912877318e+01
5.446000453795839746e+01
5.775907414724820654e+01
6.001997857670132674e+01
5.531456462968407806e+01
5.825661201301073788e+01
5.095462934041491820e+01
5.472017586884729923e+01
5.703796924404777258e+01
5.413627112956137211e+01
5.460620317280425695e+01
5.743231301748236461e+01
5.635108386816424542e+01
5.654000951532115948e+01
5.930847303874899268e+01
5.528434017633868791e+01
5.721196314733825972e+01
5.327034750679759156e+01
5.519460356841161541e+01
5.665141517233956137e+01
5.708820879938789261e+01
5.251838484319579692e+01
5.440829052690099843e+01
5.509341845597644038e+01
5.638903530601198355e+01
5.157835201038941619e+01
5.404435094727365652e+01
5.478335119184820456e+01
5.607763214587985345e+01
5.703090467964247523e+01
5.818029665376479187e+01
5.332320795555549608e+01
5.468008211680963626e+01
5.580757387229626687e+01
5.646479139861834540e+01
5.687705236573810907e+01
5.243158739281574299e+01
5.351945385413971934e+01
5.507918553607831313e+01
5.530066847553863596e+01
5.262264543273215622e+01
5.351037098797215918e+01
5.547320607594560471e+01
5.513490591247102657e+01
5.188103361032779759e+01
5.242139240385177601e+01
5.471425992776411107e+01
5.393153328403298019e+01
5.434581291270241366e+01
5.395645442907298417e+01
5.645511183688635981e+01
5.457018627239775554e+01
5.712329534857203583e+01
5.911430233444117732e+01
5.126105564954671223e+01
5.544048145757511037e+01
5.793236149636668131e+01
5.548402643094510722e+01
5.770261231511167210e+01
4.985578553874795205e+01
5.464055067790011577e+01
5.675304668890220228e+01
5.378766095922218682e+01
5.456913058475071665e+01
5.744086030284715605e+01
5.437778104675611957e+01
5.505966224201779369e+01
5.794674803917718009e+01
5.712910727724219839e+01
5.616476012629037484e+01
5.300113208616876648e+01
5.629010956927095322e+01
5.557175961536752595e+01
5.567202960544052104e+01
5.256973244119870259e+01
5.603239643163082206e+01
5.701450849519982711e+01
5.598116218914432096e+01
5.228383276018828241e+01
5.557578591509789590e+01
5.734218454229452533e+01
5.247813408671565583e+01
5.572510364231596469e+01
5.715003499120062003e+01
5.797242126948732022e+01
5.295502525622733003e+01
5.515755629911893720e+01
5.578507660089920250e+01
5.698194419242912545e+01
5.341215216006886379e+01
5.594782445409860827e+01
5.707853018608794571e+01
5.753375198281310787e+01
5.243825102674182403e+01
5.449197865768553584e+01
5.526001238800433413e+01
5.658889364960062807e+01
5.486087873355805300e+01
5.676440179972925648e+01
5.698820639279040989e+01
5.807424960004016867e+01
5.788348183143135373e+01
5.998966979894868956e+01
5.549549246264184887e+01
5.836670735141212418e+01
5.825965253128259036e+01
6.066883902019021946e+01
5.467642056158423003e+01
5.763006817879784904e+01
5.837460225097773048e+01
5.823490810011282548e+01
5.737803463817774485e+01
5.625701221153035192e+01
5.915367187462447163e+01
5.919659185453938477e+01
5.404357542761332667e+01
5.839054028751785097e+01
5.661455186744738199e+01
5.988698753010229581e+01
5.545008309268320090e+01
5.894862542291136265e+01
6.122077947106743778e+01
5.463019002735561713e+01
5.893101303265585500e+01
6.136332143239516057e+01
5.764392493582180066e+01
5.814516623052911370e+01
5.534513347815607887e+01
5.844557019833452216e+01
5.834522130624934277e+01
5.742618764616347704e+01
5.787284980497066300e+01
6.085183100818809265e+01
5.663038044577236008e+01
5.812772044899298862e+01
5.996544327437612765e+01
6.183403420521793237e+01
5.514074734880553308e+01
5.901010199147966517e+01
6.082682625139129584e+01
6.165448736507347149e+01
5.735935265834405783e+01
5.877511385505838604e+01
6.022934438243795796e+01
6.121677385291087603e+01
5.630484820278880420e+01
5.820027383116481445e+01
5.933705541944468820e+01
6.055397042276830888e+01
5.660866894815328720e+01
5.855438305563479418e+01
5.945056277921833754e+01
6.096518765175636645e+01
5.559424448251176187e+01
5.739977192425181585e+01
5.808847058383727813e+01
5.962980347326253394e+01
5.922048553753597133e+01
6.111775669806716849e+01
6.134723960892884520e+01
5.712129004057682380e+01
5.913795461121354435e+01
5.973031298135919087e+01
6.155280853590738133e+01
5.754982578032891638e+01
5.989809261341035551e+01
5.976401972810548813e+01
6.202599154510433266e+01
5.769835476418717235e+01
6.006001454077097179e+01
5.961864726407908677e+01
6.213827971534617944e+01
5.611314468288670554e+01
5.932692916778923831e+01
5.924467463300924663e+01
6.136524633740940260e+01
6.356817230137995978e+01
6.114856102888960976e+01
6.108822975386546261e+01
5.895107303652324049e+01
6.208894180808481877e+01
6.399103838445865478e+01
5.721044331577198250e+01
6.067778695583885451e+01
6.309427266532276946e+01
5.978407250404318063e+01
6.026528396065826598e+01
5.732069288278120922e+01
6.031292736705642454e+01
6.090930149318137410e+01
5.844360628740681562e+01
6.136105832521971593e+01
6.069947587232496033e+01
6.179181742235426356e+01
5.734867772486681048e+01
6.048220341931352806e+01
5.987315232933115539e+01
6.164215804035026025e+01
5.748204109689261543e+01
5.923442784533897054e+01
6.003858169908967568e+01
6.139162471326712733e+01
6.288047874858009578e+01
6.306169710605976064e+01
5.909167496378612583e+01
6.117203234998763151e+01
6.235285240168819598e+01
6.305516973273023495e+01
5.820069375540444412e+01
5.972776458584068138e+01
6.108629115404859533e+01
6.168903653777839935e+01
5.926960053902837444e+01
5.989034611445588041e+01
6.131484498635089153e+01
6.177837803118141835e+01
5.685265692337567600e+01
5.901397287627749222e+01
5.909539535009258060e+01
6.108671575141238463e+01
5.807474336598470188e+01
6.079235583452005187e+01
6.022784353136088242e+01
5.959487783239943326e+01
5.919977923674343856e+01
6.183127954234937107e+01
6.068336509558237424e+01
5.746347598340920371e+01
5.775873021073030600e+01
6.028795182748530124e+01
5.896986211752476237e+01
6.019963672736304261e+01
6.205286409941323456e+01
5.997686001299511815e+01
6.027030125439685548e+01
5.834680517439133496e+01
6.117292004250774085e+01
6.154750754756717157e+01
5.598258862622611076e+01
5.922635340189075492e+01
6.156683541466750142e+01
5.860935529097249486e+01
5.819272497084052986e+01
6.115091130905177863e+01
5.825138227639428123e+01
6.108230459953671243e+01
5.409729048552120645e+01
5.768782371227599981e+01
5.989009062370126912e+01
5.678940560334689280e+01
5.987998121381524896e+01
5.935872772910755657e+01
6.058793642388054224e+01
5.614180646963401955e+01
5.902449243420977609e+01
5.851432339499017843e+01
6.013879458485127572e+01
5.568915446433768324e+01
5.756195903135275671e+01
5.855452486174655746e+01
5.953237389776739263e+01
5.297958698285959400e+01
5.614102131353257619e+01
5.753238059844775165e+01
5.838668530140257218e+01
6.007379324479990146e+01
6.061917244958944906e+01
5.691277873470712478e+01
5.853842256529686949e+01
5.958222456247442977e+01
6.059756421456656028e+01
5.548897585522937703e+01
5.673977117168467998e+01
5.787105328874528709e+01
5.869312313363186462e+01
5.568224034243826281e+01
5.715177096399597900e+01
5.858768393038857170e+01
5.876544809625729471e+01
5.414553567510638743e+01
5.509517312965513725e+01
5.698514405117344950e+01
5.677298531076385757e+01
5.833796896199111615e+01
5.801237615400473402e+01
6.023130984462915194e+01
5.625354591095071299e+01
5.905888627176105388e+01
5.846876925458459340e+01
5.991139964376640137e+01
5.662322752876665533e+01
5.928249145251077579e+01
5.916491549435631470e+01
5.858315264148293267e+01
5.625889023334859473e+01
5.908321437423589373e+01
6.112661303140375679e+01
5.318993466899603106e+01
5.767271130637299592e+01
6.002652429524491140e+01
5.712572407123978735e+01
5.857598260106698262e+01
6.132338731560174239e+01
5.789115545555774389e+01
5.794725662257953047e+01
5.526035891087622076e+01
5.813437220668738803e+01
5.858421759333057111e+01
5.657595030915536682e+01
5.611037292963334977e+01
5.919539282056832974e+01
5.708642223684223183e+01
5.828657453986951964e+01
6.093189015672289344e+01
5.805897219024770806e+01
5.945779542674497264e+01
5.507866226148198763e+01
5.705384760277865297e+01
5.774463685835250715e+01
5.894033479727502822e+01
5.256884283257017643e+01
5.589657191222917731e+01
5.736679393176579111e+01
5.830165922182878546e+01
5.950837425161215322e+01
6.101120032780575997e+01
5.557603060358615465e+01
5.760437599628092187e+01
5.861127924540779333e+01
5.978054750168644205e+01
5.576194940423642521e+01
5.724347496324105578e+01
5.847543704430749045e+01
5.910168534034796295e+01
5.894464982204965509e+01
6.080805415152266846e+01
6.093867238979678547e+01
5.788986591569234008e+01
5.859610120767438701e+01
6.071145174656137300e+01
6.034777322716843173e+01
5.652160911590019765e+01
5.704121467160865677e+01
5.945816900060204091e+01
5.866955621122723841e+01
6.027156252860155661e+01
5.931197629969965135e+01
6.203942142687708383e+01
5.877134225665633238e+01
5.966341914842234928e+01
6.032675394108218825e+01
6.207779895304186368e+01
5.526213062436084300e+01
5.905457681805049219e+01
6.145823500500421943e+01
5.906634315622371645e+01
6.126296369333567071e+01
6.402662457419110353e+01
6.044900041545236746e+01
6.041272148369010608e+01
5.797282418424284600e+01
6.111943237114300587e+01
6.231569386738696181e+01
5.763239484396397927e+01
6.062745819389691349e+01
6.285117795199686697e+01
5.822196478189155755e+01
6.122858712613626153e+01
6.351080135649626612e+01
5.907463573722109373e+01
6.211348209834400080e+01
5.496614114473831592e+01
5.980948233473331044e+01
6.093433366627301240e+01
6.232071702808867286e+01
6.373921405665641515e+01
6.427803881856516455e+01
5.991770614219224456e+01
6.148411652697743790e+01
6.277012382963686576e+01
6.364085703382198034e+01
5.865639796929097827e+01
6.077540406406158979e+01
6.165165755673212544e+01
6.276448442093453650e+01
5.875794071871162316e+01
6.072237593424355140e+01
6.143806367310851613e+01
6.298839815218880744e+01
5.770909710035071072e+01
5.958018627222447350e+01
6.018503646075772906e+01
6.150058845942204044e+01
5.659563346527041716e+01
5.912931127183492208e+01
5.929462709508212725e+01
6.103092900738947435e+01
6.050874991314331908e+01
6.257015438857948197e+01
6.230200948786886528e+01
5.894369595484330659e+01
6.040289190962730714e+01
6.214087432179666592e+01
6.078198867079333922e+01
5.807816455832690394e+01
5.854737201737678021e+01
6.091369160633370683e+01
5.964001691151360518e+01
6.247627315017498262e+01
6.420951019750549449e+01
6.052268123867746397e+01
6.248078499813116338e+01
6.485948746980849933e+01
6.209354940400424994e+01
6.119948195848118644e+01
5.915528897584331247e+01
6.227297918484777739e+01
6.422219519407940425e+01
5.778639564420444685e+01
6.129380453333880041e+01
6.364749309789360154e+01
6.023512839331847601e+01
6.027343361604380334e+01
6.318830958784995744e+01
6.184441035420153554e+01
6.390042165381630213e+01
6.596069299511765394e+01
6.028331201710108900e+01
6.387281087597555995e+01
5.799595914655139239e+01
6.117764781060852641e+01
6.277415772693275642e+01
6.028510387804577420e+01
5.880955872906556436e+01
6.099700071008933122e+01
6.232997053235673945e+01
5.990778491819497020e+01
6.117730096413896490e+01
6.273036187130567498e+01
6.351948555486053039e+01
5.777097351380356827e+01
5.995480389373532404e+01
6.134821982159519393e+01
6.207255839499491401e+01
5.769344952319432451e+01
5.886853853187242436e+01
6.016908586456910513e+01
6.116989161493791727e+01
5.788569752497611631e+01
5.977822955826707840e+01
6.024613987464245213e+01
6.153612352977659583e+01
6.260200952830667376e+01
6.234735687464700504e+01
6.023282122903688673e+01
6.049335361599879235e+01
6.266880889621221229e+01
6.187135588154081489e+01
5.775731603739695430e+01
5.820275561047034074e+01
6.072706622423031320e+01
5.968309846183520051e+01
6.143039652023496444e+01
6.191206042096098372e+01
6.197771913500073282e+01
5.907746994746091218e+01
5.859804167201689040e+01
6.108338033202843320e+01
6.311116081135858025e+01
5.701663505048936287e+01
5.983447085966709267e+01
6.205195158126337418e+01
5.948023411180552955e+01
6.021450169478207215e+01
6.280566240458284710e+01
5.985214909705182151e+01
6.105267101761968007e+01
5.795464498500378880e+01
6.055275006151282469e+01
6.130093154723890336e+01
5.783794650939523052e+01
6.044059317839887768e+01
6.019091102126262882e+01
5.956382553634085042e+01
5.827360959853335487e+01
6.136719943592656534e+01
5.931880635882070152e+01
5.962424092570886813e+01
5.606208557914231250e+01
5.861198512248296311e+01
5.909264191569774738e+01
5.739556973989274269e+01
5.919653889293903148e+01
6.039822651789685892e+01
5.994942413604311326e+01
5.546126840168027883e+01
5.730769185175946490e+01
5.798007561426655343e+01
5.974412020705528192e+01
6.031891172332114337e+01
6.160359808527109493e+01
5.597044555190799997e+01
5.800622540662715920e+01
5.881125905065221104e+01
5.995164526286724538e+01
5.658861067356173180e+01
5.777445811022590050e+01
5.893169729084011266e+01
5.964456389974727557e+01
5.477328093318863012e+01
5.609356230524613807e+01
5.749935333340034305e+01
5.776360097356265300e+01
5.750239801058280165e+01
5.754836761668595102e+01
5.953413665757920370e+01
5.893260477875882941e+01
6.116990811124089333e+01
6.035521478817886987e+01
5.728675174966065953e+01
5.713704046419947247e+01
5.957769847931322005e+01
5.851387289045131013e+01
5.964876767378197542e+01
5.635138136897237615e+01
5.897841947023791676e+01
5.950201795947683792e+01
5.608129111627142294e+01
5.959059491936407937e+01
6.166972954944830576e+01
5.596219418897548081e+01
5.959169776697603282e+01
6.186950187425225067e+01
5.862063081706283185e+01
5.823902117350613850e+01
5.591616004021021524e+01
5.878833762307348110e+01
6.014764096668253046e+01
5.387451184730873166e+01
5.800182003193401670e+01
6.012457592329102596e+01
5.630349324576833681e+01
5.924488925006197348e+01
6.128513340156927569e+01
5.652267474743634068e+01
5.944421501038720379e+01
6.122267181793562685e+01
5.993516853054365612e+01
5.686664069937763344e+01
5.872699492275182109e+01
6.022469264190102223e+01
6.086068003101780732e+01
5.649158873304413220e+01
5.825044451208142959e+01
5.929864355945390031e+01
6.015894859018752783e+01
5.541606458898724696e+01
5.754367143181843147e+01
5.834570044026121138e+01
5.961542246759845654e+01
5.345417422255745521e+01
5.624794290243182360e+01
5.706584759181843225e+01
5.823860609712617276e+01
5.960778650128977318e+01
5.999738293294148406e+01
6.126984005292746360e+01
5.500576093975123371e+01
5.734392976915586360e+01
5.770611645463961281e+01
5.955335778607274477e+01
5.806952794039260368e+01
6.052713216279524744e+01
6.015504843472970009e+01
5.664210979652407474e+01
5.711911661993496381e+01
5.951251618070129012e+01
5.867770875952501797e+01
5.994239823395081856e+01
5.893179847465813026e+01
6.164496243282358279e+01
5.883899390872128521e+01
5.767163837630128853e+01
5.882353207108252491e+01
6.065818517400607846e+01
5.807395930183902522e+01
6.105047351919143495e+01
6.323575977414750326e+01
5.691937873973743223e+01
6.066266116959043586e+01
6.325006018562889665e+01
6.003102235895089223e+01
5.970655524755039778e+01
6.294155772821203954e+01
5.966684926533014988e+01
6.267252158480791735e+01
5.496026695914213889e+01
5.920686025328872404e+01
6.150548459422262226e+01
5.824812290045782248e+01
6.162540088464417209e+01
6.138670675278707023e+01
6.212674311664058280e+01
5.647106414403732799e+01
6.036886222583463990e+01
6.140303087141607818e+01
6.274567650875339808e+01
5.827694062737418079e+01
6.024856167772659177e+01
6.072046827965900206e+01
6.184546970129301258e+01
6.335867708660722997e+01
6.384502748778813697e+01
5.883248720527843290e+01
6.127113715371636005e+01
6.245041012871992336e+01
6.363224439555462197e+01
5.891974413346381567e+01
6.046106261950648531e+01
6.133753403122991443e+01
6.283276193472849513e+01
5.893644199466239542e+01
6.127162097546217723e+01
6.179683871126259476e+01
6.246014379500581271e+01
5.806826046033805966e+01
5.919088539579335873e+01
6.089627920979136633e+01
6.109467257650832295e+01
5.914410402756388407e+01
6.100251037085539707e+01
6.102465210427673981e+01
6.263632675659579263e+01
6.327708409595108208e+01
6.375169214242139759e+01
5.886407496958499763e+01
6.073068484072665285e+01
6.296648574681950095e+01
6.168739960821894641e+01
5.994443901318582135e+01
6.077276563941602205e+01
6.337220533317722015e+01
6.127680266632302875e+01
6.153919971178600434e+01
6.331393745297526010e+01
6.077137423661507398e+01
6.328209071256170404e+01
5.715054304345257918e+01
6.065499166306347689e+01
6.298997939654722700e+01
5.979441359110045084e+01
6.280549662335035777e+01
6.449889726400196821e+01
5.871452141622224730e+01
6.173253668086824320e+01
6.392192337710151406e+01
6.224828208165620680e+01
6.178051405386941042e+01
6.466598452738257663e+01
6.197910927516156931e+01
6.290549969930162888e+01
5.906006931239808466e+01
6.187075362035174209e+01
6.159982288026577635e+01
6.255573206884256621e+01
6.409643611943174335e+01
6.554757056702872831e+01
6.043136395522537896e+01
6.146657677213332960e+01
6.301983904581367568e+01
6.427505677928338912e+01
5.869909551408248660e+01
6.095267805395796046e+01
6.203733663138729071e+01
6.313800918026292663e+01
5.907080914407277561e+01
6.047482540667739670e+01
6.165547660566051746e+01
6.246266086436190790e+01
5.884772895639169832e+01
6.068039603977304353e+01
6.097292716188618300e+01
6.265097021893405582e+01
5.718377352710690076e+01
5.901145543500453527e+01
5.909784007246138060e+01
6.020214428326931255e+01
6.201352931770713184e+01
6.140704612445247790e+01
6.168028804517461339e+01
6.069801604170758935e+01
6.332792313545868979e+01
6.206178504095171888e+01
5.833562563037974513e+01
5.899631345887032552e+01
6.136325508726253020e+01
5.996943716708778993e+01
6.146554781050428318e+01
6.343839329180134001e+01
6.125804147842414693e+01
6.048170002987727401e+01
6.305948756929738153e+01
6.058929860259905809e+01
6.339585755365406783e+01
5.710037220366903910e+01
6.017956714150197683e+01
6.220862071789809988e+01
5.916006689441451272e+01
5.974809455514912315e+01
6.243835641180712059e+01
5.915432083047785738e+01
6.055817200469469697e+01
6.298165980089402183e+01
6.103849577223139988e+01
6.059290045635292188e+01
5.705914820633403650e+01
6.019544648005885534e+01
6.192065122316692083e+01
5.501491108196609048e+01
5.881021655464486741e+01
6.062952297819911962e+01
6.077121013295633389e+01
5.632805423104800724e+01
5.885513138005512701e+01
5.863166776472134245e+01
6.027879837186342371e+01
5.612357670298773371e+01
5.778505031514843182e+01
5.889070453654032633e+01
5.961170495060156327e+01
6.119361624851038073e+01
6.190987048595609821e+01
5.745821403580062992e+01
5.868016748555059081e+01
5.983438104237311705e+01
6.090365849619801963e+01
5.790967151951043235e+01
5.973758837350986539e+01
6.038632186066394070e+01
5.987937962365176503e+01
5.917197979941460773e+01
6.103958585926581293e+01
6.113584777743061949e+01
5.600272830013156522e+01
5.687167628848586531e+01
5.870255258261800435e+01
5.847483178596642972e+01
6.012333833237706671e+01
6.000551865583385336e+01
6.211403135183269342e+01
5.816101462697336189e+01
6.013317598423840593e+01
6.075281937617434380e+01
6.048432485261012204e+01
5.683437151697029321e+01
6.016729085692732326e+01
5.827769252830587732e+01
6.113463446494464648e+01
5.705782613467467712e+01
6.017893240024911705e+01
6.023468655226349711e+01
5.731714625305893662e+01
6.165469707100840679e+01
6.110476969265282321e+01
5.968587473393453990e+01
5.738965644263561217e+01
6.026311604638095787e+01
6.170385471215148954e+01
5.523153180901876169e+01
5.940548619948045683e+01
6.155081380740698194e+01
5.815973668894317683e+01
6.112832908998048254e+01
6.307649292428426691e+01
5.548804813175809159e+01
6.043635046951600032e+01
5.446241921579029821e+01
5.805909678202281299e+01
5.883541583715071255e+01
6.000595297684336060e+01
6.136387359749734571e+01
6.226482601773639658e+01
5.785880456994605225e+01
5.888971566562085513e+01
6.033090529927956425e+01
6.159709863074940017e+01
5.664089021065097995e+01
5.901321226582742696e+01
6.048797524570849760e+01
6.105092965543965278e+01
5.617011179582289770e+01
5.800880029291355555e+01
5.933078437883741429e+01
6.022589270779423742e+01
5.705462787003942537e+01
5.920697653211696121e+01
5.980320449054136844e+01
6.027830325277191292e+01
6.205943413530197716e+01
6.215914913626551908e+01
5.895892261605558815e+01
5.961075195136237426e+01
6.166904822055531810e+01
6.127850327664481256e+01
5.760205659002603795e+01
5.807248468018452314e+01
6.044603678552683590e+01
5.961458627763603602e+01
6.113720776553410730e+01
6.002613844448524105e+01
6.271605746387349001e+01
5.954964974130060540e+01
5.984417032302435047e+01
6.055517612897271817e+01
6.238830272147742306e+01
5.729160006084616441e+01
6.028782248136229782e+01
6.288474646634335130e+01
6.033410477511482384e+01
5.953229321556567299e+01
6.277761473749688292e+01
5.974247174986067677e+01
6.283258842861486926e+01
6.516266547343624893e+01
6.064721348212404450e+01
6.294677171776100266e+01
5.630602801536129220e+01
6.036653956371849716e+01
6.259714806316774371e+01
5.909309249915630602e+01
6.124073749021547997e+01
6.348559365052899750e+01
5.850300313175813471e+01
6.179516211084123967e+01
6.454120473505552980e+01
5.970437809374973170e+01
6.254317117179628127e+01
5.616321434846187799e+01
5.984947836049639847e+01
6.156928356431042459e+01
6.231451104064727531e+01
6.385154774154401736e+01
6.496057752308252020e+01
5.905604549100477385e+01
6.159474402377428248e+01
6.264477902779393759e+01
6.366932187641674545e+01
5.992995655554602763e+01
6.170330136916034292e+01
6.241884677623859545e+01
6.390581006023320754e+01
5.860904729206305319e+01
6.044660280398000651e+01
6.093190255364018526e+01
6.233699234294135039e+01
6.347109700604590898e+01
6.350017954124047748e+01
6.473484283621662883e+01
5.893964378113632563e+01
6.120120110863970808e+01
6.117776386474426431e+01
6.302011263751453640e+01
5.955309644738622410e+01
6.231016534461443257e+01
6.188556927985342071e+01
6.384985226283154702e+01
6.577104144656580331e+01
6.368535941198224037e+01
6.114794688465625683e+01
6.048455752601965685e+01
6.337386769329794589e+01
6.228817028507305054e+01
6.423221266402401852e+01
6.674167267293709926e+01
6.399430900563263691e+01
6.229017148330918729e+01
6.052991362546863741e+01
6.366782154950384154e+01
6.508879624144317688e+01
5.876617190063284113e+01
6.225503523605794953e+01
6.458029880468345141e+01
6.135543044639043586e+01
6.144700249006210413e+01
6.431740803407946316e+01
6.289573600649229235e+01
6.500728451281474918e+01
5.834555713088374063e+01
6.146556110536941020e+01
6.353126612423891117e+01
5.938501832963810045e+01
6.230048011253256135e+01
6.166800706669807397e+01
6.418896386977770874e+01
5.870500207710325924e+01
6.089416279203796023e+01
6.204594463844684071e+01
6.309049418140190824e+01
6.405007424490064238e+01
6.526877039932107039e+01
5.981121569818817818e+01
6.202961688771924287e+01
6.345077909888249934e+01
6.405300116771606156e+01
6.028232590853762929e+01
6.187664277371966648e+01
6.289669684810728967e+01
6.363667301891169359e+01
5.722858044049657877e+01
5.978237173003631000e+01
6.094840496237999616e+01
6.141911380738952886e+01
6.141317238359598463e+01
6.327347904326310157e+01
6.308162520162786535e+01
5.968633968101497800e+01
6.024376455406406450e+01
6.236913426615748790e+01
6.162188665760345430e+01
6.413428553952206812e+01
6.293172873434856740e+01
6.202222975496866297e+01
6.131882787435719706e+01
6.397254297584635196e+01
6.241595563043712502e+01
6.126309719855898805e+01
6.015085845596712488e+01
6.269797408945475325e+01
6.285856467531509395e+01
5.869880896959436711e+01
6.230442873380291502e+01
6.296853689324195358e+01
6.099554517098432171e+01
5.939651576555936430e+01
6.248681503441745377e+01
5.962036833059579521e+01
6.252483822586683715e+01
5.747276756005060605e+01
6.047371814436394999e+01
6.262188753571678035e+01
5.766470947795863822e+01
6.062366410173198261e+01
6.261450750770818274e+01
5.673087004330766803e+01
6.107334773962475793e+01
6.304877812536108195e+01
5.864092222104452645e+01
6.137884388540777536e+01
6.326786568590382842e+01
6.133467396967268570e+01
5.902632056859305010e+01
6.076458334297200281e+01
6.220162190973204019e+01
6.257482740138325994e+01
5.792727893898379676e+01
5.967981097495854215e+01
6.069985406339885969e+01
6.151753478797851216e+01
5.679764261310480578e+01
5.840696035340906178e+01
5.920925771550828642e+01
6.027828066060419587e+01
6.110862284483869189e+01
6.222558524240342592e+01
5.778617942822143050e+01
5.903102497280610095e+01
6.022736651638538063e+01
6.082873116648440970e+01
5.806377277534626558e+01
5.889692034214191807e+01
6.044139393218759437e+01
6.059103136691639691e+01
5.578751797289999104e+01
5.749557162330760463e+01
5.833050140136575124e+01
5.823018296972084329e+01
5.997939374680467495e+01
6.047756126084721728e+01
6.097171834717107686e+01
5.647014678034589963e+01
5.978434299585555323e+01
5.910493693683962135e+01
6.147337074996139705e+01
5.637885642211426784e+01
5.944514410109172076e+01
5.920159845901687845e+01
6.103490928091978418e+01
6.318325107723770628e+01
6.082215634734858867e+01
5.978553909997209814e+01
5.797994096868706038e+01
6.082068727041358613e+01
6.249034170678849165e+01
5.454509565765747681e+01
5.904949309325116502e+01
6.136424244376369330e+01
5.816070771669928519e+01
5.922124510214963777e+01
6.181009007717193526e+01
6.043261984646066765e+01
6.041151454488610284e+01
5.726213978559195539e+01
5.992249489696799714e+01
5.888767718903782367e+01
5.695207055720607059e+01
6.018055422972106072e+01
6.118870823314279050e+01
5.710134578390933768e+01
5.771531525082718872e+01
5.958118884193626030e+01
6.127217036969972241e+01
5.559818828416944569e+01
5.892699632472504589e+01
6.022733247811401469e+01
6.062198470097929004e+01
5.618082677247910084e+01
5.881276325506615166e+01
5.955714008482844690e+01
6.067335217657407753e+01
6.168434651304358596e+01
6.283393794663808762e+01
5.733155199860541984e+01
5.884922368043337570e+01
6.024102690596248522e+01
6.058178523235525148e+01
6.123265933191868271e+01
6.288902051663230708e+01
6.295871373467467436e+01
5.854528848794132756e+01
5.952449433820305558e+01
6.148137073464331337e+01
6.134257454828122036e+01
6.055707731371242630e+01
5.949380788058458336e+01
6.205103398537049486e+01
6.106974728180890821e+01
5.759646349123108422e+01
5.867691381615475166e+01
6.102556537344604237e+01
5.949703770275299775e+01
6.117821981102309081e+01
6.043097166217494731e+01
6.304536754198608151e+01
5.893327894320782434e+01
6.121049288819907730e+01
6.353134373714551231e+01
6.045484793179301874e+01
5.939228168058980373e+01
6.272853424601938599e+01
5.969485470962959539e+01
6.283084736655707303e+01
5.534883958320023112e+01
5.957918331230778364e+01
6.191561838821834129e+01
5.836370865615599968e+01
6.137852996373087677e+01
6.244765737473539957e+01
5.996845149486672000e+01
6.050270643682507909e+01
6.332779166192403864e+01
5.981624529865045048e+01
6.084574046976729989e+01
6.351027159147970735e+01
6.333572037549252087e+01
5.971370816600358467e+01
6.154955159220673266e+01
6.321746297895134603e+01
6.376649601185786054e+01
5.942521053779043427e+01
6.108299379907428062e+01
6.215497493194641265e+01
6.290030036937152857e+01
5.802039815115578847e+01
5.979198838019029694e+01
6.089912868987909178e+01
6.222294468352932739e+01
6.314484131704097081e+01
6.403699614514231087e+01
6.186677591690482103e+01
6.039939192431332771e+01
6.129698981706437877e+01
6.283888459465942589e+01
6.111435671847482354e+01
6.350086344249687897e+01
6.344166832065680950e+01
6.441084042402134457e+01
5.879377601324701175e+01
6.109076314925707862e+01
6.104764816754020273e+01
6.281944721277731247e+01
5.892595699175886637e+01
6.170417663076145232e+01
6.135535613601548732e+01
6.345418165794622212e+01
6.530401128987587356e+01
6.330238777882556178e+01
6.088192724914907217e+01
6.018178935151128428e+01
6.305084726430573738e+01
6.203483318413417891e+01
6.387236515437476925e+01
6.637470714338694222e+01
6.365705656007397550e+01
6.197219509452151698e+01
6.019513662994343406e+01
6.331659459862950001e+01
6.468167343577661654e+01
5.834635669122616264e+01
6.180410442303185192e+01
6.411969685392112694e+01
6.093973746048256857e+01
6.111046821891023484e+01
6.395182350921459147e+01
6.250510079396781293e+01
6.457016485473975820e+01
6.658431307205718497e+01
6.091327551781758132e+01
6.438452030481084876e+01
5.853882358851963374e+01
6.163498722402776764e+01
6.309241014080799914e+01
6.159272411112712575e+01
6.364487486677839456e+01
6.525639784867659898e+01
6.041731805974317382e+01
6.315280158905211039e+01
6.466766469556799279e+01
6.331307059913839197e+01
6.081762314304473449e+01
6.202274644375274448e+01
6.323057115682549778e+01
6.450715272930936806e+01
5.913167314491025195e+01
6.067868476995120375e+01
6.162189022415025619e+01
6.245353012032134643e+01
5.643585023524438782e+01
5.885416371651490408e+01
5.986188321547070501e+01
6.037862482661920183e+01
6.069516090085622295e+01
6.252237938170986098e+01
6.234313083983457204e+01
5.938380764225188813e+01
5.986016359449299529e+01
6.198275780086010656e+01
6.119279824921476063e+01
6.370430461466059313e+01
6.247080866705714186e+01
6.076286132968263587e+01
6.020380767383804965e+01
6.282829363536954048e+01
6.133016665018516989e+01
6.212933712948211706e+01
5.946253969849261267e+01
6.217627262178309167e+01
6.245400612860804301e+01
5.759506262816509548e+01
6.100329295865720525e+01
6.299174040929042917e+01
6.030828768912944327e+01
5.968611503653335859e+01
6.256461285944978812e+01
5.963034096026485287e+01
6.240532822892776466e+01
6.461393163165642761e+01
6.086874025231256979e+01
6.155380866568854970e+01
5.828564856229395730e+01
6.106943802100864360e+01
6.042926371256680795e+01
5.890772260261796589e+01
6.185128467308044264e+01
6.251789404940602424e+01
5.894388197174866661e+01
5.881051276471592359e+01
6.142835656429605962e+01
6.210374888385117487e+01
5.774246396485180810e+01
5.961717809641512389e+01
6.101882685546149077e+01
6.206733863110404315e+01
5.725567618188122054e+01
5.846008320338672348e+01
5.967946872696364125e+01
6.058481916336290141e+01
5.591721093036109380e+01
5.738834222064139112e+01
5.851279079748226764e+01
5.908689168315168416e+01
6.026007089263680427e+01
6.114458072742700523e+01
6.007809029588059957e+01
5.483721258162311329e+01
5.714734880296177266e+01
5.825414971139032616e+01
5.885493080589775872e+01
6.034299765379495284e+01
6.058941734728110617e+01
5.878980206730800262e+01
5.901091023996794149e+01
6.096300717060880459e+01
6.057001204688319973e+01
5.680714558749746601e+01
5.724666328338468446e+01
5.941649459882496132e+01
5.862054964302116389e+01
6.008966394743756467e+01
5.976405334860952223e+01
6.200777380997836019e+01
5.756495623292961028e+01
6.062443668281463971e+01
6.071462159180694584e+01
6.075934753027213020e+01
5.377521230501582039e+01
5.839759022085397078e+01
6.057852965321229988e+01
5.807326751615102012e+01
5.946012474175425666e+01
6.190501390652654834e+01
5.883673054610179776e+01
5.849434157194374251e+01
6.152237848471961712e+01
5.846091001899102935e+01
6.109538271448415259e+01
5.221253035599967518e+01
5.750759624572344109e+01
5.971329267813902675e+01
5.719280898169012772e+01
5.990790506706230190e+01
5.931794352885063404e+01
5.993863769131561270e+01
5.530931772128261770e+01
5.891998853713721473e+01
5.868130995776462555e+01
5.978344011731881835e+01
6.142332048212877993e+01
6.261773039287086817e+01
5.801290458274457507e+01
5.864814263688963791e+01
6.020287701889582621e+01
6.155692774437816439e+01
5.666029083895268315e+01
5.953273485259921927e+01
6.014952656331875858e+01
6.136974035220189450e+01
5.607424116454834007e+01
5.758516556989567903e+01
5.853179184435559534e+01
5.970852183512809574e+01
6.115109298302768082e+01
6.150795637162837437e+01
6.174720836299292159e+01
5.719358082923651665e+01
5.806731407797123978e+01
5.983490441676415372e+01
5.994174753833014790e+01
5.854727477164768601e+01
6.100771890582045387e+01
6.063100029949418968e+01
5.829024846146851502e+01
5.848997621680491221e+01
6.089047190839448831e+01
5.997848883543080944e+01
5.807385449880544570e+01
5.795326891011964676e+01
6.063626800392260918e+01
5.914931280152101323e+01
6.198273760281731626e+01
6.361831845413753683e+01
5.725512377718240487e+01
6.070567145615815008e+01
6.338884834494881204e+01
6.093966118108433250e+01
6.233437052818720048e+01
6.498013456481267269e+01
6.182473863713428841e+01
6.186297065669101869e+01
5.934510557363983452e+01
6.244899148603123251e+01
6.359117104553998701e+01
5.907569112952926105e+01
6.231758083274828408e+01
6.369509911053521023e+01
5.899597906453227836e+01
6.306216448323338142e+01
6.491683943906694765e+01
5.846128576465419258e+01
6.321801506617319433e+01
6.516259928051712791e+01
6.270043282911854021e+01
6.431345554076948190e+01
5.869417029028114996e+01
6.130093145427307633e+01
6.316481319044684284e+01
5.973118900374694107e+01
6.240149454566964238e+01
6.382985519797310303e+01
6.428115374880569277e+01
5.923278964596917007e+01
6.100647360836733668e+01
6.220946855203506942e+01
6.346028939801015412e+01
6.442838166504837716e+01
6.532777758572727578e+01
6.200290049397951009e+01
6.407952836787836759e+01
6.464304258080574073e+01
6.576566656970354074e+01
6.053486996899556516e+01
6.247523770999909232e+01
6.279566543341820051e+01
6.460053775673233645e+01
6.175129235442828701e+01
6.441575251123987300e+01
6.422476352196332527e+01
6.437674890076650058e+01
5.918558189223305277e+01
6.185304033202861973e+01
6.150788160179406105e+01
6.373830126643448324e+01
6.033545071897419376e+01
6.329277203547265174e+01
6.256641999879456506e+01
6.362669360038988486e+01
6.523545075746918087e+01
6.296091645941846338e+01
6.199913517915781824e+01
6.498757815216376343e+01
6.256246154337737408e+01
6.561656280583234491e+01
6.092027490848050064e+01
6.384155024351219510e+01
6.573234658954324061e+01
6.104951037787642321e+01
6.379920028692266243e+01
6.625660811070841305e+01
6.174228357521275257e+01
6.433889959558570126e+01
6.651502135152534834e+01
6.141689471594980887e+01
6.542940787071238162e+01
5.922896885941266021e+01
6.247847514312962147e+01
6.452662317273680515e+01
5.909353200012240137e+01
6.239842810895306258e+01
6.377766168976164352e+01
6.365396360109316021e+01
5.957542758932209637e+01
6.206199160188640462e+01
6.172071273039376393e+01
6.342847438919332603e+01
6.493492523538942862e+01
6.595383396491371286e+01
6.107955834119728422e+01
6.243999381138863924e+01
6.359233511684977458e+01
6.490409827175820112e+01
6.012449543931553109e+01
6.123576278772369363e+01
6.251982678773805446e+01
6.362661666652163461e+01
6.096364030611044171e+01
6.299532812328583020e+01
6.342456012373440899e+01
6.383692583429036205e+01
6.574520281631642149e+01
6.557356666206787565e+01
6.080189779968104347e+01
6.173038935512034442e+01
6.386435492302410211e+01
6.341837548464847885e+01
6.356269700427239400e+01
6.002709637677756405e+01
6.252708060213211638e+01
6.139016844509837512e+01
6.224581986709444692e+01
6.256231065671563840e+01
6.460587685855554696e+01
6.226777494321750339e+01
5.944134518372142395e+01
6.022277769395121538e+01
6.280045606600972263e+01
6.085381719671026701e+01
6.364447028884253399e+01
6.549837252899807538e+01
5.918020618112422682e+01
6.236861400734458982e+01
6.480437809456802256e+01
6.178654473342913889e+01
6.200232929167898277e+01
6.494664301712478505e+01
6.164048405168764333e+01
6.370514309876758574e+01
5.814179133464537585e+01
6.152053201835663998e+01
6.368381358150228522e+01
5.716319834542409950e+01
6.106428217905693856e+01
6.330367324697539289e+01
6.007857300334203643e+01
6.384295678203609015e+01
6.507396824178829320e+01
6.020476558859284921e+01
6.196377807054871312e+01
6.424661745374226030e+01
6.317432758469630016e+01
6.065657101628321612e+01
6.241315456974842135e+01
6.398246115162037739e+01
6.189419550096707212e+01
6.267496255495961321e+01
5.772532464863535751e+01
5.952260982629494634e+01
6.059877993663607754e+01
6.148216371373964506e+01
6.256936720954450237e+01
6.382276467801918329e+01
5.864117362263072408e+01
5.996491033252527103e+01
6.121459999381331585e+01
6.215051035080671937e+01
5.781320601419842831e+01
5.967115209836715906e+01
6.090094592027118381e+01
6.090125510160948608e+01
6.138916455678805306e+01
6.136161749156710243e+01
6.332848516780460812e+01
5.995967697511794370e+01
6.249969207850991637e+01
6.201316863324362316e+01
6.237672976438790329e+01
6.072828883500286423e+01
6.356990625031357212e+01
6.238984275063214824e+01
5.926603309649476614e+01
6.201855626225459872e+01
6.014612039161391266e+01
6.308141954023749776e+01
5.909312019602695898e+01
6.256108696401141600e+01
6.464220105761188506e+01
5.677381401074167400e+01
6.116746083131815936e+01
6.406606297245076576e+01
6.104788986180807342e+01
6.205303076533191842e+01
6.514647584723442719e+01
6.166334020248297065e+01
6.191685709232400114e+01
6.520656107334947649e+01
6.202052090632468406e+01
6.363318432862165963e+01
6.000593911762264554e+01
6.296848175806416492e+01
6.201294038151306154e+01
6.156655368859576072e+01
6.163062797752678534e+01
6.448187712621542289e+01
6.054265505002594239e+01
6.265163342662926738e+01
6.460179043490798279e+01
6.652215229392039930e+01
5.899642305803867970e+01
6.283237898517676001e+01
6.440786268408882620e+01
6.385379599839617981e+01
6.129030922690431282e+01
6.409475018665146706e+01
6.511672124643207837e+01
6.110777951193669821e+01
6.319075501900449865e+01
6.483820219444069721e+01
6.466714032814610391e+01
6.193027034871414571e+01
6.412273317273289308e+01
6.484961038837852243e+01
6.557793351621872091e+01
5.922275161690139811e+01
6.190941756264905393e+01
6.248982280781833509e+01
6.466395668301909438e+01
6.494209226245220634e+01
6.740512411203133070e+01
6.368502844970269194e+01
6.555266866473695586e+01
6.700949237681082593e+01
6.405091385212266175e+01
6.660612806252464679e+01
5.944311477924751586e+01
6.320913800098499280e+01
6.263695870486201045e+01
6.559320176348656162e+01
6.812176688596284180e+01
6.584079066755323595e+01
6.404570017153635320e+01
6.575531903532748856e+01
6.654098823670082652e+01
6.515708367865140360e+01
6.373250237948620622e+01
6.741607219628950531e+01
6.441724413013034223e+01
6.791392658995707166e+01
6.207137045245322327e+01
6.604091537604521989e+01
6.860773211820198014e+01
6.231371461157142733e+01
6.660209326434851107e+01
6.922054053054813494e+01
6.191744973575265476e+01
6.660401558203331263e+01
6.917536469893525464e+01
6.471675055382979735e+01
6.966664404623635676e+01
7.153517050363693386e+01
6.511790014511284141e+01
6.919476682475486484e+01
6.986735083153646997e+01
7.146111312735148147e+01
6.590911580186028118e+01
6.874379148757471114e+01
7.041292303068073011e+01
7.078155585853393461e+01
6.467136472402044944e+01
6.795436378783701059e+01
6.954851449950267295e+01
7.103267009594937065e+01
6.539631517496206925e+01
6.786351450864199819e+01
6.940791358200881689e+01
6.932494809517979206e+01
6.811424136066821688e+01
7.008311082502616784e+01
7.063584454327256879e+01
6.687339699281299943e+01
6.896604177385066237e+01
7.096628951721017131e+01
7.087496689344433776e+01
6.615053841850354388e+01
6.739809472918477695e+01
6.982562571847483923e+01
6.987039664600629862e+01
7.256982116912021752e+01
7.215342078643782031e+01
6.947720452918728995e+01
6.955760371757889970e+01
7.245833363741233768e+01
7.158558454343030064e+01
6.927729446176148542e+01
6.963210404426565958e+01
7.271092315951099749e+01
7.085001045336034053e+01
6.851793915783360944e+01
6.984572280025555813e+01
7.283840974361159226e+01
7.013499110355823518e+01
7.385130398699666898e+01
7.571149987905063483e+01
6.823434278913693163e+01
7.233479577890877010e+01
7.527163947065608340e+01
7.148157931539712706e+01
7.149545916879617380e+01
6.838894297748075246e+01
7.218992423518959356e+01
7.445322349711759102e+01
6.797996898364920071e+01
7.156170066723225887e+01
7.417559906585314877e+01
6.882515072913879806e+01
7.293159452733326020e+01
7.479775878934158584e+01
7.148197472957136256e+01
7.442087662692941308e+01
7.547887014966504182e+01
7.301098644341590216e+01
7.440113887303408546e+01
6.950067581089244584e+01
7.272199825992893807e+01
7.317750870730878887e+01
7.314822225362630093e+01
7.491892892114080382e+01
7.652700076039654675e+01
7.108178019502334166e+01
7.332734995977490655e+01
7.444358700389922490e+01
7.632518677752382530e+01
7.048846824915793263e+01
7.291811804968716615e+01
7.439659317037248343e+01
7.400291690007814793e+01
7.058474958268404009e+01
7.239781691569633892e+01
7.499160615009516562e+01
7.430348559133460640e+01
6.881107817552396000e+01
7.120239093736471148e+01
7.338548063618024742e+01
7.277684585214934998e+01
7.585760423042752620e+01
7.521423267841413463e+01
7.154410801756193905e+01
7.275001525964704285e+01
7.615677700469866807e+01
7.489677471732289860e+01
7.216501479936684404e+01
7.530893337304443946e+01
7.415172892390495463e+01
7.652040493881709438e+01
6.984231941888869244e+01
7.384379202579415846e+01
7.454501590464282401e+01
7.382700223856555510e+01
7.720168124898887640e+01
7.711072678409345826e+01
7.296813638354288400e+01
7.458697015477767422e+01
7.780700401266781796e+01
7.443817948784732152e+01
7.434924657589364472e+01
7.819060393937671449e+01
7.428174914030095977e+01
7.721647874769267617e+01
7.118007784684698436e+01
7.506688821076571116e+01
7.771580227404992058e+01
7.063716292104406591e+01
7.469271634412537253e+01
7.737402219700162220e+01
7.180798376098699976e+01
7.643980500408540024e+01
7.855390605683766125e+01
7.253475928204093748e+01
7.689829292129591920e+01
7.789982494476240049e+01
7.899659705392187448e+01
7.343463632447537748e+01
7.669443251328817723e+01
7.773705631784409320e+01
7.905105715494613605e+01
7.279210423268069974e+01
7.587169954688242512e+01
7.732989950396439838e+01
7.883813227288794678e+01
7.223270383408866735e+01
7.523251768357479818e+01
7.717217021995995196e+01
7.775835975000379108e+01
7.214808606997195284e+01
7.499675975282686125e+01
7.568003862488808409e+01
7.786396582359168406e+01
7.875331233917761153e+01
8.078215191275175755e+01
7.233242342829672111e+01
7.762248657926345174e+01
7.722383456028796900e+01
8.001165237019262122e+01
7.392098579566983574e+01
7.723984504477361668e+01
7.676398870532173646e+01
7.882529899534895890e+01
7.652960969137893699e+01
8.024349583650328555e+01
7.806872491883520127e+01
7.582481592194763209e+01
7.734133332484915968e+01
8.042240762213151584e+01
7.806470309777567707e+01
7.599622931523356328e+01
7.813176725577946513e+01
7.832410601904986436e+01
7.891002282547033531e+01
8.235881811965147392e+01
7.741897063148077507e+01
8.213223937871251223e+01
7.422233960126750674e+01
7.931448623854056734e+01
8.185518735627863407e+01
7.512204767816120921e+01
7.968968688717914972e+01
8.297094359202759506e+01
7.479778395061907759e+01
8.013403442902128404e+01
8.310203581862067779e+01
7.590043920510332498e+01
8.122462032722950198e+01
8.383088405690023137e+01
7.761443028591686755e+01
8.273319099747226346e+01
7.605257185382953367e+01
8.034267604281595254e+01
8.156390457534328675e+01
7.765972970659657904e+01
8.094945177000505510e+01
8.254719618447370522e+01
8.106647905732157255e+01
8.089709701341151060e+01
8.366627412636573524e+01
8.355255027999608330e+01
7.836888888119413821e+01
8.195824614519656848e+01
8.326748199998029065e+01
8.403944673828740974e+01
7.706505841060115358e+01
8.055254713634559494e+01
8.381104630206826300e+01
8.329754551358888648e+01
7.647572078834022591e+01
8.042148370675880642e+01
8.317305941710046113e+01
8.290355199897310001e+01
8.632513525964999701e+01
8.531236920180870698e+01
8.143900549561574564e+01
8.235272218289119905e+01
8.598436220304328970e+01
8.514571383939964733e+01
8.154790207494838228e+01
8.273333354255868244e+01
8.651446088153790015e+01
8.463122644266022121e+01
8.221780404441850010e+01
8.222345305271431926e+01
8.615957873403358747e+01
8.380169472016298471e+01
8.797344794651280608e+01
8.769126074452448449e+01
8.503085420293477625e+01
8.411750365135661411e+01
8.398464664804750157e+01
8.811779806614282506e+01
8.402843171903633390e+01
8.841299738051461077e+01
8.896122314009905097e+01
8.502318600410696092e+01
8.680054546015674077e+01
9.043806428089779104e+01
8.583684470208488904e+01
8.782016255760782997e+01
9.164232696557414215e+01
8.650343075042830776e+01
8.891551535458825128e+01
8.386199260117176379e+01
8.803773681425541042e+01
8.917797353155552287e+01
8.408751748664272441e+01
8.811090345108478061e+01
8.961265083485237426e+01
8.798374187076883857e+01
8.923668021601497458e+01
9.191247330848318597e+01
8.701819522881011437e+01
9.064994879710116038e+01
8.448996577629067417e+01
8.799813607675363869e+01
9.001888797026529687e+01
8.635249643684309717e+01
9.005048526691143707e+01
9.144854264308825975e+01
8.880525862897647471e+01
9.280507947797994461e+01
9.314641211808623211e+01
8.828266781255089768e+01
9.080869875619910658e+01
9.448944778336456807e+01
9.367343292109633524e+01
8.836059096753933773e+01
9.003793770083410664e+01
9.396060025537258298e+01
9.268208286909279536e+01
8.859973237963329495e+01
9.002544969931608421e+01
9.432531309831939836e+01
9.260699403261148177e+01
8.901680112871424910e+01
8.970616763878891220e+01
9.427287855071311640e+01
9.216131684188272288e+01
9.607062822133345037e+01
9.493531946831090806e+01
9.044125787989361243e+01
9.061828868093417100e+01
9.454587545216726596e+01
9.783252199621684042e+01
9.004954895092222955e+01
9.477208414204413600e+01
9.777787013051988652e+01
9.192992409886144856e+01
9.674715762156553467e+01
9.974897987752838446e+01
9.228874173410376613e+01
9.702113037657717598e+01
1.003253255946404039e+02
9.450615689197016422e+01
9.848530816293691714e+01
9.124008177301392664e+01
9.615820889444461272e+01
9.898667544340159452e+01
9.175892574068095087e+01
9.653693696705360594e+01
9.939414982789570274e+01
9.280201700199987158e+01
9.700743786816505576e+01
9.961554783664367108e+01
9.456458928338683734e+01
9.847164942985538971e+01
1.006911585135980545e+02
9.605777940926189729e+01
1.001535333655303361e+02
9.408808517614627931e+01
9.744597778579083069e+01
9.962368406727999570e+01
9.432534583045043064e+01
9.724313357621971932e+01
9.979119539847293652e+01
1.005699904824761148e+02
9.436938803808605769e+01
9.845947030443238646e+01
9.959767923576013970e+01
9.954460133163269120e+01
9.423624262144251418e+01
9.886697145880988558e+01
9.945892618218390169e+01
9.863841991949210808e+01
9.977213360614402404e+01
1.037921953063985114e+02
9.642520921626450559e+01
9.988260591747989281e+01
1.029898053050808073e+02
1.016058788988040646e+02
9.884812563360455329e+01
9.924021505240617103e+01
1.039374675690793310e+02
9.890978864000412329e+01
1.033844877259451067e+02
1.017903193947490621e+02
1.005846707381593603e+02
9.927612249389487431e+01
1.043818793715321931e+02
1.029678869345813013e+02
1.015617197089692496e+02
9.987045221414598473e+01
1.048138152874113018e+02
1.016519388256790393e+02
1.053148591535023400e+02
1.087224098469973796e+02
1.011745846757479512e+02
1.059928053638288361e+02
1.002892782424199112e+02
1.057769132631423190e+02
1.031774893005108282e+02
1.038727221752793213e+02
1.074931203497038723e+02
1.029864207472242015e+02
1.075640115675059434e+02
1.014058897659342193e+02
1.055143614945464492e+02
1.084438145609554311e+02
1.016493783797805861e+02
1.059641969345246508e+02
1.089866935193955868e+02
1.029460228690047359e+02
1.067439575756122281e+02
1.096062639568108494e+02
1.041202554499932802e+02
1.079588118435310520e+02
1.019183385609304224e+02
1.054505338115936439e+02
1.080623530811461848e+02
1.025934975614916027e+02
1.060692502328669917e+02
1.098247185469757881e+02
1.040882571500762737e+02
1.083287841649411263e+02
1.105183327273856975e+02
1.066068012895280646e+02
1.091028214423994456e+02
1.131043422722101894e+02
1.070692331682429028e+02
1.124204137862609088e+02
1.047158697131856258e+02
1.102742761382020973e+02
1.106761020135160294e+02
1.064620010439015658e+02
1.082667975371397802e+02
1.133536705994918350e+02
1.105650503763708770e+02
1.074834374577758211e+02
1.091603001598718663e+02
1.138326298850408733e+02
1.090568045036507812e+02
1.154702746731013576e+02
1.122347639318808632e+02
1.126863970769291541e+02
1.113173289712862584e+02
1.167389185116237371e+02
1.090835487053385577e+02
1.154198495456863327e+02
1.195406259453463349e+02
1.119532880763248528e+02
1.177966355373560390e+02
1.101859848020603891e+02
1.165201910689587521e+02
1.142193540047770028e+02
1.156832455326880620e+02
1.179267138291025674e+02
1.166024713925047678e+02
1.179333357649766612e+02
1.129671203086810891e+02
1.184656772747083124e+02
1.180338822127472156e+02
1.137739161458957682e+02
1.191859590891312450e+02
1.226346833769578950e+02
1.160459886572640897e+02
1.197806300769208576e+02
1.236170450013208040e+02
1.174201182407797290e+02
1.213155572574344063e+02
1.157936599793077619e+02
1.202105166986723077e+02
1.230729971678817378e+02
1.163067509453537411e+02
1.214865931918632356e+02
1.236307559504835325e+02
1.186764211377795135e+02
1.218825920615366840e+02
1.268222233733914237e+02
1.195577095745163376e+02
1.248438174272149297e+02
1.258774255945694165e+02
1.223865401090944829e+02
1.253627389970371553e+02
1.200524875058492569e+02
1.235487848667906832e+02
1.283782123996193434e+02
1.208700799571306703e+02
1.270023461438712928e+02
1.273842893526120150e+02
1.240410499564414124e+02
1.259718031363647555e+02
1.317930448910190364e+02
1.243468893936517503e+02
1.303939310976485899e+02
1.306271936148324926e+02
1.287060735540570988e+02
1.289637856709891537e+02
1.261185033446956965e+02
1.274182217138940416e+02
1.336044135128200594e+02
1.267777968569728131e+02
1.332037732646170411e+02
1.310633454443940877e+02
1.312043158644322887e+02
1.293962461008134710e+02
1.357311069437985225e+02
1.289015473680775585e+02
1.357473088137256241e+02
1.400219543053785287e+02
1.326279717010450270e+02
1.382546984774608063e+02
1.309192771580456451e+02
1.373282949121481522e+02
1.359546107785569404e+02
1.376563753389891360e+02
1.411400312973799487e+02
1.366648998964420514e+02
1.408885695221227650e+02
1.348587609860990142e+02
1.393167430046106006e+02
1.396714910119978867e+02
1.368630539750148216e+02
1.422768495891617135e+02
1.444088499597120006e+02
1.384317638088917590e+02
1.429896922063573470e+02
1.466160028962674460e+02
1.407286800759937080e+02
1.458134791719757857e+02
1.392111736474151655e+02
1.447107634931773248e+02
1.465746348363267373e+02
1.414592117914405947e+02
1.452053607822183494e+02
1.510218460775068934e+02
