0.000000000000000000e+00
8.192364036293409413e+01
-2.541443816309890735e+01
2.474600084390786847e+01
-1.413031390776727925e+01
1.895852171998999580e+01
-9.856345900188369313e+00
9.730170943993632804e+00
-7.566901650025835480e+00
7.270703359382793884e+00
4.279303793879939838e-02
-1.881103428613146944e+00
3.723477532606685347e+00
-1.967153135536303887e+00
2.965623919135509823e+00
-1.801580659649690386e+00
2.551266239538297675e+00
-1.478372223220090431e+00
2.436225570601112889e+00
-1.135594022737748121e+00
2.440013866075117388e+00
-7.945351815531550566e-01
2.422653540307498687e+00
-5.440830713190830670e-01
2.797797954442929669e+00
-5.246370715884923763e-01
3.081792137365229056e+00
-2.513965631213874730e-01
3.381822813430164221e+00
-4.315491549475317795e-02
3.695989852310353374e+00
2.085152963800826764e-01
4.024892386698462943e+00
4.697101136420021028e-01
4.367758438195092019e+00
7.553705962105635718e-01
4.722502920624968681e+00
1.055321481675498330e+00
5.087936642212609328e+00
1.372158123712966749e+00
5.462579479536769256e+00
1.702119785878501546e+00
5.845261237550470668e+00
2.044943484042157866e+00
6.289960648251327058e+00
9.341976730910504401e+00
1.064848116809676526e+01
7.583361310070896089e+00
1.149515365601333805e+01
8.054091339288419249e+00
1.198578060338513751e+01
8.575081928551275823e+00
1.243939460243360529e+01
9.024975270503709623e+00
1.288834184998849786e+01
9.488984379808021785e+00
1.332503842288286933e+01
9.937361675223174373e+00
1.375397825889530701e+01
1.038286029155274726e+01
1.417267325906235520e+01
1.081858542822870284e+01
1.458082430684249609e+01
1.124556536203911250e+01
1.497685920758348743e+01
1.166121186082500394e+01
1.536000766347061486e+01
1.206500173816688637e+01
1.572976899377221116e+01
1.245627129587260207e+01
1.608641601562649015e+01
1.283545073150252769e+01
1.643074160618613888e+01
1.320337412589459980e+01
1.676393750310219488e+01
1.356129822397991624e+01
1.716323987734466883e+01
2.124045544063905311e+01
2.000280158222850702e+01
2.306994612043791548e+01
1.929066437918232069e+01
2.398338134120684728e+01
1.968649431913105730e+01
2.432312863581437057e+01
2.001358100286905284e+01
2.463616317154198398e+01
2.031895124434426236e+01
2.493762341928788473e+01
2.061184795904264178e+01
2.522216408306401902e+01
2.088973239800744608e+01
2.485862721243412921e+01
2.118395274970895770e+01
2.515779764065040425e+01
2.146977174119295029e+01
2.542743567152685102e+01
2.173123614055962705e+01
2.567892891177458736e+01
2.871569759755655937e+01
2.998645327374925884e+01
2.985671535922575259e+01
2.828289101810572959e+01
3.089769915166268532e+01
2.874594046390804181e+01
3.093120180626587867e+01
2.900465527064320526e+01
3.136978271315118150e+01
2.923979688157777090e+01
3.149542445976291560e+01
2.869830121279948543e+01
3.155291944133978532e+01
2.888233559896908531e+01
3.161868678033694025e+01
2.906196805334194266e+01
3.167748332529574284e+01
2.923937850463122956e+01
3.173012699181898100e+01
3.561573132587557211e+01
3.748809251077717875e+01
3.562716397423010761e+01
3.883469995435299893e+01
3.575826311873780838e+01
3.877214384970267247e+01
3.587971507597647758e+01
3.867375855428624476e+01
3.561905650192395001e+01
3.866243241420481525e+01
3.544028058548950355e+01
3.872839527327409570e+01
3.565020673537303963e+01
3.873715736675674748e+01
3.544125486926873236e+01
3.868830450262640852e+01
4.186102470569070277e+01
4.350193278780361794e+01
4.092079217317319006e+01
4.231132786340415919e+01
4.052357039914986103e+01
4.369787319088418798e+01
4.000728005800888099e+01
4.374853902896851565e+01
3.902750519312180444e+01
4.501841464867813158e+01
3.923755877122765412e+01
4.343591181823686043e+01
3.811133375678797108e+01
4.297151472818672602e+01
4.619331162735760898e+01
4.677290424300684180e+01
4.551688223288876856e+01
4.649799697078785243e+01
4.521186705338460854e+01
4.622327288731683126e+01
4.519492271209622913e+01
4.589185350214245318e+01
4.482581740159656647e+01
4.553419991923328070e+01
4.444138802219394080e+01
4.515582540519981336e+01
4.403538237760613328e+01
4.467943595581370175e+01
5.070861954458455756e+01
4.506228322085223681e+01
5.209620880888455474e+01
4.484946518173743613e+01
5.132408735610697903e+01
4.397282854530325125e+01
5.030906521787991892e+01
4.453352554285847020e+01
5.038806818586343894e+01
4.368363307090939429e+01
4.974097981757189757e+01
4.360720481629795842e+01
5.009436379916445503e+01
5.287676969756224565e+01
5.026353570638148938e+01
5.447897346004113217e+01
4.747685331001924425e+01
5.328341241701142650e+01
4.691444615178281907e+01
5.324375159782320566e+01
4.629506161147174481e+01
5.251671736794286005e+01
4.657943666813254424e+01
5.225473544273639703e+01
5.616878459486417086e+01
5.159908394889188088e+01
5.652481299231966716e+01
4.960582883639988694e+01
5.550226658611481412e+01
4.884665627289965784e+01
5.477767671767666968e+01
4.920129323042201719e+01
5.437500873985063521e+01
4.772373536695066321e+01
5.342458296151962571e+01
5.714911517927615847e+01
5.337707506777497457e+01
5.699529947191378909e+01
5.138378719454750154e+01
5.659099504882801313e+01
5.011942907597611452e+01
5.559298888691732543e+01
5.043264848574016668e+01
5.511468982916294834e+01
4.861486185756297118e+01
5.398169086061607658e+01
5.753408810390710926e+01
5.314860765265777331e+01
5.772041677713102104e+01
5.142373613194398274e+01
5.658426134177332045e+01
4.982644144028596855e+01
5.552848987552101789e+01
5.041248465945373169e+01
5.490806289116222416e+01
4.799740895245052741e+01
5.372286890035788787e+01
5.710354027838083368e+01
5.191534378105034619e+01
5.735859773675424123e+01
5.162050647176054241e+01
5.627823807529448175e+01
5.076329648279690332e+01
5.523765292099978552e+01
4.894520429517150717e+01
5.406057335813284936e+01
5.710367585283064074e+01
5.470405400243672034e+01
5.734162848095474629e+01
5.182839257699856006e+01
5.717397824282213037e+01
5.088073324233029382e+01
5.561065310126689099e+01
4.932080809514588537e+01
5.412565154959686708e+01
5.682432445530014320e+01
5.605689387550200564e+01
5.470104774112506618e+01
5.693142814412097863e+01
5.327240990730658154e+01
5.510370737066399016e+01
5.184875279896056099e+01
5.387102809408091275e+01
5.053052054943159277e+01
5.211392902664948679e+01
5.522428232306355511e+01
5.641331200787324462e+01
5.299603880781907606e+01
5.495871359336663886e+01
5.158875025466969788e+01
5.367989613927736769e+01
5.020315948878492662e+01
5.219150018423043491e+01
4.860270209047057222e+01
5.163985835681293679e+01
5.293424636527500837e+01
5.488955594923521630e+01
5.082448011349857353e+01
5.364772050350848787e+01
4.919575581014027676e+01
5.199055279608410274e+01
4.758456891970846669e+01
5.014772957046346136e+01
5.255066684749083095e+01
5.422383815969818954e+01
5.139586607686550934e+01
5.387793714187224481e+01
4.824035970587866728e+01
5.187999976996745488e+01
4.680593831297903051e+01
4.987807274645166444e+01
5.167070789983745271e+01
5.350057017571164408e+01
4.870987183965892342e+01
5.155556114760748443e+01
4.680880641672825959e+01
4.983903120823052291e+01
4.569575589851345399e+01
4.829354486747259045e+01
5.041067857003137931e+01
5.176196026567086506e+01
4.941498818067240961e+01
5.109594000676028713e+01
4.573568939077483719e+01
4.865639934099801422e+01
4.548589262706074265e+01
4.724198982604538344e+01
4.971858745887180220e+01
5.045187338669084198e+01
4.861987350164475430e+01
4.952202655596482117e+01
4.596459366311680839e+01
4.733948885018126873e+01
4.496080559510102148e+01
4.604895000746049050e+01
4.909531485338245460e+01
4.897505739267395342e+01
4.690494143804227889e+01
4.725257458550710510e+01
4.604877029313878012e+01
4.625806932536509208e+01
4.364586669118345696e+01
4.405015375625771412e+01
4.757785490988530341e+01
4.679061867760418636e+01
4.612386809719193081e+01
4.580430144684242322e+01
4.409527125703085915e+01
4.380853451250407460e+01
4.347561151387750300e+01
4.295291972742811026e+01
4.670031537980483449e+01
4.601583967841065714e+01
4.435213871641235528e+01
4.355054377004345412e+01
4.472705656266742835e+01
4.303516566127485987e+01
4.148190084172010472e+01
4.060573083662998073e+01
4.458014281475742990e+01
4.494990047872781957e+01
4.179228199062104210e+01
4.107029333663604120e+01
4.304422637411891372e+01
3.982171711630618205e+01
4.075950415662823190e+01
4.377750586329523941e+01
4.262481678485184489e+01
4.264564074353552314e+01
4.079074652534296064e+01
4.151281459919008654e+01
3.951969633428372930e+01
3.892888653311568703e+01
4.228433266805830471e+01
4.064167567070755638e+01
4.342568126936658501e+01
3.780564542961980834e+01
4.187108705909566453e+01
3.530390562932601028e+01
3.976300551557508101e+01
3.427685507573110613e+01
3.840075803127098197e+01
4.116374650594265461e+01
3.719925051038764252e+01
4.095638599214103692e+01
3.404931119401596362e+01
3.902947294224307484e+01
4.179702051272980867e+01
3.725383058254650592e+01
4.123124261710939464e+01
3.445614991827019225e+01
3.932665019503411230e+01
3.131759749025474449e+01
3.693072157741681849e+01
3.941694471862403759e+01
3.915196794929504165e+01
3.710049893237183483e+01
3.922333132940393341e+01
3.412309239873940214e+01
3.795225665801797987e+01
3.055391817957531586e+01
3.501174926698889323e+01
3.725434284741800184e+01
3.775192226111810356e+01
3.409383100688223323e+01
3.668175948005482212e+01
3.217189131030313831e+01
3.360632991574772888e+01
3.583087323586517670e+01
3.826525205774922256e+01
3.255983149922943198e+01
3.585785575668337088e+01
3.087518334069068615e+01
3.417832788552785672e+01
2.885279667582033980e+01
3.218243188316426284e+01
3.305318041532200368e+01
3.533422159282960706e+01
3.229212917424444385e+01
3.490080460819206820e+01
2.872248769662631318e+01
3.239884012705528704e+01
3.388631807198915880e+01
3.553398934052987812e+01
3.191979313386839578e+01
3.423297704444441081e+01
2.972172690421356833e+01
3.192078706005379019e+01
3.377992819946347680e+01
3.505226952734818013e+01
3.388515062378350251e+01
3.483094978221959792e+01
3.050805514654581785e+01
3.233137340346087285e+01
2.784018267835618943e+01
2.996466865554072001e+01
3.221753871155991789e+01
3.296438186356581923e+01
3.261342970846580869e+01
3.275459389422975676e+01
2.846299780065266205e+01
3.150363018012715344e+01
3.291037877815543311e+01
3.320232402206572431e+01
3.138228043948776502e+01
3.182229258820726514e+01
3.028092543757762556e+01
3.068444993200753856e+01
3.391390277542430454e+01
3.338187137856392184e+01
3.156086692693931539e+01
3.167639106903846269e+01
3.051851678418745450e+01
3.051625096598765197e+01
3.399299257946947961e+01
3.405042701198586030e+01
3.140364603511057240e+01
3.139294247167031671e+01
3.305972764860933921e+01
2.717616517370817064e+01
3.236838249502319798e+01
3.291623344645189775e+01
3.511381156874040954e+01
2.990669060359234877e+01
3.280273017629610877e+01
2.870888582223917140e+01
3.252568679024921749e+01
3.551470601546488837e+01
3.148890783512440450e+01
3.554474972041156633e+01
2.936714324624783501e+01
3.243309465935451641e+01
3.543391075126749712e+01
3.420929280202119571e+01
3.362778228234972744e+01
3.209440140204049641e+01
3.328082674746691083e+01
3.110512940572733243e+01
3.041535474343439560e+01
3.389654575010576565e+01
3.288155174988211371e+01
3.570361390407203572e+01
3.033417988795652320e+01
3.430662980993164268e+01
3.717684643510443721e+01
3.132532667909537238e+01
3.652220283410639468e+01
3.075802107640038940e+01
3.502638951088029273e+01
2.896674612517939451e+01
3.285818459770055711e+01
3.563269544896961349e+01
3.489667625538597662e+01
3.353727675332772407e+01
3.427442595672206238e+01
3.120679897759442412e+01
3.470802771569572798e+01
3.488133808635385691e+01
3.723681154742817512e+01
3.301904149151786072e+01
3.579681060289197347e+01
2.899340516727502148e+01
3.357815914678908342e+01
3.600616278425179928e+01
3.686843287063532415e+01
3.322787817654625542e+01
3.535519815716579473e+01
3.152541910096627831e+01
3.410063161294677059e+01
3.581465632407048361e+01
3.736738442378617009e+01
3.402057593377785594e+01
3.620519351033662758e+01
3.196576827933193954e+01
3.509905398842713709e+01
3.681840418201372955e+01
3.803333122760516716e+01
3.510937147372320055e+01
3.750146839369818252e+01
3.244857899649189648e+01
3.554880518778372078e+01
3.742722283693402829e+01
3.946751809316393889e+01
3.387476697454413710e+01
3.708591124443664455e+01
3.881050416921796398e+01
4.096189755814570788e+01
3.971213927444742353e+01
3.860293666711712035e+01
3.921795940006411030e+01
3.464275247675402625e+01
3.728244880412012918e+01
3.966396031096772390e+01
4.061852733849077879e+01
3.774034557246611143e+01
3.920136410898356871e+01
4.193949693423524394e+01
4.242806165019616316e+01
4.070464379135281519e+01
4.149366858092822241e+01
3.840480749079444678e+01
3.984702085831678886e+01
4.294487127383479219e+01
4.350005491387147316e+01
4.077882165765790035e+01
4.129340537352421592e+01
4.198532458646982235e+01
3.891548451043671264e+01
4.277565227525695235e+01
4.414667588443211343e+01
4.170266171196483640e+01
4.219085354453881109e+01
4.065704308164494307e+01
4.480449021207623872e+01
4.338690246071934098e+01
4.707746532722254074e+01
4.077992691700961103e+01
4.521681937093781301e+01
4.810983768714235254e+01
4.587634324907153882e+01
4.613157130782579429e+01
4.499492991963588651e+01
4.395328199763358157e+01
4.298984878457946479e+01
4.698244376579135917e+01
4.896928032121063978e+01
4.319366882967935339e+01
4.802339959889986432e+01
4.096389677166921217e+01
4.600818022912809369e+01
4.930350645416784516e+01
4.559732008470117393e+01
4.719788470716213169e+01
4.610630963869910914e+01
4.575716883551853442e+01
4.892512458717137491e+01
4.975656124184629903e+01
4.722201344467824669e+01
4.853121947040479256e+01
4.587293881382645111e+01
4.907410663191723899e+01
5.024852465399084167e+01
5.080956069425156585e+01
4.496429469487260633e+01
4.983054606641061923e+01
4.513631259399252116e+01
4.870491244993379354e+01
5.095192409358994468e+01
4.888030313777060343e+01
5.052357162708712934e+01
4.727574015341383529e+01
4.969754985472106057e+01
5.110883005364891574e+01
5.325630298518320416e+01
4.798605141843702881e+01
5.132703089241262973e+01
5.279768479830413952e+01
5.443889751874446148e+01
5.044931523323845113e+01
5.336192779643435102e+01
4.656294283873174322e+01
5.120980477332648917e+01
5.257184860999493736e+01
5.458137968322563438e+01
5.017724697586845650e+01
5.284488671045006924e+01
4.800143124269113315e+01
5.099617271927726136e+01
5.275989658227307189e+01
5.433961221799432195e+01
5.093588799331453743e+01
5.339842072956967911e+01
5.566918677109274682e+01
5.705791231399209096e+01
5.203815526697085403e+01
5.476958100404154095e+01
4.947278649082380753e+01
5.238640259061605065e+01
5.466092028652374069e+01
5.560433890788883105e+01
5.374030535585376356e+01
5.524514187945423060e+01
5.805963415531302729e+01
5.822709340987428561e+01
5.420020940780148777e+01
5.596508844648082004e+01
5.346588122237833574e+01
5.558149712595000835e+01
5.607804626123237313e+01
5.908397578482665580e+01
5.491028924018662849e+01
5.819168182764322950e+01
5.959323128085858912e+01
5.968338637132823976e+01
5.690582256249869175e+01
5.712966013700275880e+01
5.548957910513091463e+01
5.659570301556067307e+01
5.994826499756666749e+01
5.870508520015921761e+01
5.791278425273631569e+01
5.719283201790037197e+01
6.054076377153497646e+01
6.309158236261487929e+01
5.528859606348444800e+01
6.040799537960204191e+01
5.569413107052711354e+01
5.985334204589303653e+01
6.291821673787833191e+01
5.696950724974196589e+01
6.151343698419780281e+01
5.381696471632118062e+01
5.939681388544404683e+01
6.234287476999362099e+01
5.899975759854153523e+01
5.953852441546453633e+01
5.724656816779707924e+01
6.100968412977670141e+01
6.099377761949340027e+01
5.967776181145148229e+01
6.123517613166307427e+01
5.792291595174049235e+01
6.159550590181467555e+01
6.090001024084708803e+01
6.137835103038103313e+01
5.864569859751086511e+01
6.153527377453178104e+01
6.371700862159145373e+01
6.269890944326876792e+01
5.955745684910670690e+01
6.124016100431818188e+01
5.789433194575077124e+01
6.047074257471868464e+01
6.157037637809232677e+01
6.403038527641911060e+01
5.654482396902199071e+01
6.096171559675466511e+01
6.283511621341911990e+01
6.400716785391679764e+01
5.971379211020431654e+01
6.222948314741821463e+01
5.661105712343567120e+01
5.922482074906745453e+01
6.061933722378402223e+01
6.262911884071051816e+01
5.672860292755447631e+01
6.009178258138661732e+01
6.120379281092510126e+01
6.296678792018733617e+01
5.801232400760924435e+01
6.114236903405121382e+01
5.624951998882383464e+01
5.852693506309557847e+01
6.014080474548369892e+01
6.134570929243908211e+01
5.893223291222727767e+01
6.144373077190834209e+01
6.200731885881204164e+01
6.410218118576702295e+01
5.874170817274416123e+01
6.069724220633863609e+01
6.316776477143534407e+01
6.323380232842453808e+01
6.208934684891234923e+01
6.098972366216437990e+01
5.724023054637084584e+01
5.861876298563115739e+01
6.115544543727267524e+01
6.084038871239874169e+01
5.834168024188455348e+01
5.876431610640311476e+01
6.153187009865725088e+01
6.149523688827379431e+01
6.249207772816745887e+01
5.936232102096648333e+01
5.958749079413189520e+01
6.067802086405136919e+01
6.324716840753157499e+01
5.927362057938901785e+01
6.191402191323593485e+01
6.483168962591572893e+01
6.174053306987314471e+01
6.120559165515020084e+01
5.945691285233692014e+01
5.914541341180731848e+01
6.253622470238423858e+01
5.968635251205452619e+01
6.299908050271687188e+01
5.628107749472884080e+01
6.015018836128562185e+01
6.279321418418215472e+01
5.943152953091541946e+01
5.959618864606652977e+01
5.697383016218599749e+01
5.814627431950984260e+01
6.125938168480612234e+01
5.821364562728093262e+01
5.889879949501324319e+01
5.587883068942643661e+01
5.922617937547248346e+01
5.932713013317320616e+01
6.041110861636703078e+01
5.429494238711521348e+01
5.732918627777431198e+01
5.955246233001046363e+01
6.139366998353898452e+01
5.541800729642250189e+01
5.856397095644224748e+01
5.371033945338039217e+01
5.636822598510692472e+01
5.726910750171464315e+01
5.901166816220378308e+01
5.289693035540555144e+01
5.601029330085440705e+01
5.753712147338253402e+01
5.848892707731952356e+01
5.421888888245142368e+01
5.636865968343893485e+01
5.769376540755737182e+01
5.862544242727715016e+01
5.520379742347498109e+01
5.735017151893628551e+01
5.818861204388188213e+01
5.950807908863221485e+01
5.512565496489911965e+01
5.711357473949096430e+01
5.178171278421067569e+01
5.356228246118953251e+01
5.430360572771789407e+01
5.589691507185531805e+01
5.559701093348530065e+01
5.107726186292571668e+01
5.220099660104949635e+01
5.428159694019810644e+01
5.446215767088963844e+01
5.100403270255017674e+01
5.188284746743926945e+01
5.419890609868807019e+01
5.393220952447714467e+01
5.515125214817348365e+01
4.989261725003866133e+01
5.240361752702190756e+01
5.204533063846645291e+01
5.453880783700937940e+01
5.228820077890782869e+01
5.515847533067613995e+01
5.489303352202871622e+01
5.415938194772149217e+01
5.310954719020935499e+01
5.002569527889851031e+01
5.287524796301967456e+01
5.103693172823728474e+01
5.407065427323625073e+01
4.989862851917809650e+01
5.259316422550715941e+01
5.494880491431781877e+01
5.196803149182066761e+01
5.178769731411698984e+01
4.981013489403985517e+01
5.292602655763594299e+01
5.408876746087690890e+01
4.919445196437375500e+01
5.262133267900981082e+01
5.503111868070585189e+01
4.895016262451807876e+01
5.319152791036295014e+01
4.600512509220521906e+01
5.042780644154647973e+01
5.276041891634421432e+01
5.032572137543564850e+01
5.140603608462983232e+01
4.811840553533146192e+01
4.775429363669960026e+01
5.013260369175591080e+01
5.214066128273345413e+01
4.754407750239310104e+01
4.895064323011418139e+01
5.108329359847662232e+01
5.251435451889472716e+01
4.474981186337597450e+01
4.928693930349521679e+01
5.107506620207448833e+01
5.147281330104485164e+01
4.762670916172009328e+01
4.946453948271398815e+01
4.437860393572792361e+01
4.612384931575723357e+01
4.763052584525988919e+01
4.828730056673088455e+01
4.654923954243405859e+01
4.811585416012479754e+01
4.974157330305591529e+01
4.677270147949111845e+01
4.824771331977845534e+01
4.266947692327849495e+01
4.518875837202934065e+01
4.652439880765732738e+01
4.781266241569404229e+01
4.310393119451413924e+01
4.469223352958990603e+01
4.588232618947768771e+01
4.682620255717657187e+01
4.712561308887141820e+01
4.225250915373914751e+01
4.490392061693304271e+01
4.548821121882119201e+01
4.738850430492252030e+01
4.540298517293454239e+01
4.780476343144331963e+01
4.772304697431795972e+01
4.737448374929461181e+01
4.678154146658971513e+01
4.932533345259514590e+01
4.864477648512973218e+01
4.533868199089298656e+01
4.554260114800408132e+01
4.493329546093792004e+01
4.499710401370803936e+01
4.784924969953738838e+01
4.634090504536535349e+01
4.388449009495061404e+01
4.713505551473530630e+01
4.532782799334988511e+01
4.853492490673554727e+01
4.200683658882071114e+01
4.664497750389548969e+01
4.898584667191000364e+01
4.638436598829746771e+01
4.590091855949346922e+01
4.427973033754193466e+01
4.750714337423197264e+01
4.897573934494869263e+01
4.414077482060545776e+01
4.733932854597462381e+01
4.996137781184708615e+01
4.483634823111780321e+01
4.870940387155948770e+01
4.197918317250655207e+01
4.564695705877666398e+01
4.811226223657622114e+01
4.679793952427048254e+01
4.736675235983985033e+01
4.428291726328153288e+01
4.674552054942885349e+01
4.689041117669340508e+01
4.803283036000119210e+01
4.242677826894006188e+01
4.519267670604078546e+01
4.743030927308529954e+01
4.880967868919329078e+01
4.417885914566807060e+01
4.502417588771896106e+01
4.755447703466988685e+01
4.930182357100146362e+01
4.204634676569613561e+01
4.637378114309562704e+01
4.798317942294134753e+01
4.879780149690813573e+01
4.583838680924871056e+01
4.802554064292647240e+01
4.936216796134787188e+01
5.041502818880668713e+01
4.563722255017455609e+01
4.808961845412812153e+01
4.890396815793700824e+01
5.025225146712816837e+01
4.735777207850367176e+01
4.927541948237546166e+01
4.394461532922808544e+01
4.663447955603141537e+01
4.701785031843959928e+01
4.895996794113519002e+01
4.547712939869992255e+01
4.812348575029719910e+01
4.872703853786122608e+01
5.049868665117929112e+01
4.527567849465960137e+01
4.835101673271709899e+01
4.853613285124610144e+01
5.097260258401904309e+01
4.756363965417715178e+01
4.899014636494617747e+01
5.143546269936557991e+01
5.061158362303425662e+01
4.711271452476013621e+01
4.756730887615445624e+01
5.041923931728102559e+01
4.972494728261625596e+01
4.969228067825005013e+01
4.883742589744096563e+01
5.193351226922109731e+01
5.282736807073278129e+01
4.578917210123601933e+01
5.114547533510911137e+01
5.375038015638501321e+01
5.132262136371512895e+01
5.179084526319262238e+01
4.989726215217225302e+01
4.827969553125632984e+01
5.212890482010190851e+01
4.934159380092285119e+01
5.286679161752945078e+01
4.493715283999730303e+01
5.001957689501276150e+01
5.270108057014681435e+01
4.946953728944106388e+01
4.987773454098375225e+01
5.345278622777428268e+01
5.258022724758037469e+01
5.333873389789459907e+01
5.009120743463282821e+01
5.260209939525741873e+01
5.306191039325133829e+01
5.249268618802587127e+01
5.274708861319945186e+01
5.507547694601660737e+01
5.664088684065188062e+01
4.910654444724901424e+01
5.364857655069359055e+01
4.854256226319220957e+01
5.161253006571623558e+01
5.207179055047439675e+01
5.440972478410164115e+01
4.847637344428442674e+01
5.181033997783067235e+01
5.256382100434754534e+01
5.484395121391781913e+01
4.806617750777584774e+01
5.168614885915049229e+01
5.277760449667915310e+01
5.406509556184250442e+01
5.244776397770319676e+01
5.452618289951555397e+01
5.578895543469684526e+01
5.330158284190130757e+01
5.485233590029024242e+01
5.651458291411528023e+01
5.729660355714201359e+01
5.219685436717171712e+01
5.414465652508044968e+01
5.603001218293295693e+01
5.655079842435596049e+01
5.640648442939324525e+01
5.449932860011108460e+01
5.726484121376317660e+01
5.725804380644803615e+01
5.371900909248365252e+01
5.470822151801899480e+01
5.714278373966475044e+01
5.676115133703439852e+01
5.750223141061324839e+01
5.619888897591818733e+01
5.234603607154654981e+01
5.327853425442187785e+01
5.611487104031444062e+01
5.491403431679913894e+01
5.469308008740934923e+01
5.718319013287192121e+01
5.525307794407361683e+01
5.816214221560661457e+01
5.203108246002557991e+01
5.584942892397964442e+01
5.828547285629986874e+01
5.573016174730083350e+01
5.521593153532729303e+01
5.862420971843523887e+01
5.582524788741750399e+01
5.916752808340394409e+01
5.289766237128160498e+01
5.628609797424860517e+01
5.887209929102689188e+01
5.556842802923723212e+01
5.575474132029400209e+01
5.901062080887933092e+01
5.818846107230280040e+01
5.953036961843083930e+01
5.472071645429377895e+01
5.773242039179632457e+01
5.958725439434002169e+01
5.386874074641935550e+01
5.751424667793872203e+01
5.407118201115849132e+01
5.618032503898078289e+01
5.657261583836620389e+01
5.837278540591610465e+01
5.308287264241964465e+01
5.572767220029616908e+01
5.759121010653197459e+01
5.694145332387027736e+01
5.361512439762631033e+01
5.555780947992378316e+01
5.706978219462517643e+01
5.778538591909996569e+01
5.367565207653883164e+01
5.556492741271149072e+01
5.669630350363568994e+01
5.809371872683561833e+01
5.243290287907953484e+01
5.514064139792535002e+01
5.664617884174075613e+01
5.738819865879546001e+01
5.476483365718789287e+01
5.604622214990355644e+01
5.754217207330066230e+01
5.822145845887735760e+01
5.350078725400796742e+01
5.634200121674610529e+01
5.655725944729755383e+01
5.823611068684610359e+01
5.290910561117112820e+01
5.545004267442351420e+01
5.548802962658970728e+01
5.786505709596276148e+01
5.666386467172220875e+01
5.936854874225198131e+01
5.853012221663322379e+01
5.541630370670965533e+01
5.571558399898063385e+01
5.829531619585320357e+01
5.825476884226463170e+01
5.914146093290264616e+01
5.528829593214116045e+01
5.721498275289903290e+01
5.930650397133180007e+01
5.732003799217807227e+01
5.536762500789512131e+01
5.865400775055050531e+01
5.640112653927834430e+01
5.951824789273435101e+01
5.452064966665257373e+01
5.750501336224730409e+01
5.986507653685428210e+01
5.639816498827062219e+01
5.693473236994487507e+01
5.988581424403126618e+01
5.692553722380785075e+01
5.781482172911882600e+01
5.484310986921129683e+01
5.431969427751244694e+01
5.752144448941540134e+01
5.513761458517820557e+01
5.809054496419620506e+01
6.038404520160177213e+01
5.600147055430212362e+01
5.899543628219607427e+01
5.315863403272948062e+01
5.667975015911751768e+01
5.795221469696289773e+01
5.733014533653879852e+01
5.422358640925837392e+01
5.525624505029918510e+01
5.726075579801659643e+01
5.886436811737566899e+01
5.177051152220076347e+01
5.557951751407524199e+01
5.705463589709605543e+01
5.790431207780798673e+01
5.360833238988653449e+01
5.502972224317947081e+01
5.659980408008410535e+01
5.730063169092056796e+01
5.512504841538149947e+01
5.549703623178039891e+01
5.688681481181520638e+01
5.770429985383450600e+01
5.362023017743828035e+01
5.487740102140154619e+01
5.643314544266674204e+01
5.706054225657841528e+01
5.415277100243526576e+01
5.718966832727802085e+01
5.748373730576211926e+01
5.551631850169972893e+01
5.622203231910862087e+01
5.088678495031395954e+01
5.379136400285899811e+01
5.358775245009127985e+01
5.578214634576362130e+01
5.483823330908595750e+01
5.737500768950763330e+01
5.660557541365187006e+01
5.355684966811826797e+01
5.366890180707972036e+01
5.624429193655982573e+01
5.547481705403507846e+01
5.581320413059346208e+01
5.799481842359642059e+01
5.607420133140934126e+01
5.832500609272699421e+01
5.187546643350763276e+01
5.598546990931620826e+01
5.847160858289483798e+01
5.595737690417417554e+01
5.554865392046127681e+01
5.883712295529326042e+01
5.607941364587993860e+01
5.900469152765325020e+01
4.994716587374891503e+01
5.568053060694103351e+01
5.816106476761285649e+01
5.493842909526816243e+01
5.545919159715163005e+01
5.848761200801082083e+01
5.743808951652029293e+01
5.841185119225165323e+01
5.452712947310281777e+01
5.428277605618179535e+01
5.759494925423097555e+01
5.400738356474784752e+01
5.658358561268856590e+01
5.786005557117327669e+01
5.869824500747697016e+01
5.477887062349437741e+01
5.571147444730183196e+01
5.763901771281353348e+01
5.936704336954143457e+01
5.246619691341302882e+01
5.639502535154828422e+01
5.795142168028797869e+01
5.888302238653641751e+01
5.414501323012594725e+01
5.646014591329081611e+01
5.735832065299054250e+01
5.864366078906633817e+01
5.471303082619394331e+01
5.679959568254915325e+01
5.761442863760709798e+01
5.910411831516145753e+01
5.494065095526134712e+01
5.688175487985937195e+01
5.779057166154250780e+01
5.953994855449979440e+01
5.453963591663064392e+01
5.713636301468205403e+01
5.730701379852025212e+01
5.929719523056721897e+01
5.566417029005238959e+01
5.803129069067232138e+01
5.797590414029721018e+01
5.967685296835017539e+01
5.524454263913019503e+01
5.807953195033666560e+01
5.792816725556394175e+01
6.039771633562794051e+01
5.425431598207592288e+01
5.742436650562107303e+01
5.788115672362174280e+01
5.905650955881318254e+01
5.572532765891680384e+01
5.787763636543542844e+01
6.040178640530647414e+01
5.828276008975552003e+01
5.653028176672584948e+01
5.549105493092606878e+01
5.855717928699186814e+01
5.919104892856584144e+01
5.324936056500666837e+01
5.813152311896591584e+01
6.059382686037664456e+01
5.744972512426691225e+01
5.717794349865015135e+01
6.055340744262686314e+01
5.745460879499520246e+01
6.054028954173863752e+01
5.277450953236502329e+01
5.731491187899351303e+01
5.972323330505853534e+01
5.681910251335576589e+01
5.707015563964993987e+01
6.044568610602497927e+01
5.738144630953958369e+01
6.039370092299791537e+01
5.410442528810936125e+01
5.720977909142615658e+01
5.919585915201730586e+01
5.964051336309204743e+01
5.563819438652230787e+01
5.778857820102799536e+01
5.847586425508532670e+01
6.010679756991662970e+01
5.401892426900298716e+01
5.709410126237811767e+01
5.849660877914790547e+01
5.959624833070357397e+01
5.386061591425163897e+01
5.656993371600688647e+01
5.776685927006567312e+01
5.926636295322714432e+01
5.439333625352042390e+01
5.590086523825440423e+01
5.699476338119848151e+01
5.855111107399375925e+01
5.968984668300081609e+01
6.032917770690767867e+01
6.121601706815491895e+01
5.647429990766000429e+01
5.799999086437773599e+01
5.978400248046460774e+01
6.004497319295058588e+01
5.662016006653665556e+01
5.821481766067925179e+01
6.016338232784701034e+01
5.986569747692396959e+01
5.701177309201820975e+01
5.990469253417845152e+01
5.898046008318232936e+01
6.111775321015813489e+01
5.708199799412571451e+01
5.956606862759583976e+01
5.915162280764032232e+01
6.164583795493338414e+01
5.529500599964639207e+01
5.847848212752149522e+01
5.859048991945209650e+01
6.041811112470348633e+01
5.437336574467082784e+01
5.794788977622529558e+01
6.034468380489338557e+01
5.774338121941978130e+01
5.836312815494317618e+01
6.130675523178796027e+01
5.833292059881654268e+01
6.051764390259405957e+01
5.566962950345909178e+01
5.864516209795866075e+01
6.097813131469725079e+01
5.620428048688886946e+01
5.907521186092527188e+01
6.128654241955202764e+01
5.776474090231225489e+01
6.060016315227727546e+01
6.273302171036821306e+01
5.734219421318435650e+01
6.089095646486411084e+01
5.405970637823095615e+01
5.746685232347117278e+01
5.864753509129292297e+01
6.039898426812469268e+01
5.452555354974113300e+01
5.740235257039470440e+01
5.913045050537938607e+01
5.986342966744203409e+01
5.535696247911892698e+01
5.710688095703830669e+01
5.801895291565765689e+01
5.941636050868979879e+01
5.377214847511604745e+01
5.630167194785819618e+01
5.764457938008553839e+01
5.839550706657863088e+01
5.526048404160807337e+01
5.701611803469256046e+01
5.841392595157657297e+01
5.808440023775724370e+01
5.975012852894241888e+01
6.017905406018810055e+01
5.866864076930145444e+01
5.829052940802915117e+01
6.051430025510578758e+01
6.040632476322643640e+01
5.642240788133956642e+01
5.756083724740624774e+01
5.971331216037523859e+01
5.913067217232321582e+01
5.503245421829350192e+01
5.563005522341212128e+01
5.804388352172889398e+01
5.717613663110305566e+01
5.910311011935193903e+01
5.399176687319056356e+01
5.691545213161486316e+01
5.652214818357692394e+01
5.882678224153600866e+01
5.376411058647325092e+01
5.653625267380471797e+01
5.695897288014916882e+01
5.671553836737955834e+01
5.940367744691538832e+01
5.985705754746066987e+01
5.434508299814281429e+01
5.819934767397575115e+01
6.055847383203080625e+01
5.758007712599857086e+01
5.727650389632910333e+01
5.480980248502662988e+01
5.777040296605998293e+01
5.962085187392756325e+01
5.284685124344597540e+01
5.655163530120816517e+01
5.876839371632461706e+01
5.690506294673758703e+01
5.645628547776927775e+01
5.342126706247432111e+01
5.625444797200612612e+01
5.793878049053427048e+01
5.068281319938414242e+01
5.525401928075963554e+01
5.638609886923296699e+01
5.781571732219477155e+01
5.164469607964484510e+01
5.547904668828419972e+01
5.705477819563218134e+01
5.743358633763580201e+01
5.288558694283937456e+01
5.483135872424876567e+01
5.550979420981371959e+01
5.682406474863500989e+01
5.205463926225939275e+01
5.449417461464151557e+01
5.547482896119641538e+01
5.644767786103309959e+01
5.739666080508807511e+01
5.854802702829444883e+01
5.392355308965630911e+01
5.521015313230908816e+01
5.634582689618365947e+01
5.695229542794960054e+01
5.734177783179725907e+01
5.288978969899561378e+01
5.398344229382292525e+01
5.554546082383797767e+01
5.577358655333216575e+01
5.300600489650013714e+01
5.393781467959340148e+01
5.589110373472822602e+01
5.556466859108531509e+01
5.240414670387176699e+01
5.294150421461315403e+01
5.524335765674081955e+01
5.445337952616936406e+01
5.454760635018259762e+01
5.424587500063817913e+01
5.674945625755996303e+01
5.517263016594103675e+01
5.208010787653599039e+01
5.483015955032658439e+01
5.286767391033180274e+01
5.581325068750057028e+01
5.825002801824417276e+01
5.603390804399852954e+01
5.715286680235200834e+01
5.362006438527485841e+01
5.689768039642353159e+01
5.872677178633107076e+01
5.015955547917751289e+01
5.557158568275566779e+01
5.797349428988881215e+01
5.487967341502253760e+01
5.534587655983446552e+01
5.829529775096818867e+01
5.749036792783954297e+01
5.696106643344213438e+01
5.368063660206250631e+01
5.691560766662541226e+01
5.584753063209823409e+01
5.630066045823266307e+01
5.297241775840664957e+01
5.558703287381126756e+01
5.656993799074179208e+01
5.606360478111855628e+01
5.419389114689285236e+01
5.664512466867650176e+01
5.840300501360176355e+01
5.170890685643115603e+01
5.545834414355637421e+01
5.714435454335504261e+01
5.782911057509721786e+01
5.260821401836085442e+01
5.408461768205341968e+01
5.539589183597798439e+01
5.695839117134802621e+01
5.345162512307237535e+01
5.516689546237473252e+01
5.624203479095093883e+01
5.705155489509678546e+01
5.443308432305102684e+01
5.668901476485959279e+01
5.735982690426229880e+01
5.815009143920057966e+01
5.255384986507063871e+01
5.503774363157967997e+01
5.541309289220062340e+01
5.691035958143805829e+01
5.542293540116508410e+01
5.760662864070490485e+01
5.734712005085473407e+01
5.438091137729412594e+01
5.504189472378681103e+01
5.748296717726736205e+01
5.668417655880764272e+01
5.692223316858952131e+01
5.650154062163318258e+01
5.926921639021617949e+01
5.744250035379279495e+01
5.454250352268260116e+01
5.642723644173422315e+01
5.709372744576950964e+01
5.666858323694268051e+01
5.851196494000576820e+01
6.086152152119414893e+01
5.800347268481947083e+01
5.685949731540013374e+01
6.040425617486337728e+01
5.749844383461017827e+01
6.077017711047526660e+01
5.325273031768128362e+01
5.771328454902325689e+01
6.018536051994531988e+01
5.677488790982081213e+01
5.724405934209862323e+01
6.030375325659124286e+01
5.905338925197757050e+01
6.051594431231331583e+01
6.316452772192906906e+01
5.685641231182787436e+01
6.101982216257278679e+01
5.331740646816514584e+01
5.792290003779783802e+01
5.913237111947503877e+01
6.089260114980484673e+01
5.412011675919610809e+01
5.798790722538336695e+01
5.979709056893191388e+01
6.057855257346874112e+01
5.633140742026851910e+01
5.801381354804406953e+01
5.873691560834947722e+01
6.033720222618933349e+01
5.526875257549569653e+01
5.733231972010056410e+01
5.829907152125917236e+01
5.952046604020375753e+01
6.105676364498322783e+01
6.170442919112986857e+01
6.066569105968758890e+01
5.851026553548243925e+01
6.097708810556516568e+01
6.149917263614820939e+01
6.008561319870335637e+01
5.903735732159753269e+01
6.047031058517698199e+01
6.139586292566336567e+01
6.038439929268565720e+01
6.259128512242010345e+01
6.248348843239924122e+01
6.046860337536809737e+01
6.061150625226851218e+01
6.289354032807045769e+01
6.208390062153499400e+01
5.859138463590732471e+01
5.872017847588594464e+01
6.128813246491235844e+01
6.042034541396158431e+01
6.171400439546501104e+01
5.937489582021412815e+01
6.239781994947733779e+01
6.182126891715019212e+01
5.885386631983192274e+01
6.224072267123581526e+01
5.972928072084335582e+01
6.297764573419148348e+01
5.848543851959027506e+01
6.194055716442414905e+01
6.416814520548408041e+01
5.887695307538529477e+01
6.172903193137138089e+01
6.408955970546152514e+01
6.037904507016392586e+01
6.052487077829696460e+01
5.765138424022083541e+01
6.067134647822537374e+01
6.192281126853637829e+01
5.794454441654133348e+01
6.161889390749551154e+01
6.294848276747563887e+01
5.869833979869721219e+01
6.184728043541183240e+01
6.346234508384522854e+01
6.130042000738100683e+01
5.882710172248417990e+01
6.088596477488586345e+01
6.224085906095047704e+01
6.333794565740611660e+01
5.870062490464556504e+01
6.012359316714945834e+01
6.147206894035549851e+01
6.218490903697102112e+01
5.774162763671287024e+01
5.942063127050932536e+01
6.043940465567494869e+01
6.147410930833918741e+01
5.795401206909131275e+01
5.949062206672699915e+01
6.051096133894063200e+01
6.125057579246859518e+01
5.677865514375641709e+01
5.851950111926394271e+01
5.907024474444112627e+01
6.038979650781821817e+01
6.154635714479178432e+01
6.165601134160822028e+01
6.247124215470473274e+01
5.686537039661205029e+01
5.916172903276029871e+01
5.879724889592318959e+01
6.116760201866618729e+01
5.893751625478120815e+01
6.173524887053650900e+01
6.064560060987145818e+01
5.924759894348396472e+01
5.923915324095400337e+01
6.163629698697715042e+01
6.021630271086944219e+01
5.826043487362496620e+01
5.957580603951991094e+01
5.970107761418364589e+01
6.027222115151690929e+01
5.688516945369567424e+01
5.988359061004619832e+01
6.202203795879454162e+01
5.824440973545043931e+01
5.973677560855557545e+01
6.237415842104482522e+01
5.920440234771130150e+01
5.846429723584387261e+01
6.149187636938206936e+01
5.841757153631034072e+01
6.135801268605717240e+01
5.445605384564233020e+01
5.804435774513226676e+01
6.024519891822640005e+01
5.723034171541132764e+01
6.031843063759919232e+01
5.979412821642706177e+01
6.086577149006650700e+01
5.623141898946514061e+01
5.915701690470363161e+01
5.915051895587565411e+01
6.052622644258892848e+01
5.524713885042037731e+01
5.772277399816952936e+01
5.895923661936679849e+01
5.986714527187093893e+01
5.328731836024358870e+01
5.647136629999852175e+01
5.785869538217210817e+01
5.869753857306704958e+01
6.039726281126425533e+01
6.095835609693921953e+01
5.720435345469717703e+01
5.882663195522824395e+01
5.987216348697540980e+01
6.086667613298038049e+01
5.586416500496567750e+01
5.707128750529241756e+01
5.820262864399947489e+01
5.900343042449990349e+01
5.600879069432778579e+01
5.774371086962963773e+01
5.898532983930815021e+01
5.883784976759233842e+01
5.468767061393733542e+01
5.543306254549281675e+01
5.735317461547592899e+01
5.714256440251315894e+01
5.850939211278665653e+01
5.864973559928149882e+01
6.072778264972612305e+01
5.539366637377650449e+01
5.837582169354592310e+01
5.787622684194172962e+01
6.032375935515136689e+01
5.628028317880069409e+01
5.918522306169685976e+01
5.901688433272396850e+01
6.010319081071460801e+01
5.266067294837860402e+01
5.666067552695489695e+01
5.897935480517246276e+01
5.651262329407674656e+01
5.864771553956366290e+01
6.114841918630070694e+01
5.760993731633691084e+01
5.778852832938567019e+01
6.079273049223505154e+01
5.775467813334070399e+01
5.980241510391259396e+01
5.286647789676915465e+01
5.732324501975259778e+01
5.951688606612410126e+01
5.558663847659298085e+01
5.871426103713787370e+01
6.061235982798818611e+01
5.466401604914742052e+01
5.925384333712117524e+01
6.120770359513542758e+01
5.737882649955225389e+01
6.047028635234257621e+01
5.299459084870185421e+01
5.711007300772362782e+01
5.884036852287976416e+01
5.930494433960597433e+01
5.465166207654258557e+01
5.663022087305181884e+01
5.737972407424139476e+01
5.867486291234359186e+01
5.988479792651690303e+01
6.117679129905958746e+01
5.646935430019036062e+01
5.818376220801204823e+01
5.938577032294165292e+01
6.053799215887180907e+01
5.717015280999491011e+01
5.936951230484586262e+01
5.993054991476660120e+01
6.111863243448570415e+01
5.506766614381630376e+01
5.763910661724536766e+01
5.800672607766582445e+01
5.953636840629977911e+01
5.461642586311119629e+01
5.738748172971148875e+01
5.759974664513276110e+01
5.972650252990856501e+01
5.807243459204402569e+01
6.039301074218849408e+01
5.955496625388037302e+01
5.705054554818478607e+01
5.786873874080386315e+01
6.043740081008636622e+01
5.898342826043431586e+01
5.935367901029689364e+01
5.907580666600707531e+01
6.176387118248536012e+01
5.959829152863123625e+01
5.708756294423069733e+01
6.023680711691611123e+01
5.779368477203698262e+01
6.082184478673309513e+01
6.347601459283207248e+01
6.042646570244733084e+01
6.047026136071555413e+01
5.802267069424432577e+01
6.115392609380032241e+01
6.221873848433277487e+01
5.800951752103603098e+01
5.992714372554804214e+01
6.250515391929722142e+01
5.998336580708186716e+01
6.142836787134239529e+01
6.401784286901644805e+01
5.861476197039297631e+01
6.262181311391493921e+01
5.414838503732001129e+01
5.909845900004663832e+01
6.028820669564384360e+01
6.206395358760939729e+01
5.509816259285044993e+01
5.878072199125796260e+01
6.054006958608894706e+01
6.135672085520963748e+01
6.294439262824974435e+01
6.411130265637156356e+01
5.823254408998585774e+01
6.089039498469180245e+01
6.194610576583848882e+01
6.303182237421014378e+01
5.876536865507056717e+01
6.114251961750837694e+01
6.188474407234550512e+01
6.340575695449248883e+01
5.814596993994327789e+01
6.006567436765647017e+01
6.058870354121869184e+01
6.213580974732734319e+01
5.689738859436921103e+01
5.920415882031785770e+01
5.937925993654920376e+01
6.116592747548459386e+01
6.093901331178414438e+01
6.299952357698378336e+01
6.271979505940471711e+01
5.894284154088452965e+01
6.064820619788181943e+01
6.136440217263735519e+01
6.156730957030765694e+01
5.997043173337574018e+01
6.249912631523819329e+01
6.094961656883333490e+01
6.280924404757069368e+01
5.904002500859153457e+01
6.176730482009823930e+01
6.164244290588636943e+01
6.206621059110621985e+01
6.475950330158532608e+01
6.229559115482409482e+01
6.126209898014747068e+01
5.925512812819228259e+01
6.237345231112821864e+01
6.447794072089827466e+01
5.831083378628420633e+01
6.189107450728003812e+01
6.422347482114392392e+01
6.061091983617051682e+01
6.049292104959026517e+01
6.344205931614494176e+01
6.202386551379392898e+01
6.428805783386464157e+01
6.629693242518777652e+01
6.057302623081184123e+01
6.413790193614106272e+01
5.830919635440881166e+01
6.149753381269536590e+01
6.292731876996499807e+01
6.179307459928353552e+01
5.837913083668852465e+01
6.040519096679612687e+01
6.104822922578917144e+01
6.259012561433893040e+01
5.749895069226514011e+01
5.956403736122217651e+01
6.081205383576303802e+01
6.163566951306294328e+01
6.252805937139597603e+01
6.363942273864500976e+01
6.056214825301800175e+01
6.193367133076379361e+01
6.315677320997327371e+01
6.228508697880069178e+01
6.244050400651249788e+01
5.753892108541246131e+01
5.896661196140077266e+01
5.949185853753713360e+01
6.081431647610634172e+01
6.195017856590342831e+01
6.186658300125931476e+01
6.283320689850945939e+01
5.760366076971275362e+01
5.993807193902632235e+01
5.949020321366684527e+01
6.182147866662585045e+01
6.092256037451914352e+01
6.355639483748376506e+01
6.149660109248290496e+01
5.792280802937119688e+01
5.873859604927178424e+01
6.111476491889983009e+01
5.970599950910755638e+01
6.060698993428119508e+01
6.105256108334645404e+01
6.183182114515758343e+01
5.870694611378818450e+01
6.136956065512036673e+01
6.374797063944102149e+01
5.906057744425286415e+01
6.158012440234791995e+01
6.382991800618481193e+01
6.029471414162295417e+01
5.988145041086061582e+01
5.739624445132142228e+01
6.025077192677769489e+01
6.221017235231122555e+01
5.539464996289181187e+01
5.888835079331592226e+01
6.105168879656037717e+01
5.874283752998422869e+01
5.862106070934220270e+01
6.154619410053458495e+01
5.825215758540418420e+01
6.085823565669757329e+01
6.237908419945551231e+01
6.131625906424195449e+01
5.810939822465149263e+01
5.997742015158097217e+01
6.115304596278262039e+01
6.178539153808318218e+01
5.720245067926243365e+01
5.872736506188829964e+01
5.994995807782656527e+01
6.117622838170687061e+01
5.629458452266683111e+01
5.727942726141512964e+01
5.883341547501349567e+01
5.961109538221177218e+01
5.627302509780886197e+01
5.785752232112130855e+01
5.890206793626538229e+01
5.964480280941743473e+01
5.510955341087516501e+01
5.670811099389452892e+01
5.733733584833451147e+01
5.854935111840912754e+01
5.903217124216723022e+01
6.066997021002050161e+01
6.013522725082658837e+01
5.474857854992658446e+01
5.720176436512793572e+01
5.697710554564450547e+01
5.894034663461886936e+01
5.735961798755701579e+01
5.980756715018077330e+01
5.894902195892697705e+01
5.637637596754019853e+01
5.680180752274718969e+01
5.916187528608116963e+01
5.781568275208682905e+01
5.797393522819916711e+01
5.836815482099048324e+01
6.061354974175747401e+01
5.697692420748347786e+01
5.985783170664397801e+01
6.164246821836673007e+01
5.574289800601252409e+01
5.943374583607005945e+01
6.175811160652099829e+01
5.871853049809465830e+01
5.834547667331182907e+01
5.602607710409376551e+01
5.889417665061189666e+01
6.023443216856521332e+01
5.410498201079515468e+01
5.819062783843223485e+01
6.030009741415622671e+01
5.653793396727099463e+01
5.939040835307933719e+01
6.145567625033076808e+01
5.568650236861774516e+01
5.972800955872996553e+01
6.110814827130560900e+01
6.105983137525938531e+01
5.709712336549362988e+01
5.762039989186677502e+01
5.947056035152700559e+01
6.115656207636919817e+01
5.478900885748542748e+01
5.823549015789908623e+01
5.959367396031942832e+01
6.050366419672421614e+01
5.561257065527302501e+01
5.765872591454198215e+01
5.868911387428938298e+01
5.974427294080445705e+01
5.369869808422445345e+01
5.640618552645636186e+01
5.719201119946362155e+01
5.848438770623071292e+01
5.991248308814427759e+01
6.031034272829149501e+01
6.078438319755390751e+01
5.632699352380947033e+01
5.725365492726593430e+01
5.904361608626299329e+01
5.917545571400251703e+01
5.817649990698475193e+01
6.057792611749018619e+01
6.020283898635463515e+01
5.717114098268705646e+01
5.756365302036608256e+01
5.997072674006739845e+01
5.911288206027897729e+01
5.920744066084321844e+01
5.849397531007501527e+01
6.120907975074093343e+01
5.941953755967426076e+01
6.230968892025337880e+01
6.413204256450562468e+01
5.666076914401266862e+01
6.022672355858465210e+01
6.291096162354424592e+01
6.049412718340514772e+01
6.262775384789655675e+01
5.558817463142601412e+01
5.977871010379364947e+01
6.192071186265192750e+01
5.868005223511811863e+01
6.182218530892639308e+01
6.352907461014164880e+01
5.684951569831608964e+01
6.098190503104154914e+01
6.323946077775293162e+01
5.958358089108747180e+01
6.104983850380875765e+01
5.770754320775821355e+01
6.083885601843076785e+01
6.183055448336764925e+01
5.783039662166974892e+01
6.012279632429697784e+01
6.056349994647772661e+01
6.232398371060583031e+01
5.693343720554769760e+01
5.965872945962413354e+01
6.147782567743348636e+01
6.007950552691234947e+01
6.209122570869230628e+01
6.341054092312864299e+01
6.093639306927272514e+01
6.089496587303232644e+01
6.256665287633646955e+01
6.319837671583571392e+01
5.972116759976601230e+01
6.189049071495929866e+01
6.297277108349855723e+01
6.362903925649514747e+01
5.854684629640568261e+01
6.035626743406473338e+01
6.095595040381013519e+01
6.243030082362606237e+01
5.742787181903995020e+01
5.978106805552270941e+01
5.990454044472172512e+01
6.167507424744333377e+01
6.060648528891280051e+01
6.294033403388507253e+01
6.266407159042566377e+01
5.924269099512052605e+01
6.148963478077133971e+01
6.076406786346554867e+01
6.300148643844019603e+01
5.913158707225215238e+01
6.210626136731681868e+01
6.176315140738589093e+01
6.321298906847960808e+01
6.498450945649287291e+01
6.263861513512076584e+01
6.146640756081398393e+01
5.991707470828431070e+01
6.283812932796075046e+01
6.465440992236351292e+01
5.844258877130820906e+01
6.193632000394553216e+01
6.431594585570589118e+01
6.119775528763416617e+01
6.123685786734105108e+01
6.419850406918287433e+01
6.095177305590406291e+01
6.375383077943617849e+01
5.752220499451043878e+01
6.042099239424553758e+01
6.263737152433258615e+01
5.947045307216546206e+01
6.244889131304418584e+01
6.223049325801324727e+01
6.325302583760941388e+01
5.823704874823151556e+01
6.138226282277376100e+01
6.201257983526577533e+01
6.227737840430962279e+01
6.379642295499207449e+01
6.507838535748123832e+01
5.893436295600933761e+01
6.122372821097371798e+01
6.263544613290844154e+01
6.340238104340011915e+01
6.025753008955380352e+01
6.200062259853629598e+01
6.287718490178813369e+01
6.390074050935750449e+01
5.913769562648149503e+01
6.034520843972369164e+01
6.139866089043006525e+01
6.228451207956427282e+01
5.932696536840278867e+01
6.131006214789537978e+01
6.172541785043090812e+01
6.220083634446775989e+01
5.727119056920827234e+01
5.883767864402337722e+01
5.989185932117611344e+01
5.969533013507378882e+01
6.171459120519924824e+01
6.133098389244241844e+01
6.296854398669229624e+01
5.603437849509958113e+01
5.979848831289561417e+01
5.889084551027517733e+01
6.139556350174490262e+01
6.199212446513033825e+01
6.176056097583713012e+01
6.315074245434281863e+01
5.689469239125983080e+01
5.952064178285086626e+01
6.008925785954492227e+01
5.907683805889141126e+01
6.173273234592362968e+01
6.397776509403977485e+01
6.024296920657466359e+01
6.152993727923501410e+01
6.390470208040087385e+01
6.081667249351140470e+01
6.017710277063121538e+01
5.769419505551156391e+01
6.053570794832278068e+01
6.253133003695523939e+01
5.573491097991268362e+01
5.919976872157847936e+01
6.135041137390776100e+01
5.892613897879661522e+01
5.884405509039510918e+01
6.173903259885006634e+01
5.856770387456090532e+01
6.114661230573685202e+01
6.265620697143542372e+01
6.131719457327081102e+01
5.837449690564726978e+01
6.021933963784947963e+01
6.142718358460536621e+01
6.208895808334626309e+01
5.745234025071822259e+01
5.878009466407673500e+01
6.006572761313084641e+01
6.153499956099726376e+01
5.510941225758686102e+01
5.804095781656985764e+01
5.837876231282518091e+01
5.978605915584057584e+01
5.527402034079005944e+01
5.673811335565916636e+01
5.775714630219944468e+01
5.887269653322749718e+01
5.964288721025165785e+01
6.088832457143231380e+01
6.103364703086350573e+01
5.549550099643116852e+01
5.712691279908964503e+01
5.828686376967156235e+01
5.812212711592295733e+01
5.989219034373862627e+01
5.993150668497035127e+01
6.170276466225617895e+01
5.562466850649731498e+01
5.813868209019053523e+01
5.757245542105830793e+01
5.985630288604566829e+01
5.791060349330502532e+01
6.036074031821005548e+01
5.918830260709896862e+01
5.700228919147568263e+01
5.959098709049575149e+01
5.760502174008674103e+01
6.046181020221263225e+01
5.653483009968744710e+01
5.961191143445385165e+01
6.143232067020628762e+01
5.502492342441625794e+01
5.901337808378865191e+01
6.132126808575210930e+01
5.832108363069592372e+01
5.820327889742655714e+01
6.119942065625143357e+01
5.814657708629111710e+01
6.058732998574035378e+01
6.279132929968422872e+01
5.970625002033181516e+01
6.236795288375154911e+01
5.332766176389694834e+01
5.877437491779561896e+01
6.086486982050185901e+01
5.687701749818611319e+01
5.797448970872480345e+01
6.039311719936474532e+01
6.056736731022707687e+01
5.644659157768357005e+01
5.823227863416625638e+01
5.865089844095953708e+01
6.032858194975039368e+01
5.512167341803918674e+01
5.803444136594355740e+01
5.872790371513356433e+01
5.998597565858801772e+01
5.494230073937237790e+01
5.732921522877574461e+01
5.857067042404450063e+01
5.907044431672234452e+01
6.045605636345494105e+01
6.159730396314765954e+01
5.735871116624714716e+01
5.930170636177211918e+01
6.027498918056423349e+01
6.126736431879118072e+01
5.538014841967504509e+01
5.774296017545432846e+01
5.812867681511728790e+01
5.993550850427484278e+01
5.956915260837519099e+01
6.173783719316745078e+01
6.132167081070922876e+01
5.735275389878212593e+01
5.786867888991566389e+01
6.024668840988841367e+01
5.942038949470424569e+01
6.106687543913231764e+01
5.992473222709121927e+01
6.261710682727822785e+01
5.925048333775071541e+01
6.039758923841969107e+01
6.093703346474409699e+01
6.214834297736578606e+01
5.807190117709884447e+01
6.105174336409474734e+01
6.360456477788647334e+01
5.962683746629689097e+01
6.141347349470577655e+01
6.389083281491671329e+01
6.058971884748276437e+01
6.026981673378882221e+01
6.348841660629943817e+01
6.025217962783310810e+01
6.324235493435763544e+01
5.554588822398125814e+01
5.975458171478958747e+01
6.204142885716738220e+01
5.873571436980905958e+01
6.209965729968575232e+01
6.189268651043694547e+01
6.260584706875383887e+01
5.693948570904863260e+01
6.082307054254030021e+01
6.186359136754153809e+01
6.318795429846232281e+01
6.462960473251091287e+01
6.570709795712105006e+01
6.118524726973156902e+01
6.184803425707347913e+01
6.351801712276105150e+01
6.482907507173104023e+01
5.880671391073850884e+01
6.134377953099890135e+01
6.250747799037648633e+01
6.369564017334223394e+01
5.922061747180241298e+01
6.084949278476411649e+01
6.215840909152933591e+01
6.312105725142302504e+01
5.928656486419525606e+01
6.155586721187695787e+01
6.183195204187213534e+01
6.334886632369011039e+01
5.819395809877165959e+01
6.024717318925944909e+01
6.061437387610552463e+01
6.195129002900800685e+01
6.341795811518609582e+01
6.313988596733101843e+01
6.425118121039983521e+01
6.397130654283505180e+01
6.617515355241380348e+01
6.228912165666210399e+01
6.403792455631058544e+01
6.578988086124581969e+01
6.383831351071110305e+01
6.099332934272327122e+01
6.037612463482838621e+01
6.325852805840507642e+01
6.231719134367079249e+01
6.422824502683867820e+01
6.672902977932696444e+01
6.401597543764471254e+01
6.233680122750322994e+01
6.057189491274383641e+01
6.371603844435612274e+01
6.455779883971035815e+01
6.067066308676842823e+01
6.402120545779625616e+01
6.604682348284717364e+01
5.994448809576988424e+01
6.286720646094339315e+01
6.508404178782217286e+01
6.347061852901450862e+01
6.330615020885585409e+01
5.987623057626434075e+01
6.271147493719597321e+01
6.304642545027380862e+01
6.005711297504693391e+01
6.286100293897780489e+01
6.224260052653405495e+01
6.388274808800322546e+01
5.969178260531601410e+01
6.183781849185491097e+01
6.181228872301525001e+01
6.327343096924524701e+01
6.466055698246489669e+01
6.549654481017151397e+01
6.065212771104565093e+01
6.219624353605865252e+01
6.311863590757393894e+01
6.416808175302247719e+01
6.011815993049187767e+01
6.162685910440107762e+01
6.257432591881055117e+01
6.360840457078271015e+01
5.890812320126242696e+01
6.050274914918822589e+01
6.122088053161122190e+01
6.239137569731468602e+01
6.065796124327431471e+01
6.295062240305532697e+01
6.280003803596455469e+01
6.012861476403136152e+01
6.288590302139441235e+01
6.241727678133761259e+01
6.385020267429192842e+01
5.680492776106398622e+01
6.056808384958368663e+01
5.952994159221547221e+01
6.213916852971316018e+01
6.228073371723769469e+01
6.376689936862031516e+01
6.036828481209544606e+01
6.249827768408434991e+01
6.457693271080515274e+01
6.218053473219688954e+01
6.023827581413970478e+01
6.299565755975203274e+01
6.053935276620089923e+01
6.340784957515359110e+01
5.895896570540148218e+01
6.172315258214845102e+01
6.359823177638578073e+01
5.920830782744962306e+01
6.163512337424473486e+01
6.382812439330002263e+01
5.935797055116787391e+01
6.182514375171287924e+01
6.390648296249439397e+01
6.055344332959742104e+01
6.291527269495596641e+01
5.589502816853384815e+01
5.952850081843833152e+01
6.151030393688392195e+01
5.745465663166694270e+01
6.002832713776087559e+01
5.941509418944998089e+01
6.199703046900156522e+01
5.604325891174847385e+01
5.834464318087137258e+01
5.970341781860933139e+01
6.026436669952624214e+01
5.580381257971883713e+01
5.757218252270411796e+01
5.823243188750998200e+01
5.997311063874404624e+01
6.049308358993850021e+01
6.177842011266011468e+01
5.634518293745026085e+01
5.831144096308313607e+01
5.915062187155770346e+01
6.025289747179645872e+01
5.687097089010116946e+01
5.801390548881904152e+01
5.939900442551180504e+01
5.980726661386651699e+01
6.131665193630519184e+01
6.155859793960817683e+01
5.868766172457702623e+01
5.931042603600706542e+01
6.118999385937301128e+01
6.086296151677984057e+01
5.848315368546892046e+01
5.856013087129639416e+01
6.075327176661298267e+01
5.992375996500061319e+01
5.870793710785827813e+01
5.852130906724148929e+01
6.098767674294509789e+01
5.954524798635959115e+01
5.695343213847168329e+01
5.827035408020667973e+01
5.900465830668490241e+01
5.770482202883786726e+01
6.052710335000362818e+01
6.280561877683224736e+01
5.777304988386417506e+01
6.098459472945250326e+01
6.340409752457983927e+01
5.919019386165394536e+01
6.090500482070007138e+01
5.611426902537744610e+01
5.956084187107464345e+01
6.157946343995088512e+01
5.306476982825650168e+01
5.825258740941022495e+01
6.045775775836023058e+01
5.821813665592411269e+01
5.869665065695140527e+01
6.145449812463002814e+01
5.863965260373213795e+01
5.969895836605126505e+01
6.210020279228099582e+01
6.054827004814675462e+01
6.031734744680425564e+01
5.441925321021720663e+01
5.803850034757439857e+01
5.976238106782069792e+01
6.061700020515029763e+01
6.189996352534630830e+01
6.304021243278572939e+01
5.789872644608848162e+01
5.918582676037858192e+01
6.080957276329075256e+01
6.151186984727648621e+01
5.737596351493132829e+01
5.895236817001580931e+01
6.021525151689387201e+01
6.123587166664715653e+01
5.655381154156024337e+01
5.841446840565510712e+01
5.920387769253582633e+01
6.051698034295485229e+01
5.808688377276702397e+01
6.021853221992931537e+01
6.035547365032979883e+01
6.028919117000064176e+01
6.233061305937683017e+01
6.191540147317994780e+01
5.798331512250128839e+01
5.838122832067583801e+01
6.072849532109019322e+01
5.991150780698729506e+01
6.161696143304122586e+01
6.062713426186088128e+01
6.328219102524034412e+01
5.998791652426989884e+01
6.072280633837075214e+01
6.115434513129397942e+01
6.337250689561230388e+01
5.731968046044951848e+01
6.075932512823664666e+01
6.316039052781809460e+01
6.062288527513302228e+01
6.054319928496452263e+01
6.354902090974118778e+01
6.048954279671319512e+01
6.304447782088234931e+01
5.560292948401992419e+01
5.984675180384778770e+01
6.218191501615321215e+01
5.861384213463664139e+01
6.163146403277087870e+01
6.257218581661956591e+01
5.995815883543617275e+01
5.962304276362667821e+01
6.269621208892632325e+01
6.110946117068576200e+01
6.287715197321178096e+01
6.504590878349068817e+01
5.851239238264226827e+01
6.220305417615215759e+01
5.890952080327690510e+01
6.113947432109258528e+01
6.152564420679047430e+01
6.231893915899821224e+01
6.400312288253397242e+01
6.430640289686938615e+01
5.945706618436450697e+01
6.085726115880505915e+01
6.218604781935629688e+01
6.329201338425301770e+01
6.173752836957182666e+01
5.980245961516326503e+01
6.165132203207013362e+01
6.251395417670677546e+01
6.170718263931172487e+01
6.345677447036764107e+01
6.383723949474611459e+01
6.074391056010374967e+01
6.165319144315162703e+01
6.336065930493938225e+01
6.348810655412668069e+01
5.943933791387826204e+01
6.019165151810209125e+01
6.213843268733874226e+01
6.190894383957085267e+01
6.204998461645622143e+01
6.370930176887046059e+01
6.263036226526281780e+01
6.230850506616623363e+01
6.340584763826828407e+01
6.364070216881761866e+01
6.361211488229719180e+01
5.826352971791951063e+01
6.150290207274083087e+01
6.339349801730040213e+01
6.103301950258634179e+01
6.391968104991346422e+01
6.611933161896615729e+01
6.127922214257157663e+01
6.382210382622525202e+01
6.610974843603952422e+01
6.261290721588876806e+01
6.208529546633914009e+01
5.952650758204106296e+01
6.254743382490045178e+01
6.462167121316277019e+01
5.847229369201497207e+01
6.135963698539236333e+01
6.355531768577847629e+01
6.081255010941097083e+01
6.380266201244730695e+01
6.367408816429487217e+01
6.314679322468660416e+01
6.095915014336375037e+01
6.365892357027289705e+01
6.520621422621550778e+01
5.885416354788016235e+01
6.177510951006896533e+01
6.275481270247136223e+01
6.442673833651763005e+01
5.835526040199495412e+01
6.059204394921238190e+01
6.187157976683572969e+01
6.265434299911383675e+01
5.922931435658080090e+01
6.114770540582460256e+01
6.218437716104606494e+01
6.219691835983123696e+01
5.861855093219455881e+01
6.021497337354303170e+01
6.113848945169196014e+01
6.192411622009102956e+01
6.235898189782744083e+01
6.401258855181585261e+01
5.991754828327955096e+01
6.169862204828705643e+01
6.212647162251319344e+01
6.349963076576360521e+01
5.771451264849113016e+01
5.973593979705086809e+01
5.948725803128395029e+01
6.162227411928242304e+01
6.042381200778407901e+01
6.293906384554129119e+01
6.173916534422676250e+01
5.883788592642877546e+01
5.945623437006938161e+01
6.179505190359112987e+01
6.036185294685917313e+01
6.162514576194741522e+01
6.194145196328902614e+01
6.265732565327876102e+01
5.916355697183674778e+01
6.177918901037588739e+01
6.413494845524623145e+01
6.028836285678194429e+01
6.178185696955533501e+01
6.420285281663927890e+01
6.099970088533309820e+01
6.023487523036063607e+01
6.317855502595510586e+01
5.999660058376452554e+01
6.284324803076291488e+01
5.601630138402778414e+01
5.944833076361756952e+01
6.158525757035267389e+01
5.835265298856727156e+01
6.133656402433068422e+01
6.086618337577935733e+01
6.197494353540642464e+01
5.744285831023847066e+01
6.022355670172800046e+01
5.985867213068617332e+01
6.128791783356779632e+01
5.670959494043135152e+01
5.862124708199377210e+01
5.915401362342271341e+01
6.048873358112764720e+01
6.174822609077214963e+01
6.253587996844530750e+01
5.785830157773899174e+01
5.942753560355667730e+01
6.054707107395995536e+01
6.110132011669276153e+01
5.788631879190891283e+01
5.946281703022980736e+01
6.035469402573180275e+01
6.112502537170227868e+01
5.596440670056103528e+01
5.733417359746005815e+01
5.817560401259923708e+01
5.939346378133740245e+01
5.977047021176272779e+01
6.139360565722806484e+01
6.117415839355269469e+01
5.579854235721077060e+01
5.767400412378788133e+01
5.761027084122061126e+01
5.945480990642661112e+01
5.811756746558274500e+01
6.043145460501168031e+01
5.959154372883710948e+01
5.674667506678176210e+01
5.760022320165324317e+01
5.991990923209709763e+01
5.833885498095566646e+01
6.088673420920975587e+01
6.107465790143625384e+01
6.064542734062418106e+01
5.538138551672142995e+01
5.929438891940561263e+01
5.872520296834971276e+01
6.107685160082597520e+01
6.340395373800151191e+01
6.046565627967851952e+01
6.085017907798531667e+01
5.827672009320978930e+01
6.108702731735410651e+01
6.079102275041106651e+01
5.802552745504694798e+01
5.757247010392930520e+01
6.059523113306340747e+01
5.874879000297263332e+01
6.022892849183639896e+01
6.283128327681514236e+01
5.892809017344107048e+01
5.987140852808663993e+01
5.646267016324446075e+01
5.890135446718359447e+01
5.801770454311175484e+01
5.992719723167666501e+01
6.170437054631594265e+01
6.326800462840598271e+01
5.773343252768633960e+01
5.903428929610544884e+01
6.057035722091553964e+01
6.192812341884872041e+01
5.654768268128034947e+01
5.949140915932173357e+01
6.015871768942193398e+01
6.142255573971478100e+01
5.466245937789308584e+01
5.772365057905046370e+01
5.863478679913355762e+01
5.989760525467277574e+01
6.139781291606859526e+01
6.176562378200475933e+01
6.193526865910296664e+01
5.735878238477894087e+01
5.826206308287739688e+01
6.010851174589525669e+01
6.025529261462771302e+01
5.822445126064300780e+01
6.071093554563061900e+01
6.032764880313252576e+01
5.960711290689999231e+01
5.944027430498962872e+01
6.194588909666969556e+01
6.092012754803226215e+01
5.731313066976635184e+01
5.789679387240678921e+01
6.055114667121596739e+01
5.911409962216228564e+01
6.208514604678982352e+01
6.269111264784991988e+01
6.094310684580525361e+01
6.023734536929566019e+01
6.319370578245579395e+01
6.060741755198458947e+01
6.263250071206027769e+01
6.543461074682682010e+01
6.214174111876663176e+01
6.143061230506442882e+01
5.909442225146378291e+01
6.238868922904005387e+01
6.452916988775749019e+01
5.698986944213702799e+01
6.134452072919290799e+01
6.377739989705557377e+01
6.088502376249387993e+01
6.186730869133453581e+01
6.468637737902237461e+01
6.221310650679890841e+01
6.358663297851915530e+01
6.617485859439226203e+01
5.982997009090984619e+01
6.454883532384071998e+01
5.756476149288537414e+01
6.058313270503733605e+01
6.249056900503781264e+01
6.357399625819365241e+01
5.905554371545463255e+01
6.101849761552161056e+01
6.204288525911260876e+01
6.297552709552360994e+01
6.410541781763868130e+01
6.581396050411049714e+01
5.971896678936398928e+01
6.216703034776598003e+01
6.322301253801065712e+01
6.424692405886547419e+01
6.217231466878565271e+01
6.470312050608687571e+01
6.526350483988966289e+01
6.284357831538869732e+01
6.361504099377865629e+01
6.593499516474169297e+01
6.552849532296382051e+01
6.093715361971483446e+01
6.194333925642070682e+01
6.413045340526146276e+01
6.403274132278239961e+01
6.247536197308783557e+01
6.348934414321760045e+01
6.583997817001142039e+01
6.419007199475652214e+01
6.718069329672525214e+01
6.634222031132568986e+01
6.318942268449006860e+01
6.266124195142295150e+01
6.585949359213356047e+01
6.521039127147403747e+01
6.385993790125208136e+01
6.674253786351545159e+01
6.405810757992590254e+01
6.725149670372836397e+01
6.072418944790661044e+01
6.466470420431743094e+01
6.710937257377379694e+01
6.349574652620525939e+01
6.300567892678601112e+01
6.650224815397912437e+01
6.291432373716995841e+01
6.631224707786898875e+01
6.881975072746152478e+01
6.293751185522724256e+01
6.685785701224331490e+01
6.016236487230595742e+01
6.384062104798228887e+01
6.622851764770669547e+01
6.136704068907343412e+01
6.541540160320315067e+01
6.654272504296272928e+01
6.532549067840049872e+01
6.312821827205194580e+01
6.678787132658975167e+01
6.680874563981409153e+01
6.196630739473323501e+01
6.525155685950456075e+01
6.678229642922805454e+01
6.750916045776024532e+01
6.234093896558941594e+01
6.429251103197501038e+01
6.547918826558327510e+01
6.679685953854254876e+01
6.161434430625287462e+01
6.347517171281541692e+01
6.482027769018085905e+01
6.504906837054058144e+01
6.599083551814064208e+01
6.770914001852922581e+01
6.435898661389069275e+01
6.726255384182563546e+01
6.749438192458167407e+01
6.826811338267560814e+01
6.221785936434328335e+01
6.495566333497907863e+01
6.485401843109151798e+01
6.706102886008802955e+01
6.388889781956536495e+01
6.734560693244094409e+01
6.627832391859463712e+01
6.278855189255779834e+01
6.337463248688131756e+01
6.645076758413139828e+01
6.500366506093763519e+01
6.640661505475873128e+01
6.669618660947708122e+01
6.928802156080924135e+01
6.276844378687318482e+01
6.652045061554169081e+01
6.852178504470234088e+01
6.559719227674945330e+01
6.511009583198990924e+01
6.859624554589645129e+01
6.563125629731744937e+01
6.863474882289479240e+01
7.156439408690970083e+01
6.637326519927559332e+01
6.967721539208712045e+01
6.245269950934618208e+01
6.622489551525931972e+01
6.893053379462162411e+01
6.481915628541713659e+01
6.555554192103851108e+01
6.869822806113842262e+01
6.561005776028186176e+01
6.631310929340270377e+01
6.966816774330570183e+01
6.555095809650578076e+01
6.760266418499878682e+01
7.031279051526344404e+01
6.866888485402576237e+01
6.890326995710174174e+01
6.226340751535444440e+01
6.691032722688861156e+01
6.786334137264886124e+01
6.804124283976172194e+01
6.283547162486000559e+01
6.579938862196840432e+01
6.782973492971493101e+01
6.583613417213081220e+01
6.803608257917419166e+01
6.933163599398133670e+01
6.859507751094990624e+01
6.404471237092634794e+01
6.660532217435053326e+01
6.788742510920189943e+01
6.701151269467794691e+01
6.794410744065167762e+01
7.002231629426667325e+01
6.610190040418157764e+01
6.865474625282105592e+01
6.921435322063412343e+01
7.160284321937541563e+01
6.533142322363524102e+01
6.841014794742623906e+01
6.822132095497376270e+01
7.072011069943577866e+01
6.662244224649559499e+01
6.986647125043025142e+01
6.899454716345050542e+01
6.874608318765318415e+01
6.896498044647499626e+01
7.217230321998508202e+01
6.946353448707924372e+01
6.720161408379811974e+01
6.851726365609174252e+01
7.153558128057218823e+01
6.857287613446523267e+01
7.209021960980813049e+01
7.449156930568048551e+01
6.639397795823987281e+01
7.113079975287487855e+01
7.424101681727677260e+01
7.049218436023768675e+01
7.078313157544882017e+01
7.454882842110944807e+01
7.079825220692269738e+01
7.247221621548479220e+01
6.867785689953035444e+01
7.204146863539951084e+01
7.140739113763463308e+01
6.829700610159979135e+01
7.144354889563413735e+01
7.392994011081907502e+01
6.684435640237542486e+01
7.226943731481814837e+01
7.466683259634665148e+01
6.870866750505284415e+01
7.352104776585700563e+01
7.561464265034842924e+01
7.062066049625676101e+01
7.491728709452029022e+01
6.668704256155062637e+01
7.075096560548666957e+01
7.266147536352418967e+01
7.438163083508392504e+01
6.895147475274865201e+01
7.142636545761631339e+01
7.307257697891090231e+01
6.993622735462288631e+01
7.248332439261376692e+01
7.458350659972387575e+01
7.495009052503483815e+01
6.899642107616594444e+01
7.234151480778751875e+01
7.289301377250409075e+01
7.531539250744421565e+01
7.578406864390281328e+01
7.824508835276817820e+01
7.163308443074546972e+01
7.454112889037264722e+01
7.676163169271917752e+01
7.623586474843537530e+01
7.222268440035236381e+01
7.418054506808570636e+01
7.732375834676892623e+01
7.601807656615571318e+01
7.239249525250291128e+01
7.290883034026560949e+01
7.644230684970969492e+01
7.478461545016897105e+01
7.856892764813201779e+01
8.018721531914414413e+01
7.202341481584902283e+01
7.670265921211202453e+01
8.006328390036189546e+01
7.701834197627519529e+01
7.613433117524189697e+01
7.746953260691608989e+01
8.091607423678222233e+01
7.684848896419403275e+01
7.751273681482415157e+01
8.131414427932361377e+01
7.688725836863234520e+01
7.806012617093885808e+01
7.423416766171560255e+01
7.854420220078202419e+01
7.925112189803773788e+01
7.488345573318622428e+01
7.887593166275379986e+01
7.904726394241779985e+01
7.628838730447591843e+01
8.033584858889324209e+01
8.126940224739668395e+01
7.687773754957652272e+01
7.996582852393318319e+01
8.265598076004013706e+01
7.680325639826077122e+01
8.131494397343661262e+01
7.462301810576154537e+01
7.765828793410003072e+01
7.957462389364830813e+01
8.101452870779004911e+01
8.347281852260894652e+01
7.985768562923982472e+01
8.313134968749291431e+01
7.727849602702895027e+01
7.999071911865034679e+01
8.090171864439064109e+01
8.246106591639136241e+01
8.329921025763844966e+01
8.556225152838960923e+01
7.918486648391748872e+01
8.064771646307201536e+01
8.389403271567731224e+01
8.359039132697219543e+01
7.857899499690688572e+01
8.050216544767540938e+01
8.418997094391477276e+01
8.328233617906022346e+01
7.841616741164116888e+01
7.989800713107132424e+01
8.330300748184387771e+01
8.254161958615217998e+01
8.602864861970439847e+01
8.581186077050391248e+01
8.166239108443443229e+01
8.184899373808808321e+01
8.543083678962483418e+01
8.580187614668000151e+01
8.029560382916727690e+01
8.139427562399787064e+01
8.490131050646995448e+01
8.724796572945770379e+01
7.943511901766028416e+01
8.397600387435348068e+01
8.726183955530646585e+01
8.307653513041708493e+01
8.341941560375695985e+01
8.624406054976799396e+01
8.223475331654036324e+01
8.550056657212013533e+01
8.882681585441278571e+01
8.361736389021930904e+01
8.657651841666033476e+01
8.194125304800147092e+01
8.505141335809464920e+01
8.782630786422434710e+01
8.106769926332894727e+01
8.506815589622912910e+01
8.767643219499616691e+01
8.282418625760401198e+01
8.726742721150897353e+01
8.956051849061026360e+01
8.368129270837863487e+01
8.711215041408382831e+01
8.916626489967121927e+01
8.820029735471025845e+01
8.619541716259290354e+01
8.690759563773777074e+01
8.934418748546524114e+01
8.537754731935810071e+01
8.799755781430769730e+01
8.274828554420207638e+01
8.555294431815252665e+01
8.762847599315725233e+01
8.772975457524242415e+01
9.076491892852065746e+01
8.990199962419255542e+01
8.444983604254997545e+01
8.624317634993252568e+01
8.942863597258991604e+01
8.929490147764573749e+01
8.508963435096812589e+01
8.636552892834741613e+01
9.004346083022740288e+01
8.904489660463167411e+01
9.303859703495693623e+01
8.952832551587920307e+01
8.886666518592284092e+01
8.854156845862924285e+01
9.272058650522002665e+01
8.904417891770853544e+01
8.868708861135625909e+01
8.826433612115800997e+01
9.252476546225574339e+01
8.832014289378187755e+01
8.986585168945251212e+01
9.143399932611130509e+01
9.118862772812470041e+01
8.846643665355320252e+01
8.742521737021574779e+01
9.103634007330391853e+01
9.360384865580211056e+01
8.759502345304383653e+01
9.153214354820305232e+01
9.421880555166610804e+01
8.708988260907634071e+01
9.166297020847399324e+01
9.491278100518499627e+01
8.926288171639120606e+01
9.292338278200701041e+01
9.570794494050204548e+01
8.950891977928546339e+01
9.342044215311226196e+01
8.746074148031597417e+01
9.127845799519728587e+01
9.332312822324526280e+01
8.828920831422026083e+01
9.070623877342829644e+01
9.368440658770893492e+01
8.880698415213707619e+01
9.292773572043705599e+01
9.494218553808508432e+01
9.081236428528464444e+01
9.392690783186580461e+01
9.616217686298247713e+01
9.092148019646117518e+01
9.419803068871277674e+01
8.777913757986952703e+01
9.137074279466418147e+01
9.367556002238400481e+01
9.403077275021183823e+01
8.866463174847122275e+01
9.189651104022293282e+01
9.294594680183530500e+01
9.382753550166198409e+01
9.757438310812597138e+01
9.328954378402738712e+01
9.695949201781823490e+01
8.922514179863014760e+01
9.406700972002970218e+01
9.392317134027651093e+01
9.403729192436104256e+01
9.517455729643931761e+01
9.818798886989689834e+01
9.094334763402741828e+01
9.506224736637348371e+01
9.760267828073324381e+01
9.289425390027037110e+01
9.782016440375178945e+01
9.892345907685799489e+01
9.280174450226637362e+01
9.652310936030082189e+01
9.204434502229750592e+01
9.681276049919507898e+01
9.783549428455366126e+01
9.089138437678313664e+01
9.539295009807815973e+01
9.937026265762659705e+01
9.580756563067458842e+01
9.568609355651452120e+01
9.690712411694258321e+01
9.983915797664798220e+01
9.344650665427654701e+01
9.773376126330032321e+01
1.013300526584531411e+02
9.475444360067491800e+01
9.884205375774391200e+01
1.022246417994211356e+02
9.557311467843750563e+01
9.975457620266294612e+01
9.450302988895695933e+01
9.846988998927268710e+01
1.001445281835455603e+02
9.493361382059100606e+01
9.870814587088685244e+01
1.008717905289086190e+02
9.544818635909828686e+01
9.893582211888157474e+01
1.017245355544308580e+02
9.640601038697020897e+01
9.968279754194132636e+01
1.021715903167584401e+02
1.003601987841614118e+02
1.018624729080776490e+02
1.055713393799887854e+02
9.915445625181627065e+01
1.024331726754609804e+02
9.576616359729169403e+01
9.944967114449643475e+01
1.028647707636737749e+02
1.018004928548469792e+02
9.630577901109784023e+01
1.013364149586328438e+02
1.022165934740388167e+02
9.724440375870436526e+01
1.000947198777820972e+02
1.044925307272879706e+02
1.037582328444565007e+02
9.777399199615115322e+01
1.035228082468987623e+02
1.027797435985275172e+02
1.044520146005261125e+02
1.036268428903422887e+02
1.077478965951755043e+02
1.006355560333190624e+02
1.046370673928339556e+02
1.087435815445600582e+02
1.028650195991408225e+02
1.067158061564200153e+02
1.111756094597396896e+02
1.040177123650013300e+02
1.069864748053362575e+02
1.012298486532793902e+02
1.063734433358615377e+02
1.083065630817522731e+02
1.007669222105094491e+02
1.063700943980222036e+02
1.104298072688950612e+02
1.044616497864658839e+02
1.089852299186315463e+02
1.125242673935770199e+02
1.052291612501512219e+02
1.097277039636765608e+02
1.045691492363316257e+02
1.087735433623336689e+02
1.107772473714770456e+02
1.055135316021848979e+02
1.097121315368280108e+02
1.120678971914511806e+02
1.055668909093248260e+02
1.099594981409274510e+02
1.131825322426712574e+02
1.071986985081017423e+02
1.108258188019295716e+02
1.137605703370183079e+02
1.076473257480686527e+02
1.119466401202659398e+02
1.057813860650178412e+02
1.098919371318761051e+02
1.132447067343485685e+02
1.066914855751264923e+02
1.112077406278245775e+02
1.132110772517411448e+02
1.090501021642821513e+02
1.126735033065546787e+02
1.166588937484368813e+02
1.100916235309605327e+02
1.148879621505686401e+02
1.160584240448130373e+02
1.119342095865617921e+02
1.144473265147327368e+02
1.191886767098546329e+02
1.156691013325553996e+02
1.171111016230348838e+02
1.122643388937460855e+02
1.189600094813938398e+02
1.174123599426024782e+02
1.143523117133927798e+02
1.151756254706415206e+02
1.206664853729830753e+02
1.138788005556075689e+02
1.189337696216660305e+02
1.219102385414760192e+02
1.148464249261825501e+02
1.204964280015673381e+02
1.136014662293605397e+02
1.196851164646167121e+02
1.175460715449672620e+02
1.176196993036731158e+02
1.233027234064989841e+02
1.200558058775004184e+02
1.207492539459278476e+02
1.180691355866605932e+02
1.236245606684205427e+02
1.173861485965952340e+02
1.229260147709431550e+02
1.270618566046992157e+02
1.194808354810371327e+02
1.253236756237507876e+02
1.189775786454962372e+02
1.241909202857415693e+02
1.233524885794912365e+02
1.205453306462616325e+02
1.260008787381882769e+02
1.249811001738073202e+02
1.230589054611672992e+02
1.207774928745058531e+02
1.251210855417314605e+02
1.281732544332659529e+02
1.211485260467079144e+02
1.266073487408169456e+02
1.295731497014708111e+02
1.232027716439571492e+02
1.279260572673651524e+02
1.313221156891097792e+02
1.237938652380672977e+02
1.307828814957230463e+02
1.323240582445739904e+02
1.277059805797014604e+02
1.308997059045785818e+02
1.245215147593275873e+02
1.291230417479548009e+02
1.335418065657243005e+02
1.253960900855487779e+02
1.319626385031361053e+02
1.330256027967374735e+02
1.297649142640897537e+02
1.317601587927574940e+02
1.373041050163091086e+02
1.290402293034659067e+02
1.362360436027482251e+02
1.274664256622542240e+02
1.350180393858433661e+02
1.347611716173940408e+02
1.326446378516692732e+02
1.342097153117611867e+02
1.400116602257738236e+02
1.312423842921001551e+02
1.369928154302006362e+02
1.408237209755295112e+02
1.327159128883508004e+02
1.405245312150656787e+02
1.408101175772192448e+02
1.399894477970975686e+02
1.386985526566478484e+02
1.367170473517288372e+02
1.433764163173405848e+02
1.401499525177652004e+02
1.410452193788212298e+02
1.434183186420625304e+02
1.426088121816089824e+02
1.425205834020896702e+02
1.397598652168154274e+02
1.452944048683538938e+02
1.407083534923235391e+02
1.462262732641141838e+02
1.496460565806764578e+02
1.450161554439099802e+02
1.482167574407234270e+02
1.423659200236400295e+02
1.475613959419283674e+02
1.449352245711988019e+02
1.501968277668208600e+02
