0.000000000000000000e+00
-1.350094530745051600e+02
4.511821755626371555e+01
-4.473592051713372797e+01
1.546809058339701837e+00
-1.100380359522956475e+01
6.707816447142839422e+00
-6.014768043309797640e+00
5.121660605263383736e+00
-4.557596901615989182e+00
3.695339475091402814e+00
-3.550821896775786080e+00
3.318060608362031871e+00
-2.815892702064972219e+00
3.049038117733219977e+00
-2.230669486887058905e+00
2.732851551514551947e+00
-1.722398040965173793e+00
2.648246184296018324e+00
-1.268382228200917172e+00
2.666800170922988045e+00
-8.526013294286256539e-01
2.744861219279594255e+00
-5.197146270125470036e-01
3.575964346243377445e+00
-2.752850161685562180e-01
3.908114111711547434e+00
2.697379228701400344e-01
4.144436069542604351e+00
4.095654888936806071e-01
4.344240341228538860e+00
6.101447813490545879e-01
4.681545057175804381e+00
8.587827583135371201e-01
5.026055813378354387e+00
1.136716043152312672e+00
5.387152760866419143e+00
1.435930629118627122e+00
5.766426633187943018e+00
1.753107844716330854e+00
6.159126828005100585e+00
2.085276155094323958e+00
5.433040140850333266e+00
2.448580941495159813e+00
7.120419472649222037e+00
9.339051192311849547e+00
1.084644505137491599e+01
8.334880920988510411e+00
1.209120228859386970e+01
8.965870654982396104e+00
1.251105401906951720e+01
9.342660741280900183e+00
1.294630259673387940e+01
9.735318437355850563e+00
1.335607761205606359e+01
1.010345156902534391e+01
1.375884600731530227e+01
1.046865953672590521e+01
1.415503406381153617e+01
1.082922559698866571e+01
1.454920391243430977e+01
1.118813561855284533e+01
1.494110279951350329e+01
1.154529568921491745e+01
1.533156356129361342e+01
1.190101848473673840e+01
1.572036561577091440e+01
1.225507845348486491e+01
1.610742391600764023e+01
1.260723387929915518e+01
1.649243559665491077e+01
1.295713796307435928e+01
1.687510250780495724e+01
1.330442291366444962e+01
1.725508549381531154e+01
1.364869885171420627e+01
1.780076643283981852e+01
2.022464915132786700e+01
2.318825167942712895e+01
1.941549857103434462e+01
2.413526235747767146e+01
1.983678534144864969e+01
2.449580938403629915e+01
2.018437954337568385e+01
2.483956487866175422e+01
2.051609400272435835e+01
2.516410641931024728e+01
2.083036816460867158e+01
2.483518427288438701e+01
2.116079632972838453e+01
2.517220966232882873e+01
2.147928962922887663e+01
2.547459860072075699e+01
2.176930827324848039e+01
2.575540860333245519e+01
2.204035818397574431e+01
2.601448827321468116e+01
2.229264813730380723e+01
2.641195673041670844e+01
2.925336612569596895e+01
3.062474707899561110e+01
3.016292347959760889e+01
2.963453648609260682e+01
3.169639129861631588e+01
2.946888442756258897e+01
3.155940896147086150e+01
2.964532433675384482e+01
3.194831104073507788e+01
2.917864731141298051e+01
3.208825729254766657e+01
2.932495191921375621e+01
3.212211143025028548e+01
2.948906872582687910e+01
3.216520810200936609e+01
2.964443043192304117e+01
3.219726729680149191e+01
2.980605171397965236e+01
3.279239040715285824e+01
3.661290849601736141e+01
3.928289443849113383e+01
3.624229384897412842e+01
3.936167248992708778e+01
3.635228379500668439e+01
3.928398663716205874e+01
3.609500366689097461e+01
3.840902113332165158e+01
3.293844379098182884e+01
3.844560059405006314e+01
3.555955688683233262e+01
3.852757011303302193e+01
3.541313011412791667e+01
3.855339470259639256e+01
4.141962450217793901e+01
4.256424165773659496e+01
4.143591422728716367e+01
4.287450158998922234e+01
4.148007236195530822e+01
4.288097039098807528e+01
4.126515733692891530e+01
4.274852457864116673e+01
4.101295395951977696e+01
4.256236014085406083e+01
4.074793649311425980e+01
4.235091141362067901e+01
4.046495409524977305e+01
4.198941502419479832e+01
4.068219689682275231e+01
4.474497990212704224e+01
4.555474723762741718e+01
4.997258741844326124e+01
4.334508819645163413e+01
5.053417111054172040e+01
4.265352812938979810e+01
5.012641080006185490e+01
4.187444907200577404e+01
4.987772404743485311e+01
4.324135275753179997e+01
4.520257637854556521e+01
4.601229592351550224e+01
4.563787163629054078e+01
4.451139517402359047e+01
5.050458158753225035e+01
4.881105538990095738e+01
5.315358079267133462e+01
4.649302393481196560e+01
5.346333855273317681e+01
4.551679558869333420e+01
5.245756419688140682e+01
4.527053614521549463e+01
5.175388383326130537e+01
4.434896381829243239e+01
5.100178086141486489e+01
4.377977329350109414e+01
4.984962200015290534e+01
5.265843371615177659e+01
5.122939169646298296e+01
5.349865805052488099e+01
5.134651644817992633e+01
5.148954642995408904e+01
5.104263466278038663e+01
5.074573272545065095e+01
5.031253639050359538e+01
5.025136562851618294e+01
4.976430026269729012e+01
4.950631971188441582e+01
5.443989963942584609e+01
5.262004556300090741e+01
5.617955185190474765e+01
5.061737669441967569e+01
5.615526886701252351e+01
4.939016246191201986e+01
5.519380336989461711e+01
4.960176964207538219e+01
5.474153715591705094e+01
4.801943666167503721e+01
5.367498751275281421e+01
5.737735682229528322e+01
5.387047613992772455e+01
5.637630490306425202e+01
5.374887277161964505e+01
5.597169367124398320e+01
5.317208175395411018e+01
5.398734764780343909e+01
5.245593250634826177e+01
5.338073638339499638e+01
5.173116370137045550e+01
5.216963106386920401e+01
5.658314635990129915e+01
5.440334991590765412e+01
5.643798667887853071e+01
5.431366762980326257e+01
5.506339220000077006e+01
5.312115937266918309e+01
5.434470864431536086e+01
5.220748315556016905e+01
5.339648752210317895e+01
5.122045560994043001e+01
5.552782073566274335e+01
5.544573501384911651e+01
5.650805739721298693e+01
5.353317277839419575e+01
5.741371597117041148e+01
5.086160408608039063e+01
5.684608605053124819e+01
5.013888538932348382e+01
5.538585593890771719e+01
5.018784008265817675e+01
5.440331283994697742e+01
5.738263568072618170e+01
5.177091543826553988e+01
5.663341464967587768e+01
4.973320047645120923e+01
5.565120715517561223e+01
4.939993102474974052e+01
5.422430104324335076e+01
4.748635258422794436e+01
5.320153951667413850e+01
5.450668807372190372e+01
5.789258468212420183e+01
5.208097304637505687e+01
5.612730642154176763e+01
5.046423035919281119e+01
5.462161064103012365e+01
4.957792328390203807e+01
5.326526640710769556e+01
4.771257643967338424e+01
5.170896814056013824e+01
5.418296619486618226e+01
5.525374563122834815e+01
5.211781968713391677e+01
5.436309623531693092e+01
5.089194378021796439e+01
5.284149976265224780e+01
4.937596916865167884e+01
5.139669278023617949e+01
5.358462375179688308e+01
5.586822596744490710e+01
5.142721134227948454e+01
5.418149092004605194e+01
4.993665552309455791e+01
5.280415766563971403e+01
4.833626687435894809e+01
5.094207381816396918e+01
4.704227779791643371e+01
4.977691952462996028e+01
5.209474584756212323e+01
5.363270673418919898e+01
5.030578633241381681e+01
5.251784704849541896e+01
4.770075217622925123e+01
5.090485526180445675e+01
4.576832301669713843e+01
4.888192598333922945e+01
5.064557686024525651e+01
5.252680822139493699e+01
4.753611698817796594e+01
5.060265358681482439e+01
4.657455360763521668e+01
4.922594126568149875e+01
4.443064291651449338e+01
4.733834775035278142e+01
4.940845825772659339e+01
5.075080337060341407e+01
4.884026200967960563e+01
5.032846872427054308e+01
4.525827410638393644e+01
4.798597278787804044e+01
4.431174108354460373e+01
4.634159864071024515e+01
4.879582293206716059e+01
4.953591080544950387e+01
4.797994016116731331e+01
4.881781121819850711e+01
4.532894587917076024e+01
4.658172453618109188e+01
4.400922538261235673e+01
4.559078076821977277e+01
4.854071504292986816e+01
4.834621263884830711e+01
4.642121007769379304e+01
4.673737498518128319e+01
4.515459576640006389e+01
4.542990646096532714e+01
4.269488834434176283e+01
4.566799614822232201e+01
4.575238550250173120e+01
4.912373487157101692e+01
4.362423135366144322e+01
4.737087600774600560e+01
4.207862695960875499e+01
4.580131576506773428e+01
3.970371366127553614e+01
4.377145931485566877e+01
4.446376843191023909e+01
4.674479815314320774e+01
4.193055882633599651e+01
4.590268860281702956e+01
3.945065381739426158e+01
4.396453594095191875e+01
4.694214014612966679e+01
4.447013608370819071e+01
4.449114329475629859e+01
4.317119066445482645e+01
4.250103922362702491e+01
4.118771172067749831e+01
4.164007554804241806e+01
4.011797012738845325e+01
4.321146873300529734e+01
4.626871129629652302e+01
3.913927628591954289e+01
4.323483485626555733e+01
3.971983708234818522e+01
4.181764419794707521e+01
3.791818860967070037e+01
4.125989715464803709e+01
4.394951144305888846e+01
3.969574564322417842e+01
4.290706852760922629e+01
3.753535758956938650e+01
4.149280635010254770e+01
3.423999471912004111e+01
3.919549997977037492e+01
4.205692399838792284e+01
3.970007422857329260e+01
4.188593059844470190e+01
3.793686574729307637e+01
3.881615327317911834e+01
3.630981185456422367e+01
3.658608869166122446e+01
4.030116654650959163e+01
3.854086425763083668e+01
3.936801937289556008e+01
3.632058460616069340e+01
3.868928289220075101e+01
3.161469711053548792e+01
3.717834885653440580e+01
3.957740249671250155e+01
3.715347499469870485e+01
3.962711448060365882e+01
3.468679822354522457e+01
3.756168830480024923e+01
3.098130173818527666e+01
3.560083557042275260e+01
3.727762846129954255e+01
3.910392084630325371e+01
3.444492223291236854e+01
3.595481264626349116e+01
3.337874123118344727e+01
3.509736586587153084e+01
3.706870601577146118e+01
3.853667805561097026e+01
3.463761337709868116e+01
3.629053665146341245e+01
3.284423746600304383e+01
3.457002795329912459e+01
3.084819554079694015e+01
3.305336161857108124e+01
3.490759822441228977e+01
3.602454981973361470e+01
3.309650773135918911e+01
3.527145149569851412e+01
3.064925051117985433e+01
3.306582655814588634e+01
3.450519113380240555e+01
3.604007845381904929e+01
3.357371544128604057e+01
3.567208862828741189e+01
3.055630868181274806e+01
3.330299685137179466e+01
3.426949738403302348e+01
3.622505421027463512e+01
3.323374518837569980e+01
3.564354730422247286e+01
3.021380626896056754e+01
3.324329115089327757e+01
2.774235064434524745e+01
3.068233469929969459e+01
3.166013841129126760e+01
3.407753244001160198e+01
3.290844496590493407e+01
3.080688436554350318e+01
3.176789865086315601e+01
3.460806815358611743e+01
3.454180264067957751e+01
3.167884939205869799e+01
3.254239696108995616e+01
3.095994974223921048e+01
3.137289768991967520e+01
2.875735515267801645e+01
3.220908073611867906e+01
3.154515653760524430e+01
3.489180201148803206e+01
2.801677278177713148e+01
3.278741472173783222e+01
2.734874502751162240e+01
3.197967755880398144e+01
3.141256989828256962e+01
3.496087786342899051e+01
2.701074201894051541e+01
3.277062270368715247e+01
2.686857338609545920e+01
3.186153870343760630e+01
3.356818313264995624e+01
3.272941271342921965e+01
3.154391160382000336e+01
3.081942213450786738e+01
3.091634499793048718e+01
3.398497312344523635e+01
3.302766982137621454e+01
3.564062795435472708e+01
3.006847692564348762e+01
3.328007713653499167e+01
2.798014116806693607e+01
3.249771412199567777e+01
3.548947509522322719e+01
3.225372347164721987e+01
3.480387447310111781e+01
2.944484481438572843e+01
3.289652712448469174e+01
3.588594321342429794e+01
3.465365460041089563e+01
3.455564339641048122e+01
3.232521972991951742e+01
3.316414287955681317e+01
3.085319495489927988e+01
3.461961050451965605e+01
3.427854649013274724e+01
3.444151268758342610e+01
3.471084476003878905e+01
3.111858791684072045e+01
3.345306482844942053e+01
3.681405636756841915e+01
3.480749646851625556e+01
3.465190149947287779e+01
3.567214007198555237e+01
3.065400441507157936e+01
3.454201266301569007e+01
3.712595941522931042e+01
3.515975224517434583e+01
3.649010405744104446e+01
3.169770666704455309e+01
3.495039983777218850e+01
3.038094193559636480e+01
3.349156537904299569e+01
3.543019802959463505e+01
3.755151109011605826e+01
3.278266736113756252e+01
3.460127058779838194e+01
3.169303673173297398e+01
3.465370576431868699e+01
3.607400195260296272e+01
3.754450840235453768e+01
3.348358153675457061e+01
3.569471163341545150e+01
3.174331795093437236e+01
3.473224284825422359e+01
3.652307064254419799e+01
3.776048035017612392e+01
3.483171061027507420e+01
3.743697257012338042e+01
3.210378093652966669e+01
3.517831832664593605e+01
3.707989335121730079e+01
3.929930673878362057e+01
3.334891367936043594e+01
3.656510071593719147e+01
3.830976767788859405e+01
4.044005252788610250e+01
3.996212917805122089e+01
3.570468920405523505e+01
3.852662366825011020e+01
3.391847271336746417e+01
3.654645823836013818e+01
3.890811956440183650e+01
3.990828223104458772e+01
3.848940650966291344e+01
3.967250387688429214e+01
4.245424792013297122e+01
4.271696693143795898e+01
4.012940304066927411e+01
4.102240583603919077e+01
3.910385974767545747e+01
3.964080809193921340e+01
4.273146896886341040e+01
4.315722857839042348e+01
4.045350174989714276e+01
4.096031184462589181e+01
4.140357131243170841e+01
3.969678489058511417e+01
4.305073611885282503e+01
4.414734022405620095e+01
4.021992127461368227e+01
4.120206868530522826e+01
4.152546840470284195e+01
4.530252664070761881e+01
4.406349150473921128e+01
4.587614701888919200e+01
4.179244095774987500e+01
4.569505261624156134e+01
4.857025529167777478e+01
4.331704803635295775e+01
4.830565400573223656e+01
4.144770564578305283e+01
4.617108910713719894e+01
3.998217073227399965e+01
4.473959251151367766e+01
4.785226198682025256e+01
4.498521762395637325e+01
4.570111775913517249e+01
4.409954720647989745e+01
4.341213104510556064e+01
4.792923086246229047e+01
4.508666952668833261e+01
4.868923336956947878e+01
4.174944209907746284e+01
4.561516901595413742e+01
4.859518085643355789e+01
5.108346094146099858e+01
4.517753441356692434e+01
4.900916792475283046e+01
4.439678138635933635e+01
4.796647377688024250e+01
5.057914181729700687e+01
4.870685753000365281e+01
4.695544710902129282e+01
4.863252811666798436e+01
4.541838711030243303e+01
4.824914335760680473e+01
4.905359424264951684e+01
5.141556306551814970e+01
4.549470911376008075e+01
4.926211225115720538e+01
5.187904642786040199e+01
5.215067965529759419e+01
4.901233308525402066e+01
5.154355062522121500e+01
4.652791186003472745e+01
5.034745571799710007e+01
5.098506401437010993e+01
5.361870997263899596e+01
4.887835001975506088e+01
5.187506623479166024e+01
5.287897502588031529e+01
5.498852264108053589e+01
5.147784076153349986e+01
5.366434379310059199e+01
4.882184446275898182e+01
5.137551807397039028e+01
5.347300124325433757e+01
5.476326026930485824e+01
5.209916169955769050e+01
5.430558478270562972e+01
4.934303261001727492e+01
5.192066702202713913e+01
5.423109337456970991e+01
5.562618562010827361e+01
5.057490713901588464e+01
5.332221874386706872e+01
5.564225546853156601e+01
5.658258613164844064e+01
5.313077644578935832e+01
5.531113447449812526e+01
5.032679060978190222e+01
5.289791089703412297e+01
5.559224049234981635e+01
5.593920252353383660e+01
5.478354015010508959e+01
5.555393111225505720e+01
5.862475496785132378e+01
5.827597776629621507e+01
5.507328539339962248e+01
5.602413034467561204e+01
5.427460848184323083e+01
5.509281013390862825e+01
5.835799662214529349e+01
5.752367992706589206e+01
5.540652657992678343e+01
5.556682822947256994e+01
5.890437824986982918e+01
6.046706416785756488e+01
5.671856865302270734e+01
6.008591254389316560e+01
5.354365458415693269e+01
5.779231987019380767e+01
6.099919291169117486e+01
5.892981315394153796e+01
5.842895292955878972e+01
5.718433208077095742e+01
6.082413947552014122e+01
6.301038375408708703e+01
5.539116227465267883e+01
6.100763952677255020e+01
5.528145726200443022e+01
5.980154017162296043e+01
6.268686882836376384e+01
5.746069201409151361e+01
6.178113443444375008e+01
5.368845927858239975e+01
5.930750470580434808e+01
6.213952422095425732e+01
5.860525472871503183e+01
6.173244260162014996e+01
5.395103592092131350e+01
5.944552425298933684e+01
6.116168524050966226e+01
6.395626111709218975e+01
5.585671293146896232e+01
6.064360258473743670e+01
6.315570718866646871e+01
6.377192750081305661e+01
5.972534243209683069e+01
6.135040457330853769e+01
5.761985607238730722e+01
6.016770072975266004e+01
6.105808692354156619e+01
6.317989931864666886e+01
5.745122636348218492e+01
6.089237378600770256e+01
6.215454646380528914e+01
6.431048973469142993e+01
5.764740677709937700e+01
6.181756075679236773e+01
5.586899660533104139e+01
5.948177330722197098e+01
6.056458513095751783e+01
6.263398679080717102e+01
5.664286979747681983e+01
5.998210515198836390e+01
6.133166801403767465e+01
6.293335313705081546e+01
5.830017438994680390e+01
6.133497173041131845e+01
5.629948367333022219e+01
5.865945438331321782e+01
6.030033567126801586e+01
6.146649411032766608e+01
5.882817507772745103e+01
6.030099711033818721e+01
6.226810202633765812e+01
6.286470618663356191e+01
5.829160517019585797e+01
6.024520677557194404e+01
6.266940625107213236e+01
6.282147190563042471e+01
6.358779609769595709e+01
5.851597373079890474e+01
6.150553316295677320e+01
6.254306225216762982e+01
6.450634882200451159e+01
5.816233151398142809e+01
6.128462930331347991e+01
5.963143115809997141e+01
6.266333992182364199e+01
6.262130429166239765e+01
5.957113491717606024e+01
5.958094579403265811e+01
5.833930452146407930e+01
5.919522283143538743e+01
6.208158163687485143e+01
6.026513949898628653e+01
5.903146912435263971e+01
6.217363147047882421e+01
5.981988942957832478e+01
6.319588240791900091e+01
5.851411635454774540e+01
6.159859961896160740e+01
6.421142957347593949e+01
6.030014970384287665e+01
6.179666117974258555e+01
5.905868373753389022e+01
5.823092957204344344e+01
6.177708668880112697e+01
5.858642835179203701e+01
6.197673971659766323e+01
5.568511472381487692e+01
5.911997653903800654e+01
6.166355598245387171e+01
5.854462260412699948e+01
5.910241629965351251e+01
5.608722259269873689e+01
5.946213997217139990e+01
5.987130085479619623e+01
6.128869932234970008e+01
5.524707909165987019e+01
5.816566134381644559e+01
6.035816025743660163e+01
6.216598507741452551e+01
5.655691789732896524e+01
5.920240137136592296e+01
5.306753658045869315e+01
5.621850143999336780e+01
5.813267989367086130e+01
5.880752419284200272e+01
5.447492925616263193e+01
5.660446644569483254e+01
5.747506519072752695e+01
5.939108074410385996e+01
5.359887314901882860e+01
5.641835060310980055e+01
5.732790419381140623e+01
5.890234834136595055e+01
5.398144484658412523e+01
5.635344049855898874e+01
5.762711737795483202e+01
5.889080837421723658e+01
5.460036674268692991e+01
5.645442355792018674e+01
5.238102558515698348e+01
5.373799663635116275e+01
5.521328252598423347e+01
5.596038553414006600e+01
5.513040908823840169e+01
5.712619454223818849e+01
5.730538423099957868e+01
5.578351735636413622e+01
5.626146785523078364e+01
5.148175496257784545e+01
5.285184729798044145e+01
5.520613845222869287e+01
5.487509043217256988e+01
5.330720347411104143e+01
5.350521193028486522e+01
5.594128375041049139e+01
5.525966205561101674e+01
5.219133296489269469e+01
5.213439910716533632e+01
5.472733562757298387e+01
5.455383891982748423e+01
5.630819569589795748e+01
5.023811289596102370e+01
5.298663059638887773e+01
5.511317428344946734e+01
5.319904317223345203e+01
5.372416654661394375e+01
5.175917312295372597e+01
5.484649951805650403e+01
5.591985284421112823e+01
4.910775738255254907e+01
5.292105591732234160e+01
4.914180984638834815e+01
5.227881420049723005e+01
5.462553718270861225e+01
4.788978127440914534e+01
5.191260937073327852e+01
5.436858951958713959e+01
5.173849484933261067e+01
5.178946783066525228e+01
4.928527153628802182e+01
4.942635584529341486e+01
5.264238552225239687e+01
5.008360218888361004e+01
5.138163917754441457e+01
4.808786218235066912e+01
4.776525407585052108e+01
5.012778928309661097e+01
5.223524759207635526e+01
4.808355746637328565e+01
4.881993327497776392e+01
5.105339864078801071e+01
5.272609592422388403e+01
4.490390702116861377e+01
4.944129199146797049e+01
5.123701251673882950e+01
5.170166515100650884e+01
4.778851608200351819e+01
4.932761699927814192e+01
4.475499994900877709e+01
4.595745070136943866e+01
4.768792096602977892e+01
4.857881310475637093e+01
4.582911539250135036e+01
4.760179178935664623e+01
4.874533340283115734e+01
4.983464671517067757e+01
4.513736346762684803e+01
4.690282553965034396e+01
4.828039243493161337e+01
4.914702515365047475e+01
4.759212163424703590e+01
4.544980370501949096e+01
4.757569581026660188e+01
4.807798989968337366e+01
4.952407346457275139e+01
4.378661415793654044e+01
4.627841245275048720e+01
4.653436851138818042e+01
4.835248440305866069e+01
4.711548413009524694e+01
4.341176168581411332e+01
4.457055457074298488e+01
4.665781262949522556e+01
4.655110279251182703e+01
4.563625335047333920e+01
4.578673279133305130e+01
4.821250546475395993e+01
4.744958924026330038e+01
4.408201182268170726e+01
4.434901655359535511e+01
4.687110777194403965e+01
4.692453639174424040e+01
4.886112202803816729e+01
4.035775083720549361e+01
4.555959907935069708e+01
4.671102672637419317e+01
4.573427164108193921e+01
4.656613881318625658e+01
4.425959104084201812e+01
4.746058530849074941e+01
4.882327952807424509e+01
4.269076553477489000e+01
4.591809028405480575e+01
4.852091129219353860e+01
4.589368892868193939e+01
4.675442340211188252e+01
4.446201053709181394e+01
4.775344677581796304e+01
4.624430965915218650e+01
4.544991675787818508e+01
4.814135612387474339e+01
5.072669760208042078e+01
4.466571830214540029e+01
4.737401353646249902e+01
4.614439336878314890e+01
4.497280418944380642e+01
4.775442629244755466e+01
4.943810780767580582e+01
4.459649965195966104e+01
4.705725298807981716e+01
4.903584795700894716e+01
4.923239371939781961e+01
4.518459254839040540e+01
4.726400318475744200e+01
4.925819599855891084e+01
4.963182818646907180e+01
4.541935778542816138e+01
4.760698545472070009e+01
4.279730796042771601e+01
4.426415610102860398e+01
4.631899492136476937e+01
4.722695415162134935e+01
4.428844466212166253e+01
4.648418996993473939e+01
4.776332361220386957e+01
4.885785953581030583e+01
4.411815278116074523e+01
4.636936355657444153e+01
4.733494469237567870e+01
4.896099536356070558e+01
4.586276417903911096e+01
4.813588629219295001e+01
4.912444728515560399e+01
5.025454388500613589e+01
4.586655947124187804e+01
4.804367774624293475e+01
4.955303326426743382e+01
5.021431898936054949e+01
4.551397498796644925e+01
4.702346147086402084e+01
4.925798882785408495e+01
4.930594605055721757e+01
5.056769852706275969e+01
4.705216775030813636e+01
4.937286165878103361e+01
5.013809130192699826e+01
5.113691516230733214e+01
4.506078483236591126e+01
4.884288837640723102e+01
5.144506305061178608e+01
4.994795032408516988e+01
5.031100204412097554e+01
4.875812539087644382e+01
5.197938445198035851e+01
5.175094495944516382e+01
4.789142590953445477e+01
4.771935932617552112e+01
5.111006205187318585e+01
5.348720240871080733e+01
4.734962654108690572e+01
5.170729667998527646e+01
5.439812543503073528e+01
5.127193907550756080e+01
5.105409583415035257e+01
4.902757121308133037e+01
4.917109685394839858e+01
5.268466940713460644e+01
4.983584187636298424e+01
5.226312770495470517e+01
4.608933829834815299e+01
5.080576486179880646e+01
5.222195150478803782e+01
5.331238577694887937e+01
4.922948407683440308e+01
5.192399517167247325e+01
5.324162251735370432e+01
5.368837382774645306e+01
4.773007355558803511e+01
5.131696250044090135e+01
5.341829048567409899e+01
5.375862231393856661e+01
4.992520502982143427e+01
5.198427166480202288e+01
5.381644003259481224e+01
5.440256648801056372e+01
5.041666354384378934e+01
5.210844274965120348e+01
5.371447292767725656e+01
5.474165990211810140e+01
5.142513560146317531e+01
5.304184965280067132e+01
5.489537166645748556e+01
5.527763212807764859e+01
5.174338960244955388e+01
5.422949210007038801e+01
5.508572324378661023e+01
5.659384680387342570e+01
5.158577200306826427e+01
5.355610888082302523e+01
5.456957037885453587e+01
5.630196045161359564e+01
5.496995433936443476e+01
5.112220784130299478e+01
5.263594285743344159e+01
5.463087987624948028e+01
5.503046996092086829e+01
5.412906252436817311e+01
5.197158443570243236e+01
5.468189815354800487e+01
5.509982925894544081e+01
5.454243164197469440e+01
5.414427826977043878e+01
5.666214651042439954e+01
5.617394814517278689e+01
5.261110226664586520e+01
5.300020313235685165e+01
5.582158322257110683e+01
5.528503077636923990e+01
5.459080024560550726e+01
5.367548020629185146e+01
5.666582125536915271e+01
5.749393217008742596e+01
5.251369158433517725e+01
5.629249436298764664e+01
5.878328671969603647e+01
5.627017952021206781e+01
5.590860941542349849e+01
5.404166831624481659e+01
5.736493023924519008e+01
5.956816958385739724e+01
5.326108700528806139e+01
5.658982006275930843e+01
5.917014354101196005e+01
5.606016741651531277e+01
5.625875843967915557e+01
5.362972225582920771e+01
5.691923798236742016e+01
5.796293853793888928e+01
5.653304387582109314e+01
5.621649638151272654e+01
5.306690213756445473e+01
5.640809768674005653e+01
5.586237700526974237e+01
5.543395591822822865e+01
5.554969334627196531e+01
5.790376546957267578e+01
5.712676811132195809e+01
5.384618193725969348e+01
5.569101608840902884e+01
5.746682638713798497e+01
5.861096744829745120e+01
5.416610671639705288e+01
5.523961068907308203e+01
5.726243138123662391e+01
5.860988396084998442e+01
5.282266024252447778e+01
5.582597476857502983e+01
5.723547631145368086e+01
5.818612440529043539e+01
5.369484296364814924e+01
5.614258740663228053e+01
5.755277599987483228e+01
5.841431273887596376e+01
5.421962287639493638e+01
5.556557813668855772e+01
5.699853069924098037e+01
5.772884235080548621e+01
5.705408503688436639e+01
5.390126251819119574e+01
5.657366903307728023e+01
5.669777436628757528e+01
5.846794309728712591e+01
5.190191433324428516e+01
5.563858452560625523e+01
5.547793662249102908e+01
5.789801232052962376e+01
5.476234337356910231e+01
5.750338167457599781e+01
5.670897349824235789e+01
5.838550954240254498e+01
5.411429971052967858e+01
5.500632275685430983e+01
5.738101948278222153e+01
5.621301791738363107e+01
5.402121366465448915e+01
5.706649466341657728e+01
5.530159228249585368e+01
5.815282874509178868e+01
5.489251229336953486e+01
5.504689794742465381e+01
5.786926186630718405e+01
5.548706148572913577e+01
5.568307165268295478e+01
5.872219828953306830e+01
5.599171057922900019e+01
5.848825370390811429e+01
5.209083503323067532e+01
5.568841109790062660e+01
5.812254232235758877e+01
5.510660634012581482e+01
5.517500320705934058e+01
5.268253802870192715e+01
5.549715351001015762e+01
5.528945720828484411e+01
5.477925134310314093e+01
5.777138164281886645e+01
5.739331490336899577e+01
5.448480644285289287e+01
5.653182545243045354e+01
5.805139859961361992e+01
5.906654047455788970e+01
5.517379522455911456e+01
5.557534159719405409e+01
5.137505089124605462e+01
5.382950519295891922e+01
5.442475707958219289e+01
5.614837603513022657e+01
4.946037033628901725e+01
5.318096347087629994e+01
5.455257649387309726e+01
5.555922669656666102e+01
5.067718565179502832e+01
5.319531098219719922e+01
5.439506737222060195e+01
5.562712679339179545e+01
5.123730010268914725e+01
5.264825928807479016e+01
5.419654675709579550e+01
5.514975134737299101e+01
5.276461103451610768e+01
5.487490984475262223e+01
5.570720555675519137e+01
5.292503048727701298e+01
5.419376950804466020e+01
5.589496001654367063e+01
5.623650877427778738e+01
5.225221007177712096e+01
5.539208697096412948e+01
5.539411440108911222e+01
5.748046882933253698e+01
5.314263841155192125e+01
5.552567761666725232e+01
5.707173834620878239e+01
5.564808013732382364e+01
5.302611818250529296e+01
5.305054480070847944e+01
5.560651059241260441e+01
5.545631762771984796e+01
5.630377599896077356e+01
5.150885608795527304e+01
5.483215456376417762e+01
5.582394594273614530e+01
5.427841390094661023e+01
5.238605231023863951e+01
5.572054865554094505e+01
5.360900288386937262e+01
5.678632030857098556e+01
5.929032030859509206e+01
5.639966033277449498e+01
5.618017299945977783e+01
5.403658264826204771e+01
5.351322792987586041e+01
5.687342767106763830e+01
5.381051902531762465e+01
5.674881176404983307e+01
5.906875788203100086e+01
5.575047660387313186e+01
5.777934779308902336e+01
5.346511396820000073e+01
5.709375538688661322e+01
5.636249250634872254e+01
5.482449012656362441e+01
5.632349317066134375e+01
5.277681309956282973e+01
5.494622841103701205e+01
5.530647975092063007e+01
5.506302953855775684e+01
5.706503893689434648e+01
5.779157563366700856e+01
5.460553720880819384e+01
5.646998217858542546e+01
5.788329019732954350e+01
5.874420254934315011e+01
5.402855985170417341e+01
5.594789031112917144e+01
5.726630644163121531e+01
5.870926426440627921e+01
5.405217006404377855e+01
5.588680852358447027e+01
5.693425599876065490e+01
5.848263468519428443e+01
5.565976542138660932e+01
5.743504822790282560e+01
5.824593383636248944e+01
5.995989217292672180e+01
5.372413636413675420e+01
5.621332218035533401e+01
5.667349600532711662e+01
5.872362067785240924e+01
5.756943073319608573e+01
5.328848296226531289e+01
5.451768172920239408e+01
5.672996325211688173e+01
5.654725274807004354e+01
5.571488724692193273e+01
5.576412697943463570e+01
5.837087260326916294e+01
5.739368916934570564e+01
5.386072102244360593e+01
5.468306740720636583e+01
5.742767881862334889e+01
5.613953274730796039e+01
5.725017147616449620e+01
5.752020117882375416e+01
6.029446308091079487e+01
5.671232969409118141e+01
5.802835488060018321e+01
5.938958373938412905e+01
5.822607197142826863e+01
5.661366911705369631e+01
5.510944488082446213e+01
5.846959795700181672e+01
5.951863755957238311e+01
5.687324112554065891e+01
5.695785827418391278e+01
6.017890517388050853e+01
5.697080400016874080e+01
5.848315663225354655e+01
6.142773345829570530e+01
5.999271061973414731e+01
5.948334880699808735e+01
5.645546527771769263e+01
5.975961495200555618e+01
6.013060334931980577e+01
5.744375452296056750e+01
5.797111264302187550e+01
6.016878538027284407e+01
6.220190631479059107e+01
5.711422168897178864e+01
5.994279388915918361e+01
6.123317713120426475e+01
6.187935642423450844e+01
5.762506442561791431e+01
5.962034506205772999e+01
6.079030569818599616e+01
6.166824639289429655e+01
5.687423813824837282e+01
5.924068457503221197e+01
6.019453098867885643e+01
6.136455449549061569e+01
5.727282390433646952e+01
5.942949509899960248e+01
6.019642667026916172e+01
6.182984702115308551e+01
5.673581168808769348e+01
5.879719774611984917e+01
5.935751644395314486e+01
6.097563222755896817e+01
5.948516118470523395e+01
6.183735368082547978e+01
6.217516265933809905e+01
5.876151650494811918e+01
5.983247288506206019e+01
6.188657340349975300e+01
6.186477871881068324e+01
5.900692855476395948e+01
5.934272486868668750e+01
6.165863096753049177e+01
6.096372374595667054e+01
5.833666074163681259e+01
5.837888198701391218e+01
6.096082391647942700e+01
6.044517118267286548e+01
6.232694809560745597e+01
5.622949005046637438e+01
5.943640553635986379e+01
5.954531979537983233e+01
6.134422812362360844e+01
5.492193532412181156e+01
5.827960761060496253e+01
6.094486344823968693e+01
5.836813253383012778e+01
5.990479428156795194e+01
6.280663292755714622e+01
5.975627576135985919e+01
5.974292081042018765e+01
5.723589058133057250e+01
6.037039958615590507e+01
6.225217662004094166e+01
5.617606869370013811e+01
5.930479235109872604e+01
6.160307709868173731e+01
5.910437478686569790e+01
5.929376460003616955e+01
6.231727035875663034e+01
5.904690305693797114e+01
6.193616064069235705e+01
5.540044616966900293e+01
5.877948434812143574e+01
5.994836332380128141e+01
6.154110456586273870e+01
5.554532679545952334e+01
5.829760052288035155e+01
6.001851989364233475e+01
6.067491097474562878e+01
5.617887855717227552e+01
5.798004067053940958e+01
5.878163592086043110e+01
6.023860640655789211e+01
5.499762405161557410e+01
5.708734369221964755e+01
5.801632849339785736e+01
5.916568312904297500e+01
5.613289724926800517e+01
5.785228330003888431e+01
5.864001650476581062e+01
5.986230164701770207e+01
6.051580686110740004e+01
6.230127474156712708e+01
5.726850293298857508e+01
5.847100390784103752e+01
6.041561860412822682e+01
6.036001903510081235e+01
5.955244948755775880e+01
5.483404990959498093e+01
5.719317565544526616e+01
5.702714625150577632e+01
5.927266882668996573e+01
5.683252269600635032e+01
5.959532414431218683e+01
5.864702824930949987e+01
5.803048848176833729e+01
5.726738546902369364e+01
5.975359807962595227e+01
5.917047458438323559e+01
5.717388850545279411e+01
5.974567015413581572e+01
5.782285618588938547e+01
6.051082896379475073e+01
5.542852485416745623e+01
5.844094554435470457e+01
6.005745332146706517e+01
5.714739235851489951e+01
5.672005216018009577e+01
5.972052272770676495e+01
5.693326773833364740e+01
5.980078780537906624e+01
5.285400981185379976e+01
5.644624517559154242e+01
5.878290130834877658e+01
5.542439937621740853e+01
5.572127352707207137e+01
5.858182177617958075e+01
5.762348090944576740e+01
5.874979921743513955e+01
6.111542753766215696e+01
5.482208910653610445e+01
5.939859703807159264e+01
5.321696893747675716e+01
5.667612281907864968e+01
5.831839941499189450e+01
5.624238170198382392e+01
5.482445758047234108e+01
5.704257971726327980e+01
5.839755202304402815e+01
5.464162359046055428e+01
5.570360419451009903e+01
5.732284724417253585e+01
5.868252477039539627e+01
5.396411238905529473e+01
5.624658392285851249e+01
5.771132698251784632e+01
5.832422311003239912e+01
5.373620689232922132e+01
5.495401911653016214e+01
5.627055009829236809e+01
5.741474617246008449e+01
5.457828369386453460e+01
5.654850488406075470e+01
5.705762240482509640e+01
5.784403582258819654e+01
5.255565526436681978e+01
5.489119245710252670e+01
5.533360252410086844e+01
5.704024654174354225e+01
5.528770716614473457e+01
5.751097956984666126e+01
5.721364788516184774e+01
5.471846131710094596e+01
5.504319031966608122e+01
5.730756276535211668e+01
5.660410207155579343e+01
5.358615832419918235e+01
5.353105919432875481e+01
5.598586050550376569e+01
5.542235787808809278e+01
5.554456335815952173e+01
5.669581307525695735e+01
5.665951318306633766e+01
5.776853119685194571e+01
5.100907685453010032e+01
5.508412402281038567e+01
5.755513985332757443e+01
5.503482131010458289e+01
5.546522837856531396e+01
5.838591404494857073e+01
5.552506071400670606e+01
5.712198262207075317e+01
5.168285520346833550e+01
5.556185295105393607e+01
5.782435862774902802e+01
5.061548553399115491e+01
5.530736710010673107e+01
5.766613062051791161e+01
5.321601636196520957e+01
5.804342265296023839e+01
5.939170787408225038e+01
5.412711962473785832e+01
5.728476159314318750e+01
5.074458946284418914e+01
5.492118495910124665e+01
5.691018819850152255e+01
5.743047080877191490e+01
5.260139513035890957e+01
5.509745401951353472e+01
5.556018511911141644e+01
5.699067362921636715e+01
5.105889118386435399e+01
5.417805847435738542e+01
5.488682868046269903e+01
5.628254759957189179e+01
5.140704748432109028e+01
5.418027487592659241e+01
5.497441532208410564e+01
5.622051841657422244e+01
5.760176050903196909e+01
5.879386216679461086e+01
5.455108998741741999e+01
5.611328475610769573e+01
5.773805787115463772e+01
5.830870438855890114e+01
5.479904341092569098e+01
5.600645054643617726e+01
5.784680609685145924e+01
5.799213024810528339e+01
5.503658907097273811e+01
5.584668936396837324e+01
5.801538962851578418e+01
5.766173059538706269e+01
5.386412590398723665e+01
5.451813136427267636e+01
5.698284040903403991e+01
5.619193750593863257e+01
5.752316596931994752e+01
5.785170005510229174e+01
6.006550499895086404e+01
5.544420452000577626e+01
5.822211849605663048e+01
6.052623480801545952e+01
5.804757913095276933e+01
5.692813266255728877e+01
6.001037982658939995e+01
5.754324058262832864e+01
6.057485559721090596e+01
5.326651893569253815e+01
5.775883788616872039e+01
6.007960533829913174e+01
5.698309238208602068e+01
5.742545084179594284e+01
6.054191538824422025e+01
5.732870119538434750e+01
5.897980603622717410e+01
5.506627485976922998e+01
5.847940648252278351e+01
5.986708766036660734e+01
5.467927039228612784e+01
5.879729725522183514e+01
6.014596981875964588e+01
5.875113730154706815e+01
5.824573677880916733e+01
6.069870103609061118e+01
6.047422308241604583e+01
5.685218465903480478e+01
5.910656341060615659e+01
6.039966298742049844e+01
6.114915153386189672e+01
5.696560170733567219e+01
5.876421154896566179e+01
5.998242734176152879e+01
6.077014685991314025e+01
5.628261201014603188e+01
5.828949902393249261e+01
5.959438560758255221e+01
6.050751722871564908e+01
5.617159900804355033e+01
5.837563478246909199e+01
5.995249231024450154e+01
6.024572958020151958e+01
5.649533933658457840e+01
5.758662655386705609e+01
5.908208638115517175e+01
5.967947275212851110e+01
5.635920340489996505e+01
5.775579634187618439e+01
5.950757921892783742e+01
5.966947711200798921e+01
6.171787779316484546e+01
6.156306611956615882e+01
6.126436017062031425e+01
5.832502863387779968e+01
6.118636621831382882e+01
6.050444110224982808e+01
5.925108597280569711e+01
5.869849594913318214e+01
6.125304563983296191e+01
6.065818137846809321e+01
6.091254004603936067e+01
5.854905924747589552e+01
6.156455804486301986e+01
6.123746317051358545e+01
5.751958343735679335e+01
6.149768795490773243e+01
5.902741098146302079e+01
6.225894396507719364e+01
5.821821168412389369e+01
6.113831102438781073e+01
6.329274610087375663e+01
5.805649113140936635e+01
6.090541852515545429e+01
6.325084570358973224e+01
5.945997635616184596e+01
5.976594495082691338e+01
5.686794751193355779e+01
5.985882434216302528e+01
6.074791944600697491e+01
5.810150693824139267e+01
6.125651529516457572e+01
6.062673117165740422e+01
6.047299045518116145e+01
5.710089571956799404e+01
6.061186600711441486e+01
6.043541420206907588e+01
6.011892970988936469e+01
5.661638178671498878e+01
5.923408048718767560e+01
6.043989694872099250e+01
5.943227308430263633e+01
6.047961748939952287e+01
6.193467180815974871e+01
6.018870724518094306e+01
5.768506999088724996e+01
5.936803889346823837e+01
6.042466302047640880e+01
6.151881136978334297e+01
5.516326032238814037e+01
5.768729847696288004e+01
5.906378020096757098e+01
5.997819418257947888e+01
5.648385447814593618e+01
5.836380074919130578e+01
5.895541997340272644e+01
6.009805859252342941e+01
6.172081985833383300e+01
6.159955289693279923e+01
5.891654512619499684e+01
5.942462149215820943e+01
6.156590568908234218e+01
6.099089471683936381e+01
5.814966273094717053e+01
5.813350690330833714e+01
6.057231125699528462e+01
5.953156692591508659e+01
5.754841943636255053e+01
5.891114038224188931e+01
5.925757505863017371e+01
5.981566098638342055e+01
5.663703655784600954e+01
5.992882504494139084e+01
6.153563044442537944e+01
5.699680208633281353e+01
5.964890481762233776e+01
6.193331346579229546e+01
5.933453411252313003e+01
5.820069993992452595e+01
6.128275145779893052e+01
5.843475034751858033e+01
6.138078672807095160e+01
5.518692416680286783e+01
5.846700865155301585e+01
6.074884272003960461e+01
5.717700761176488555e+01
5.702523787212013673e+01
5.992655546546153289e+01
5.799807793240231035e+01
6.021800802394248109e+01
6.249557902017686217e+01
5.713339323200249709e+01
6.062600369582581550e+01
5.261519453298377869e+01
5.700853387661801008e+01
5.888169786432959540e+01
5.893624344533549220e+01
5.444160723918253808e+01
5.657860146126875378e+01
5.738447535948298395e+01
5.864806555468458527e+01
5.321748148738905115e+01
5.615765588510885920e+01
5.753152071065584749e+01
5.835930814192931848e+01
6.002782087900772012e+01
6.019444041407618329e+01
5.654589379898771284e+01
5.814986111885517062e+01
5.922038912962441515e+01
6.016897664676278623e+01
5.364280664172364510e+01
5.638167347605354252e+01
5.751254255579278407e+01
5.828531483367501664e+01
5.521162130267914137e+01
5.664840228081104812e+01
5.809957463918273390e+01
5.828713120876882670e+01
5.379229153100209260e+01
5.471355418479558352e+01
5.661433470920433564e+01
5.639779905183787889e+01
5.793252184341295674e+01
5.763075626673226992e+01
5.985404471359495204e+01
5.585927577074905059e+01
5.866336467703850133e+01
5.807382177851726368e+01
5.958065752646555069e+01
5.586800365820291603e+01
5.877699428003372617e+01
5.871904446416454704e+01
5.842357589113039751e+01
5.489917592523502776e+01
5.801831310535521169e+01
6.035476975935296906e+01
5.360496096796725851e+01
5.777049594903687790e+01
6.010003402890926338e+01
5.712329191436460718e+01
5.710595474436041741e+01
6.014480776599025802e+01
5.710342758449542089e+01
5.933372634629955655e+01
5.109339802613222759e+01
5.645147942049921852e+01
5.880040063611394885e+01
5.471459496886067342e+01
5.823624134710284750e+01
5.858308760928938597e+01
5.922618862949926921e+01
5.222784963733896291e+01
5.721201048590052807e+01
5.838566843351830471e+01
5.994697922577304894e+01
5.241648520886862173e+01
5.651721450524915014e+01
5.827381989590856648e+01
5.886516421465992721e+01
5.418350348641522629e+01
5.608528571723592648e+01
5.695889320001576550e+01
5.818641622554302728e+01
5.973910447187378026e+01
6.070011646280535444e+01
5.511392644748305969e+01
5.745995724461233323e+01
5.834051820138274280e+01
5.962689472910678035e+01
5.558194715908492611e+01
5.703884724756059654e+01
5.826403657295836780e+01
5.887117856207828481e+01
5.885209075213830943e+01
6.071269868657078916e+01
6.084139470235934510e+01
5.765996129007147175e+01
5.839651122298436547e+01
6.051615922277684234e+01
6.016649358302164785e+01
5.644034319849074421e+01
5.695937451087782932e+01
5.938239117301503711e+01
5.859561171513860245e+01
6.010909627365386854e+01
5.918646319857491989e+01
6.192118867174895769e+01
5.878140141204328017e+01
5.915165601720956801e+01
5.995907529776430778e+01
6.173655556676412459e+01
5.629932712840633968e+01
5.956892490339450319e+01
6.195408370431134415e+01
5.951683310267566895e+01
5.976594104365197069e+01
6.284482130630376417e+01
5.983995306979301176e+01
6.205681238264914867e+01
5.538218803193064588e+01
5.964477653734530804e+01
6.201537954711614731e+01
5.811490728297042807e+01
5.858821869287115902e+01
6.158689822849398610e+01
5.936557867329237581e+01
5.982875239177334237e+01
6.300877304706438053e+01
5.923748921144225932e+01
6.216120442837723203e+01
5.388890823230752147e+01
5.884866055284284414e+01
6.003414205142078686e+01
6.176973843619216353e+01
5.489083663187234663e+01
5.860783992649415097e+01
6.037253758565216799e+01
6.118058925222432265e+01
6.278908726009181152e+01
6.398600774746490316e+01
5.806650585648520746e+01
6.076505377488753368e+01
6.194901775772386543e+01
6.292902080854575075e+01
5.902464170628822160e+01
6.069395046206928868e+01
6.212582958561525004e+01
6.288543816810278031e+01
5.737001025378356189e+01
6.005963090236320312e+01
6.051539004629059804e+01
6.208793912317852914e+01
5.985793491302545988e+01
6.224843845441996848e+01
6.252732710134770855e+01
5.994696974578733517e+01
6.209035212646315216e+01
6.373932309373781635e+01
6.187984433656081507e+01
5.908672834019083098e+01
5.953949877762542542e+01
6.178763855851521924e+01
6.095465088187390990e+01
6.039879243222813443e+01
5.980509259803224609e+01
6.239528119911089732e+01
6.100106365036249656e+01
6.365305797764898443e+01
6.586902659569406637e+01
5.938530464483174143e+01
6.246128245963382852e+01
6.491542977389028124e+01
6.221970592765383401e+01
6.326869101400555451e+01
6.063441815182182637e+01
6.375442014480767483e+01
6.391370237234156093e+01
5.946264243355904711e+01
6.219112383973405400e+01
6.447546967397605044e+01
5.999203936212668964e+01
6.287562318542397577e+01
6.503048580198641559e+01
6.154860009107739671e+01
6.409231222604890377e+01
5.781778839899979516e+01
6.109150542918307281e+01
6.326138054178036185e+01
5.790611673920245295e+01
6.119843678086584760e+01
6.217144913231906855e+01
6.317615079238164810e+01
5.777549008932035690e+01
6.053072180694766757e+01
6.217666620713227132e+01
6.278390002334671038e+01
5.825100972080812767e+01
5.996001809554748263e+01
6.069030816242694470e+01
6.202913808908215287e+01
6.347261147995428843e+01
6.407622495402270602e+01
5.976090439928761100e+01
6.111446191138842465e+01
6.234254939677003904e+01
6.325559810820723783e+01
6.042467769678966505e+01
6.246600966885243622e+01
6.268226486780061890e+01
6.380634995241199903e+01
5.847813538738138561e+01
6.034884041974726898e+01
6.045363112532574945e+01
6.182599979953898384e+01
5.679685608342754222e+01
5.913485905620110117e+01
5.889849808591590374e+01
6.109069668444968926e+01
6.123282028374808306e+01
6.318741154521766390e+01
6.186169393398934346e+01
5.800400502805838698e+01
5.865650772531533619e+01
6.103326032778215193e+01
5.965425044376632258e+01
6.110167279223419712e+01
6.310897629984774682e+01
6.094640205147592837e+01
6.026705096962008668e+01
6.285018414380170526e+01
6.038786398876736428e+01
6.319124734095846918e+01
5.683044102695905764e+01
5.991606089509635780e+01
6.197340969380231002e+01
5.893897100699378910e+01
5.965791503370622451e+01
6.233470821583868116e+01
5.905638271072856327e+01
6.016265850794180636e+01
6.269808138164192002e+01
6.094925267008783010e+01
6.045907604313739370e+01
5.694236488337988078e+01
6.010291219347659109e+01
6.184695124933660537e+01
5.493298025940356411e+01
5.877218707008302090e+01
6.060621092194028137e+01
6.075110458483624853e+01
5.689504019587937478e+01
5.844777484412621504e+01
5.877732515175591033e+01
6.042109596804775862e+01
5.574211400840934516e+01
5.789788284114840167e+01
5.848319203971207969e+01
6.031285917681512387e+01
6.100250141210265298e+01
6.217384332305713457e+01
5.673224286270550465e+01
5.856768980559986204e+01
5.944487802464239934e+01
6.054730873194577612e+01
5.695753870055609980e+01
5.822309602288368069e+01
5.961581131559336910e+01
6.007519759060217979e+01
5.566441487456551585e+01
5.668845466368174613e+01
5.817992491744209360e+01
5.845861519963010977e+01
5.755001192777624652e+01
5.796681674056436151e+01
5.990408880816431036e+01
5.935841243749583640e+01
6.157176597511350735e+01
6.082843024243926777e+01
5.779230982919458626e+01
5.765012449938261341e+01
6.008622785705663460e+01
5.909094985926699906e+01
6.016796568414203961e+01
5.714154731951083477e+01
5.976454517265331390e+01
6.013646719515519834e+01
5.600320965735726730e+01
5.993546834733563600e+01
6.091173305795575033e+01
5.885230375583905271e+01
5.700768965991630921e+01
6.040207481384655352e+01
5.755597740190041378e+01
6.054864363772890101e+01
5.348426443611755587e+01
5.778251765990924582e+01
6.007263266027348436e+01
5.656294267215677252e+01
5.941895501540093960e+01
5.984961427830224068e+01
5.808783715517663637e+01
5.767532218526832821e+01
6.083111048683879574e+01
5.718440873272644609e+01
6.010843695719337632e+01
6.104572692039040760e+01
6.245204855940205135e+01
5.794212393292266938e+01
5.829513839289142396e+01
6.018572425527300851e+01
6.187112591208355639e+01
5.507241373453107514e+01
5.869271589403217604e+01
5.990268694047742315e+01
6.125418500273796241e+01
5.602440436139150393e+01
5.731332136832077850e+01
5.899212725675801750e+01
5.985891117048652177e+01
5.586178655862669729e+01
5.746094698580748883e+01
5.884244229586429498e+01
5.991235276222499095e+01
5.540927032131162377e+01
5.747342053758256952e+01
5.782130880522051797e+01
5.943994913628228716e+01
5.978748762676606532e+01
6.165902967261681766e+01
6.016445445588826857e+01
5.601526389014605911e+01
5.687729696160251081e+01
5.893279876029828301e+01
5.860203902173684298e+01
6.094099797656150486e+01
6.022170005716665031e+01
6.196979584291150900e+01
5.721461272286931177e+01
6.039066609384315143e+01
5.929944540275551645e+01
6.169507888654084837e+01
5.608308269061953411e+01
5.947706137440026453e+01
5.978424338029668661e+01
6.005886717207376080e+01
6.283882820719355067e+01
6.120864943460446028e+01
5.940370517991450328e+01
5.783835171708458489e+01
6.085132474924135693e+01
6.312717739867016320e+01
5.824622919056470494e+01
6.164485785620438207e+01
6.392628391733286009e+01
5.737876473504877595e+01
6.144256390039613080e+01
6.369297626600543083e+01
5.956885744143284001e+01
6.288477495881475221e+01
5.842755825553048510e+01
6.163363046886763641e+01
6.082787939170837888e+01
5.837606346923518430e+01
6.178811276521279439e+01
6.253611065676003022e+01
5.965786398303726656e+01
6.049785681777065349e+01
6.243736721240973964e+01
6.410099275524122220e+01
5.891539140996557933e+01
6.131931017114093407e+01
6.219655162871660536e+01
6.330854273713641334e+01
5.824108448048558273e+01
5.983185696472330761e+01
6.097785221956913659e+01
6.222234828150374142e+01
5.783155244824492769e+01
5.941009626925628595e+01
6.079330718354478336e+01
6.182509648208407071e+01
6.238375371097543365e+01
6.394367781382847937e+01
5.941466488888283948e+01
6.167731599696367084e+01
6.210885287045379499e+01
6.390349496970503651e+01
6.179225633824831476e+01
6.435719521746067073e+01
6.414233362791692628e+01
6.242486114624571769e+01
6.204861250652095350e+01
6.445806761801117091e+01
6.389818877678453646e+01
6.038815277433558038e+01
6.035021804344653873e+01
6.289529885857769642e+01
6.219144964853001056e+01
6.354451211375204878e+01
6.512662709483700496e+01
6.281115498415098841e+01
6.158400847114437937e+01
6.005953275286173465e+01
6.296620524709106803e+01
6.511234359088629731e+01
6.003982708529767365e+01
6.265670931555882106e+01
6.497634285090389028e+01
6.170252528536304482e+01
6.104750767656246069e+01
6.413265134158928049e+01
6.089572101089584777e+01
6.396148774517362767e+01
5.781816344299127053e+01
6.074925834378763767e+01
6.295933723535427617e+01
5.970972800272687664e+01
6.268695405953523903e+01
6.245158847697684479e+01
6.353762981989863334e+01
5.859576305685558140e+01
6.173373405684677806e+01
6.198281599781020645e+01
6.290091856731800135e+01
5.735907618835621946e+01
5.963134430900857552e+01
6.125323143575236173e+01
6.192559211052731882e+01
6.344129694729493707e+01
6.463529424397187029e+01
5.905015681045596665e+01
6.124500675608874189e+01
6.266071639083485678e+01
6.329038832079470467e+01
5.943512091981276058e+01
6.098927475617769289e+01
6.206155377013403296e+01
6.261477449519335181e+01
5.922420443427539283e+01
6.119151316925015038e+01
6.150528627274353255e+01
6.276021081637737353e+01
5.738829843269668629e+01
5.915551342127533729e+01
5.924653974822616220e+01
6.083555844521747957e+01
6.101336970584760877e+01
6.278629203288989657e+01
6.199572136010449697e+01
6.462017115740492557e+01
6.326218196173336139e+01
5.977205306517058148e+01
5.972709648162301477e+01
6.236523272355157843e+01
6.092047009320801720e+01
6.294034088521999593e+01
5.748912136810619700e+01
6.046219306972660945e+01
6.084784848531719348e+01
6.032952686424634692e+01
5.853297892539912084e+01
6.164272276407483986e+01
5.919504738695510326e+01
6.191045106338336268e+01
6.418433095745275807e+01
6.090694181327446444e+01
6.018049664794417453e+01
5.772004889176347575e+01
6.056171910306788675e+01
6.259698716366838767e+01
5.585346884585209182e+01
5.932160363292236838e+01
6.146711404685922275e+01
5.910154845238235310e+01
5.898255391884157461e+01
6.188269790426138428e+01
5.859567493454544973e+01
6.117389403522496139e+01
6.269255064861084747e+01
6.156789636144486622e+01
5.837801169497178932e+01
6.028993065202271140e+01
6.140680083101234032e+01
6.203978169367503881e+01
5.744081287083968590e+01
5.890876664456379075e+01
6.012642822310517232e+01
6.146294912357454621e+01
5.639123413083880365e+01
5.736458656682009405e+01
5.888584067520263687e+01
5.964586555668675061e+01
5.657807750079339115e+01
5.816273669250687561e+01
5.920019527783398416e+01
5.953655224915952715e+01
6.035940172511594426e+01
6.160831138044110133e+01
6.000952441393808101e+01
5.545477253791261063e+01
5.771568441089225132e+01
5.808014016811373637e+01
5.966454376788984604e+01
5.767114575024638867e+01
5.980104788137458627e+01
5.945443636834319534e+01
5.733495119373863247e+01
5.866293089667097860e+01
5.957203355411112966e+01
5.892463395492278977e+01
5.545326077683376553e+01
5.653024009627801405e+01
5.866195642835508295e+01
5.710814149651838534e+01
5.965423117895832661e+01
6.045909850921469086e+01
5.876132831140527912e+01
5.637174519382998028e+01
5.953065513975975875e+01
5.735669372050089265e+01
6.023134370580213925e+01
6.257644951954004853e+01
5.966409196901890510e+01
6.093995755901702438e+01
5.703660576506354829e+01
6.016900311421807146e+01
6.151108885863354914e+01
5.535295307702968870e+01
5.937319495742693931e+01
6.149159238266101113e+01
5.749991440897434813e+01
6.043635883308142098e+01
6.247269447948948340e+01
5.794657231274510423e+01
6.083917900243718435e+01
5.215038331184038611e+01
5.726031109067118763e+01
5.842029333936481805e+01
6.014665959824108654e+01
5.281962792334967816e+01
5.675006719866412652e+01
5.845973072217199018e+01
5.915611198793697412e+01
6.059967176216292728e+01
6.184499243444668792e+01
5.603290995921101825e+01
5.845518212139913317e+01
5.997080921755716787e+01
6.071110303841147982e+01
5.630126652050640246e+01
5.780402288720228654e+01
5.914735640635841918e+01
6.024604026229284415e+01
5.620588989770094202e+01
5.814020470220972214e+01
5.865577976640889091e+01
6.023497712035582907e+01
6.051944965410008592e+01
6.239208708501706013e+01
5.975194509566541257e+01
5.912505976376259298e+01
5.980755977920122746e+01
6.188840781096440224e+01
6.002349704068239333e+01
5.648233369715202912e+01
5.964903278892050054e+01
5.885926038109958824e+01
6.116507134721580030e+01
6.118887083177241948e+01
6.341795575275434516e+01
5.741590035805204906e+01
6.048962991366597208e+01
6.246741779610746192e+01
6.007095753711219999e+01
5.954390941599082510e+01
6.244369805899944481e+01
5.993322607420744674e+01
6.289002092878342154e+01
5.579533117954223798e+01
5.994752100533318639e+01
6.240513036283204684e+01
5.922338001201803337e+01
6.234495236114320704e+01
6.424157564303916956e+01
5.704967313887804892e+01
6.118736598168125340e+01
6.346175603373499285e+01
6.171480599827334146e+01
6.203364037260396913e+01
6.485913382490443269e+01
6.127619466906821799e+01
6.231064871801785898e+01
5.860201649577677330e+01
6.144709918654635317e+01
6.070280616322702372e+01
6.255813340278096746e+01
5.849623095676451356e+01
6.027729991586657121e+01
6.097956089062601137e+01
6.237254581277217369e+01
6.362113892096159873e+01
6.480040408373959337e+01
5.966408761209012113e+01
6.105375057555657037e+01
6.236501391309963083e+01
6.346056991208110531e+01
5.982757965063524352e+01
6.221133684024741939e+01
6.323408729264318140e+01
6.386434918547892181e+01
5.874975231748713611e+01
6.053049056243850856e+01
6.111614021542845165e+01
6.265589081881711309e+01
6.309709516257752426e+01
6.465393000648498401e+01
6.283519328048101471e+01
5.963585090175247672e+01
6.023507976761901261e+01
6.220774125800593168e+01
6.198115085884505504e+01
6.180326106593484781e+01
6.399911332998220814e+01
6.306091179948398207e+01
5.978688393129766609e+01
5.987851660396675157e+01
6.245241692441678794e+01
6.113943765733999669e+01
6.303981372116832915e+01
6.450969746805368743e+01
6.226018842328971914e+01
6.187762891633225593e+01
6.470792784318811641e+01
6.227428108767537651e+01
6.522669879149877659e+01
5.912972962732279569e+01
6.266918874137525108e+01
6.461487939099193056e+01
6.129687053733221092e+01
6.096958027255856649e+01
6.399462277108720798e+01
6.065442974957687028e+01
6.362041505526597973e+01
6.578763607303433503e+01
6.112443012883976934e+01
6.546170761397799254e+01
5.871764481753135811e+01
6.180340845582046683e+01
6.387072261546023100e+01
5.951898392036014940e+01
6.243712421292649140e+01
6.181767555013968973e+01
6.435247583708124353e+01
5.886351901995536195e+01
6.106551537013587705e+01
6.224151694119827738e+01
6.328903054798001904e+01
6.426809140481013571e+01
6.549494457393252844e+01
6.001780632092535228e+01
6.225076994996054935e+01
6.332986071514373805e+01
6.444639747954173004e+01
6.020894952978409265e+01
6.158207653998277209e+01
6.270999764389426900e+01
6.356297640764520906e+01
6.038202631416433519e+01
6.235573358475438255e+01
6.267408710146958839e+01
6.388691686443594620e+01
5.830960569134808935e+01
6.000947065108790923e+01
6.010249074074584286e+01
6.167565075328997892e+01
6.199812449897195421e+01
6.369823447504693092e+01
6.282052969137044585e+01
5.864775787933800189e+01
5.900647812907210721e+01
6.155514427662334498e+01
6.043237760154666915e+01
6.305967645813919376e+01
6.168777838218542087e+01
6.370361905241085054e+01
5.840048311184013841e+01
6.137752910250660676e+01
6.193400654960338869e+01
6.074910235929947788e+01
6.339412793732333995e+01
6.559962172683643189e+01
5.939613363467039875e+01
6.225203939599605008e+01
6.451798868122996566e+01
6.155269609777591455e+01
6.207947144761424596e+01
5.932007380192748514e+01
6.210593364670378946e+01
6.265078266353058467e+01
5.911165866169453409e+01
6.196940520859983792e+01
6.146064434624113204e+01
6.035011736970277951e+01
5.944391653490139049e+01
6.248231097753824770e+01
5.908071402886061918e+01
6.192333160990101248e+01
6.360860430687196754e+01
6.151914627318783602e+01
5.881628205193353409e+01
6.120647078123770513e+01
6.205986450234889418e+01
6.264195530481427454e+01
5.651147391905877271e+01
5.957447479738993223e+01
6.092805185942198420e+01
6.178119912870347008e+01
5.711451824043330561e+01
5.871531706351836988e+01
5.965788502062924437e+01
6.056674399007962251e+01
5.505536252545334719e+01
5.744860735867044355e+01
5.831288648853528400e+01
5.934198938224290742e+01
6.043061135194374600e+01
6.117577714676120593e+01
5.854392876496643794e+01
5.947481462296355659e+01
6.098352108316669984e+01
6.107914944340132024e+01
5.673910231017847394e+01
5.734839182815091618e+01
5.921435431607395117e+01
5.895690265422697962e+01
6.012878489291212958e+01
6.030343926868918913e+01
6.219891085056766400e+01
5.690417315734200088e+01
5.976039861740270709e+01
5.955739090781220568e+01
6.174667637233818596e+01
5.639384501267063143e+01
5.945144479144019556e+01
5.982684802773550103e+01
5.945470012805613180e+01
5.689132945680552211e+01
6.029117466040729312e+01
5.810859881042731701e+01
6.076799444619110346e+01
6.324906794920828901e+01
6.008985033455297753e+01
5.959264338292667418e+01
5.727596697976215978e+01
6.011900943249381157e+01
6.176800267739348271e+01
5.443212092274258396e+01
5.884596725718851928e+01
6.101740131030840075e+01
5.882420494669707267e+01
5.980352347804333135e+01
6.238859512755988845e+01
5.785803488835190223e+01
6.029006348560936601e+01
6.236031495610461661e+01
6.116219303757365822e+01
5.792468136396213652e+01
5.976466445395733018e+01
6.125121101809907032e+01
6.186603445136591262e+01
5.749214606747867151e+01
5.924411335868283857e+01
6.025044713037783595e+01
6.109502999940654178e+01
5.634002223266637088e+01
5.840954116696494225e+01
5.917562860695853288e+01
6.043345476897784607e+01
6.134202203290602284e+01
6.257934315656852675e+01
5.773489360593526243e+01
5.931053634366215022e+01
6.067949139007954784e+01
6.102804898245943832e+01
6.193032523393636524e+01
6.338211150634924707e+01
6.332438721104603729e+01
5.941434240167274794e+01
6.020352973964455856e+01
6.221433722030696600e+01
6.185739407178379423e+01
5.856815819793000344e+01
5.888200539720483562e+01
6.122985195248784152e+01
6.039836784400581848e+01
6.154290177366507919e+01
6.067155218748344225e+01
6.333502895253757004e+01
6.088123075180547517e+01
5.861867671054148587e+01
5.996926965848373925e+01
6.105714303000397081e+01
5.931677804978479429e+01
6.219261077103713120e+01
6.471650926302277185e+01
5.944992055324217262e+01
6.261619229491719096e+01
6.511948855354377486e+01
6.136197672580311746e+01
6.165290911424008868e+01
5.906416693959541675e+01
6.212512902892534328e+01
6.281371023884436511e+01
5.926105130441123237e+01
6.224727214115642226e+01
6.150455146533117556e+01
6.078901971900987888e+01
6.202553280499696342e+01
6.444350537549746605e+01
5.722553360120460297e+01
6.201828685808403918e+01
6.393023943116627095e+01
6.349302996825815626e+01
5.961501484312396570e+01
6.094143014704705053e+01
6.252571469748447441e+01
6.394232950157155670e+01
5.786072274088900969e+01
6.101917169519747119e+01
6.234976634918305649e+01
6.324602324757800176e+01
5.832358571293231364e+01
6.038722580667258910e+01
6.141522080556649144e+01
6.235524324737614421e+01
6.331800491757677207e+01
6.418657423908689452e+01
6.273810747295615187e+01
5.930874129770511871e+01
6.023731104106803258e+01
6.172396257057275193e+01
6.184919061534743179e+01
6.058143012469565747e+01
6.114288572217689222e+01
6.288891920312094186e+01
6.269279498242563164e+01
6.470506247889083795e+01
6.439134766489813444e+01
6.054719567398312563e+01
6.095014039386021665e+01
6.307165747603215067e+01
6.253870722789725534e+01
6.320760551033761487e+01
6.337998052946419136e+01
6.566203076295168728e+01
6.122105300513054260e+01
6.391741539455027521e+01
6.467278722297648130e+01
6.307896249877739336e+01
6.059625266195865123e+01
6.359235667552713522e+01
6.100007378958255089e+01
6.400962910650021342e+01
6.056279533040119389e+01
6.370472458452331921e+01
6.559477125730433045e+01
5.885877488048377870e+01
6.215129465826208133e+01
6.447245321147158847e+01
6.105952261847841100e+01
6.161292644029207111e+01
6.434802532132164288e+01
6.280575601952180875e+01
6.422919686789795435e+01
5.887100497871860938e+01
6.206992362235850180e+01
6.358587525653688743e+01
5.795703494354801677e+01
6.121249700182791287e+01
6.293643888653902252e+01
6.185839196625749281e+01
5.839060221872717449e+01
6.048165370397532570e+01
6.202762879470412116e+01
6.193204318581352652e+01
6.337063669357684148e+01
6.441032192283446989e+01
5.988227066771293750e+01
6.105955740558323441e+01
6.225644088766285478e+01
6.362723026539744353e+01
5.846365277546891548e+01
6.000333543018718530e+01
6.088937148727401194e+01
6.180993651099272057e+01
5.771448742443345026e+01
5.970207326973819306e+01
6.075514954285861791e+01
6.121438036919921899e+01
6.039385271745652517e+01
6.224477513799370598e+01
6.209669400763405633e+01
6.007315903973115923e+01
6.042933789889707441e+01
6.256603237022003583e+01
6.160448074777480798e+01
6.415918505264279759e+01
6.286623815972404117e+01
5.960133866079560505e+01
5.951552249978077924e+01
6.212031613656449736e+01
6.069115698133855119e+01
6.274761652894878949e+01
5.732730378854641629e+01
6.027743104764497417e+01
6.077306183560499875e+01
5.968852318699217818e+01
6.231286380121245116e+01
6.444846663192227254e+01
5.833571516408793656e+01
6.123653409693947935e+01
6.347809907050680067e+01
6.047947750215895013e+01
6.076403399845369790e+01
6.349195779858389699e+01
6.026767364398446603e+01
6.221382042012469782e+01
5.672462629315111826e+01
5.987754802371188845e+01
6.191010473070172537e+01
5.621125910618333421e+01
6.008766349426097264e+01
6.199328930214019096e+01
5.912631990044175723e+01
6.068648068252837646e+01
6.306521214393856667e+01
5.736833396585918621e+01
6.142662298803205800e+01
6.226977237879821558e+01
6.348131215626305845e+01
5.728763692650307604e+01
6.021255873471195486e+01
6.166650529173775652e+01
6.186625221290491083e+01
5.722560980888779625e+01
5.812930943632985503e+01
5.968973238511587454e+01
6.055427230874142452e+01
5.688029152005781697e+01
5.822179328681263399e+01
5.939141869513183281e+01
6.017061375362742126e+01
5.640480877242801228e+01
5.832444049932864516e+01
5.888001224775548792e+01
5.967841150881333334e+01
5.996042844069734912e+01
6.157898624398747245e+01
6.030224319571866687e+01
5.538986164827958447e+01
5.762788426119540475e+01
5.714186292872674500e+01
5.910494303237216229e+01
5.797318554053781980e+01
6.026376869497374855e+01
5.937979942986923021e+01
5.632843170562283319e+01
5.712894762079500310e+01
5.930778639889211235e+01
5.792955119938707753e+01
6.047636070579792289e+01
6.060983548714212787e+01
6.049241515956772730e+01
5.382161383544403321e+01
5.850175975672223672e+01
5.956785655228279097e+01
5.779940343493588983e+01
5.913981137328829618e+01
6.164854074339110923e+01
5.861672374583499590e+01
5.832972457022176371e+01
6.134583434259201340e+01
5.840471768348362502e+01
6.082091852446441038e+01
5.222026635918476245e+01
5.746852968943606044e+01
5.967935619844152484e+01
5.709172015465235006e+01
5.995725557850930443e+01
5.921148833778978116e+01
5.947149835907666926e+01
5.568129144217927262e+01
5.939185300469744533e+01
5.886585498510205383e+01
5.869950665301473691e+01
6.057737332884133252e+01
6.223513796028780831e+01
5.637800136524234063e+01
5.854800479225175991e+01
5.981687126557876866e+01
6.098853681955997530e+01
5.643762966662595915e+01
5.804202112892266996e+01
5.966769510380940744e+01
6.045234339161745396e+01
5.659744273452528773e+01
5.837525739514690315e+01
5.961997720120824340e+01
6.055531301199355454e+01
5.552076784907926310e+01
5.748514001530570283e+01
5.850209207336196471e+01
5.986146866328849114e+01
6.026569580683595007e+01
6.172263299481669208e+01
6.042105652465769339e+01
6.294772969581544686e+01
6.274082481252787602e+01
5.989997607815568870e+01
6.018181437553619872e+01
6.269326293249358883e+01
6.185217355822489083e+01
5.841171160751826363e+01
5.838363982307289035e+01
6.117287175948337108e+01
6.012816839832906624e+01
6.010307734982666972e+01
6.224538889418656851e+01
6.023523257637024386e+01
6.264091109672848745e+01
5.701661516982176181e+01
6.090487055354368096e+01
6.331121776103883292e+01
5.926986026773602134e+01
6.267463251133987967e+01
6.531683524892703474e+01
5.735233199576381224e+01
6.198451871633756838e+01
6.464419974606121855e+01
6.102660844382187122e+01
6.107583050720444362e+01
6.447243126069177777e+01
6.178656181587302854e+01
6.313190089109786385e+01
5.955154350463518398e+01
6.284043080013339022e+01
6.250411360300775954e+01
6.005346307047688015e+01
6.375202238141532973e+01
6.356050149518105741e+01
6.253548834959186564e+01
6.339361774598561539e+01
6.538906436093739671e+01
6.190619066877265197e+01
6.516799839764193791e+01
6.625247694980168944e+01
6.506183132858200224e+01
6.412815366411297191e+01
6.012217007655814882e+01
6.188651723685678263e+01
6.316887919568244314e+01
6.491022758770033363e+01
5.878349173273852557e+01
6.124792839302542546e+01
6.254165487730929840e+01
6.348765170035464678e+01
6.530921361826356986e+01
6.595502277879508313e+01
6.243838720375340046e+01
6.363816531686004652e+01
6.575018397791814095e+01
6.615218144345649876e+01
6.080350915767021291e+01
6.288710551631377399e+01
6.499582507411861343e+01
6.437928742500130852e+01
6.285248605146179557e+01
6.322276549940860946e+01
6.588491298660893847e+01
6.484663337053348187e+01
6.791389030799805937e+01
6.777715579702525872e+01
6.318745532402394360e+01
6.322653505355122405e+01
6.664164784267900643e+01
6.686010876729486085e+01
6.289951766892779972e+01
6.719639755402552339e+01
6.488188541853395463e+01
6.840764366183184109e+01
6.168059144727835275e+01
6.600241382745251428e+01
6.834517149450260831e+01
6.393172643638013852e+01
6.551396830846593389e+01
6.888520368820478268e+01
6.509128910980949456e+01
6.510967505806587496e+01
6.882283898824258017e+01
6.506404844969281953e+01
6.794825013375300671e+01
6.269556246116921017e+01
6.611814808304724522e+01
6.794633574560688771e+01
6.265679050664866878e+01
6.681452538192672819e+01
6.704999532904426474e+01
6.842789033095388618e+01
6.286204912637335696e+01
6.670550267727540472e+01
6.672569696711767051e+01
6.821732989606691433e+01
7.014065011354253443e+01
7.101693367051906591e+01
6.566885378262790596e+01
6.753110855173343907e+01
6.928468628585972056e+01
7.102818393091871485e+01
6.464019623571860507e+01
6.764310022922956023e+01
6.893001350221229018e+01
7.012103151510955001e+01
6.451326133712959177e+01
6.690768161845720385e+01
6.800799540497959583e+01
7.003009562844937363e+01
7.073187488580428806e+01
7.312628066147550498e+01
6.640176368354335068e+01
6.888851649844448843e+01
7.071775307929782173e+01
7.069073038308729906e+01
6.631169755209673156e+01
6.751623321038704262e+01
7.086781606979707249e+01
7.008708342718661299e+01
6.668931447189422101e+01
6.796872358381575907e+01
7.152212598703039248e+01
6.938637280863105161e+01
6.627529385931396178e+01
6.669887835781403851e+01
7.018114815836960929e+01
6.842110608489400647e+01
7.209671064962515175e+01
7.398282641042315788e+01
6.708596288281248121e+01
7.056216970726771365e+01
7.377855860240482855e+01
7.060756095876803329e+01
6.971356121367088576e+01
7.374395760187925930e+01
7.014967798957577827e+01
7.357425980657424702e+01
6.644467095502513132e+01
7.091139876424230692e+01
7.389499544358638161e+01
6.815936183489807831e+01
7.192104801131979741e+01
7.458554195230198047e+01
6.725383150563882850e+01
7.179031144896730154e+01
7.463340595468983452e+01
6.841122813172823669e+01
7.381041051130014807e+01
7.633589778931950320e+01
6.909941267900444473e+01
7.398383840964825708e+01
6.701888531657372994e+01
7.129378347459108056e+01
7.207667291397729059e+01
7.391385130306902340e+01
6.819768737946375836e+01
7.072454076929162170e+01
7.278245819811665740e+01
7.392778364605212005e+01
7.608750183734241546e+01
7.396733983446958405e+01
7.362568534812506016e+01
7.071475413763511142e+01
7.357234667678216056e+01
7.445998084209401213e+01
7.211093026778816295e+01
7.376431467038581502e+01
7.659137712297560086e+01
7.345266605139926241e+01
7.426633862494544758e+01
7.497053287358696139e+01
7.780758096883826624e+01
7.155279900575764884e+01
7.555540237373570278e+01
7.519286118567899280e+01
7.817127267509202682e+01
7.101431889615892601e+01
7.498389638858445494e+01
7.467672323954414537e+01
7.530728867448502228e+01
7.510830892158824668e+01
7.895330208663322935e+01
7.559975940599272803e+01
7.479932712796561134e+01
7.492560559667457198e+01
7.897941685748996576e+01
7.538908772777443801e+01
7.998102012210569001e+01
8.043651853011328967e+01
7.741503022022008906e+01
7.640799722985779852e+01
8.027006959125930052e+01
7.671248425142300675e+01
7.923603925664541237e+01
8.312026828886261853e+01
7.864162296310121292e+01
8.032597506117792818e+01
7.645595287256762163e+01
8.067842075458841578e+01
8.075005089331466479e+01
7.661149488646651662e+01
7.988538058647222329e+01
8.346518203051478224e+01
7.505063077179163145e+01
8.103466687158788773e+01
8.409051207387182103e+01
7.602306845853122752e+01
8.229291219222513121e+01
7.508655023004571660e+01
8.002836497831826534e+01
8.144508892327867500e+01
7.938805440571154293e+01
8.321032364431233930e+01
8.529319408671382519e+01
7.737054923360123837e+01
8.233021976148565102e+01
8.467766315107235187e+01
8.382477563716530256e+01
8.106410602494190698e+01
8.410391314316622413e+01
8.668791262662081465e+01
8.114862191001715530e+01
8.340422893694686479e+01
8.740166655741585089e+01
8.405918910296354341e+01
8.620659000409389705e+01
8.704907883571542015e+01
8.919792240202885125e+01
8.262987777273198731e+01
8.596310722430527562e+01
8.931740492763594830e+01
8.702821579837635113e+01
8.363446320065280304e+01
8.502894235868565431e+01
8.944700405048139658e+01
8.824067348962100255e+01
8.281393322063740925e+01
8.822627172136455442e+01
8.724912746871029867e+01
8.976278325324436480e+01
8.993608679292464103e+01
9.231857455202406015e+01
8.929676266800768758e+01
8.782930335887984086e+01
8.732830713940484202e+01
9.213058982080109161e+01
8.713395352712045394e+01
9.193891472247628371e+01
9.412639990741757856e+01
8.539261509130167838e+01
9.145790912473540857e+01
9.598209473291869642e+01
9.019690514649201418e+01
9.494060167158110630e+01
8.638012692370692491e+01
9.236198527758766375e+01
9.632297357684467443e+01
8.728949685184755936e+01
9.365265859580348717e+01
9.760392082387568280e+01
8.888523260873994047e+01
9.527281614194664883e+01
9.880325777517109032e+01
9.053500382589740525e+01
9.645153541584387824e+01
9.965410920487596513e+01
9.226935425604548868e+01
9.769976089441450995e+01
8.999066161328676117e+01
9.540725944918092694e+01
9.847687990567611394e+01
9.206404942774540245e+01
9.632604271462710699e+01
9.936345755685388781e+01
9.286634915409534585e+01
9.819713271967388835e+01
1.017010041988839930e+02
9.873821733892449970e+01
9.958066472751752940e+01
1.042232805570012033e+02
9.745034620745907716e+01
1.033573184569557526e+02
9.587046474823000608e+01
1.009993035750869836e+02
1.018244159568407667e+02
9.909793301300504709e+01
1.047522756210520072e+02
1.040836888760340315e+02
9.945862698498717691e+01
1.018282069319241003e+02
1.077007200470295771e+02
1.008989254195338248e+02
1.060560107368227278e+02
9.854193194991933069e+01
1.048263205320806861e+02
1.035253314059840193e+02
1.023522389576289271e+02
1.060384946186191257e+02
1.044143084046260981e+02
1.049559414065044933e+02
1.035385148926292800e+02
1.097026086706809025e+02
1.024768154152680637e+02
1.089871829450707281e+02
1.130033035886099952e+02
1.052807314857063545e+02
1.109043168862008457e+02
1.040222049126616497e+02
1.105343842085164852e+02
1.077025612308590468e+02
1.098844559433032799e+02
1.100684881306229386e+02
1.149950642634305353e+02
1.075226301246656249e+02
1.122812142792731578e+02
1.163486770859763197e+02
1.091657096283751969e+02
1.143047775223434144e+02
1.184341106254555456e+02
1.113496525785127602e+02
1.164299610159830394e+02
1.095870801008787510e+02
1.150385007847748824e+02
1.159532345852645818e+02
1.097596326350447811e+02
1.159496362811074448e+02
1.188570517555024537e+02
1.118315312518237903e+02
1.171663444084712467e+02
1.216964400239178019e+02
1.128212275416425570e+02
1.201484449067237819e+02
1.224133281862562370e+02
1.164839989273970957e+02
1.204584801371960339e+02
1.152407113359045780e+02
1.187692416912970828e+02
1.237295605850895299e+02
1.152674643140456823e+02
1.224667837597798439e+02
1.241051856695370219e+02
1.186737895110880601e+02
1.215084707664579327e+02
1.271653923790956355e+02
1.188896568154749360e+02
1.266843559681865941e+02
1.174889198030296029e+02
1.254847973031084365e+02
1.253523027501332479e+02
1.214919731061732904e+02
1.284245965982652820e+02
1.272953977686287317e+02
1.249532181440568053e+02
1.253180076470282529e+02
1.318849095603159185e+02
1.236995617149950135e+02
1.307668096622165592e+02
1.326137179733185860e+02
1.270730752785716646e+02
1.315043922089551529e+02
1.237977386495572034e+02
1.308447642681898913e+02
1.327635900841206080e+02
1.268757790624514143e+02
1.339078076705888236e+02
1.339903356013659277e+02
1.332065802691471106e+02
1.304933106110813412e+02
1.365130293369456638e+02
1.331239747762696481e+02
1.352505075539800430e+02
1.401915118234744853e+02
1.335439677731947654e+02
1.384527390713441264e+02
1.323983062492605143e+02
1.381609380437517700e+02
1.374329220541445977e+02
1.409843206882423772e+02
1.438803150891906455e+02
1.389266050385532481e+02
1.442537037119767263e+02
1.370928271669209835e+02
1.430387398620228225e+02
1.437135291270679431e+02
1.384188747503287971e+02
1.437747425600900044e+02
1.493916104024528693e+02
1.410548792289274900e+02
1.483098558355354157e+02
1.494590461985416425e+02
1.446075017447438142e+02
1.487591391222017876e+02
1.439929062782379674e+02
1.477161681016278294e+02
1.525882207758532161e+02
