0.000000000000000000e+00
4.580858295271954717e+01
-1.824084415908568602e+01
1.898416425284164788e+01
-1.147181482375607686e+01
1.673544931929722779e+01
-8.435440726002337186e+00
8.983002190128585696e+00
-6.664074843663396308e+00
6.790203929001777716e+00
2.216133900639670473e-01
-2.177406674473122195e+00
3.449366593214032939e+00
-1.727343076850187620e+00
2.779707035544420446e+00
-1.659457026572505489e+00
2.414328352594680371e+00
-1.368693211771064400e+00
2.332933505313451672e+00
-1.048692610607115938e+00
2.356520373159810777e+00
-7.598462230298885789e-01
3.113441524113583991e+00
-5.890444075297128768e-01
3.402282606696487299e+00
-4.150994854556019908e-01
3.710978084620054407e+00
-2.054946169936211764e-01
4.023358900183689357e+00
3.530575401784402656e-01
4.248204793002470225e+00
4.998477668246602001e-01
4.454340088944327647e+00
7.045831145801815243e-01
4.793910134631198083e+00
9.565543037952134453e-01
5.139984370557722393e+00
1.237084310921683139e+00
5.503132114900878058e+00
1.538596689683361163e+00
5.883909760725553717e+00
1.857726841264577544e+00
6.277976401087820513e+00
2.191581857404881095e+00
6.795083347709593546e+00
9.033966385116324105e+00
1.069614785789562283e+01
8.104682047956346835e+00
1.174594057731516017e+01
8.676466485040457144e+00
1.219829128586208711e+01
9.077723272025945533e+00
1.262624569061769542e+01
9.459733748303053247e+00
1.303370834237292897e+01
9.826098072986544807e+00
1.343111491496569343e+01
1.018594458063729924e+01
1.382257607558950774e+01
1.054171011418664428e+01
1.421114524336111273e+01
1.089552017925896621e+01
1.459782031215781828e+01
1.124796585556483919e+01
1.498317757836644049e+01
1.159929805928369539e+01
1.536724325535029756e+01
1.194940517456330120e+01
1.574989491113367812e+01
1.229805007631191138e+01
1.613087171174798584e+01
1.264490690174392995e+01
1.650986719793909785e+01
1.298961273072424305e+01
1.688654297848646024e+01
1.333178375593641185e+01
1.742575203915578896e+01
1.988254391723302916e+01
2.286623445861463466e+01
1.910875767159068772e+01
2.381464985195572481e+01
1.952636989483738006e+01
2.417202744342160869e+01
1.987095238611873782e+01
2.451304654774516223e+01
2.020045756755778399e+01
2.483543056269936145e+01
2.051306004282770346e+01
2.514144103647178952e+01
2.081025739478642933e+01
2.479599856527378776e+01
2.112374913115900199e+01
2.511564608109900476e+01
2.142711376416480107e+01
2.540268847221218707e+01
2.170368565750433021e+01
2.566971410529714248e+01
2.196249876634700371e+01
2.607069396551037244e+01
2.893148966586316106e+01
3.029284797143374774e+01
2.988774516381425173e+01
2.922419865449891674e+01
3.132172694192583862e+01
2.909153591260162841e+01
3.121725204986299573e+01
2.929377882965645341e+01
3.162796471223194672e+01
2.951017679506048452e+01
3.173817011740396765e+01
2.895343859983514534e+01
3.178538095758080217e+01
2.912709388185590953e+01
3.183981331554598881e+01
2.929970492395134940e+01
3.189020305302665648e+01
2.947079330033199795e+01
3.244364133659883009e+01
3.629033115752726957e+01
3.898112922653521650e+01
3.589283739083969493e+01
3.906873546644585105e+01
3.601075733281354019e+01
3.900277888963713480e+01
3.573974330183977344e+01
3.891792918387921674e+01
3.588612425697441211e+01
3.892304835449319000e+01
3.562898989315992537e+01
3.896633753536965372e+01
3.583115787247923123e+01
3.894749104409273599e+01
4.193250042004850542e+01
4.378950560961154537e+01
4.130050754796664592e+01
4.375973585804332089e+01
4.110565006914005437e+01
4.252764729929684506e+01
4.081492614391953566e+01
4.460683549227164946e+01
3.974746560841450815e+01
4.519451184854548842e+01
3.921121054121054073e+01
4.400002728691485032e+01
3.893152135144794102e+01
4.418956215785418351e+01
3.873517892974366106e+01
4.409765492880643478e+01
4.441656622529224308e+01
4.912878751987680914e+01
4.262549725342260132e+01
4.950716818002582897e+01
4.198378149898325518e+01
4.983341763730021512e+01
4.128997094410298985e+01
4.930326120046846228e+01
4.051806079800700644e+01
4.886097251348873982e+01
4.194219275966133864e+01
4.584829340875281645e+01
4.131893143644894195e+01
4.845667057869655991e+01
4.926166420624137032e+01
5.086179840926250506e+01
4.992710256592631168e+01
4.918017425393151143e+01
4.932479513398317295e+01
4.853845400070226646e+01
4.871239685117330964e+01
4.807246767453274572e+01
4.822330043229404595e+01
4.752503527440019582e+01
4.766888737039176505e+01
5.258281345167976895e+01
5.256034234087069734e+01
5.233299217097051326e+01
5.196951782861818003e+01
5.159157284367205420e+01
5.136167079977235517e+01
5.095058893913029152e+01
5.089272933558375200e+01
5.043211147256553772e+01
5.017058313397221525e+01
4.971218923955179037e+01
4.952112397591668014e+01
5.446981799341178743e+01
5.262937436339643682e+01
5.598498958295876093e+01
5.113521880792332297e+01
5.632983906232666271e+01
4.949993709450395585e+01
5.528594022667914487e+01
4.907634948890078874e+01
5.460542930082259261e+01
4.865793468710988634e+01
5.395417156184623764e+01
5.745540986902318537e+01
5.362682765982837907e+01
5.745739641091770977e+01
5.143490015053478004e+01
5.685917225347434112e+01
5.039791739105321966e+01
5.582934426207209810e+01
5.067167351778791584e+01
5.532410399070704443e+01
4.888167812198570061e+01
5.421487441324664047e+01
5.776214203157969251e+01
5.342346333775542888e+01
5.796524032394775361e+01
5.169800671939021441e+01
5.682317144543996079e+01
5.066322432529346997e+01
5.576925454678090688e+01
5.068835310233409785e+01
5.513329358441898620e+01
4.827626753701527917e+01
5.394532707863992727e+01
5.732751647939009132e+01
5.220400751798432282e+01
5.764083442679864788e+01
5.183079811353184141e+01
5.652341133801232331e+01
5.112470923872199791e+01
5.551557362367545778e+01
4.910661499392396934e+01
5.427877245096841818e+01
5.732282134759358883e+01
5.476476107889508427e+01
5.789483363219677869e+01
5.179018068136365116e+01
5.735978920522582314e+01
5.105222254966754036e+01
5.581336914341446942e+01
5.004535820398734813e+01
5.453415123406314535e+01
5.702111452780444267e+01
5.614960671669538783e+01
5.512018366511710354e+01
5.701340792060252483e+01
5.364043436954015931e+01
5.526424709157463155e+01
5.199665911620776626e+01
5.392718542195304110e+01
5.066680738304414433e+01
5.228494962131495072e+01
5.538172321818409927e+01
5.658470907872850830e+01
5.310354610401475384e+01
5.507990853003198595e+01
5.172979007539738916e+01
5.383006403846594168e+01
5.034087186713389173e+01
5.232370666648171920e+01
4.873599405906458770e+01
5.177022387423766503e+01
5.306714160611008424e+01
5.501657368603129328e+01
5.094926965032579602e+01
5.377144047231089985e+01
4.931541874039199769e+01
5.210890171755315947e+01
4.769782973489792255e+01
5.025762117799428097e+01
5.265891798598299545e+01
5.432782175583117379e+01
5.150962170350322822e+01
5.398529119549264976e+01
4.835079696924496773e+01
5.198424554575569090e+01
4.690410276189108174e+01
4.997652105053489890e+01
5.176894255576210924e+01
5.359481433102533998e+01
4.878655968510798857e+01
5.163634508937085599e+01
4.688096233443527439e+01
4.991077033259985285e+01
4.576890299680475493e+01
4.836401539257997939e+01
5.047862505592549809e+01
5.182669669358477904e+01
4.947510221161542887e+01
5.115626604772172215e+01
4.579189680161029941e+01
4.871036043666491366e+01
4.553620589429889520e+01
4.729201566677177482e+01
4.976592113761393676e+01
5.049611473162392628e+01
4.866692820617112858e+01
4.956562155645283241e+01
4.599078723810983149e+01
4.737195041170927112e+01
4.500072145378381094e+01
4.608292844465117355e+01
4.912618160625696362e+01
4.900240452098009314e+01
4.692972167743481293e+01
4.727442687549808653e+01
4.607196415532398248e+01
4.627753779169810144e+01
4.365509792670805211e+01
4.405940035392739418e+01
4.758275139961629208e+01
4.679531486631984905e+01
4.613634006144827993e+01
4.581171987774358456e+01
4.409494825073994662e+01
4.380495855900361590e+01
4.347861348182350838e+01
4.295152677079206427e+01
4.669438076102934332e+01
4.600415946267561651e+01
4.434001007390013882e+01
4.353516804833419229e+01
4.471499635013451979e+01
4.301100098259634308e+01
4.145733166281713267e+01
4.057852485468810499e+01
4.454825668582046205e+01
4.493010656632469590e+01
4.172383220099536771e+01
4.102897919418835926e+01
4.300732694139793466e+01
3.977093789742580299e+01
4.074920192289285836e+01
4.375579298266682571e+01
4.261408632826089615e+01
4.255834320265913107e+01
4.071213382595205843e+01
4.159782043193050782e+01
3.955188838050659683e+01
3.891019185956809423e+01
4.226111697339660367e+01
4.060912887736753873e+01
4.421254802871343514e+01
3.683697147167259800e+01
4.123009115913369271e+01
3.743747054062156110e+01
3.965730167928197147e+01
4.244520806091412624e+01
4.089573471046271180e+01
4.235619536539797991e+01
3.867525040419484839e+01
3.921500665158543342e+01
3.675417442598010354e+01
3.751547304753127321e+01
3.493096080823809757e+01
3.846774531723630020e+01
3.768530446602566286e+01
4.001505948630850185e+01
3.391408310025857986e+01
3.868412719832286939e+01
3.066232186667073734e+01
3.612295863523428352e+01
3.859019900650368839e+01
3.796065848369062223e+01
3.604850493018821567e+01
3.829266857006463454e+01
3.248224290650146884e+01
3.664900459826130685e+01
3.731104711923710227e+01
3.975829118805414453e+01
3.343731099730885603e+01
3.743694796768210864e+01
3.139589042245596673e+01
3.530896904797130276e+01
2.962039480859467488e+01
3.345484948868934794e+01
3.548652999214064607e+01
3.691716722474716761e+01
3.283274541416807324e+01
3.439414063141481392e+01
3.209393368143286551e+01
3.399457595881138161e+01
3.597648726361109084e+01
3.676410495386198107e+01
3.295317527719879536e+01
3.512345157443594701e+01
3.060939899009808940e+01
3.280759868081311481e+01
2.965177423917558031e+01
3.184656986539045675e+01
3.366452368352801017e+01
3.520814889598098318e+01
3.065211249318564413e+01
3.359817222969309114e+01
2.807903508534518267e+01
3.048637886549158793e+01
3.198699960261431130e+01
3.396591914203817453e+01
3.412248299077749891e+01
2.999873219017878867e+01
3.180757094570980925e+01
2.760702436626133149e+01
2.977828550663975804e+01
3.202193373301926016e+01
3.275374237848502901e+01
3.198446440424411108e+01
3.256706187587012380e+01
2.864046858332835299e+01
3.016030297569980689e+01
3.299946223489047270e+01
3.297877077480796260e+01
3.148062244440739832e+01
3.189749279530197867e+01
2.929838574756689695e+01
2.986956985877238324e+01
3.306887974917685824e+01
3.300004074913053387e+01
3.044727195630787264e+01
3.086695981300959701e+01
3.183664487014339173e+01
2.820410335726884909e+01
3.240302363698835109e+01
3.280031405075489914e+01
3.205381081484400596e+01
3.168094099766302563e+01
3.070508826204848418e+01
3.031524249051105713e+01
3.407721061196286882e+01
3.379597362468069832e+01
3.202761394400943828e+01
3.136210415566322496e+01
3.213582950419898765e+01
3.047679725317140864e+01
3.346727791624676485e+01
3.689464712468911500e+01
3.063588373237147522e+01
3.366813140759348499e+01
2.913469951133441782e+01
3.299321844157954331e+01
3.602867003054770834e+01
3.281195523462871932e+01
3.555388459156695546e+01
3.013780957810532612e+01
3.354622387058417843e+01
2.856289250303870730e+01
3.225224802117955392e+01
3.524712285500980613e+01
3.185741323115353296e+01
3.551394301279592725e+01
2.965565202229278441e+01
3.355032584217590852e+01
3.653199065863170603e+01
3.206741830723955644e+01
3.645569879536401459e+01
3.030004739473254105e+01
3.429856808057575535e+01
2.875441924778153080e+01
3.304362806731985103e+01
3.569812062744228598e+01
3.370626589868628997e+01
3.374131648423222174e+01
3.458177321557722905e+01
2.766991433600852801e+01
3.281554638340262642e+01
3.523642821474994946e+01
3.585860697815398623e+01
3.247204522719825093e+01
3.424852197607170723e+01
3.088198042673909782e+01
3.397392646878869726e+01
3.465433025387523713e+01
3.692020627201802796e+01
3.168021555657968946e+01
3.567549241636667290e+01
3.003797786999063746e+01
3.375227631041158105e+01
3.670227339101613495e+01
3.630756796720505264e+01
3.554082626421283919e+01
3.605014968855390833e+01
3.805612846098097890e+01
3.984084347425038430e+01
3.492793707408939241e+01
3.801120945766975723e+01
3.336005313017317064e+01
3.637164500542994006e+01
3.180428689952631416e+01
3.475705315228277215e+01
3.667162024622526673e+01
3.864025298499520744e+01
3.486580715083579918e+01
3.796248263737183493e+01
3.921795407803549693e+01
4.136124665578158499e+01
3.688043094440934766e+01
4.022616290789348881e+01
3.443209166647051944e+01
3.825457547913784850e+01
3.934065018698788663e+01
4.186822598070369850e+01
3.837538982760202089e+01
4.177791722839123167e+01
3.453227447464030320e+01
3.957094736668659607e+01
4.015333884512413221e+01
4.313472113794053087e+01
3.715607190598938558e+01
4.178144789710190565e+01
3.727981030319941169e+01
4.042335690608467758e+01
4.056856817682805882e+01
4.373487198110134955e+01
3.932799594372816188e+01
4.274632149645697154e+01
3.696508118584093694e+01
4.049234489328379993e+01
4.236510001800888858e+01
4.285611042603954246e+01
4.226047221133361376e+01
4.120037726625957220e+01
4.487589852615694497e+01
4.650176686997561148e+01
4.191168395631371624e+01
4.632340428320858905e+01
3.966890100185360524e+01
4.412933563699299100e+01
4.705470313126303950e+01
4.481068206772414442e+01
4.502785088555643966e+01
4.390024279032382992e+01
4.287619396331028554e+01
4.723587215110202209e+01
4.492190626256171981e+01
4.885687229976215207e+01
4.174185353690625533e+01
4.677294259595988990e+01
4.987778521348251815e+01
4.598460527613205073e+01
4.862967477686525086e+01
4.437632904260401290e+01
4.829352430991455947e+01
4.232904476288199191e+01
4.623981127522440460e+01
4.922719777855797929e+01
4.858287689216355432e+01
4.695502831438288638e+01
4.692505596911220778e+01
4.975514965679786172e+01
5.024963720462420724e+01
4.743314230546531718e+01
4.900456329134975419e+01
4.609675367523821166e+01
4.722275349977758907e+01
5.021065012681014395e+01
5.292273988307533727e+01
4.703669404207556681e+01
5.080783061278023638e+01
4.540346176305155268e+01
4.952575339943960131e+01
5.042997714180332736e+01
5.325577793126764448e+01
4.758002775211230073e+01
5.109017818101892061e+01
5.303259130924960374e+01
5.409587814376899217e+01
5.035887903085310313e+01
5.253629348217933170e+01
4.871507530437013855e+01
5.065509960829445646e+01
5.295722150513471860e+01
5.449304586989256904e+01
5.079082775516599924e+01
5.315564855067420780e+01
4.844530879274782365e+01
5.108619307521300357e+01
5.268758771375756567e+01
5.450657539726948642e+01
5.119398492204361872e+01
5.385334168233072205e+01
5.514174239800290422e+01
5.760030165426841364e+01
5.200735426459720401e+01
5.539311341918828901e+01
5.027038220043276340e+01
5.340178046283798352e+01
5.457495621080036585e+01
5.712332183137814923e+01
5.363383330801971027e+01
5.580075797842366114e+01
5.842931003282184577e+01
5.845478351287317764e+01
5.439674901722809608e+01
5.616309793927573679e+01
5.337865041038075731e+01
5.544596104370962308e+01
5.594600897366230896e+01
5.897697036992499875e+01
5.546191457457305063e+01
5.817225102231279976e+01
6.111318208161652166e+01
5.853012614098112465e+01
5.954985639966392341e+01
5.784550227388081112e+01
5.502468028530910971e+01
5.776138802066379441e+01
5.942188722821530433e+01
5.849902167902435224e+01
5.754145947812970974e+01
5.687972907147586454e+01
6.021443859501207641e+01
6.317457634223538321e+01
5.568568426098973134e+01
6.079462985717138679e+01
5.593413966307429064e+01
6.014788172891190499e+01
6.302206113082728933e+01
5.706763419498552992e+01
6.162593742012320774e+01
5.402372389629800864e+01
5.958588580093251608e+01
6.253113660831267850e+01
5.913777727951261198e+01
5.972329045580644191e+01
5.742713024535683530e+01
6.119130355567348545e+01
6.111689474938325617e+01
5.984009278958964728e+01
6.126527216088017980e+01
5.788488063847474763e+01
6.176159430203495759e+01
6.110729841322236666e+01
6.099700710848049567e+01
6.204371142395149974e+01
5.441817835422661176e+01
5.923980313459831848e+01
6.174937445531736557e+01
6.380505220212707940e+01
5.825762071385264562e+01
6.190341643701318475e+01
6.329846052660565903e+01
6.428583321316394006e+01
6.020734521371366554e+01
6.202134901734223860e+01
5.796935861989973660e+01
5.989885817524169909e+01
6.190042344923440254e+01
6.288999865811299372e+01
5.875246096275468233e+01
6.128006830932952198e+01
6.295900316930693208e+01
6.363055930847803410e+01
5.965004017370526412e+01
6.154699395137431850e+01
5.701540108789951233e+01
5.909387020285839753e+01
6.100613576266712101e+01
6.252279796621553487e+01
5.901956844034032912e+01
6.140224273047194714e+01
6.294138526672107048e+01
6.301964333343804014e+01
5.883996829986450905e+01
6.077145307037494604e+01
6.283144956535103631e+01
6.351995076927885009e+01
6.212253114824154210e+01
6.288960579050355904e+01
5.716754361275664564e+01
6.035348469388924286e+01
6.230265191340453157e+01
6.177386398440305726e+01
6.047434951921758994e+01
6.078508107621830447e+01
6.340087709401328198e+01
6.319990017443347341e+01
6.023414418587086772e+01
6.073811586646755956e+01
5.722329027690258840e+01
5.797209979911979616e+01
6.074847749227525640e+01
5.999975142384467830e+01
6.050384725452225609e+01
5.937498146755145711e+01
6.254308186015961013e+01
6.261160107342772818e+01
5.837709355352344431e+01
5.829343601631541816e+01
6.152564885567208819e+01
6.432107380237914640e+01
5.943603020472064458e+01
6.269572855136413381e+01
5.579684525006417317e+01
5.987980421313907442e+01
6.239714558686237922e+01
5.944061948151347963e+01
5.968238392864180497e+01
5.737987257146608044e+01
6.082389820643741274e+01
6.243052146466961005e+01
5.759592087824043460e+01
6.086362171983267189e+01
6.330967837470183923e+01
5.929162585690067999e+01
6.247263897024502910e+01
5.663495652119845403e+01
6.016466427995908361e+01
6.247766403486560449e+01
5.702513979547576639e+01
6.038211239096835214e+01
5.673459790566433725e+01
5.841752280293693644e+01
6.043243789300377955e+01
6.173247253146822544e+01
5.711516611198221938e+01
5.810110001844408600e+01
5.418611670363253552e+01
5.656814445375043476e+01
5.738058015150320301e+01
5.913581354138882062e+01
5.313120582510565981e+01
5.616552421273465967e+01
5.755762876205633916e+01
5.873287816979326692e+01
5.420861931186050953e+01
5.569115156607598038e+01
5.750493877039224344e+01
5.857667446590632210e+01
5.498263509938704630e+01
5.715983358174628393e+01
5.840423216334399825e+01
5.884703994779590630e+01
5.483343528317935522e+01
5.627198425821230643e+01
5.173246787871051566e+01
5.342623296978984371e+01
5.518437224075986336e+01
5.568984949986109712e+01
5.460526443106613925e+01
5.672358217942643677e+01
5.680031611592674778e+01
5.748337643837020750e+01
5.285113413401246873e+01
5.469098375047579452e+01
5.617139065764412464e+01
5.581744835252736436e+01
5.322398221247343741e+01
5.356444277913008278e+01
5.026318077111391602e+01
5.136223194817887361e+01
5.371418383002130525e+01
5.301140649646903569e+01
5.292474087477648226e+01
5.307142839620088637e+01
5.563760737276001578e+01
5.390276152576788604e+01
5.124363535413854720e+01
5.063311268773296092e+01
5.357228370274602014e+01
5.268327624510291685e+01
5.216812164976455790e+01
5.075690308574804988e+01
5.377897846359977763e+01
5.556809671182631405e+01
4.850779020380917927e+01
5.232188619988384914e+01
4.904414038998311298e+01
5.209601754484867797e+01
5.429248775705284658e+01
4.723316976808487055e+01
5.128101997135875223e+01
5.374318437401795023e+01
5.117276666164281806e+01
5.149377614016279381e+01
4.891242328365255077e+01
4.845281575941045560e+01
5.179362215929734958e+01
4.939211966198730863e+01
5.192538285921548180e+01
4.383751438435554348e+01
4.904953080821871225e+01
5.035531308145709772e+01
5.214542928881297001e+01
4.453506313070300848e+01
4.895755812823769304e+01
5.100361732662699410e+01
5.149341242889902759e+01
4.736102961539466349e+01
4.802737075983995396e+01
5.020414297649315927e+01
5.181943002295950151e+01
4.494819605849278332e+01
4.869278949442560389e+01
4.242838405824799253e+01
4.615121681339856963e+01
4.685555192352537546e+01
4.847973161488663152e+01
4.445547331403165714e+01
4.662621810036879566e+01
4.762044967245628868e+01
4.889662458985335292e+01
4.498068847793500424e+01
4.635561349021344313e+01
4.769428778644574862e+01
4.905971894059094041e+01
4.413413216474999246e+01
4.575078782101702046e+01
4.695953230131690503e+01
4.786647150188902344e+01
4.787568000235512500e+01
4.385916624703936151e+01
4.657646804900632276e+01
4.708744486189056744e+01
4.897386479908405477e+01
4.419811351831106805e+01
4.627358533464119716e+01
4.825800626071383448e+01
4.776653061593166427e+01
4.494701311151724354e+01
4.549934061144831077e+01
4.789321773817864880e+01
4.737095280214999349e+01
4.674565040851994979e+01
4.633475962975555973e+01
4.235038919047008221e+01
4.472795412937399107e+01
4.518873181583352761e+01
4.665627208107408563e+01
4.369406995855380416e+01
4.693241566890371530e+01
4.924978829225502608e+01
4.195060494707700371e+01
4.684336719632514701e+01
4.935013873087336833e+01
4.696820565940254966e+01
4.764493578938068197e+01
4.547352510872961773e+01
4.361758368072762693e+01
4.739871503688164722e+01
4.469940553670596017e+01
4.799535271287935956e+01
4.137383169748814282e+01
4.508306127386663320e+01
4.762608957575155699e+01
4.450641633967856592e+01
4.519394033212440576e+01
4.297391890158872485e+01
4.535189728638062689e+01
4.598250659025627129e+01
4.741962102422697711e+01
4.137344434091841805e+01
4.398739304939397243e+01
4.634376627341193000e+01
4.813836626230931159e+01
4.259320153298051537e+01
4.532621759308129583e+01
4.751752622050030794e+01
4.766687280887345679e+01
4.369976796736357016e+01
4.509329542518104716e+01
4.745396261039800123e+01
4.867104939567150979e+01
4.209354921328040433e+01
4.650043348516396691e+01
4.699306852916409838e+01
4.905383859175885419e+01
4.356741657747885910e+01
4.652456897769874899e+01
4.742739417621512388e+01
4.904840472914582961e+01
4.646600762619302571e+01
4.817796221640686127e+01
4.962215467445732031e+01
5.063129064568722271e+01
4.592122050247942866e+01
4.764879579200521675e+01
4.411187646179531185e+01
4.561516077747342024e+01
4.744885824239039351e+01
4.834147546734592282e+01
4.362408507504783728e+01
4.542260153088343344e+01
4.730883914105029930e+01
4.787864444916027651e+01
4.794408634818422144e+01
4.828552647082210569e+01
5.066212558795157150e+01
4.976807011233155009e+01
4.588207767372426815e+01
4.708890727922944563e+01
4.966601092486068580e+01
4.912463564592030707e+01
4.819338049204894503e+01
4.793729226837535862e+01
5.077648162430502055e+01
5.064173814951121955e+01
4.930809809500178886e+01
4.874086521269020977e+01
5.185122111883325857e+01
5.228486031371900822e+01
4.611602871348996757e+01
4.964982733675190474e+01
5.290929448547826297e+01
5.059824288778209933e+01
5.188769320193518553e+01
4.907113348863714464e+01
5.261987526833004125e+01
5.341825533162608508e+01
5.099898567891104051e+01
5.102164731613136439e+01
4.882109626501213739e+01
5.226840795467619927e+01
5.203932756155734296e+01
4.986016435920379308e+01
4.973683298875806713e+01
5.348124460856465134e+01
5.041537208552541216e+01
5.344772382582726777e+01
4.533330122878801660e+01
4.985654202186233874e+01
5.228316099905597270e+01
5.433203749552605899e+01
4.713308553321996897e+01
5.150290478717693787e+01
5.373214907218799397e+01
5.457247537802572168e+01
5.055443021359894828e+01
5.137074832238989330e+01
5.370973719842520921e+01
5.551724601919646318e+01
4.823049883064525289e+01
5.258958782273688115e+01
5.418690064938946449e+01
5.518412022123870742e+01
5.067317314915015913e+01
5.311441662734895175e+01
5.468857838236051805e+01
5.549052531382962883e+01
5.232498138074875982e+01
5.452684370640544387e+01
5.590341983323590824e+01
5.650398194106576710e+01
5.313762988398649156e+01
5.558825449944613695e+01
5.640402681241579330e+01
5.693841074582672945e+01
5.449620966077027617e+01
5.477878807798408900e+01
5.552979482553073609e+01
5.763445572490729774e+01
5.520496765110936366e+01
5.452838114871368447e+01
5.522085878524150360e+01
5.747072198873696180e+01
5.690181898379150027e+01
5.278048497053598709e+01
5.379580093833395438e+01
5.624072151017373500e+01
5.578694408757758083e+01
5.464524464716932783e+01
5.428917677244185569e+01
5.715951218760479691e+01
5.617006149087961120e+01
5.413051336480189946e+01
5.348489974112204948e+01
5.646952094264143085e+01
5.833147525911703468e+01
5.329908462356111443e+01
5.640300157774861134e+01
5.905197189529827995e+01
5.662501975693747625e+01
5.625199984890083726e+01
5.440727866549121927e+01
5.772812165566437415e+01
6.003305172375568333e+01
5.376608593883341314e+01
5.712368061933715779e+01
5.970857054599752445e+01
5.662744912961127142e+01
5.675191932472054646e+01
5.413549346697337228e+01
5.743897413327659507e+01
5.869448849796595624e+01
5.502507153973469656e+01
5.776582546331386681e+01
5.426152268109746046e+01
5.752397939353503631e+01
5.655069340427370150e+01
5.545708204593211832e+01
5.794450341268076698e+01
5.973547046442133990e+01
5.694086237753298008e+01
5.795231883076063895e+01
5.158918227497382958e+01
5.473431068500415364e+01
5.665551212646007428e+01
5.798408073145898811e+01
5.327628309750341629e+01
5.463856348944085539e+01
5.657973152277278217e+01
5.729698822040846551e+01
5.333498285892369495e+01
5.536440144528609153e+01
5.642335303572343008e+01
5.780519093565392552e+01
5.280351621695579212e+01
5.485952721197978121e+01
5.621543876290463260e+01
5.724734845538861094e+01
5.397023027209863955e+01
5.565377890575691566e+01
5.717332761510839134e+01
5.781551338116898364e+01
5.343298709858601114e+01
5.533853690303247674e+01
5.696622175043479075e+01
5.682255616152297506e+01
5.666804912530029981e+01
5.691261969349035610e+01
5.930946495380065642e+01
5.661507542940626081e+01
5.677398701620443688e+01
5.663274959919964857e+01
5.926482474607733764e+01
5.705672332694881277e+01
5.496144678487144120e+01
5.575963556899593954e+01
5.825549069503431809e+01
5.699247690515755238e+01
5.576849812919724059e+01
5.729364482476821507e+01
5.745784352025461317e+01
5.852288235469115563e+01
5.306961173842578461e+01
5.641274097427518797e+01
5.886105401044407159e+01
5.642821367359469775e+01
5.572402378298584580e+01
5.894641894027087403e+01
5.620689599511706547e+01
5.929339834789210073e+01
5.234897400955674129e+01
5.617887749274616738e+01
5.863544624748153211e+01
5.532257346344466953e+01
5.547865446355798724e+01
5.304373936312490656e+01
5.587677674142817352e+01
5.682866709606864930e+01
5.527732067899276558e+01
5.493298943044515426e+01
5.808040348311917001e+01
5.463357877273521268e+01
5.633030545703579861e+01
5.210658158658563366e+01
5.441461145199495064e+01
5.481775472213671918e+01
5.672277816270381834e+01
5.086260423472982950e+01
5.417088169386771312e+01
5.546675081844738742e+01
5.656561885816364565e+01
5.208023020278052684e+01
5.345033532565918932e+01
5.510423414578454526e+01
5.601722992652680944e+01
5.179881612351567810e+01
5.329067384125720253e+01
5.433763897228147499e+01
5.555682391219111338e+01
5.349477428224087561e+01
5.525136013525362699e+01
5.613953809904870695e+01
5.679150864774172902e+01
5.142272956395878936e+01
5.352372123295396023e+01
5.432246278391043859e+01
5.597011910448454586e+01
5.728942583854819048e+01
5.729124749395247562e+01
5.450111844008186068e+01
5.537085499870519811e+01
5.163196776954224276e+01
5.272331729790850119e+01
5.481169739970348331e+01
5.463254361688869665e+01
5.428281066126383081e+01
5.417826410736925880e+01
5.661685023641256720e+01
5.547354315333973318e+01
5.193181208820814732e+01
5.296905488406737561e+01
5.549358305212303577e+01
5.432331669940719365e+01
5.527192587280092084e+01
5.616383862850990027e+01
5.658544865599200335e+01
5.418821489311822859e+01
5.524389573320566882e+01
5.795832746182568229e+01
5.559661902594721283e+01
5.432555423450652654e+01
5.786428496953617184e+01
5.524232691972228082e+01
5.842407656299182861e+01
4.983461991689109283e+01
5.544335985533561484e+01
5.793239753640873602e+01
5.485942992635074944e+01
5.527100056818411389e+01
5.835385018971829396e+01
5.765804033749701318e+01
5.718791499011115320e+01
5.398857823246513732e+01
5.732547645381423251e+01
5.626803686958012207e+01
5.689618179265718823e+01
5.299935788354133592e+01
5.596655802468182372e+01
5.713990071290704975e+01
5.862269400169707723e+01
5.104880680677018034e+01
5.554112644986287251e+01
5.738314323215649893e+01
5.789429696555574623e+01
5.360079712292054666e+01
5.564221295450480653e+01
5.632835425961383180e+01
5.789313395672668605e+01
5.244851113187534963e+01
5.503928737928525550e+01
5.669611046361492157e+01
5.735263585602945824e+01
5.479850993066422404e+01
5.613452846264990370e+01
5.785401072232833997e+01
5.679954171147839759e+01
5.431318820605527975e+01
5.555842042447282125e+01
5.722866686997831209e+01
5.775069883677786464e+01
5.363638326976324322e+01
5.637496283239912742e+01
5.631110983050592012e+01
5.838078872406858721e+01
5.410848324108592067e+01
5.691650812707914042e+01
5.687147507970696836e+01
5.906137767152716833e+01
5.389965966154112920e+01
5.707001847707351772e+01
5.649027399643087222e+01
5.914449740876725770e+01
5.419158174188168431e+01
5.760504943107932263e+01
5.663789480059925552e+01
5.933726114632740689e+01
5.334814529266665772e+01
5.694577202116788328e+01
5.811144499310648115e+01
5.668731845695442928e+01
5.495161947251013146e+01
5.837703121731872358e+01
5.618772599858725414e+01
5.936560592937804870e+01
5.495011245020881319e+01
5.854321245415705022e+01
6.075730921194107736e+01
5.390822552089377240e+01
5.836723199271651197e+01
6.087451415972034852e+01
5.743905850479115571e+01
5.755730122902484425e+01
6.080725873200066900e+01
5.998565364554438162e+01
6.047791766339845054e+01
5.697891653919521815e+01
6.025500126719770577e+01
5.922643228667196524e+01
5.915538213995122163e+01
5.771208854014849976e+01
5.988653297643946161e+01
6.101959596953680176e+01
5.735681294092167093e+01
5.800541910870600049e+01
6.006751817681104200e+01
6.190015330296191820e+01
5.580313132004184240e+01
5.930754895867526244e+01
6.107717931601730044e+01
6.154021230674802467e+01
5.660720581518156536e+01
5.805301670822660043e+01
5.964733655664944223e+01
6.127242131822023197e+01
5.574078642382504256e+01
5.785442405455867743e+01
5.920576445201521665e+01
6.023349471985905268e+01
6.054526430664969183e+01
6.210723785654963081e+01
6.234062919660876645e+01
5.913448611232468721e+01
6.028435507549584571e+01
6.209982014487483326e+01
6.242024338227168556e+01
5.843719430085266708e+01
5.964080602519359076e+01
6.167578806726712060e+01
6.172658837450824620e+01
5.958791876683394406e+01
5.981106400392264533e+01
6.213275106329880515e+01
6.138982919042170039e+01
5.805506115088005714e+01
5.822503522505933660e+01
6.080346989930335155e+01
6.028298838485854105e+01
6.246934415287891795e+01
5.631080648898701924e+01
5.949118772599875626e+01
5.961579040954242004e+01
6.136360495039732399e+01
5.494205899648975588e+01
5.829320065000107576e+01
6.096756291523132631e+01
5.839640987381822157e+01
6.003617626237415550e+01
6.291794293351672707e+01
5.985633831180444986e+01
5.967928555471748808e+01
5.719874850039330028e+01
6.033924293583299203e+01
6.235583625355148740e+01
5.618377478497939848e+01
5.927561176551976985e+01
6.158238247459314607e+01
5.925347857454821110e+01
5.929813585372505003e+01
6.233605216544019356e+01
5.903411071937710375e+01
6.200202041865764357e+01
5.540676496662501194e+01
5.877952583177757617e+01
5.995283617779453778e+01
6.159183805898975095e+01
5.556563780575712030e+01
5.831573602675683077e+01
6.004246466778956659e+01
6.074432786917264337e+01
5.623526030970221257e+01
5.797702848748398452e+01
5.887552474484103726e+01
6.027594951003013790e+01
5.459656511588352856e+01
5.706370902385008748e+01
5.824516466589701480e+01
5.917829737797960377e+01
5.579231767598686531e+01
5.762667132538074100e+01
5.902778057536225731e+01
5.892625208450544250e+01
6.057503154897281661e+01
6.100977135510272831e+01
5.895770899571003554e+01
5.946907346188360322e+01
6.150074311360275203e+01
6.131780489266783007e+01
5.670914536304361064e+01
5.779099574328535738e+01
5.994165578393771199e+01
5.953258441858181271e+01
5.986126730009280550e+01
5.562965994098124867e+01
5.827105253791614814e+01
5.743949952056150465e+01
5.990318258002513829e+01
5.448097239647720613e+01
5.700299817138092351e+01
5.666049414879113755e+01
5.897300280967014885e+01
5.577852055920638463e+01
5.841001862914129816e+01
5.863264984226404408e+01
5.536298849526409072e+01
5.976566236410765498e+01
5.899993095643998942e+01
5.998815598626226375e+01
5.580562128319241566e+01
5.871576854623850750e+01
6.077866873941221115e+01
5.512369844511292882e+01
5.845622880497199958e+01
6.074307346239433514e+01
5.712252435598621503e+01
5.765153213443088021e+01
5.454087594196884226e+01
5.751113866746500491e+01
5.690120153434811101e+01
5.652959003546328631e+01
5.567295742115216939e+01
5.857622746147659143e+01
5.746016978992685864e+01
5.540742051004793467e+01
5.816763641834503318e+01
5.810888117332630998e+01
5.616085061292456260e+01
5.699396190341638402e+01
5.881236225552584784e+01
5.994731162179026285e+01
5.311000313406067619e+01
5.654221059267380411e+01
5.786981211472793518e+01
5.871465014370629376e+01
5.409008533119838802e+01
5.581732234054024389e+01
5.705281373558990055e+01
5.765567463670157622e+01
5.458107071645711272e+01
5.612483081765555681e+01
5.724418142061794157e+01
5.780902595910293229e+01
5.156750378419982184e+01
5.418586036716104815e+01
5.533145049170973806e+01
5.594098256291374582e+01
5.606625264921875385e+01
5.777103688573821216e+01
5.792835309509002428e+01
5.348242445089980635e+01
5.427273755010918421e+01
5.622579408827970582e+01
5.601950013491682512e+01
5.739733169163461213e+01
5.172124913503308363e+01
5.454462271257388295e+01
5.395299812552977414e+01
5.631475937106052498e+01
5.374854862788660625e+01
5.635449134533971716e+01
5.537937891877324148e+01
5.443009638498532610e+01
5.691476351168611103e+01
5.489995486696212623e+01
5.778977308750221198e+01
5.111878488648598307e+01
5.510169482065614943e+01
5.733432077967143670e+01
5.478400435351891673e+01
5.500015608625515995e+01
5.798608565364649792e+01
5.513138274807246830e+01
5.721664209778511889e+01
4.965346178827776669e+01
5.446528175394642801e+01
5.681597995049358474e+01
5.339772748708421801e+01
5.352972275689084825e+01
5.664942482621930253e+01
5.488868488219129915e+01
5.498654091330227800e+01
5.816221315786413015e+01
5.461197697536364615e+01
5.680583475842595220e+01
5.279778665497394030e+01
5.493627179290493245e+01
5.689853558844694703e+01
5.666273011115472968e+01
5.280026375339210176e+01
5.453772847155946124e+01
5.514479853515312868e+01
5.667621488824564580e+01
5.007543140708475704e+01
5.375805070067801950e+01
5.462655014990993152e+01
5.612789455156669050e+01
5.101484089318660864e+01
5.350426375971799331e+01
5.470362120596020361e+01
5.587670690338453738e+01
5.732339849321431302e+01
5.848974545176971418e+01
5.450252762351513525e+01
5.613349065047109576e+01
5.776297872859005622e+01
5.825412300796027409e+01
5.421472861812630128e+01
5.547851091047776606e+01
5.731145836143239336e+01
5.748747815350709089e+01
5.587461256383932096e+01
5.643651647645392444e+01
5.861083575500672538e+01
5.800621142444976641e+01
5.387004753857880957e+01
5.457025471214395651e+01
5.704246777169419147e+01
5.622781769103530536e+01
5.678217771563341643e+01
5.614010348627566316e+01
5.891405217870177324e+01
5.705896941347168649e+01
5.426994366243680901e+01
5.630322489184604251e+01
5.624852197013741062e+01
5.862470860635754377e+01
6.087900476022575447e+01
5.852052655054222896e+01
5.955524692578602242e+01
5.680761939108329983e+01
6.007287976601505619e+01
6.043905557487153146e+01
5.726367937985279610e+01
5.620016095878893481e+01
5.966756616632773813e+01
5.653666128135863289e+01
5.976434536171568368e+01
5.208880382108359441e+01
5.650487671562856207e+01
5.886214013049384874e+01
5.605148782919841466e+01
5.956941622347334686e+01
5.895710778625274173e+01
5.945153893407480439e+01
5.472080666262245074e+01
5.784086636898889822e+01
5.971641056471400333e+01
5.997044381597383023e+01
5.594144026006380699e+01
5.805523465660530036e+01
5.884600624863081464e+01
6.023940865228689745e+01
5.349113824939065154e+01
5.693386906063457786e+01
5.840080241744764322e+01
5.926190173677883877e+01
5.471840596608227258e+01
5.660854338148291021e+01
5.799955771156896844e+01
5.884181306420499169e+01
6.016350459715381049e+01
6.113280767331929866e+01
5.908697170330826509e+01
5.829157407920003919e+01
6.052886886038701419e+01
6.098745850480653985e+01
5.826465242618691320e+01
5.922692840711893325e+01
6.102523259589233362e+01
6.124810983422502630e+01
5.658016999623427523e+01
5.956297546136743648e+01
5.950980398590261444e+01
6.140801072964500662e+01
5.737385061497012373e+01
5.971663479889897275e+01
5.951165107397945064e+01
6.178294044092893955e+01
5.754374133900640942e+01
5.992557669750429028e+01
5.955078688106505780e+01
6.203447521805095732e+01
5.588089536654125311e+01
5.906863004184395294e+01
5.891918990866027173e+01
6.120413290634980541e+01
6.355373286311894532e+01
6.093451564754138161e+01
6.123859087185714145e+01
5.901091475336597370e+01
6.213711247494514112e+01
6.372157202707096246e+01
5.706664697601308234e+01
6.055685492095339839e+01
6.296418248842943655e+01
5.964796601701311829e+01
5.989685076879650438e+01
5.700084771339142264e+01
6.000880485781487295e+01
6.105926939216372062e+01
5.782206483409958508e+01
6.127165548404445161e+01
6.100628364945258397e+01
6.056185181658570116e+01
5.740455081016983740e+01
6.158484688663830298e+01
6.243922069400197472e+01
5.788279202582804572e+01
5.850588800434550052e+01
6.037901013052621124e+01
6.205533337924450876e+01
5.711518417538076875e+01
5.971712791408654653e+01
6.110032910243749171e+01
6.159018764999712658e+01
5.642419873963316945e+01
5.872867813297830253e+01
5.984942735939056035e+01
6.099356518871767463e+01
5.682016854665774019e+01
5.826048538071361804e+01
5.945705903946917203e+01
6.034325116210179374e+01
5.719602584143516566e+01
5.928736127252941657e+01
5.954619439177846374e+01
6.087669749244128070e+01
6.120812471757295015e+01
6.322944321441462279e+01
5.800668725177032314e+01
5.924779968768976346e+01
6.141864483320942725e+01
6.077128757015626803e+01
5.784582210502581745e+01
5.789248210745827805e+01
6.046648150012727285e+01
5.946178401046173434e+01
6.099583630036140391e+01
6.151506889605413875e+01
6.177156954199699612e+01
5.825717665759394492e+01
5.891497901865771070e+01
6.129863841525862256e+01
6.275477420350716784e+01
5.621928260809907840e+01
5.904595518101299945e+01
6.139904525254704737e+01
5.895885760005040055e+01
6.099969041042347584e+01
6.350190018801597347e+01
6.036100266393835057e+01
5.962970311863700346e+01
5.722561224838646865e+01
6.014692731629610023e+01
6.222865753267635114e+01
5.544650479656404940e+01
5.902296065464587826e+01
6.122819039835345478e+01
5.892402155019107113e+01
5.883301464316384255e+01
5.574516041347713724e+01
5.849785288682401330e+01
5.996757303191041188e+01
5.394624897873827507e+01
5.792826989626693290e+01
5.965762739500978995e+01
5.844255975149066984e+01
5.539760395353581401e+01
5.738056402925732158e+01
5.887450356999455181e+01
5.884076914505707379e+01
5.511075016921623870e+01
5.721682336718225059e+01
5.812968905830751964e+01
5.884285548053786385e+01
6.021690350240246659e+01
6.112762169625420228e+01
5.586030664153469871e+01
5.755712474781589094e+01
5.851293075384896980e+01
5.954793423908339633e+01
5.610822122821959113e+01
5.733901648388538774e+01
5.850511223043682207e+01
5.925658724524442533e+01
5.441956021429108148e+01
5.614660906508495941e+01
5.738646540026979181e+01
5.753233113717596581e+01
5.728040661564173064e+01
5.737089281633216586e+01
5.940077113018706712e+01
5.891178282254774956e+01
5.389309289438222095e+01
5.677032651587406065e+01
5.582368873287777689e+01
5.817035177038152227e+01
5.659381732177146773e+01
5.919023118821723983e+01
5.807687987118207218e+01
5.537914801944678089e+01
5.824088898483660870e+01
5.628147684599904466e+01
5.920413110729609230e+01
5.611627190899286433e+01
5.901036889149459341e+01
6.080712415411783667e+01
5.307734005831388657e+01
5.750232064060462989e+01
5.990870417943992976e+01
5.704343716310977896e+01
5.881595960648773769e+01
6.149057441911789823e+01
5.787134742289344302e+01
5.873088569569649309e+01
5.579391509692445084e+01
5.862602849273034877e+01
5.756151048402851700e+01
5.715919245855697284e+01
5.816219510118326497e+01
6.078673653248017672e+01
5.396379385075106683e+01
5.876739092493804151e+01
6.074015366369083324e+01
5.952613182492688537e+01
5.803716516317427221e+01
5.722980257413971827e+01
5.943907060094754513e+01
6.111308490318480580e+01
5.503194340937307061e+01
5.810426567320108404e+01
5.890831931768687468e+01
6.019375716528497122e+01
5.455735870775071561e+01
5.735129582318749897e+01
5.846392269187935398e+01
5.985986151954872270e+01
5.329598302788512854e+01
5.629637961566675841e+01
5.714692963932579062e+01
5.842861933941387065e+01
5.960308936829085980e+01
6.030515761356485172e+01
6.077241229218316221e+01
5.619403661916177839e+01
5.722532638747740208e+01
5.905416222168003770e+01
5.921855649739821814e+01
5.852215309460054726e+01
6.065660185959102080e+01
6.033303505273825351e+01
5.730321275014026128e+01
5.772497810700949117e+01
6.016846715450527938e+01
5.934463873967075642e+01
5.921601762283828663e+01
5.863896372724427408e+01
6.138463295684574916e+01
5.972278325069425620e+01
5.679427817390413225e+01
5.866523572851330215e+01
5.883962204775838245e+01
5.987484324411640557e+01
5.713671716182166449e+01
6.028689181000902408e+01
6.252276657775541935e+01
5.540289670635515762e+01
5.962034961476354766e+01
6.225942796661625778e+01
5.916343175554991518e+01
5.944615692676170937e+01
6.255492337514584023e+01
5.932047155762627710e+01
6.164480303373954229e+01
6.411245548810430250e+01
5.985466125141645932e+01
6.428460073521186757e+01
5.610096090321402329e+01
6.074504250571056474e+01
6.302223792479335884e+01
5.814122827115141234e+01
6.077082201678027928e+01
6.194940613880908131e+01
6.281096316493947285e+01
5.875238737701344149e+01
5.949377027984790800e+01
6.136186354497559137e+01
6.305105259011714480e+01
5.666310097453394690e+01
5.995053595432903393e+01
6.136504356075587907e+01
6.226476894432288844e+01
5.745797687793113084e+01
5.971998865815233870e+01
6.063767276984715693e+01
6.145060537063621808e+01
5.794984056522719840e+01
6.033674055103496414e+01
6.138407169585283896e+01
6.200514790134469933e+01
6.335325070285582427e+01
6.404452650862974394e+01
5.847338581969611937e+01
6.038939991413227659e+01
6.090552948883795636e+01
6.269555446675189359e+01
6.261203829635277884e+01
5.713318699189814964e+01
5.992720549077740344e+01
5.986513002818095686e+01
6.170344312364370865e+01
6.289475710770158656e+01
6.201832929282862494e+01
6.394682032740699640e+01
5.801173310654615278e+01
6.072325598237589617e+01
6.077791312346806762e+01
6.295568267488289393e+01
6.485611210070382526e+01
6.277659297384169435e+01
6.337097691534813748e+01
6.136209052604880299e+01
6.432769779253982279e+01
6.470002167534778437e+01
5.857671942670260279e+01
6.218087081554442364e+01
6.460729684240038750e+01
6.154150386480391433e+01
6.197152234028263251e+01
6.488272894304172667e+01
6.169651228001967525e+01
6.398868175994971352e+01
5.832389472938598374e+01
6.175972744125945724e+01
6.391097229399410651e+01
5.863995287387050581e+01
6.218000313019332026e+01
6.419947322793433386e+01
6.180912521779598734e+01
6.259004477890287887e+01
6.501366669807106291e+01
6.181606601858663907e+01
6.259263703844801796e+01
5.911104143240292785e+01
6.095322895534953744e+01
6.158891974377593215e+01
6.305231085145619119e+01
5.787431865168358058e+01
5.985605074942320414e+01
6.105454447639271365e+01
6.193502120759531238e+01
6.283546652351430595e+01
6.394332081129598322e+01
6.060912584499838829e+01
6.211328252254045879e+01
6.331968671768128587e+01
6.264967576986224884e+01
6.249503615839965676e+01
5.769746802236691963e+01
5.916158513294567456e+01
5.969370343237000753e+01
6.102379018347794926e+01
6.214370224836593337e+01
6.206272641500564191e+01
6.306213839373302932e+01
5.782068342472134503e+01
6.014927691748790295e+01
5.970422476458729477e+01
6.203585042996645171e+01
6.114095339507866811e+01
6.377822136080188642e+01
6.170921759612012636e+01
5.814260145632687937e+01
5.895919021127361503e+01
6.133701548500515344e+01
5.992719406911262325e+01
6.079351810632451958e+01
6.123797941314105486e+01
6.204634027466958912e+01
5.898798551114769850e+01
6.164232601132167133e+01
6.401647852373197622e+01
5.883196995668986062e+01
6.173230943909050694e+01
6.398961660609499802e+01
6.068521852868463640e+01
5.999655932247322454e+01
5.753869864256148503e+01
6.040562362589243151e+01
6.243782844690939982e+01
5.565356293833002610e+01
5.914999976352910238e+01
6.131381866068047515e+01
5.879798514070504467e+01
5.875717912948956467e+01
6.166648438478159022e+01
5.826510736621456488e+01
6.110583963140440034e+01
6.283159630594148126e+01
6.096914953020985450e+01
5.871065236573345203e+01
6.044589967664447983e+01
6.191231034171267567e+01
6.231004339544323045e+01
5.767575908627702574e+01
5.946968969096454316e+01
6.053239679252110506e+01
6.136092110118215004e+01
5.665103246422276584e+01
5.833851947947559324e+01
5.913346401637470962e+01
6.026099097938256932e+01
5.427583707775574595e+01
5.675537666493823252e+01
5.765858137725300736e+01
5.856065261935714972e+01
5.971084408733149473e+01
6.039087922569267164e+01
5.976367934145648064e+01
5.936120916316891538e+01
6.118448470175074760e+01
6.127447872969176501e+01
5.604265568990282986e+01
5.693307893740887948e+01
5.876951846926161949e+01
5.854613343998889974e+01
6.012498877111362816e+01
5.480022082881021817e+01
5.748289951129057584e+01
5.683115870201572051e+01
5.911326286208488057e+01
5.972939352044074468e+01
5.956859306373884522e+01
6.024969695786560209e+01
5.404208359167326137e+01
5.742337173737736578e+01
5.846406731150673153e+01
5.689150930929312722e+01
5.973115498740786222e+01
6.192344008093588315e+01
5.651944014819977014e+01
6.008439136522539314e+01
6.233726219021274773e+01
5.867886606127748905e+01
5.922660132068652672e+01
5.661305979589162263e+01
5.944985926676049104e+01
5.908142421514138931e+01
5.632264674017795869e+01
5.914074974303565568e+01
5.946308724860485739e+01
5.767794699735441100e+01
5.727857465214378863e+01
6.042806047214089205e+01
5.679967591356582801e+01
5.974255983410267135e+01
6.068347346999657788e+01
6.207166367036428056e+01
5.756879911908779235e+01
5.790465234761328617e+01
5.979423168233834929e+01
6.146759383959886947e+01
5.469788124830646581e+01
5.827065708107566167e+01
5.948686518137773049e+01
6.086186182118083110e+01
5.559457645258584080e+01
5.685015355709958840e+01
5.851713081591621801e+01
5.939064362015803056e+01
5.551063312022475316e+01
5.729033017453721754e+01
5.849252510265502991e+01
5.952841502930372997e+01
5.481855649633327943e+01
5.666303249761585903e+01
5.722352253358169349e+01
5.881743433476950145e+01
5.915267834663973900e+01
6.101282433142610273e+01
6.010609625780742959e+01
5.560279314964466835e+01
5.645645433945151836e+01
5.850597375638903230e+01
5.816401447244487599e+01
6.049961229250517647e+01
5.977137348517678106e+01
6.150899286451290493e+01
5.675464659003450407e+01
5.992933132977142208e+01
5.883915554759690991e+01
6.122913086388849990e+01
5.561315752816381774e+01
5.900164604499191512e+01
5.938627257862710707e+01
5.936754688285606818e+01
6.216433901501810055e+01
6.159272240038644952e+01
5.910395316216494876e+01
5.771608478434896483e+01
6.068401416294570794e+01
6.304027608978844910e+01
5.600848514576346560e+01
6.023499577092859170e+01
6.261557453701780673e+01
5.909355044006569813e+01
5.919608046369144461e+01
6.223976100618528307e+01
6.083614178455293597e+01
6.303422066438886162e+01
6.514383592987036309e+01
5.779586935141403359e+01
6.273028404452168161e+01
5.678565187625829225e+01
6.040074182046001994e+01
6.117000263810035676e+01
6.224090665918198084e+01
5.532759470463084028e+01
5.903201818146151680e+01
6.078866019968787526e+01
6.185997819130327713e+01
6.329626509705963144e+01
6.457729341939690926e+01
5.934613173362625105e+01
6.066296789941785761e+01
6.201683249076884863e+01
6.312286149740754126e+01
5.959401698885725551e+01
6.181310081915783172e+01
6.288106470305249474e+01
6.356650686444925924e+01
5.847212915170972991e+01
6.027703599296807369e+01
6.087577322053481055e+01
6.235201294425168328e+01
5.735689961447662455e+01
5.971197610079150309e+01
5.983501795328211870e+01
6.160566122299413649e+01
6.051908438732789364e+01
6.285642434179631266e+01
6.258115482282314446e+01
5.919504708856756992e+01
6.143514401762605104e+01
6.071423227648809018e+01
6.295172330741981881e+01
5.899653571405412578e+01
6.198129067808272907e+01
6.164369914763344127e+01
6.323873043046344833e+01
6.499780910953330704e+01
6.262375887287867471e+01
6.110279727046531661e+01
5.979713680450427660e+01
6.272004006755062733e+01
6.452706531244372457e+01
5.846441602581784025e+01
6.197315812214223740e+01
6.434651612920927732e+01
6.120908408896784891e+01
6.095140758057988961e+01
6.397288117620406211e+01
6.073927060745765516e+01
6.370558479165756438e+01
5.742973125028463954e+01
6.032801489143354701e+01
6.254950786516027250e+01
5.941240589128997840e+01
6.238650474048905892e+01
6.220306794150407370e+01
6.319719004637245519e+01
5.810678454862187436e+01
6.125648429394981065e+01
6.219897878536004754e+01
6.183888604497186492e+01
6.360395823430046391e+01
6.417641272074050107e+01
6.022395654732459747e+01
6.119725010358870776e+01
6.279153971868975503e+01
6.410612530087787775e+01
5.870696513288962848e+01
6.100888147452873511e+01
6.208670283685013658e+01
6.319983839146547666e+01
5.897736314649907285e+01
6.030444073900891766e+01
6.150709095854186614e+01
6.240289362509562920e+01
5.890046908721843977e+01
6.079677500656057276e+01
6.106365223869595127e+01
6.272415591699923709e+01
5.719946506895055904e+01
5.900753270542337248e+01
5.909238947544314868e+01
6.020275788490084778e+01
6.201087068735409247e+01
6.140220035078453975e+01
6.165608645516737596e+01
6.069506028416093102e+01
6.332146880948315726e+01
6.205405760177233532e+01
5.832226464194405224e+01
5.898652550653027049e+01
6.135346554782956474e+01
5.995913328939123232e+01
6.145622526811236952e+01
6.342576374248938720e+01
6.124475680809114664e+01
6.046454732067176252e+01
6.304579262071486312e+01
6.057559153163190047e+01
6.338243241170064124e+01
5.708955627131173571e+01
6.016949875633648759e+01
6.219650248920702751e+01
5.914714121718486695e+01
5.972824920418283057e+01
6.241991104846714222e+01
5.913614825583631074e+01
6.055638154283846575e+01
6.297429017259045025e+01
6.102190993771979066e+01
6.057891224308961142e+01
5.704442723831406425e+01
6.018090647600465815e+01
6.190490788932878985e+01
5.499965993336429193e+01
5.879518080702018779e+01
6.061409379410798692e+01
6.075327401337594324e+01
5.631196516299851140e+01
5.884174914293959802e+01
5.861262557224747383e+01
6.026062382711322840e+01
5.611150506163756546e+01
5.776264097272876086e+01
5.887428045095784768e+01
5.959695810852967668e+01
6.117773215611836690e+01
6.189375264852766634e+01
5.744235384488397500e+01
5.866468925297297687e+01
5.981779121119828346e+01
6.088699616640087697e+01
5.789629836961478304e+01
5.972363425735686349e+01
6.037198175710751258e+01
5.985498859487595524e+01
5.917249058888021551e+01
6.103566775055325877e+01
6.113038799843253912e+01
5.598850297042596935e+01
5.685692613055758216e+01
5.868762512467083070e+01
5.845947043126175657e+01
6.010474860704277944e+01
5.998923189951065638e+01
6.209711866001217828e+01
5.814448860283305720e+01
6.011516897053913766e+01
6.073691526044715516e+01
6.046290768148958961e+01
5.682973994888921254e+01
6.014614373952864668e+01
5.825594779577551208e+01
6.111360996477450414e+01
5.703984147659820536e+01
6.016036822441459719e+01
6.023104613805173102e+01
5.719791387728081844e+01
6.159790859871474566e+01
6.120688339088205510e+01
5.871135054950464394e+01
5.710978358001698751e+01
5.995628113300302431e+01
6.131534223595075161e+01
5.531138602957020822e+01
5.945804925492564053e+01
6.156915913572698429e+01
5.818566307907781976e+01
6.082198485956998013e+01
6.289189387075896320e+01
5.652528118570046445e+01
6.086493937701683876e+01
5.218037108124579504e+01
5.727209382563561491e+01
5.843350523399821128e+01
6.017799221028608514e+01
5.306792399112593728e+01
5.695945776828479978e+01
5.866973911536882014e+01
5.937533910919092506e+01
6.082373319163402670e+01
6.207272475567377512e+01
5.625826784640091915e+01
5.868763544949023725e+01
6.020828706892302051e+01
6.093819403278068592e+01
5.655409289010330554e+01
5.808085498941348135e+01
5.940213622777216074e+01
6.048811360542025994e+01
5.642173678400967418e+01
5.837350771112422620e+01
5.888303765913374832e+01
6.044954673770013187e+01
6.073157807585823065e+01
6.260438432792994945e+01
5.997850590297891671e+01
5.931410782408772775e+01
5.994566783723555403e+01
6.203281324083970105e+01
6.033367150181524607e+01
5.648435774650086216e+01
5.965710429257480030e+01
5.888076888984936375e+01
6.128396557177694604e+01
6.126614337623981754e+01
6.357887435227761586e+01
5.796094607666397280e+01
6.098872271388013644e+01
6.291747980798667328e+01
6.042772837451752110e+01
5.912134584234358670e+01
6.225692893367504155e+01
5.976737954223860783e+01
6.276261472921373041e+01
5.766817664049871439e+01
6.096235537099144608e+01
6.333246618426424845e+01
5.899631416560362140e+01
6.227991910474773363e+01
6.444296256677333190e+01
5.714094925189033347e+01
6.130971470681252100e+01
6.359507797496902270e+01
6.186954003109827482e+01
6.229295250595623656e+01
6.507339520050143733e+01
6.151030308623160181e+01
6.240610748353391557e+01
5.873079202496764850e+01
6.160707820008506275e+01
6.092403065641761373e+01
6.273986438962612766e+01
5.866691787684469261e+01
6.045655050210022807e+01
6.113000652751284036e+01
6.253973170529310011e+01
6.381865074093784784e+01
6.490041756673120688e+01
5.980999760404591825e+01
6.134794144012330008e+01
6.258398259948518927e+01
6.400541301682976325e+01
5.843189780475190531e+01
6.014017586484760614e+01
6.140519792257409648e+01
6.224083532447089340e+01
6.236090215007612159e+01
6.383995628662652422e+01
6.383229096608324937e+01
6.078647017053774704e+01
6.157690306405884684e+01
6.331219965368332225e+01
6.347563731572154921e+01
5.931602792386438239e+01
6.181890471380997099e+01
6.155367813841542812e+01
6.355715021704705237e+01
6.052380446292752225e+01
6.332069954762166475e+01
6.270745146781484891e+01
6.402385617334070389e+01
6.402479796450630545e+01
6.614606870165411578e+01
6.165455805734040240e+01
6.310023228618778290e+01
6.525153564777085080e+01
6.309797822696452130e+01
6.087845425263427757e+01
6.394159325541997418e+01
6.136709921669577739e+01
6.439686583405874387e+01
6.080054873139171434e+01
6.399605456185023655e+01
6.596683637817723422e+01
5.923901065237266295e+01
6.257580410043659924e+01
6.491571608432377616e+01
6.150607956422183520e+01
6.202193513415025450e+01
6.479136575311419222e+01
6.321352232738932031e+01
6.481006134794067464e+01
5.913197498672078467e+01
6.232053794070085218e+01
6.422460135650020163e+01
5.816038328702379800e+01
6.148516135522701376e+01
6.332380929147834792e+01
6.292876114282407229e+01
5.899421267902430799e+01
6.085916052697640310e+01
6.137814883674709421e+01
6.294664612854399621e+01
5.828701205726380152e+01
6.029191702275434039e+01
6.099734199058759287e+01
6.227105500143024841e+01
6.366458978525311352e+01
6.433674361620457205e+01
6.003690201539505011e+01
6.132569008503419639e+01
6.251556500074992329e+01
6.343499379413417216e+01
6.042539109027541144e+01
6.236684914011394198e+01
6.258419264336235699e+01
6.383248967118385053e+01
5.852917452747735183e+01
6.035090760333373083e+01
6.041715808664524445e+01
6.153319655008085931e+01
6.332788076877634609e+01
6.282988847461496107e+01
6.381795415709171948e+01
5.638950191169601567e+01
5.999888529635143897e+01
5.971534301956258162e+01
6.202670570543372719e+01
6.265333749984494460e+01
6.234469620208840723e+01
6.417899907160280293e+01
5.652937886306812487e+01
6.050823751198856826e+01
6.063255617456520241e+01
6.104960509181112371e+01
5.886481305357201421e+01
6.176715451395500622e+01
6.388971778530889623e+01
5.751481082170456460e+01
6.051538270535340303e+01
6.275141139196700379e+01
5.974477678578204376e+01
6.075519740022991044e+01
6.331446983167883502e+01
5.999618271437960715e+01
6.044937074735692306e+01
6.311379563086404687e+01
6.132914399497825997e+01
6.169469567535108467e+01
5.806421843352180190e+01
6.108323502620345380e+01
6.155806671300104682e+01
5.838411004327808485e+01
6.079432019577359370e+01
6.002364277850302443e+01
6.257865960677307982e+01
5.663618868924994132e+01
5.893346899132466632e+01
6.029905221858159337e+01
6.086030090551913219e+01
5.627848158174333548e+01
5.803378461509149133e+01
5.868567317136403716e+01
6.042615187315958991e+01
6.098274469484100990e+01
6.224117968596300443e+01
5.670371249467024910e+01
5.867261155201303069e+01
5.945695467335526274e+01
6.057082034888561139e+01
5.722614434222348478e+01
5.837652527765795440e+01
5.976827308594486254e+01
6.017955773553250509e+01
6.169384790367064397e+01
6.193910788046422056e+01
5.885386802486183910e+01
5.952746210166070995e+01
6.139780677328757008e+01
6.108836949854177334e+01
5.910210403331355167e+01
5.909906527843260449e+01
6.129921859438029230e+01
6.045593665741649403e+01
5.833569954157258763e+01
5.857178837320650899e+01
6.091160891770948638e+01
5.952736519335334719e+01
5.861564348294388793e+01
5.927586247710228662e+01
6.141407583807549742e+01
5.908593443967651382e+01
5.784867700198512352e+01
6.073536609147136289e+01
5.833593629025522631e+01
6.092593582753529802e+01
6.338714257881537861e+01
5.987246418081821275e+01
5.991378050779308495e+01
5.748148394055604626e+01
6.029977056076616293e+01
6.101917720661814570e+01
5.761981961759064319e+01
6.035107332146319692e+01
5.964847039333712075e+01
5.946449264867175089e+01
5.804036342477817811e+01
6.102804396921560937e+01
6.119479446976780679e+01
5.700730478479957242e+01
5.977532128257456634e+01
6.070775007957386293e+01
6.187663370535798890e+01
5.699569391997199119e+01
5.923158431232994303e+01
5.982250311731696257e+01
6.001523265449576883e+01
5.469004804728807301e+01
5.769500384846296726e+01
5.910715046982636522e+01
6.000816495722070698e+01
6.156293303816554641e+01
6.197227706103040390e+01
5.745244435233536962e+01
5.907768597336806948e+01
6.014360582884797424e+01
6.116750747695979840e+01
5.714710173355160094e+01
5.931767102106815059e+01
6.001407770807421116e+01
6.108675749656447351e+01
5.739579443786589508e+01
5.988141831667617510e+01
6.004383193571047173e+01
6.041016538383532009e+01
6.240627173064961397e+01
6.202569262527193672e+01
5.820034187037995110e+01
5.858499242467876655e+01
6.092192067008733858e+01
6.011488677140034298e+01
6.188717195847791430e+01
6.096317561723323308e+01
6.359968240234355363e+01
6.025187266571263223e+01
6.115122106027790494e+01
6.146823654142448845e+01
6.383616943443078640e+01
5.750551621727403528e+01
6.096892328856949916e+01
6.337360552131627855e+01
6.069058835786474049e+01
6.125446090381301900e+01
6.408084417168731761e+01
6.100273235774531599e+01
6.266488684422007793e+01
6.529154381109282212e+01
6.176493082040187232e+01
6.177014412956860667e+01
5.892731229691256800e+01
6.194951947297150241e+01
6.296422809850730573e+01
6.067075764351430678e+01
6.135513844056892196e+01
6.413837357111886206e+01
5.974738819800825951e+01
6.128837938485885672e+01
6.375482800038869868e+01
6.395599835454339654e+01
5.974346074148814978e+01
6.026617067524237825e+01
6.211911219239674153e+01
6.380035554514443419e+01
5.804510371376176181e+01
6.118280183874129108e+01
6.273182415676979673e+01
6.292677615249633050e+01
5.695674779421656808e+01
5.951920601025607027e+01
6.041385473318734967e+01
6.152783385486230827e+01
6.107098841377230514e+01
6.252202093016143891e+01
6.331352637871626143e+01
5.929221270956670509e+01
6.148762295321794369e+01
6.201098296110004071e+01
6.328150963894999848e+01
6.457268777023627138e+01
6.464374560515113899e+01
6.214480644923438746e+01
6.264542357441495568e+01
6.462751643981813743e+01
6.433000173578321323e+01
6.092103216884367356e+01
6.120475016399994672e+01
6.335127130715307686e+01
6.273692779780071760e+01
6.324020707401396635e+01
6.335880501842967050e+01
6.554724182693485091e+01
6.219624869763947572e+01
6.175818011465432278e+01
6.220312292762874762e+01
6.460102342147169452e+01
6.193515980560725609e+01
6.491160343934517130e+01
6.610863038013260962e+01
5.915751767560214347e+01
6.245136502457933858e+01
6.486151208358865006e+01
6.181350302128753782e+01
6.372963863478192081e+01
6.618480728707285721e+01
6.288188130043452162e+01
6.267472859653108230e+01
5.973647955186684300e+01
6.268459346389218467e+01
6.455136282149162241e+01
5.856567655417249085e+01
6.197718558408779899e+01
6.401620069165861082e+01
6.312400362541981025e+01
6.057002542003374401e+01
6.329736248901861018e+01
6.448410280814754003e+01
5.933902993027140838e+01
6.201911837406003514e+01
6.262057466235102510e+01
6.390199306739550877e+01
5.865173618555998303e+01
6.144955821706733445e+01
6.278157870797390672e+01
6.346087613630964341e+01
5.871508302017380743e+01
6.011860752146638021e+01
6.109986069503467832e+01
6.235872276452511898e+01
6.321979407351771840e+01
6.435344470730009903e+01
5.883547649276097502e+01
6.040247980086343205e+01
6.156278234763360757e+01
6.199205553921157019e+01
6.288645345980530976e+01
6.453202556940452439e+01
6.431821227341659153e+01
5.997326342110593345e+01
6.090239745667285831e+01
6.292578184145639142e+01
6.242861385134280994e+01
6.205873124472307722e+01
5.941201496650745639e+01
6.218311012594063669e+01
6.103995928705796814e+01
6.023900890728580748e+01
6.073487792689054032e+01
6.276222063633127135e+01
6.109760678644208554e+01
5.810818196994298290e+01
5.917239380853680331e+01
6.154394238915180892e+01
5.940218313286401042e+01
6.204198310561328356e+01
6.367285772001257982e+01
5.908721445043948250e+01
6.169010835777708479e+01
6.392375859811826189e+01
6.053620525404818409e+01
5.987456677917491277e+01
6.279564612706249704e+01
5.969001343916664126e+01
6.252711308349499575e+01
5.566943533790261256e+01
5.909404840720277008e+01
6.122531900102474367e+01
5.803717018522269200e+01
6.101379046999895905e+01
6.055912759629866571e+01
6.162113388535488667e+01
5.697866729284874765e+01
5.976876021210847512e+01
5.966498036245387482e+01
6.095065127770189406e+01
5.580970531136405555e+01
5.808621141937450716e+01
5.897500376515372977e+01
6.003833285767657202e+01
6.123425080408988919e+01
6.200712811310225447e+01
5.736983180847492747e+01
5.985148963739471384e+01
6.055615363389373584e+01
6.145636062670036637e+01
5.518380900101095676e+01
5.766605068452093974e+01
5.856524781610613672e+01
5.948026032501795868e+01
5.479500554024578207e+01
5.689740754240108345e+01
5.799293007493278651e+01
5.859914958877592284e+01
6.007966781514996768e+01
6.033133437228549667e+01
5.898996612428555864e+01
5.876525505427446205e+01
6.075425116383925683e+01
6.036349675946728865e+01
5.669375204025326553e+01
5.710895952112003471e+01
5.927966715648350515e+01
5.847823677579995660e+01
5.988278570071592810e+01
5.956145207851797352e+01
6.180768467194359772e+01
5.771163206984392247e+01
5.984625837866249753e+01
6.067995064045496179e+01
5.935685754211463916e+01
5.681224197364510076e+01
5.999466756996612560e+01
5.764724676905209577e+01
6.050219479026094405e+01
5.621589430348065264e+01
5.943749705402975536e+01
6.122521189046037904e+01
5.409845636826405268e+01
5.833107363937294565e+01
6.061512390910407788e+01
5.735840831524549799e+01
5.746478784090925274e+01
6.034386103719131000e+01
5.926167126076659741e+01
6.009835542373289741e+01
6.262417038583682682e+01
5.835066754932108068e+01
6.104957018996898199e+01
5.231878126131859119e+01
5.734522760651562123e+01
5.849569206807108657e+01
6.018984749682330460e+01
6.162919703458340592e+01
6.227513303160195335e+01
5.785533180041721835e+01
5.936403230438451573e+01
6.054776361129414397e+01
6.152336586125918672e+01
5.656296117362268205e+01
5.834245972721282669e+01
5.966821131341570350e+01
6.031609495008042643e+01
5.708083209749101883e+01
5.898674544773383133e+01
5.998621234850988060e+01
6.053707460752704606e+01
5.528894520517798838e+01
5.707063528559534404e+01
5.808087059654287998e+01
5.939124309829438175e+01
5.968341829919766184e+01
6.139346708434728583e+01
6.055621888697920241e+01
6.280441581720870659e+01
6.243312224733317350e+01
5.864407228494292923e+01
5.905182226324181016e+01
6.142955513350064223e+01
6.062772412619311524e+01
6.219655737582970545e+01
5.736966476498012923e+01
6.056106572477178673e+01
5.929099468323488509e+01
6.177838216861427156e+01
6.416638522667457778e+01
6.183009048361659410e+01
6.003657958008673035e+01
5.868382737642969715e+01
6.192729613442353553e+01
6.129148241562248245e+01
6.123409454233552651e+01
6.430742194236067633e+01
6.125126104507072711e+01
6.333447787599482837e+01
5.700806640465307140e+01
6.117406781156136475e+01
6.350596090217219825e+01
5.856994517345659546e+01
6.158674092127429844e+01
6.382031824803144815e+01
5.936117309522326480e+01
6.231679302332003800e+01
6.461054861875511790e+01
5.953689905559786411e+01
6.337317743146346061e+01
6.460045374466086798e+01
6.445237201647906033e+01
6.125523307654461291e+01
6.291104156772313161e+01
6.492688044662759239e+01
6.050726948463156418e+01
6.341070258611867416e+01
5.842653660257060722e+01
6.049978000657163335e+01
6.170689833589026563e+01
6.244262303466081931e+01
6.380874751586989646e+01
6.530276908952660619e+01
5.971551548588540470e+01
6.165112631710293556e+01
6.271646987953392482e+01
6.347586356722701595e+01
6.173085338217307338e+01
6.395386118412441334e+01
6.425125401581284734e+01
6.316909913964295242e+01
6.106523824813086065e+01
6.384550361996237200e+01
6.380170870817654105e+01
6.171216687087072472e+01
6.372337268914701980e+01
6.367177415538002094e+01
6.531950698311081283e+01
5.938278190022557368e+01
6.202471678473589378e+01
6.162409149347018911e+01
6.391203641612652575e+01
6.068568474537410395e+01
6.372940543577784211e+01
6.298554732059128725e+01
6.311936773964609415e+01
6.503514952827298146e+01
6.287529259797131687e+01
6.302430399262006233e+01
6.591883290666513062e+01
6.345340694570262485e+01
6.624957299830379043e+01
5.980063005537670762e+01
6.353993124853889896e+01
6.567348650916042629e+01
6.221951245990983637e+01
6.174699258211854414e+01
6.502679480353968700e+01
6.155644890514010115e+01
6.474462991251488120e+01
6.709465802601316398e+01
6.208222147084514830e+01
6.597770200924894368e+01
5.911919492271179166e+01
6.253035363536610447e+01
6.479232150257790579e+01
6.029828979170788728e+01
6.375360701912474326e+01
6.327780049354268499e+01
6.516737009483894383e+01
6.087899425198188652e+01
6.307173721491636087e+01
6.400346476972674736e+01
6.385961280322368339e+01
6.486686408407493332e+01
6.644224487788251565e+01
6.167463378717187084e+01
6.393249053523062742e+01
6.506601985774769048e+01
6.661380059181985303e+01
6.072450427869087264e+01
6.286068247200108772e+01
6.399506814129807708e+01
6.513673450715779722e+01
5.838993454316991460e+01
6.140213904541086976e+01
6.258732934247879598e+01
6.326536557092182989e+01
6.304385834702150504e+01
6.521981352262514520e+01
6.512988549165014263e+01
6.108805423317059535e+01
6.184634997659512834e+01
6.429694877531176189e+01
6.384790294087285645e+01
6.189162229104530155e+01
6.472244434889681486e+01
6.395224079117864591e+01
6.149263481036571477e+01
6.162922902588071850e+01
6.434668580415964811e+01
6.301349783093121459e+01
6.385663147905131609e+01
6.377721175474378867e+01
6.649368286437567122e+01
6.253573610545794281e+01
6.557849022566364283e+01
6.646470980720340549e+01
6.223049230363596251e+01
6.524544867571161433e+01
6.804279748705639008e+01
6.324425957279012067e+01
6.623687201250950807e+01
6.881488639400576801e+01
6.262884623088556424e+01
6.634650124903059520e+01
5.960290955879987962e+01
6.331086700873454021e+01
6.586501966918351059e+01
6.153795552599180496e+01
6.468433958699974085e+01
6.474781277908159893e+01
6.525316438705554845e+01
5.927135292286565260e+01
6.375122285519858423e+01
6.586765276257742130e+01
5.883245031549252246e+01
6.366832409379394164e+01
6.566482558041897732e+01
6.397773301102686361e+01
6.134741855972197300e+01
6.349891944833347424e+01
6.473822521276804309e+01
6.534875558517386196e+01
5.936699650708122533e+01
6.296333155993010422e+01
6.357784657533343164e+01
6.529966419140018274e+01
6.663563172534496459e+01
6.696887460354116683e+01
6.183097213662100700e+01
6.360205525573564955e+01
6.530947526193484975e+01
6.624255268916387251e+01
6.039425355918289284e+01
6.233599662568465760e+01
6.444759806288809045e+01
6.461825427774152786e+01
6.422333145329452009e+01
6.675110040046719462e+01
6.662094888803815707e+01
6.228637586681075078e+01
6.304016223651493078e+01
6.574162918502939590e+01
6.522545499164296245e+01
6.276355655206844375e+01
6.305184612548242029e+01
6.604830342351436911e+01
6.488059861524691030e+01
6.801409005530982199e+01
6.883205974130034122e+01
6.168844311679725223e+01
6.618008399275798581e+01
6.919866878522643105e+01
6.660707945747780911e+01
6.542181003338623668e+01
6.866238041235565959e+01
6.558383795976466502e+01
6.903676265413002966e+01
6.092054888702882209e+01
6.582349448235559919e+01
6.894511358873270979e+01
6.501132523299318677e+01
6.527282455715474896e+01
6.896459918890833762e+01
6.518427856379518914e+01
6.685177552783679289e+01
7.001083238496457284e+01
6.542935592534902867e+01
6.955285369656698435e+01
7.185836084739273133e+01
6.400600379900025416e+01
6.957162072119469087e+01
6.250581685161318291e+01
6.702839408973129309e+01
6.787822418542049263e+01
6.870874455689902049e+01
6.188120262023446116e+01
6.721632115755853931e+01
6.788900034029086328e+01
6.815491911944668857e+01
7.001684952378123228e+01
7.186122715683768547e+01
6.641578675450779201e+01
6.867915773764462983e+01
7.041765260933603088e+01
6.995703265790072578e+01
6.857016947562604514e+01
7.162630565227954094e+01
7.234964064489265922e+01
6.658580215616586884e+01
7.015301066551768372e+01
7.059877401087960891e+01
7.314423644931537183e+01
6.655980100974474567e+01
6.998761031783638487e+01
7.042938192227506988e+01
7.289931153130000041e+01
6.568657313579187473e+01
6.941164597590621099e+01
6.949373718976288217e+01
7.266503593833969887e+01
6.598954917984070789e+01
7.023931462571941609e+01
6.962948756465881672e+01
7.233371748707772042e+01
7.247005706967208027e+01
7.573714358277491954e+01
6.822503916669133162e+01
7.306668142068872385e+01
7.312391625186842248e+01
7.563327977002428781e+01
6.728188651028622758e+01
7.235336749209891138e+01
7.561082521709113280e+01
7.171543801700903487e+01
7.243318784656740661e+01
7.624896484658677309e+01
7.221017967717750707e+01
7.299600988948461122e+01
7.728877486919522255e+01
7.284257174446460681e+01
7.542613596435573697e+01
7.165478689761523867e+01
7.547095517743217385e+01
7.502006121303347186e+01
7.146589409514538715e+01
7.540910250575969087e+01
7.587966581891622297e+01
7.316238949624600707e+01
7.728097681440078759e+01
7.838517716329242546e+01
7.414406614964028108e+01
7.666394478014552760e+01
7.967139490768801124e+01
7.356296216322684245e+01
7.840497128117308989e+01
7.138690274950133130e+01
7.463038676350028311e+01
7.676713774605494223e+01
7.883910880230465068e+01
8.082595881941954019e+01
8.030427021340334193e+01
7.516529296075312061e+01
7.838622247702043921e+01
7.980222437436722771e+01
8.156380633954425718e+01
7.503962964174621675e+01
7.805026425925815659e+01
7.927077330204214434e+01
8.168343830310087128e+01
7.421470421190798561e+01
7.889267933226268781e+01
7.918562287038230352e+01
8.149516445610113635e+01
8.131351703993038882e+01
8.392515545256129883e+01
7.845509506438895642e+01
8.208950082698511608e+01
8.400612049404735160e+01
7.696379190270802439e+01
8.166438422083302839e+01
8.007545287391153011e+01
8.387498221643896557e+01
8.007664857857238871e+01
8.165008540346396160e+01
8.169011355007236830e+01
8.553190019680977230e+01
7.973196665754214507e+01
8.378296234702531819e+01
8.685078500011437086e+01
8.023561402150269828e+01
8.451734347812208625e+01
8.817701888498346818e+01
8.280720996467304929e+01
8.689004812641400122e+01
7.872289988515781545e+01
8.422323301690049391e+01
8.533591458553671316e+01
8.137958600422180666e+01
8.567852236861027393e+01
8.725628866922936311e+01
8.247424382035931956e+01
8.409521147615954817e+01
8.836593082436210977e+01
8.294215878557101007e+01
8.541125373423300005e+01
8.934648374904674029e+01
8.396349675660952983e+01
8.675705153531998803e+01
8.150489088997301224e+01
8.583175874706515174e+01
8.724856382666092713e+01
8.493791864207111075e+01
8.835647720190871723e+01
9.023266036292446302e+01
8.414374056435028137e+01
8.788192033014716742e+01
9.003849690178857657e+01
8.953502086023854645e+01
8.452898858546902261e+01
8.738798409645231402e+01
9.061331341988406507e+01
8.889641971059299408e+01
8.499811849130455244e+01
8.806993996674476932e+01
9.166203472587356771e+01
8.622240391012665839e+01
9.111454795274433138e+01
9.174307206331067732e+01
8.892420433572794991e+01
8.982642194201213215e+01
9.402343924606169878e+01
8.946723830933881061e+01
9.356436106077923398e+01
8.620817582489840447e+01
9.152516371809473128e+01
9.074531509093874604e+01
8.949966950491597117e+01
8.944401376837539885e+01
9.432799357582580058e+01
9.174813864828097110e+01
8.932292841533944738e+01
8.987677207301034343e+01
9.471664262021458569e+01
8.957419432110026492e+01
9.517331358477473202e+01
9.535777923984321092e+01
9.029461468640859323e+01
9.441060612049517431e+01
9.791595904700191966e+01
9.276196971061973784e+01
9.669490434708268367e+01
1.002769676313413356e+02
9.289628728696727933e+01
9.798053926598163343e+01
9.176223709015876295e+01
9.645415681033449573e+01
9.851682828100241807e+01
9.136353499079579876e+01
9.582171129409242383e+01
9.950626622285592759e+01
9.251212130958970192e+01
9.745775038973168591e+01
1.007718931977245660e+02
9.442485770789699018e+01
9.857929263742022385e+01
1.016837726287617016e+02
9.546507858075243291e+01
1.000671156176426990e+02
9.397967668640664840e+01
9.783264651306926396e+01
1.005883970774445686e+02
9.473347787200860637e+01
9.839239724969880285e+01
1.009784477820190318e+02
9.693840402311766979e+01
1.009175604791250151e+02
1.041339051651032861e+02
9.830807504883600245e+01
1.019646172378880635e+02
1.054523548743922987e+02
1.004772293838290977e+02
1.048901875642270340e+02
9.724751817613099547e+01
1.022361258480447503e+02
1.033652862005932320e+02
9.853763905798942346e+01
1.007125153159436763e+02
1.053985492421988823e+02
1.039116456522248626e+02
9.931874941388913669e+01
1.014077665788151705e+02
1.058035773858152311e+02
1.040249996661608094e+02
1.002321739249097163e+02
1.018987132139340304e+02
1.071309911512142321e+02
1.013002907679245084e+02
1.075327268515387260e+02
1.056371432733665614e+02
1.042582650041028245e+02
1.048847858382364109e+02
1.101833694920675697e+02
1.047753663882124471e+02
1.091927155401935039e+02
1.131942216751641865e+02
1.061807393481442290e+02
1.098214564379637466e+02
1.027313877293903346e+02
1.087820653811540552e+02
1.105756891763515029e+02
1.037317679510379662e+02
1.089171409013190583e+02
1.124333295736916511e+02
1.075382378059421313e+02
1.116933276446828387e+02
1.148649427141320558e+02
1.092224810144355871e+02
1.127219339111228606e+02
1.152984469236714204e+02
1.102758216455393239e+02
1.144156700544551057e+02
1.086672067011525229e+02
1.127519932961854465e+02
1.153495854627920352e+02
1.092178824478574626e+02
1.133347793873380454e+02
1.168088389585306857e+02
1.111284046922905873e+02
1.152327437691035072e+02
1.175338157330667741e+02
1.128705305979117668e+02
1.168452018530697956e+02
1.111314597689639214e+02
1.149239321027234269e+02
1.194910668990857516e+02
1.121250974642279914e+02
1.176271421856620663e+02
1.187946973590986772e+02
1.134782019824057073e+02
1.166296744192525807e+02
1.215264807236869729e+02
1.153112878062783722e+02
1.212601325268210815e+02
1.216519186189199786e+02
1.179797427941786339e+02
1.200540802770538562e+02
1.154710308912538608e+02
1.178607535604332668e+02
1.235224443970820687e+02
1.170148447932739231e+02
1.231765773680693030e+02
1.221191507876552436e+02
1.207411668629596022e+02
1.204703697348691378e+02
1.267521578468919046e+02
1.188798442667365123e+02
1.252451427496311709e+02
1.306877405595628545e+02
1.224749318077097939e+02
1.277985574878953088e+02
1.196700078464428856e+02
1.266245768165357504e+02
1.251695330884697626e+02
1.269650505402694876e+02
1.278421324105980830e+02
1.317891545869019581e+02
1.273594443462435919e+02
1.270029016205796353e+02
1.321508823697217849e+02
1.277251981596018027e+02
1.309164895758083560e+02
1.334636105365632659e+02
1.273868480710981856e+02
1.337020206349643843e+02
1.252696240809027586e+02
1.324305718958107150e+02
1.350643123784053898e+02
1.283908525733205011e+02
1.338744856572803599e+02
1.373247533864336845e+02
1.306665598400177828e+02
1.362365666294774655e+02
1.390039461392370299e+02
1.329973900994321525e+02
1.376192724503547993e+02
1.319082775928752085e+02
1.364089419460287331e+02
1.406846155919692762e+02
1.327004199642189235e+02
1.397326830946051359e+02
1.403399181094150094e+02
1.350738428285431212e+02
1.385680450527205210e+02
1.455075843841726169e+02
1.363594968039114121e+02
1.443885461378144157e+02
1.438811716681174744e+02
1.408117698425211870e+02
1.432428463142420014e+02
1.388934545902609159e+02
1.426942493046136917e+02
1.475260305403273549e+02
1.390675920024262666e+02
1.468510820472185969e+02
1.461122160328027917e+02
1.440869858537961363e+02
1.451649736982502361e+02
1.518077832464313985e+02
