0.000000000000000000e+00
-1.350090989552905967e+02
4.511787325229363432e+01
-4.473579648752044591e+01
1.546754137092359205e+00
-1.100371126916193987e+01
6.707838995992750242e+00
-6.014730601674010302e+00
5.121665639766289857e+00
-4.557581069522140815e+00
3.695342969228064156e+00
-3.550813563414668472e+00
3.318060259937610113e+00
-2.815887576387853475e+00
3.049035738353036429e+00
-2.230665974340278357e+00
2.732849931646119224e+00
-1.722395499188336343e+00
2.648245131533436769e+00
-1.268380367466355851e+00
2.666799500201510131e+00
-8.525999522727479851e-01
2.744860287499638396e+00
-5.197182746732088576e-01
3.575965697346211947e+00
-2.752844595602150779e-01
3.908115187232117371e+00
2.697384564483645830e-01
4.144436428116151205e+00
4.095656716402358288e-01
4.344240101208463045e+00
6.101448512318967676e-01
4.681544845840414304e+00
8.587827078730186914e-01
5.026055703176205647e+00
1.136715947156989426e+00
5.387152576186900355e+00
1.435930512011825089e+00
5.766426403768783793e+00
1.753107663474941402e+00
6.159126614728248406e+00
2.085276023001893186e+00
5.433039947467290354e+00
2.448580765044474195e+00
7.120419210592991099e+00
9.339050770658259282e+00
1.084644540046995154e+01
8.334880473979081827e+00
1.209120138990246929e+01
8.965869982761960344e+00
1.251105348341449286e+01
9.342660334029524449e+00
1.294630218697230895e+01
9.735318022856066733e+00
1.335607723588097073e+01
1.010345122952848307e+01
1.375884564302690904e+01
1.046865923803149201e+01
1.415503372565335916e+01
1.082922528442265708e+01
1.454920355295412726e+01
1.118813536191521152e+01
1.494110254898520651e+01
1.154529542263807507e+01
1.533156326858228091e+01
1.190101820896071416e+01
1.572036524855139916e+01
1.225507813628282783e+01
1.610742363322673754e+01
1.260723359065799087e+01
1.649243521098825482e+01
1.295713771137192971e+01
1.687510211178941333e+01
1.330442260838598223e+01
1.725508505375363910e+01
1.364869854362056678e+01
1.780076609901871976e+01
2.022464877795875893e+01
2.318825149100857530e+01
1.941549836872437496e+01
2.413526201890910272e+01
1.983678500890674812e+01
2.449580910022754310e+01
2.018437938211179272e+01
2.483956463476048526e+01
2.051609382969139617e+01
2.516410612389900692e+01
2.083036783418593529e+01
2.483518397760990837e+01
2.116079622557417395e+01
2.517220928633075161e+01
2.147928919112110790e+01
2.547459832882188024e+01
2.176930807956954439e+01
2.575540827657802012e+01
2.204035785995882080e+01
2.601448775816415449e+01
2.229264793080580986e+01
2.641195624475847481e+01
2.925336582454011136e+01
3.062474672233716433e+01
3.016292333255527325e+01
2.963453580805175491e+01
3.169639082479865522e+01
2.946888406818919748e+01
3.155940849995044672e+01
2.964532388769275428e+01
3.194831066168326572e+01
2.917864684742903236e+01
3.208825693100455112e+01
2.932495154096819689e+01
3.212211108103125667e+01
2.948906834708388303e+01
3.216520776223971012e+01
2.964443007800613117e+01
3.219726697527303116e+01
2.980605143593762563e+01
3.279239015258055190e+01
3.661290830358894510e+01
3.928289407304471581e+01
3.624229351171376123e+01
3.936167222326556470e+01
3.635228348015446898e+01
3.928398644118543359e+01
3.609500333160860919e+01
3.840902087397479647e+01
3.293844333059447393e+01
3.844560023263971971e+01
3.555955655626664935e+01
3.852756970386471380e+01
3.541312977205328139e+01
3.855339431622665103e+01
4.141962395181218426e+01
4.256424156527573643e+01
4.143591407235359014e+01
4.287450142690999400e+01
4.148007213214408040e+01
4.288097016370034709e+01
4.126515707437303604e+01
4.274852432047706685e+01
4.101295372768706216e+01
4.256235987948442556e+01
4.074793626106101385e+01
4.235091116204593220e+01
4.046495387032774005e+01
4.198941477230211916e+01
4.068219666082607944e+01
4.474497863445404988e+01
4.555474705786007661e+01
4.997258683807385893e+01
4.334508803627078066e+01
5.053416961117033424e+01
4.265352810931581473e+01
5.012641106049574802e+01
4.187444904515095345e+01
4.987772560934388366e+01
4.324135222502552267e+01
4.520257637434161069e+01
4.601229538447290679e+01
4.563787082376390458e+01
4.451139462893407028e+01
5.050458165347965434e+01
4.881105490951870252e+01
5.315358048350177711e+01
4.649302338294351955e+01
5.346333818818731487e+01
4.551679509845739346e+01
5.245756474652282719e+01
4.527053581961462925e+01
5.175388433865479954e+01
4.434896377488373531e+01
5.100178054364747737e+01
4.377977307488826142e+01
4.984962122420132857e+01
5.265843588139167508e+01
5.122938726734812320e+01
5.349866455054463898e+01
5.134649128871722468e+01
5.148956618508377403e+01
5.104264853837566562e+01
5.074573461577200106e+01
5.031253877845045963e+01
5.025136163748553741e+01
4.976429719570403876e+01
4.950632165619489911e+01
5.443990119681070183e+01
5.262004667223401100e+01
5.617954184008683427e+01
5.061740624916834719e+01
5.615527660247910546e+01
4.939016684204968755e+01
5.519380596628766256e+01
4.960175334010012449e+01
5.474153048507677255e+01
4.801943884704940047e+01
5.367499420491964912e+01
5.737736260366316543e+01
5.387046522651323954e+01
5.637634998757189209e+01
5.374876201012348531e+01
5.597205602890479526e+01
5.317131537077769821e+01
5.398782520796423512e+01
5.245623936770281404e+01
5.338003855224254579e+01
5.173071892850230569e+01
5.216994444876857528e+01
5.658333155584718099e+01
5.440347693425117370e+01
5.643726332172882110e+01
5.431378173211686544e+01
5.506348862447263315e+01
5.312119638080109496e+01
5.434499030991453594e+01
5.220768070018068840e+01
5.339637879092538952e+01
5.122041759419607843e+01
5.552783269497077612e+01
5.544577871065128960e+01
5.650752078334900119e+01
5.353596450235263404e+01
5.741118696589837356e+01
5.085732204584755323e+01
5.684335974029333727e+01
5.013617062381609202e+01
5.538374370264929070e+01
5.018941809798721465e+01
5.440286531023321714e+01
5.737671280275288410e+01
5.178387044033336650e+01
5.664526244816207168e+01
4.973338972315406892e+01
5.565642786830694178e+01
4.940396388775484837e+01
5.422954317594867746e+01
4.749155645144316651e+01
5.320562990929823854e+01
5.450996787866962023e+01
5.789560441084194764e+01
5.208512672192350124e+01
5.613097058045559606e+01
5.046749134640193546e+01
5.462431928118013502e+01
4.958142578656662636e+01
5.326745310207120099e+01
4.771440054126636454e+01
5.171018230847914765e+01
5.418410594067643871e+01
5.525419584083616087e+01
5.211772759452211545e+01
5.436308738081345382e+01
5.089169562542091541e+01
5.284133014683311558e+01
4.937594614260124359e+01
5.139666793157900315e+01
5.358458670876914454e+01
5.586832781673388126e+01
5.142706589150925112e+01
5.418117715641935916e+01
4.993669827666553118e+01
5.280424897094291481e+01
4.833623455036187266e+01
5.094195545887730958e+01
4.704223649416828579e+01
4.977687159924161620e+01
5.209468968075896100e+01
5.363258275693400634e+01
5.030564718878265040e+01
5.251768471484523104e+01
4.770061335523736545e+01
5.090468874794432708e+01
4.576815711207396475e+01
4.888174327316332324e+01
5.064538277382255416e+01
5.252661017703091773e+01
4.753594782047468925e+01
5.060246641903521692e+01
4.657437182258406949e+01
4.922573909077599552e+01
4.443045326005199058e+01
4.733814177208197549e+01
4.940824521888601595e+01
5.075058328128992002e+01
4.884006323689197160e+01
5.032825405806160290e+01
4.525806600715510086e+01
4.798574533191018077e+01
4.431150351527490017e+01
4.634135418040633425e+01
4.879557241025164416e+01
4.953565427505786545e+01
4.797971836533105261e+01
4.881757350903840376e+01
4.532870449805729862e+01
4.658146614207853276e+01
4.400895812773159577e+01
4.559051721076362895e+01
4.854044367432581453e+01
4.834593503737215769e+01
4.642095252599101229e+01
4.673710676205077874e+01
4.515429442201950394e+01
4.542960301100961118e+01
4.269461974023350592e+01
4.566768407568250865e+01
4.575204955584113264e+01
4.912344246868197928e+01
4.362399386814117719e+01
4.737063448399057108e+01
4.207828825519104043e+01
4.580083382776412293e+01
3.970331565406631569e+01
4.377107869652003558e+01
4.446374269701868087e+01
4.674448124275191674e+01
4.192803340230263132e+01
4.589929851118805004e+01
3.976526955584061795e+01
4.394711586936450232e+01
4.692705082693268537e+01
4.447120578993074247e+01
4.447352822372081249e+01
4.315788632044953488e+01
4.250797304868314797e+01
4.119386717681284438e+01
4.161390273020336394e+01
4.009938164896950497e+01
4.319330749369478895e+01
4.630532067945819819e+01
3.914609078813296605e+01
4.323860725954783391e+01
3.970558561442463485e+01
4.188149803997129084e+01
3.782496844844382622e+01
4.109259671509311573e+01
4.388470216149990222e+01
3.959910613435630466e+01
4.286774519424857743e+01
3.751682616860494335e+01
4.147203721415204569e+01
3.421620530345386157e+01
3.917192072560779081e+01
4.203272264927932866e+01
3.973814871127576254e+01
4.194039275784016496e+01
3.800102832996778801e+01
3.884216304608079895e+01
3.633022146753328485e+01
3.664940836121550660e+01
4.035403713353716171e+01
3.843413963572161407e+01
3.930010304824275380e+01
3.626485974752409902e+01
3.859188296000257168e+01
3.368545918849213905e+01
3.716562447176989537e+01
3.928627181478675112e+01
3.826068632842733308e+01
3.718971940927126951e+01
3.884423551678897013e+01
3.445790263259919328e+01
3.569452437425540836e+01
3.202563831339867306e+01
3.533147369444034069e+01
3.555891244401960449e+01
3.796433122235765012e+01
3.237991364507061576e+01
3.612188912283806275e+01
3.002261381014754704e+01
3.377314643978667874e+01
3.616165097017186980e+01
3.687018338015407437e+01
3.417860070513044235e+01
3.641287897755954361e+01
3.158516693710030054e+01
3.333739269106850855e+01
3.568419291749570732e+01
3.689558229192171979e+01
3.422555157795228098e+01
3.645099699979819263e+01
3.156340037310173940e+01
3.370904895625360354e+01
2.974552773589913812e+01
3.189649700652575248e+01
3.373082474337002168e+01
3.535639848400612095e+01
3.218316923685516429e+01
3.434392697339578859e+01
2.929672784071318858e+01
3.180703252518557989e+01
3.325738452838886161e+01
3.525801548420139397e+01
3.288045896594699258e+01
3.480820662441016111e+01
2.929083352800003581e+01
3.234629460561870218e+01
3.303703445716693210e+01
3.542590968725752987e+01
3.226279420213491989e+01
3.516071112363201934e+01
2.904556472087642405e+01
3.280422842707992004e+01
3.298732914965953000e+01
3.588855608832349020e+01
3.079996347612267371e+01
3.465733131734744177e+01
2.841297689847634089e+01
3.263816992080393220e+01
3.269251845336479789e+01
3.589393822136233325e+01
3.131758871462352900e+01
3.541925654543535273e+01
2.785414925833985933e+01
3.305798863919547870e+01
2.696467715794425501e+01
3.171268935971624003e+01
3.118339717102709230e+01
3.476117716825879711e+01
2.733589880178006837e+01
3.291354407449236419e+01
2.681401321723689790e+01
3.186061630878437612e+01
3.356507052455259554e+01
3.274665388041867686e+01
3.168448569009371596e+01
3.095620785531089325e+01
3.083298695185153804e+01
3.392388262303240509e+01
3.298229584084789678e+01
3.609817469749477681e+01
3.004093766313947356e+01
3.311198798705886048e+01
2.941449535672255422e+01
3.316689967916852311e+01
3.606268966793573583e+01
3.103687350109158416e+01
3.451504902048962009e+01
2.988700162320210652e+01
3.337898889114137546e+01
3.634204440256496582e+01
3.257485231811725868e+01
3.723213702922395640e+01
3.116022402387081769e+01
3.501907199422961270e+01
2.888596900433369541e+01
3.299220867986754513e+01
3.592827679384116379e+01
3.227687474331072792e+01
3.545683686803763379e+01
2.822370409030812510e+01
3.373426315777492590e+01
3.646124882807142598e+01
3.542591772238187531e+01
3.351058079632804976e+01
3.575588750996434584e+01
3.081202203291387676e+01
3.472936259741381093e+01
3.618445843596861522e+01
3.801702059915044885e+01
3.323873533872615127e+01
3.644137533237843485e+01
2.981806642498934323e+01
3.420266366384708334e+01
3.659235624426656841e+01
3.749079839145230153e+01
3.391157796373624222e+01
3.604262981936506804e+01
3.220169729755406962e+01
3.397111351904400323e+01
3.616393205394980725e+01
3.833486149792063458e+01
3.381965494351489099e+01
3.756163687830626685e+01
3.151689747970122468e+01
3.536978287796895870e+01
3.742447870908630847e+01
3.874362080830667310e+01
3.435031274996065775e+01
3.725598478170591221e+01
3.249407657457010146e+01
3.547931545486389382e+01
3.737101495230077575e+01
3.894022109685217004e+01
3.648092997297636231e+01
3.839205311535139487e+01
3.392109019348968957e+01
3.621377391932963263e+01
3.818665142584861627e+01
3.965838209641216849e+01
3.608669725636154624e+01
3.862746391033307702e+01
3.382239058965109280e+01
3.654254704580500857e+01
3.890242668547176663e+01
3.989878623969473637e+01
3.841129144730969358e+01
3.961235523200269171e+01
4.238880819036004510e+01
4.265928780828127742e+01
4.011467138811379840e+01
4.100066412276964201e+01
3.903500116448410751e+01
3.957154140200846371e+01
4.265738151305313153e+01
4.309289740675919944e+01
4.039399151018815814e+01
4.089891405791742329e+01
4.139028937886402559e+01
3.939018910155409259e+01
4.290431974153215577e+01
4.401674962358504928e+01
4.022228706871000981e+01
4.118136776072809369e+01
4.132123631378128437e+01
4.510284172443560635e+01
4.387515121739667023e+01
4.601184750731820827e+01
4.085962592046038111e+01
4.533652846132361702e+01
4.816791370457069377e+01
4.463432693236899951e+01
4.700606557999009283e+01
4.224719162119808402e+01
4.680059334080963396e+01
3.984563643124464960e+01
4.465975760338064049e+01
4.776406408469971865e+01
4.493536494990521390e+01
4.560410916460581632e+01
4.401419701744566026e+01
4.333792993246960634e+01
4.785220651926488244e+01
4.500345504872950642e+01
4.861541035239563513e+01
4.167165782150919995e+01
4.553312634146227822e+01
4.851105523066426883e+01
5.099025294192367141e+01
4.508541151706098304e+01
4.891700517720696695e+01
4.429272925274684525e+01
4.786970866170177175e+01
5.048173694135371647e+01
4.861995862231442089e+01
4.685543083161370959e+01
4.853749112129715826e+01
4.530094753403074037e+01
4.815014155261718543e+01
4.894060401851439934e+01
5.136910937359780149e+01
4.540559682201880065e+01
4.915795505791441400e+01
5.178959576383263652e+01
5.202549147366202220e+01
4.890531453208563306e+01
5.144838823408031914e+01
4.643628765968669825e+01
5.023004983209574448e+01
5.088765858534963371e+01
5.350943592176734853e+01
4.874004886425956329e+01
5.174184690223492566e+01
5.276703750659613945e+01
5.487553286361457339e+01
5.138950477296860697e+01
5.354141576525728397e+01
4.873417788654457894e+01
5.127857816339246710e+01
5.337727515062427841e+01
5.466618463565495745e+01
5.194507505462688357e+01
5.417509640036750085e+01
4.923775132440739810e+01
5.179698417595567861e+01
5.411321205686391522e+01
5.550285708592157619e+01
5.045115359113491138e+01
5.319832775595960328e+01
5.552057907383602497e+01
5.645821249262756680e+01
5.306731338663279729e+01
5.522770197201253950e+01
5.022103778706009791e+01
5.279346553787577534e+01
5.548653274566764537e+01
5.583374715704533031e+01
5.465280177778273440e+01
5.543125918366525440e+01
5.849993588580768034e+01
5.815680073705712516e+01
5.495868563330467538e+01
5.590703609578275035e+01
5.418410397362656994e+01
5.499808905720600904e+01
5.826191712333769601e+01
5.742467687100936047e+01
5.529160963790115346e+01
5.545461006365564316e+01
5.878967700314495914e+01
6.035913409890664383e+01
5.662760262788548715e+01
5.998709148578815586e+01
5.342850497121857956e+01
5.797745857487770849e+01
6.080130766373457618e+01
5.839801813463845548e+01
5.835164223016285945e+01
5.701548504942871887e+01
6.062432602433226236e+01
6.202950027823738566e+01
5.771580847416725391e+01
6.172095235830172300e+01
5.376624520232022064e+01
5.945758145690214036e+01
6.236681911968946679e+01
5.833655475013152625e+01
6.010684156866697236e+01
5.713299555852949396e+01
6.110439981839252255e+01
6.051270238910432653e+01
5.896026241298913817e+01
6.090362492230926250e+01
5.757337521712564410e+01
6.137917125726764311e+01
6.068999142030824601e+01
6.067632927481825078e+01
6.101816847380448650e+01
5.662050178547198698e+01
5.939174200541130944e+01
6.183550703148458183e+01
6.242651520714303359e+01
5.875623071438602807e+01
6.023934722561796917e+01
6.264476766824137144e+01
6.426376456157714756e+01
5.756929284910783196e+01
6.191383691286653601e+01
5.569732490499401223e+01
5.962842477015282583e+01
6.147096158870387939e+01
6.266097780939436745e+01
5.609810261714088142e+01
6.024930557415601129e+01
6.187207246253016990e+01
6.342711487170984697e+01
5.793347269539810185e+01
6.107318298225826680e+01
5.525510705158369973e+01
5.862921586678709218e+01
5.999303859893227298e+01
6.153340293209097212e+01
5.845481609900673448e+01
6.027467772129429591e+01
6.174913194807712102e+01
6.291751183415869519e+01
5.840966819950890709e+01
6.042125592311280258e+01
6.251565684476641849e+01
6.320428781361175652e+01
6.206829707045759648e+01
6.161214223624229192e+01
5.712894881922800749e+01
5.904628176805400130e+01
6.148013789918214655e+01
6.159628826750537200e+01
6.189438172615010814e+01
5.809113892009627023e+01
6.079450237723533945e+01
6.103227242569627720e+01
6.349490005384155467e+01
5.786672937666365613e+01
6.086281867523621258e+01
6.302531779658511368e+01
6.150989153546733945e+01
5.928311655883727838e+01
5.911056700362620120e+01
5.884686331324024877e+01
5.987550522246153406e+01
6.243393608248254623e+01
6.047579653901829033e+01
5.861789822813014439e+01
6.185050045156814491e+01
5.950381571881839449e+01
6.307720888327402520e+01
5.824738105772141239e+01
6.138094482626721060e+01
6.400096765905252028e+01
6.027376710247912683e+01
6.112756970185782990e+01
5.872787238224200479e+01
5.795083480022114486e+01
6.150817954437965795e+01
5.831937839483413200e+01
6.177769457386673224e+01
5.549572906551346563e+01
5.895305413113524651e+01
6.149797175124648874e+01
5.839507669226284037e+01
5.893963121115564263e+01
5.592798053240672118e+01
5.930673251359121423e+01
5.973063241618667973e+01
6.113160180903149410e+01
5.507215565776077426e+01
5.799733985980127215e+01
6.019151315627884458e+01
6.202572526126870400e+01
5.635914749204694374e+01
5.903162976162147402e+01
5.291355214643361649e+01
5.608041669388771311e+01
5.799070194531255851e+01
5.864907867603960057e+01
5.432418522243742132e+01
5.648324289293405087e+01
5.732695774353857132e+01
5.926135813103041272e+01
5.348046333963301890e+01
5.629465459135543171e+01
5.715783612417007475e+01
5.877270531312142765e+01
5.378054789043873996e+01
5.625008506127235819e+01
5.748417659280482184e+01
5.876025687709846324e+01
5.466524763534919629e+01
5.640221694707357614e+01
5.222954397771869850e+01
5.364711451143136856e+01
5.513533438265365305e+01
5.590087650629024552e+01
5.515417009528507464e+01
5.200110994038753631e+01
5.472081252562050935e+01
5.489425298034385747e+01
5.670292935264951240e+01
5.167238979251743558e+01
5.397646054858354603e+01
5.386434135914370103e+01
5.630351424813187577e+01
5.315373091077197643e+01
5.380740536484021419e+01
5.614883706596884849e+01
5.537957629279043203e+01
5.232161377471415875e+01
5.228405910708607252e+01
5.491054837312539405e+01
5.411649360046830992e+01
5.484212121633294856e+01
5.292299065260639424e+01
5.033344332927572395e+01
5.297950960612845961e+01
5.114259749698069157e+01
5.417353117218208070e+01
5.014221250090533033e+01
5.282144024736325605e+01
5.519503171549192899e+01
5.214602032568890166e+01
5.211233204760046078e+01
5.009706784125932444e+01
5.320999649856796054e+01
5.417876819527975130e+01
5.035824439466327362e+01
5.175561432256243677e+01
4.714727812357075010e+01
5.077391110473802627e+01
5.300870645263967873e+01
4.540516244894718056e+01
5.031008109922889560e+01
5.264102155027282492e+01
5.142025380250790079e+01
5.104113090212685222e+01
4.813994451343744174e+01
4.875983235788798709e+01
5.097182124048727303e+01
5.277600030258060571e+01
4.498140283176517329e+01
4.941875100463908410e+01
5.148973015006091458e+01
5.253286485325597255e+01
4.807122854393976752e+01
4.866546701861880564e+01
5.083733187553194455e+01
5.242556333279851799e+01
4.549689335770118248e+01
4.925699401331951321e+01
4.354593489855620447e+01
4.680178167098868158e+01
4.733374006943510892e+01
4.904429817577928219e+01
4.494861723841540169e+01
4.717510450194740201e+01
4.818561224242641572e+01
4.948263769901741682e+01
4.558458123596305001e+01
4.696904247190659021e+01
4.828355484699403632e+01
4.925522116037659259e+01
4.687155910640768752e+01
4.771188790381093980e+01
4.928501406422248721e+01
4.998689527194542137e+01
4.530500171047935964e+01
4.671310196774510359e+01
4.848495061826605479e+01
4.889529559738496545e+01
4.903025714624345710e+01
4.481971815378110335e+01
4.742694501501838289e+01
4.756328178113864880e+01
4.971218621176321761e+01
4.517863556164276417e+01
4.810597019813227604e+01
4.827165589647496091e+01
5.038313205497004788e+01
4.537556470045920065e+01
4.869635548937397118e+01
4.098307007535183999e+01
4.516269853221424313e+01
4.474698029667815291e+01
4.764010238510943651e+01
4.457279477903837517e+01
4.780187878650712463e+01
4.866957927071727852e+01
4.429189691074314084e+01
4.759708875621873148e+01
5.002860595310826852e+01
4.760219929054245824e+01
4.774178166476369256e+01
4.591905549910531192e+01
4.407450534276703991e+01
4.784671268614747675e+01
4.513798579282453716e+01
4.843823117159971758e+01
4.187376157217555317e+01
4.541942251130132036e+01
4.810594985841659366e+01
4.494725363276153729e+01
4.565032023115355742e+01
4.340571252291854876e+01
4.577715674400192114e+01
4.636501575213469550e+01
4.787001377935136048e+01
4.179617684909552366e+01
4.438416610950525154e+01
4.673651831603942242e+01
4.856510452713817472e+01
4.299532641615096651e+01
4.567770670264869892e+01
4.786868152621974559e+01
4.810829819179136280e+01
4.410636788356691085e+01
4.527836651611134045e+01
4.769221484829392210e+01
4.924243481070649153e+01
4.205012196867789953e+01
4.634668003857908047e+01
4.787678792891149726e+01
4.880045987979427480e+01
4.535092578986052558e+01
4.702934749604039411e+01
4.883464301380017503e+01
5.002301533627549901e+01
4.545259312117569550e+01
4.777185187078544004e+01
4.875972857992316989e+01
5.026948511658880392e+01
4.747540970790968373e+01
4.947200308991029516e+01
4.367553255203699081e+01
4.614804893193493740e+01
4.728728736275823508e+01
4.893801766980271140e+01
4.544985387870937643e+01
4.813375689180514172e+01
4.873632878226607801e+01
5.004110248006261941e+01
4.572704059666763499e+01
4.877247700361857596e+01
4.888893140764953671e+01
5.120870830548378194e+01
4.571206969510718920e+01
4.913413180161379046e+01
4.880055262120554715e+01
5.153148478467354465e+01
4.746765585020762046e+01
5.045651061876709775e+01
5.114347086468860226e+01
5.163368447051864507e+01
4.823141865606401524e+01
5.065744464478878939e+01
5.343073543896790767e+01
5.094097432383605906e+01
4.984149953963021318e+01
4.880359314811548188e+01
5.220729689029074194e+01
5.317379426422144206e+01
4.696133603238661891e+01
5.205065208098771024e+01
5.473807473717850058e+01
5.156366633214653916e+01
5.138874856098973964e+01
4.933471015086615807e+01
4.938404229979016691e+01
5.292993785432258136e+01
4.995444409767810612e+01
5.272939365202983453e+01
4.534536195217270915e+01
5.041251651905700015e+01
5.291905627453988359e+01
4.978329893518365168e+01
5.233183288098634023e+01
5.463853593631193206e+01
5.461612514868068757e+01
5.121027533008703614e+01
5.249074459294692474e+01
5.475356094762294390e+01
5.634173636595696166e+01
4.880925188816605953e+01
5.334929280120354633e+01
4.821174620923371634e+01
5.128950807536683243e+01
5.175485432503497663e+01
5.409078970014225263e+01
4.777849639265767934e+01
5.146238500200349364e+01
5.229656159261419646e+01
5.448194753005919466e+01
4.774910380001094978e+01
5.130535938738444202e+01
5.242687994867777945e+01
5.417372429219710739e+01
4.933728328556887988e+01
5.103774127619730905e+01
5.272188081351411881e+01
5.406030237205326472e+01
5.418638120673784186e+01
5.602234137831710115e+01
5.681367123980992062e+01
5.219667746712198664e+01
5.394000874129033463e+01
5.587901537230899862e+01
5.634610717718845052e+01
5.603260699681646884e+01
5.434652037818688797e+01
5.707723608496841194e+01
5.705638056128540825e+01
5.330942362316396554e+01
5.433063917981526458e+01
5.676200462982800587e+01
5.638052715332790399e+01
5.739033157712243849e+01
5.556088773459207886e+01
5.188342168211508465e+01
5.299673148680357571e+01
5.579582027873328087e+01
5.459092586613422782e+01
5.458602176628898661e+01
5.623476653133245406e+01
5.551679570490443183e+01
5.763778643021691295e+01
5.413141680226824803e+01
5.734895734411715296e+01
5.818216778323687066e+01
5.429594060631102792e+01
5.780193080290911212e+01
6.037236539330426410e+01
5.651240760982385325e+01
5.863621949184245352e+01
5.278492594262245063e+01
5.624095765622807619e+01
5.879170716976855715e+01
5.519893891107894746e+01
5.539816724313973140e+01
5.865465794900701724e+01
5.789811655839685045e+01
5.860194596485423801e+01
5.495261754260764775e+01
5.578136285630010605e+01
5.886730087046291970e+01
5.487110290436149285e+01
5.641663410210987450e+01
5.312435702462344977e+01
5.541380966092856397e+01
5.586364101500204526e+01
5.785004719168274079e+01
5.263805147780117721e+01
5.530940677784246873e+01
5.707060482812464386e+01
5.715371489048980180e+01
5.281695232698466214e+01
5.410685508524146314e+01
5.605932122422819930e+01
5.696356846493122106e+01
5.381840150754484853e+01
5.530734496158259361e+01
5.644573054720823535e+01
5.783641664824421014e+01
5.204259458943408134e+01
5.476036058697472697e+01
5.626007314678602711e+01
5.700892319659238439e+01
5.446703188080735458e+01
5.573322061272999406e+01
5.723668121268494957e+01
5.789056858511348480e+01
5.308325272497338432e+01
5.564333139413297857e+01
5.615681788846090683e+01
5.786542000678523578e+01
5.268583141502264766e+01
5.526186468316499401e+01
5.526949862635917299e+01
5.764739530310261983e+01
5.610697607026671818e+01
5.886258526163570792e+01
5.805347828379063202e+01
5.564983426554502444e+01
5.549371041654714531e+01
5.807112804985947463e+01
5.805823801160546793e+01
5.835855195755380009e+01
5.580880411450983303e+01
5.879841353429360851e+01
5.939769445613313081e+01
5.366389521160223097e+01
5.753239510468346651e+01
5.986646852831554355e+01
5.748918589133548096e+01
5.851634664287567489e+01
5.612287435087134924e+01
5.377722544554696782e+01
5.730534904475803870e+01
5.457070755066443013e+01
5.770319342428981457e+01
6.011866812340272048e+01
5.678707904045233335e+01
5.769629720573146869e+01
5.465669071364995801e+01
5.406237177447039244e+01
5.727408624565441642e+01
5.462284635788788734e+01
5.762018008895576315e+01
5.989876632807762036e+01
5.604246559805880423e+01
5.902705188425833427e+01
5.321413036460412371e+01
5.671276515360796822e+01
5.794048545043017384e+01
5.530456590884103463e+01
5.677506814608340591e+01
5.861593769789340058e+01
5.983524480144905766e+01
5.330315921805551227e+01
5.696208080737662982e+01
4.994799833379882870e+01
5.359876815313779019e+01
5.510101603448177343e+01
5.596913883209359142e+01
5.180647868759017172e+01
5.332690701139798506e+01
5.430682263799742060e+01
5.557172772405890981e+01
5.324867564582091006e+01
5.509872375591769611e+01
5.595375980955666506e+01
5.670669612220011402e+01
5.131589114124006556e+01
5.345597029249248777e+01
5.425228397549447124e+01
5.578454620925617746e+01
5.713468416629614666e+01
5.746595780876997139e+01
5.485807282611621361e+01
5.571454074695024872e+01
5.048568583948697608e+01
5.357671373103561763e+01
5.362650563602184661e+01
5.572515426957014029e+01
5.437606104912359228e+01
5.700317856582751119e+01
5.626242853617515749e+01
5.362850542993917458e+01
5.364259376936932711e+01
5.622503455002809858e+01
5.543394457085337024e+01
5.500873452540464825e+01
5.398226079709980496e+01
5.668491986765905466e+01
5.768991428768391216e+01
5.079728773752185589e+01
5.525290946486910570e+01
5.773924443912736137e+01
5.551834351035841308e+01
5.618430105834923438e+01
5.918040354589246732e+01
5.640629536746534001e+01
5.765482256072488099e+01
5.406243769203265970e+01
5.405345218167843058e+01
5.734459905051340201e+01
5.424165043179154111e+01
5.699098079206576983e+01
5.933620976021558846e+01
5.597715347285026155e+01
5.809594471859060150e+01
5.370718584624220426e+01
5.735984108558557182e+01
5.669771328468633698e+01
5.526889236647314618e+01
5.714574380379277585e+01
4.920379129583142941e+01
5.395125340066703501e+01
5.601745626539626244e+01
5.682692461705877918e+01
5.857505387268942343e+01
5.969168003306059944e+01
5.492736867487693075e+01
5.601460972343554090e+01
5.785665623188327089e+01
5.930026800183425451e+01
5.327453209243068244e+01
5.619949675307413628e+01
5.748317863130314009e+01
5.894188340060652109e+01
5.409678494745609356e+01
5.593774364522201381e+01
5.691563929184892601e+01
5.861572003713797585e+01
5.369313556379415076e+01
5.583313884959351014e+01
5.673089737577061697e+01
5.845129628905564090e+01
5.760501633025533152e+01
5.309266865025933413e+01
5.441234922379901917e+01
5.634646450884617508e+01
5.665193606075328603e+01
5.445716067838914398e+01
5.530066724964783020e+01
5.755149303551566220e+01
5.728005275109028105e+01
5.341346831291422603e+01
5.428479520743326958e+01
5.683118969371161455e+01
5.609042137917273152e+01
5.713862813269170005e+01
5.648638127900132133e+01
5.931573275036998893e+01
5.682894786466967929e+01
5.508552152885170017e+01
5.690946726158929891e+01
5.737055720053716357e+01
5.787701919993140365e+01
5.192208888601453509e+01
5.674617536669632045e+01
5.875927417974148170e+01
5.618305098857508284e+01
5.692938172073591829e+01
6.003673491406402718e+01
5.714910794037644592e+01
5.862044319499452882e+01
5.509295964981775739e+01
5.847899486922825929e+01
5.943229258193903775e+01
5.594722148690740937e+01
5.934949604454869387e+01
5.923674645029050367e+01
5.868343894677796868e+01
5.853539504661070225e+01
6.179552250701703286e+01
5.800413994389444383e+01
5.928382991663558244e+01
5.577071392107376369e+01
5.800745129782198006e+01
5.845137271174779414e+01
6.037474722765701074e+01
5.504047073429665460e+01
5.794190498360272557e+01
5.952146806173834648e+01
6.012512825084474599e+01
5.361992432417213905e+01
5.731872167238300619e+01
5.884864240117300938e+01
5.976085517825995908e+01
5.524722374587346252e+01
5.723222123287803242e+01
5.884630484921532201e+01
5.955845684015696406e+01
5.549752821300241123e+01
5.771762884767284163e+01
5.935139406053993838e+01
5.958183410568065597e+01
5.568415105767984130e+01
5.691405719216189851e+01
5.842674775724505309e+01
5.915457545803543127e+01
6.092762345506207566e+01
6.131986989942566879e+01
6.123147474247426914e+01
5.686083291749166335e+01
5.950541258613296236e+01
5.970654945831698512e+01
6.183092423677256022e+01
5.760173563908655581e+01
5.988741035316174788e+01
5.934624177674528767e+01
6.172045288306190969e+01
5.782684926348056109e+01
6.038168011934472901e+01
5.989212664080970683e+01
6.216878644257167252e+01
5.611795523484416748e+01
5.932754986394834162e+01
5.946122148246549699e+01
6.119388295922602339e+01
5.466036008754979036e+01
5.800087016702347853e+01
6.068715519809595094e+01
5.812879350721754435e+01
6.002537901632133810e+01
6.285890122867247953e+01
5.975770357984356451e+01
5.929806691430221122e+01
5.686397452138655950e+01
6.002172463114584389e+01
6.218068689714237962e+01
5.598688614040981548e+01
5.908769170668931991e+01
6.140155456781362631e+01
5.917380283003760155e+01
5.917044627093076059e+01
6.222396672543674612e+01
5.884371693928439839e+01
6.184310229555273253e+01
5.522203608609923009e+01
5.860709965925369147e+01
5.978411550772334948e+01
6.144657762527686629e+01
5.542521494473304955e+01
5.819513616725926397e+01
5.992748069421727308e+01
6.064294937614168646e+01
5.613950111298816381e+01
5.788759443008255801e+01
5.879302908055200305e+01
6.020373299208301177e+01
5.451108759649279278e+01
5.700050054195813232e+01
5.821909155623121279e+01
5.912453388146724365e+01
5.576185313965338963e+01
5.759226635303971875e+01
5.899276380587988911e+01
5.888218234702806342e+01
6.054363362361190326e+01
6.098610710857713713e+01
5.893080008852766838e+01
5.943241636851901433e+01
6.146785551284391858e+01
6.129115770567182864e+01
5.687158285133390478e+01
5.781252561190452610e+01
5.998005201793154839e+01
5.944815268182424717e+01
5.568572014499504519e+01
5.627862942137892333e+01
5.870378966068955862e+01
5.783051880976034198e+01
5.979509868006676498e+01
5.470744047013367606e+01
5.763150627381189395e+01
5.717272979873461480e+01
5.949469468509809644e+01
5.441551390687162382e+01
5.718619550289892572e+01
5.763717491160045370e+01
5.730980503740817511e+01
5.999636058246122872e+01
6.063988714638335153e+01
5.559302508939676812e+01
5.908404059923837082e+01
6.143545976574029766e+01
5.825257032736225682e+01
5.755231537759173932e+01
5.516507392801004528e+01
5.813466998827468757e+01
6.023356966014790004e+01
5.340578772419687681e+01
5.709879853861557564e+01
5.932365564122160606e+01
5.761294068526434842e+01
5.702074050606237421e+01
5.400205694282560387e+01
5.683086710468713676e+01
5.855810991805662269e+01
5.124705713212671299e+01
5.581592378850925229e+01
5.783288416284676003e+01
5.695464929888024130e+01
5.396550081011157118e+01
5.600229519378129339e+01
5.705221373491294656e+01
5.828541910409870752e+01
5.163429297627779135e+01
5.486959291764387814e+01
5.628947870834915079e+01
5.714561987234804974e+01
5.274716087982762502e+01
5.463469508580075740e+01
5.548740819943328262e+01
5.669538696547967049e+01
5.758790057424224784e+01
5.878789462850694036e+01
5.462403822564971989e+01
5.599186460410078325e+01
5.714654464575441040e+01
5.778906691306421095e+01
5.789230065818586723e+01
5.342416097973541156e+01
5.432284423127205031e+01
5.604443843294694005e+01
5.623856154442134425e+01
5.351673679765894320e+01
5.424166743600070362e+01
5.624408844116872785e+01
5.593155781476829702e+01
5.315646729564782191e+01
5.362546539877054386e+01
5.593312417414892224e+01
5.511672437492480725e+01
5.408757635769477190e+01
5.409712333681773089e+01
5.659561639021641355e+01
5.521072729974699911e+01
5.781281875706973494e+01
5.972213165303469395e+01
5.207935573784271810e+01
5.616571295899144189e+01
5.853046832174327108e+01
5.628484824693418886e+01
5.862654435175442558e+01
5.017364188408458858e+01
5.541241798670213115e+01
5.750064690629599795e+01
5.455305815243360001e+01
5.556733148187307592e+01
5.835660035464581341e+01
5.524794582411465882e+01
5.555387778161819767e+01
5.854106335301253949e+01
5.772379421486052564e+01
5.764416678432286290e+01
5.417339152433203253e+01
5.732913814936469521e+01
5.619264401158646649e+01
5.657765798133181789e+01
5.325245247639703905e+01
5.591793200715238044e+01
5.700618138251457623e+01
5.562952727915696727e+01
5.551689445528484157e+01
5.763233171867264559e+01
5.912686811593846414e+01
5.220281124547699392e+01
5.601485397666188959e+01
5.701052519931877782e+01
5.844206184214056066e+01
5.271711625422339154e+01
5.527366752210657097e+01
5.650434542897357204e+01
5.783543589337156021e+01
5.311493210839876156e+01
5.469688104498333558e+01
5.619923106295748028e+01
5.718902279681057621e+01
5.539963970614383726e+01
5.757727830285318760e+01
5.814466665290469649e+01
5.701192272620580326e+01
5.443369431783769130e+01
5.542550720209359838e+01
5.733550128815987534e+01
5.741392787207351489e+01
5.956300554572914763e+01
5.926309682303320869e+01
5.563931452976426328e+01
5.623002360721768866e+01
5.869317350853625470e+01
5.794009080303973747e+01
5.925601744388775671e+01
5.570380134121747773e+01
5.868529400236127458e+01
5.746398227839380723e+01
5.851985293890640349e+01
5.637197958024311362e+01
5.922819859951184185e+01
5.999811410998058392e+01
5.306187315182523889e+01
5.760173471263769329e+01
6.003634731650159040e+01
5.764348197757587400e+01
5.875511652118587591e+01
6.161943519029168215e+01
5.860206870794358736e+01
5.931920070536546774e+01
5.670139418818298793e+01
5.984994285990944007e+01
5.961262172398468806e+01
5.683016477213874396e+01
5.669891371368673560e+01
5.989220689683236287e+01
5.853251259745130142e+01
6.102473878227613113e+01
6.308539040122390418e+01
5.566797893441056999e+01
6.080379818687808324e+01
5.476174560775383071e+01
5.770501451630499190e+01
5.959647128775426950e+01
5.997017337990126151e+01
5.600209388962016277e+01
5.811935084493686787e+01
5.888796183715507482e+01
6.048908451223041283e+01
5.402371320253751463e+01
5.739366065730632016e+01
5.864728893588969783e+01
5.998464124906444539e+01
6.112066270183461825e+01
6.228117806491132313e+01
5.824140256080764999e+01
6.031413332398829397e+01
6.105023191952659545e+01
6.263750845219283292e+01
5.749206582853025083e+01
5.941347858030943030e+01
5.996457374603332369e+01
6.154740663169008030e+01
5.987841342849048232e+01
6.220039400332353097e+01
6.249399966496309133e+01
5.953953769525626427e+01
6.038177886164418595e+01
6.239470141678668114e+01
6.225810205539312392e+01
5.911965243732060316e+01
5.940103273345909685e+01
6.165126108187943998e+01
6.090298020385518640e+01
5.877958654285406936e+01
5.861938759512123198e+01
6.117469057227927465e+01
6.027434070738917882e+01
5.937539091896535837e+01
5.826400817372048380e+01
6.114034254433788362e+01
6.069771134193896245e+01
5.942510737992986236e+01
6.246930459812140413e+01
5.989578530458257433e+01
6.302016764322613795e+01
5.640873506149077343e+01
6.003245351405609398e+01
6.225348716753250500e+01
5.911516007806208961e+01
5.938360489672749054e+01
6.236546222512572513e+01
5.906993681826551779e+01
6.164388668855230691e+01
6.393827455902145118e+01
5.969658817447403010e+01
6.389905966690080419e+01
5.713135052711557194e+01
6.032945325821657434e+01
6.255479140124489845e+01
5.815840280910846616e+01
6.005205323927646788e+01
6.215619190029465813e+01
6.126687281492554149e+01
5.793743173427272808e+01
6.004210928873553854e+01
6.161671928285402089e+01
6.215831869481605310e+01
5.770279562438202703e+01
5.956667152304165569e+01
6.025580509919095817e+01
6.168628422786729715e+01
5.692869457958229873e+01
5.847274123523860823e+01
5.940463569597793025e+01
6.049577806735137386e+01
5.740622145651120434e+01
5.902104615855854775e+01
5.977116800521339712e+01
6.108452743746120461e+01
5.431729072706309580e+01
5.741656808688853886e+01
5.797679268644216677e+01
5.874375728019758469e+01
6.063271711783062301e+01
6.062802459619936712e+01
6.174624184028397167e+01
5.591660992984353840e+01
5.806757256398274336e+01
5.771857669422800541e+01
6.002574583957068910e+01
5.791482081495382062e+01
6.062205007313475136e+01
5.955988078377630046e+01
5.818379336269727986e+01
5.887529619910366563e+01
6.098563356944959679e+01
5.945877948901485865e+01
5.761480693420519117e+01
5.888432015594344193e+01
5.933032181437226882e+01
5.882577140353417633e+01
5.815531002472229716e+01
6.098176430876003451e+01
5.853714483227943077e+01
6.025200755370392613e+01
5.537986840238006891e+01
5.840624755672584456e+01
6.053259978038158096e+01
5.679171756602782040e+01
5.957444329601528921e+01
6.155754678265935098e+01
5.481667541813084199e+01
5.842510250452635034e+01
6.062057784597462984e+01
5.940893432873065905e+01
5.858660512650939012e+01
5.561343677831104060e+01
5.828762358897733264e+01
5.822281379401844958e+01
5.664695374070480227e+01
5.946165327149048352e+01
5.900974030398950987e+01
5.800307556875373649e+01
5.596580748838599106e+01
5.866724620665780066e+01
6.026532756908472521e+01
5.411677945147989277e+01
5.683464268377168338e+01
5.787051167514822225e+01
5.903069008144395013e+01
5.711254795066512457e+01
5.915618344318915689e+01
5.988655001713737391e+01
5.677446147463380299e+01
5.826700723658257175e+01
5.946420548149982466e+01
5.998455636598040286e+01
5.598536161491193752e+01
5.750871798240578414e+01
5.872357930212973542e+01
5.921368054810282899e+01
5.539075756121084027e+01
5.778182931641475761e+01
5.813395202941219253e+01
5.928535495215174222e+01
5.598082103348360050e+01
5.841039378879199262e+01
5.818062552257780595e+01
5.916426901874160649e+01
5.927550525663451708e+01
6.139926603268301619e+01
5.751209387764749437e+01
5.954677349274847842e+01
6.025128067588887859e+01
5.988203452824503614e+01
5.665248271133179969e+01
5.617040464474422379e+01
5.874737009013324496e+01
5.942414820928811281e+01
5.550712363696251828e+01
5.857685824578661027e+01
6.106351366656547697e+01
5.814542259120156587e+01
5.703140486877733650e+01
6.029954074257059204e+01
5.744090056109614295e+01
6.039878734631825807e+01
5.165421777416008808e+01
5.696849045494048625e+01
5.931717112460152208e+01
5.598622855456148528e+01
5.693273918298330472e+01
5.963682174683971482e+01
5.734758022872304650e+01
5.721811779068768544e+01
5.377482268776838481e+01
5.712344938237359315e+01
5.814790823158180189e+01
5.753556116182734570e+01
5.958248290423021842e+01
6.157949724139418635e+01
5.346396035893228316e+01
5.757107234893106806e+01
5.935937725921543517e+01
6.042337126613602294e+01
5.560582975407554329e+01
5.656109441249549263e+01
5.817163443645596033e+01
5.955713346116546347e+01
5.413531996561134463e+01
5.659653126792564137e+01
5.815820269671287690e+01
5.886794232226785084e+01
5.441422022261625102e+01
5.606602975277873924e+01
5.735535012371215657e+01
5.848925263938988195e+01
5.451702785547256269e+01
5.660525402775479620e+01
5.717131519943104934e+01
5.874802049572579676e+01
5.970455588560410121e+01
6.013599222867308214e+01
5.778403459826629529e+01
6.071205165936117965e+01
6.033358597646190447e+01
5.997961861768132508e+01
5.949696960812497082e+01
6.200441471377713754e+01
6.104922042340825072e+01
5.755854640346021256e+01
5.758148964884734511e+01
6.027968916391478160e+01
5.904489308957894877e+01
6.041681745392755687e+01
5.738079489944745859e+01
6.033113916060356985e+01
6.072484922359930692e+01
5.578208972511718855e+01
6.017406577369444420e+01
6.064149391594028060e+01
5.988953967885731089e+01
5.890569161913128937e+01
6.227304285836780195e+01
5.927548188639381976e+01
6.181236990798663555e+01
5.446684762761024956e+01
5.879422768918936271e+01
6.119525374149883845e+01
5.768283073312743880e+01
5.791107808698216530e+01
6.095302435642931727e+01
5.947263928960430235e+01
6.162794929449645309e+01
6.390531979717309241e+01
5.606862201836214865e+01
6.109559949859259831e+01
5.611799075183225227e+01
5.831436844961395138e+01
6.039397907087481343e+01
5.972905870039324583e+01
5.614703945917361239e+01
5.831754049441084220e+01
5.957453775102657545e+01
6.068131883734840670e+01
6.155174951981566522e+01
6.300137358791464948e+01
5.748040747445946863e+01
6.021684893614886391e+01
6.126423860531163257e+01
6.235537491082156691e+01
5.879663017684531923e+01
6.062363702947666866e+01
6.173227554741899326e+01
6.234890769174633363e+01
5.729421688672290003e+01
5.918217721609545379e+01
5.981886713911101339e+01
6.127240411276999765e+01
5.646549698081202706e+01
5.888688009932666745e+01
5.903988767617369149e+01
6.083527416573353719e+01
6.006509905801328131e+01
6.234926848916177278e+01
6.208003348650427000e+01
5.856967179939015011e+01
6.008232677874514138e+01
6.168634539799930394e+01
6.036114904910476042e+01
5.791403299640261793e+01
5.848333263128836990e+01
6.085157233906009111e+01
5.956263639607554694e+01
6.240457308545262549e+01
6.398757002500775570e+01
5.960451921388893481e+01
6.271457048825435265e+01
6.508995581775981520e+01
6.225320027882857232e+01
6.062572419973550808e+01
5.888904317791754295e+01
6.202733990596623670e+01
6.383559011727241028e+01
5.758604290547918936e+01
6.114535097912230555e+01
6.348976379239105228e+01
6.007331966529000766e+01
5.993870130448001277e+01
6.289326253715073278e+01
6.167110249385995502e+01
6.368330679815465345e+01
6.572069796756734661e+01
6.019495463437569782e+01
6.386504073969786077e+01
5.786094884249845194e+01
6.104880519724400756e+01
6.277029913996486243e+01
5.962400000764879593e+01
6.028711369988968016e+01
6.205847730036615673e+01
6.367152332123551162e+01
5.827246905563971069e+01
6.013764113310050163e+01
6.131334968968520371e+01
6.246284249890340590e+01
5.827035591832770223e+01
6.036384595727787428e+01
6.145862169334530734e+01
6.252635543589597944e+01
5.785970553640272840e+01
5.895914068452778878e+01
6.018485207108378887e+01
6.109267398685708628e+01
5.831318391131998169e+01
6.018694329942507437e+01
6.074757712363065565e+01
6.112853891488322944e+01
6.304523671450279210e+01
6.288692260598899253e+01
5.915763707110812675e+01
5.978736710829976175e+01
6.191372678600482260e+01
6.122909293951954623e+01
5.742017237405212171e+01
5.796217621049481750e+01
6.043560611141313643e+01
5.941607348704926750e+01
6.136490863071795587e+01
6.216164445652988491e+01
6.113520723313981620e+01
5.816036900832568080e+01
5.771148201977249670e+01
6.031690799772282929e+01
5.976748778562149056e+01
6.197065456417691820e+01
6.413279132685781292e+01
6.141146754157072252e+01
6.011834862034923788e+01
5.820548924934281132e+01
6.107332981895113022e+01
6.290792378948162167e+01
5.670577718580429405e+01
5.986371939499935735e+01
6.213777203595822840e+01
5.881914408908644987e+01
5.881030351420282898e+01
6.162525589855358987e+01
6.041862580276043815e+01
6.177159797645263239e+01
5.544703102009678020e+01
5.911346773055166182e+01
6.107201899215922936e+01
5.534119562387449065e+01
5.882684309041285076e+01
6.044982557989933980e+01
5.971329009945928590e+01
5.632355666319366350e+01
5.817172682872517697e+01
5.956441128926439887e+01
6.004362695580682185e+01
5.408736913431436477e+01
5.725502452400403541e+01
5.839862693408732497e+01
5.954176139364059139e+01
6.095154500255544150e+01
6.131589246179922981e+01
5.811580277816772622e+01
5.958557887015037835e+01
6.067337117972409999e+01
6.157127775597125918e+01
5.633399434711024156e+01
5.756365728773533164e+01
5.894799917395384625e+01
5.944250440851563155e+01
5.559451945778363324e+01
5.672652705806493145e+01
5.820780969575366726e+01
5.843098538622435001e+01
5.592887288639244758e+01
5.647928860735891021e+01
5.843411407268713731e+01
5.810338753297815373e+01
6.030158379844154837e+01
5.958232023228845264e+01
6.095155062700884940e+01
5.572213103432454773e+01
5.870420620849223070e+01
5.767630610812896208e+01
6.015819620112770849e+01
5.516914198637724809e+01
5.826341198297776458e+01
5.882133966521391244e+01
5.776669051495858298e+01
6.061697524450971741e+01
6.247002929246438896e+01
5.463705845189787169e+01
5.879375871063220416e+01
6.135720737190080598e+01
5.845228493639015710e+01
6.014311219310121004e+01
5.394716208345182906e+01
5.807329053808383179e+01
6.031060061916920745e+01
5.516843599801014619e+01
5.866157094560929863e+01
6.064712967481352024e+01
5.444547422505939949e+01
5.924287276367116561e+01
6.133384770035109312e+01
5.705572085759518330e+01
5.933346300947866325e+01
6.160615751976739318e+01
6.021938540799606443e+01
5.722819379202387324e+01
5.907358122612342299e+01
6.061718805771671015e+01
6.121666645421756670e+01
5.686298219641076201e+01
5.872110778646337792e+01
5.971319123470674128e+01
6.057348004561136179e+01
5.579852497611594941e+01
5.794122285328608513e+01
5.872851876927811787e+01
6.002336517449732156e+01
5.379577941042084888e+01
5.664039584356390833e+01
5.747313136414178558e+01
5.865158754525653961e+01
6.002651952463741480e+01
6.043045427948401027e+01
6.160646209586689537e+01
5.525370424473443620e+01
5.787342584420887448e+01
5.823054066535655693e+01
6.000728331155364970e+01
5.789116326391719269e+01
6.050425793921252193e+01
6.018237526510119295e+01
5.778797847140594968e+01
5.805557682889546101e+01
6.046650937736621501e+01
5.959103965325923724e+01
5.832189478657085857e+01
5.802437019133532914e+01
6.073013415684695104e+01
5.923344128963817923e+01
6.207431676284583943e+01
6.400199602151555212e+01
5.712359764583005983e+01
6.062752689962033514e+01
6.330683562547466181e+01
6.088578530049934301e+01
6.270697231420527373e+01
5.672958583943778876e+01
6.050450033549039119e+01
6.258244866834841247e+01
5.882667691673269417e+01
6.203677225740933210e+01
6.399633717346168282e+01
5.674723209736601603e+01
6.093814131670490752e+01
6.322846223307568891e+01
6.172868456229281975e+01
6.164665578613166019e+01
5.834145218052611881e+01
6.140615222497518744e+01
6.084015443358647701e+01
5.839868698056101692e+01
6.177888563168143321e+01
6.199187682121245047e+01
6.113024629306508473e+01
6.034745642557590628e+01
6.227464876526527604e+01
6.390579151680962156e+01
5.739869778127918920e+01
6.063499038901601779e+01
6.209623935703646680e+01
6.293460527351098222e+01
5.809838557107683954e+01
5.993255562369652978e+01
6.119723010277165542e+01
6.203955524585779813e+01
5.846716877730025885e+01
6.081887038849955474e+01
6.185384048479244967e+01
6.246159318776330593e+01
6.375074846166882025e+01
6.462393682702018793e+01
5.893905177265305184e+01
6.078826137610639790e+01
6.127805714612158283e+01
6.304773733327976970e+01
6.292245188009764689e+01
5.744117464950845431e+01
6.018816446684012789e+01
6.010374231505344511e+01
6.189854894291932652e+01
6.310029340649855811e+01
6.217953627263439387e+01
6.412750578358833309e+01
5.816644516608170790e+01
6.084387229420499921e+01
6.081858979744879434e+01
6.293188395815145242e+01
6.502112764414825108e+01
6.291372228155055524e+01
6.366275325507160687e+01
6.152165261179862910e+01
6.448592334532069970e+01
6.417624678761001178e+01
5.883918116255768638e+01
6.306752492513936659e+01
6.374791265322907918e+01
6.157377399772363447e+01
6.176371995925173053e+01
6.473022925688913176e+01
6.135920929576995775e+01
6.424835984686127688e+01
5.795891321307173172e+01
6.085085577111838973e+01
6.307898720079013088e+01
5.978101754988744432e+01
6.273913808784790547e+01
6.255669210451416973e+01
6.376639231456503865e+01
5.882260461358276160e+01
6.196622384620282276e+01
6.216232193678316520e+01
6.304359177824226634e+01
5.755091164685601512e+01
5.981409528775799345e+01
6.143409270514433729e+01
6.207132002888583600e+01
6.361132048859028743e+01
6.484343872267275799e+01
5.922073727111161645e+01
6.143417888802285631e+01
6.251707251771451013e+01
6.363647435293120225e+01
5.943678870760857080e+01
6.078750552730615908e+01
6.201049745543524239e+01
6.288723212930339201e+01
5.928833360851005807e+01
6.117715787501526137e+01
6.145301952067435280e+01
6.312984984019749390e+01
5.764264963295210720e+01
5.947295671121467109e+01
5.956286650426421403e+01
6.066420209701522737e+01
6.248053194268401000e+01
6.201974685253752995e+01
6.326404631112969668e+01
6.485565702821649836e+01
6.382645491450313102e+01
6.028541514586886763e+01
6.025462675910170418e+01
6.294647993145902376e+01
6.144287895675692823e+01
6.348971003215514486e+01
5.795537441565232939e+01
6.094653900275665137e+01
6.047098541601925348e+01
6.271087909823584283e+01
6.489036381724604041e+01
6.234014014798966485e+01
6.184974397817587288e+01
5.976926780979209752e+01
6.259631861738944991e+01
6.416921031239439799e+01
5.755441160212927088e+01
6.058629396479558693e+01
6.287121553446758782e+01
5.963206857358056112e+01
6.050046355952544275e+01
6.307712144240094432e+01
6.140059569992913424e+01
6.095566328349647733e+01
5.744010273461891103e+01
6.055175198601273934e+01
6.225471294024214330e+01
5.540595308414039266e+01
5.916977754805256495e+01
6.098329481016698850e+01
6.107463322134237416e+01
5.723463786907566941e+01
5.878568856847962820e+01
5.911031841475066528e+01
6.072252132837151350e+01
5.605297290005592714e+01
5.814760884017766784e+01
5.872851796364168564e+01
6.052085781411818743e+01
6.120058268392507728e+01
6.234951621594262150e+01
5.694734607412749483e+01
5.871781431622139991e+01
5.958205744873975362e+01
6.065698354252028679e+01
5.713775643849171360e+01
5.837272288675758602e+01
5.975539377787678319e+01
6.019069686004394271e+01
5.557553693506532966e+01
5.664559421992809973e+01
5.809823815030329541e+01
5.834746812362480028e+01
6.018463008652458512e+01
6.001361959109989641e+01
6.179277167930487025e+01
5.645601534089337292e+01
5.909941632061214278e+01
5.847749774418473834e+01
6.075367034582649239e+01
5.764950398607741278e+01
6.021461249716862341e+01
5.902935643510735275e+01
5.994405751234143054e+01
6.167039837823499937e+01
5.961213703336934344e+01
6.074204470695215008e+01
5.773699441168615465e+01
6.055382814445074047e+01
6.245315659916479234e+01
5.473720650500974472e+01
5.883365101840860945e+01
6.137186437097861358e+01
5.844574296249221845e+01
6.014394332630452311e+01
6.277683966755945733e+01
5.907732258515665791e+01
5.965493846336736539e+01
5.675402219032719842e+01
5.951936734234465831e+01
5.868985907440690397e+01
5.746362576198278305e+01
6.061706400397868322e+01
6.139193359472767497e+01
5.780508478479145396e+01
5.770025862899272795e+01
6.050418959759615234e+01
6.119913307355698606e+01
5.589030799446708642e+01
5.910643295260052810e+01
6.038651227908976438e+01
6.070256727765539040e+01
5.527967559905720663e+01
5.832884817186538129e+01
5.975896251652336844e+01
6.065904665990325384e+01
5.561408690047963432e+01
5.755525594356408448e+01
5.858016052139859653e+01
5.952484873087517769e+01
6.049446743574029739e+01
6.170363138159741112e+01
5.701941060869513933e+01
5.840903978442877076e+01
5.986009193661352867e+01
6.020437862256500949e+01
6.050019270043218000e+01
6.228868766078040409e+01
6.237555050528159484e+01
5.885629192788353947e+01
5.954707265073979272e+01
6.160095388136489447e+01
6.123200105142112903e+01
5.793857132620535566e+01
5.834564625309227637e+01
6.072621744449784842e+01
5.988074222635806620e+01
6.078573988778106241e+01
5.983002592874737502e+01
6.252565640844994022e+01
6.029092429757173477e+01
5.776421122208266468e+01
5.943200930200908516e+01
5.964260374114760310e+01
6.016958869825080569e+01
6.294442464295573814e+01
6.089643266504992880e+01
6.043379619188984009e+01
5.857371788162490844e+01
6.151068212391236756e+01
6.388279054431960446e+01
5.659039503331383969e+01
6.082596844251313684e+01
6.320818677714669320e+01
5.974504243560142669e+01
6.013143949392924270e+01
6.308185258124238715e+01
6.160752722735328035e+01
6.350931531842525857e+01
6.570474257295799703e+01
5.863629193226457659e+01
6.347775439931354668e+01
5.706808245983692274e+01
6.075514370114309060e+01
6.177829935491635638e+01
6.315396826488179016e+01
6.458894409937772707e+01
6.580641988989481206e+01
6.125946674078938514e+01
6.191429531074444270e+01
6.358390925246894199e+01
6.491874430262896567e+01
5.893805176978852955e+01
6.147530791203645606e+01
6.263820947811806406e+01
6.382282566904290633e+01
5.939149954869450454e+01
6.103323439110475590e+01
6.234184049088796797e+01
6.328238758344922843e+01
5.936784705316735256e+01
6.159986178077657826e+01
6.188388899223059525e+01
6.340937505921752404e+01
5.838269492633105529e+01
6.047898183191485799e+01
6.083721019185959733e+01
6.212429158623596948e+01
6.363873552638008846e+01
6.337774052004658643e+01
6.404781039302615397e+01
6.409873362471969926e+01
6.627000179351112763e+01
6.219351508017168584e+01
6.445085790068404208e+01
6.505226019411271920e+01
6.472593729603919144e+01
6.058014241196986660e+01
6.035943140629161263e+01
6.318978867282294942e+01
6.370202552864691370e+01
6.089394459226961231e+01
6.422208394580718505e+01
6.641400993139480136e+01
6.018352403275962104e+01
6.361219706856743983e+01
6.592936203557752606e+01
6.274312604066067678e+01
6.253370052008440894e+01
5.991932572845774985e+01
6.294732253984022918e+01
6.491683926054959386e+01
5.871098926610635260e+01
6.158978103056386999e+01
6.379850675101521063e+01
6.082537003289375122e+01
6.098615559401892483e+01
6.379485245655585146e+01
6.216589899425163424e+01
6.377644924336605214e+01
6.618340087421597673e+01
5.996624089652618039e+01
6.389503147071773270e+01
5.840420942723852704e+01
6.058091050397103317e+01
6.185252271662244539e+01
6.285939819021952957e+01
5.712215540193967911e+01
5.991347563834934675e+01
6.127068627107681209e+01
6.199423507094309826e+01
6.319019913752605078e+01
6.449717059066077240e+01
5.922606624291640998e+01
6.082542625738535946e+01
6.171848114937645846e+01
6.268567669378830942e+01
5.729381947034542577e+01
5.964938986774926377e+01
6.066573059667328494e+01
6.115010024433183844e+01
6.139916403715813686e+01
6.325201565322164754e+01
6.306357678321005267e+01
5.969899755254085250e+01
6.025967702133143433e+01
6.238637575208493047e+01
6.163693243024204094e+01
6.415066342560933776e+01
6.294646862104058727e+01
6.193908094130814845e+01
6.126112356331790920e+01
6.391419803461950266e+01
6.236480028488613669e+01
6.142359240861293301e+01
6.026221020109039728e+01
6.280866929412133004e+01
6.295818902605468992e+01
5.823992206236725622e+01
6.204426136338039299e+01
6.273986930457096634e+01
6.083393988442590938e+01
5.961462872127294332e+01
6.264500819832313283e+01
5.977258168495927038e+01
6.265970611355331243e+01
5.690892402637345526e+01
6.010961273754393375e+01
6.229740938124642469e+01
5.864795464053854346e+01
6.122739661072104411e+01
6.201111702480718435e+01
5.975601910927226612e+01
6.285021578287513222e+01
6.212332531680787184e+01
5.971594322106881947e+01
6.194122350959517576e+01
6.393739572196412979e+01
5.800214730563687482e+01
6.215415203316761961e+01
5.590087679799393072e+01
5.831721063970771013e+01
5.984998338203413226e+01
6.031163616030517005e+01
5.587146319322856414e+01
5.769042170346016007e+01
5.834410690563351665e+01
6.008614938188934218e+01
6.062539038576595374e+01
6.189260857830239360e+01
5.644544541623820066e+01
5.842436114726308460e+01
5.920617915549595978e+01
6.031175503865804899e+01
5.698132357224446309e+01
5.811571271791438420e+01
5.950538912545865600e+01
5.991085997883544678e+01
6.142288389077725697e+01
6.166203593849381548e+01
5.862478954300993905e+01
5.928302750267589261e+01
6.115211962070918617e+01
6.083578649136960337e+01
5.874191426374838443e+01
5.875648335474193829e+01
6.095109765000589874e+01
6.010945495152771656e+01
5.826111042446949995e+01
5.830266950658162983e+01
6.076257216233996417e+01
5.936344718123766029e+01
5.783819544766269161e+01
5.868296914184065116e+01
6.073239543157772857e+01
5.837094866974122453e+01
5.730311820016687108e+01
5.991949383314313593e+01
5.754826747583502566e+01
6.023046315088357261e+01
6.271802899721717495e+01
5.966167172160319865e+01
5.921742506487766633e+01
5.688952648506256082e+01
5.972680484698169323e+01
6.130169522760289880e+01
5.425163698233195930e+01
5.855471713542381451e+01
6.070779643443646734e+01
5.687358054770340487e+01
6.121795243269894371e+01
6.193770459636163395e+01
5.857591868551315883e+01
5.855789172438782231e+01
6.137111381770157692e+01
6.171897342572260214e+01
5.710309764275805833e+01
5.976619540539699926e+01
6.128243587103560230e+01
6.178027394006750228e+01
5.736683927894195989e+01
5.919329506133367147e+01
6.010346325229574660e+01
6.098809242766044747e+01
5.604998327963964044e+01
5.803438051476653925e+01
5.879941047540983590e+01
6.008581589741914541e+01
6.095228081229583950e+01
6.218104292747549522e+01
5.770930676732635334e+01
5.908053581196262627e+01
6.052523544443408809e+01
6.086494584278507602e+01
6.105406569936182137e+01
5.651542444253532693e+01
5.736694667486426624e+01
5.912173575636475675e+01
5.921903096639516662e+01
6.123915354306687675e+01
6.094437563853345097e+01
6.094620805011505382e+01
5.986156696943222499e+01
6.243996378575757689e+01
6.144354503927378630e+01
5.797404751258333988e+01
5.830340359638960734e+01
6.095042321787002493e+01
5.952383378307661133e+01
6.132960370848843468e+01
6.078495881840638049e+01
6.337820121156318010e+01
5.928760328800725432e+01
6.111274464288208463e+01
6.394081613515226081e+01
6.098098455876940704e+01
5.955343837079234248e+01
6.292330403861894439e+01
5.989339271988661295e+01
6.305386115839332462e+01
5.576918597794397670e+01
5.998794169528265030e+01
6.231299025752173293e+01
5.872989717556360034e+01
6.175015111089030739e+01
6.263493510785583851e+01
6.007806806596757809e+01
5.965768274001237614e+01
6.274346276792021371e+01
6.121817755588325127e+01
6.294476749659501280e+01
6.512197290555590712e+01
5.859860142811605499e+01
6.229047764127551545e+01
5.898379437501252198e+01
6.121581524844673794e+01
6.160735836499686258e+01
6.240782015398410465e+01
6.408432517101466885e+01
6.443164674123764257e+01
5.952334612680603243e+01
6.088629677891726999e+01
6.222636931309687469e+01
6.333480353903752302e+01
6.194909886555626599e+01
5.943385251292849603e+01
6.137593533237252785e+01
6.225615706562449958e+01
6.238421658605833642e+01
6.409338600080856452e+01
6.440608677987786734e+01
5.983900448262843241e+01
6.092810563853583261e+01
6.291123959766026275e+01
6.280510489633566351e+01
6.171494578438764478e+01
6.199634428787837237e+01
6.399764382869953749e+01
6.345158332773773679e+01
5.880403113535472670e+01
6.135665806083848395e+01
6.044334616142486283e+01
6.263914608674559048e+01
6.478435497637492801e+01
6.310898490214957235e+01
6.424716173431309585e+01
6.170686278699893279e+01
6.475206124920595130e+01
6.282590125669901937e+01
6.050166278190095426e+01
6.388269324072660282e+01
6.131050829185571160e+01
6.434553471286348270e+01
6.094899704732401347e+01
6.410977651962910784e+01
6.584492557865982576e+01
5.907132339232575191e+01
6.237789534103131928e+01
6.471437698448335141e+01
6.131552463543346931e+01
6.197435491590970003e+01
6.469964779198660665e+01
6.314157468175622512e+01
6.446753214475108962e+01
6.675486778235507757e+01
6.204577419731478471e+01
6.517382546836930146e+01
5.859282562135246764e+01
6.164342213787870151e+01
6.348319227870241122e+01
6.196816803511591587e+01
6.168805253405351152e+01
6.348276504385637509e+01
6.415285543419624048e+01
5.954847249809071741e+01
6.079700929898907447e+01
6.213519795715899363e+01
6.288453004034012395e+01
5.926969015247352246e+01
6.123234882068878449e+01
6.217936547523503066e+01
6.269031643237910600e+01
6.369901827031879549e+01
6.481946702368917101e+01
5.902919047570680533e+01
6.093571380120167191e+01
6.216282027176619351e+01
6.260089733990616878e+01
6.283201235971475995e+01
5.843267746865850398e+01
5.908288712308311830e+01
6.089944559307777183e+01
6.074567864065866729e+01
6.284710179842692668e+01
6.237084465849351034e+01
6.366246588988231991e+01
5.622830539050117693e+01
5.987386592717177081e+01
5.902376605413128630e+01
6.155834899600878174e+01
6.296537985554842010e+01
6.138219916321722991e+01
6.333095490414715556e+01
5.788304572321352026e+01
6.085245907167251289e+01
6.096681780419641683e+01
6.121677726925712193e+01
6.363961629466024306e+01
6.283477083100249416e+01
6.157242429632459846e+01
5.965051763195442192e+01
6.243005072008437395e+01
6.410043811572734285e+01
5.756802251407768267e+01
6.061884268616690719e+01
6.288130326595650388e+01
5.953268972425050265e+01
6.011623432070315687e+01
6.273935536571379856e+01
6.089923407119674437e+01
6.107289231741992097e+01
6.389313418186215188e+01
6.036082483483862404e+01
6.273418090687858495e+01
5.492207584950328680e+01
5.901152492741744737e+01
6.081929173702413749e+01
6.076638385793972219e+01
6.224951560383770754e+01
6.350796458511016596e+01
5.801400286688242147e+01
6.106014373311180066e+01
6.214756481839385316e+01
6.338850775888482758e+01
5.834702292426335646e+01
5.922152934119137768e+01
6.076735264709300566e+01
6.158601407003830985e+01
5.701730680784694272e+01
5.812644749431063218e+01
5.925992751231725464e+01
6.013118759738400598e+01
5.856159123473005224e+01
6.050414292800986971e+01
6.095259135217617086e+01
5.680293024544606340e+01
5.772767911433603416e+01
5.920718946264845783e+01
5.943226318498160765e+01
5.777216454257334277e+01
5.844251680960383766e+01
6.031334173374808216e+01
5.983014769755659756e+01
6.199703562830663373e+01
6.121673878779991895e+01
5.921167809254813363e+01
5.881030991092259796e+01
6.121628636747648500e+01
6.006564199168445128e+01
5.900420916211213296e+01
6.117408536108084860e+01
5.918457619632629019e+01
6.176216603290707496e+01
5.640089161252917194e+01
5.976961454872817114e+01
6.170630339387545860e+01
5.873650729863695119e+01
5.826378851497705114e+01
6.130793414336029912e+01
5.840438292972194034e+01
6.110377398011168992e+01
6.335203634224446745e+01
5.804629420997111566e+01
6.164665563934819659e+01
5.258910647752289691e+01
5.792641734207803239e+01
6.015033508319598354e+01
5.772780631685331798e+01
6.056724860985416825e+01
5.976622504647671263e+01
5.986625323488921424e+01
5.661135915481342096e+01
6.025402412158329213e+01
5.966710257469589607e+01
5.800884179979090760e+01
6.034644816716798488e+01
6.214617873716632346e+01
5.533611263015491488e+01
5.895084245593253058e+01
6.056992330865199392e+01
6.170524135080598427e+01
5.525110420833718194e+01
5.810519283161166015e+01
5.912637479059979029e+01
6.065450081424756945e+01
5.568844605275187831e+01
5.838560540179003766e+01
5.946283974419821305e+01
6.059328771434000060e+01
6.216868928397613558e+01
6.254388987605804573e+01
6.095788520852605075e+01
5.731338869927920143e+01
5.820356837094315949e+01
6.006965662318327048e+01
6.024135499475896438e+01
5.938269440465346349e+01
6.164060044781188452e+01
6.096994207144568634e+01
5.761529510898842688e+01
5.840565997123752595e+01
6.084993166993329794e+01
6.005340311950165955e+01
5.980358240928406843e+01
5.922404178254993923e+01
6.209007670358067799e+01
6.030532993789508822e+01
6.337963275185727241e+01
6.531393500766210991e+01
5.752136734091802595e+01
6.127575774728465063e+01
6.416505806479484875e+01
6.167233800041954339e+01
6.263094742683362171e+01
6.552429897040141782e+01
6.234274235222489580e+01
6.257271226691781152e+01
6.000133817592597296e+01
6.335929687196620819e+01
6.362996924886055439e+01
6.042423558922578053e+01
5.970804918401874772e+01
6.325434052405663010e+01
6.016760195994680060e+01
6.325453118676207964e+01
6.559624291780441752e+01
5.986963201428314818e+01
6.467165487548719227e+01
6.690156353007542123e+01
6.015404189120276612e+01
6.467870845049532136e+01
5.644004723643231358e+01
6.051115004030599209e+01
6.259978156911166280e+01
6.430470403819397518e+01
6.576362458223229623e+01
6.689710869198047760e+01
6.144852299088751124e+01
6.390917328465110359e+01
6.507587755554781950e+01
6.655087326670111736e+01
6.118851481750024845e+01
6.311834913932702307e+01
6.476982054667952582e+01
6.534213150750549914e+01
6.172537469992187908e+01
6.467031139673946427e+01
6.537052106833058929e+01
6.531564559754588117e+01
6.058237194744126697e+01
6.187746907255151285e+01
6.433527013096296798e+01
6.438397200155301903e+01
6.717971651888250051e+01
6.673123330141677911e+01
6.348680639970362449e+01
6.399701083451508055e+01
6.664506908051362188e+01
6.615908271591113987e+01
6.355095878553312616e+01
6.442808258823194478e+01
6.723141777134355834e+01
6.582335674316200880e+01
6.254413914041246159e+01
6.251566739505264536e+01
6.601855948717476963e+01
6.403509130990912013e+01
6.755446436753408079e+01
7.030063392277146761e+01
6.282829133157236612e+01
6.692057342607871817e+01
6.969313829762961632e+01
6.625230419670295134e+01
6.576695968047162921e+01
6.314308906619280748e+01
6.699482402549736548e+01
6.924514176933823251e+01
6.226128830551817828e+01
6.596232568722400913e+01
6.882238672488242059e+01
6.416956426659534429e+01
6.531066867461086645e+01
6.870993984613933492e+01
6.592353749762978055e+01
6.673872956005858725e+01
7.020498570849389353e+01
6.567506112643592076e+01
6.825501515656591778e+01
6.314984189653378621e+01
6.606236609213218003e+01
6.702344310596194532e+01
6.838776794616761379e+01
7.003868576209926289e+01
7.045381712146375719e+01
6.452698032806620176e+01
6.761083737213104428e+01
6.925851133625893397e+01
7.082703173653067097e+01
6.510968094373065185e+01
6.735405524067527949e+01
6.927899530328038225e+01
6.780536711827829777e+01
6.891492389088668347e+01
7.034812584957209936e+01
7.169176156100637343e+01
6.530951546171964139e+01
6.809172817323062077e+01
6.864903615222898736e+01
7.138127175399532121e+01
6.485785129214907840e+01
6.821778315147230387e+01
6.829338615766349108e+01
7.068270756313498282e+01
6.465764813295717772e+01
6.851731595644490369e+01
6.799931201302121053e+01
7.076276443434602470e+01
7.289390161620730169e+01
6.845796684875240601e+01
7.225399435898833644e+01
6.479487419547686500e+01
6.871007580756550226e+01
6.858770648457424102e+01
7.174926707683307825e+01
7.455460868059910240e+01
7.023220400653059414e+01
7.293323168698309189e+01
6.635251830329680445e+01
7.009193297374515907e+01
7.162665362915956280e+01
6.898969330084364060e+01
7.277929416478933433e+01
7.252046524048489573e+01
6.949762997541893128e+01
7.015667269531483896e+01
7.407931554470060576e+01
7.001066565497781369e+01
7.151682866278200379e+01
7.517575861123795278e+01
7.068092446127322148e+01
7.179689329499692008e+01
6.783470668148858351e+01
7.177270389299491171e+01
7.196931230017736425e+01
6.982567687170890736e+01
7.365246440543525352e+01
7.430687923252033045e+01
7.027471774139254990e+01
7.322190830931228334e+01
7.467905138319126479e+01
7.360437200266758850e+01
7.224469669916452119e+01
7.570703848849194628e+01
7.384789278958918146e+01
7.472436400325555894e+01
6.932277911569370588e+01
7.232324695753528943e+01
7.438406238104427359e+01
6.966776853721738405e+01
7.281133814244320490e+01
7.495704963475986915e+01
7.598696231542314194e+01
7.021274053148616190e+01
7.344797547745277200e+01
7.425808843461311426e+01
7.666972418277400436e+01
7.031475866782263040e+01
7.391290892739786500e+01
7.413139095390398836e+01
7.648485693748156677e+01
7.721443511105997004e+01
7.871039227416062545e+01
7.384159027058603897e+01
7.659683777101236046e+01
7.928784356442271530e+01
7.535407534831612963e+01
7.827349100519519709e+01
7.756654325612707623e+01
8.009507475463013293e+01
7.389050875356653592e+01
7.794158369764974736e+01
8.091618590525304455e+01
7.425498684808674454e+01
7.903035749331877469e+01
7.205823253809715823e+01
7.692977413832301181e+01
7.783549805421100132e+01
7.454994734861251970e+01
7.874172869523546581e+01
8.162028411454609511e+01
7.265974874832740227e+01
7.807339402245798965e+01
8.221654960052265437e+01
7.717119940169175152e+01
7.991277022282973519e+01
8.371749722506066860e+01
7.636471493846474345e+01
8.168984085187227606e+01
7.268115248663895045e+01
7.889565810936096568e+01
8.221341335754966906e+01
7.342756381561281387e+01
7.957635972994667384e+01
8.265379032832684914e+01
7.439190326516322216e+01
8.068579421132147900e+01
8.349391813551648056e+01
7.738283464370735487e+01
8.279247292828726756e+01
8.484588809090675454e+01
8.121832531956474099e+01
8.499170365092183488e+01
7.805714396484965789e+01
8.185022313835416696e+01
8.432184386039767787e+01
7.676212917717037953e+01
8.148797576907504947e+01
8.414940866766967531e+01
8.539834914512269393e+01
7.927134527337250347e+01
8.322675312100440692e+01
8.439421514940586633e+01
8.534955287738200980e+01
8.627194341717951431e+01
8.947633048416085444e+01
8.220498008802495349e+01
8.562367516876386730e+01
8.857996573160434650e+01
8.714680640202787743e+01
8.356250005509851064e+01
8.498512531789211266e+01
8.929596254915824716e+01
8.660693181382808348e+01
8.430103421006104725e+01
8.484970641866834740e+01
8.941641150505235203e+01
8.696922602564725935e+01
9.195189148003129276e+01
8.884105729692279851e+01
8.968329053665091521e+01
8.571888535550611721e+01
9.082409933711640804e+01
8.825711803047282444e+01
8.949947703081858208e+01
9.248589191144901633e+01
9.042247613193255518e+01
9.260661825110993561e+01
8.888476164287308734e+01
9.366823532940031782e+01
9.047177887389986495e+01
9.389838894291018789e+01
9.687625616310916143e+01
9.170015611821709456e+01
9.394451623425980813e+01
8.922397883621459869e+01
9.436208444275827389e+01
9.588564450782718041e+01
9.054468956381388978e+01
9.442138546735883153e+01
9.829206300313789768e+01
9.023166093034998880e+01
9.609370470417395893e+01
9.925374569760414545e+01
9.192767513262894852e+01
9.733874888507415335e+01
8.932246050839512463e+01
9.499527521355391002e+01
9.796810198058298624e+01
9.131200847007067978e+01
9.607633889475877709e+01
9.908468550026535127e+01
9.222746822759985719e+01
9.751624998179218551e+01
1.008447816328820181e+02
9.973443400429779615e+01
9.466479201434754032e+01
9.984799558197238412e+01
1.018415993641062443e+02
9.540657448980680044e+01
9.870144208885362502e+01
1.033750781816259661e+02
1.007447097254641761e+02
1.002078681591072638e+02
1.008471148071818533e+02
1.061495890676994520e+02
9.852374651772964853e+01
1.022977130120292486e+02
1.062192293111599071e+02
1.034585321960212667e+02
1.019461765145000243e+02
1.018135392743477325e+02
1.068017900358061070e+02
9.962919688046021349e+01
1.056943354388262293e+02
1.082946321522982203e+02
1.012571642156061813e+02
1.074648098954654643e+02
1.005212567219467701e+02
1.068414001498981776e+02
1.046831421581024273e+02
1.045787605458516651e+02
1.056459324806481561e+02
1.108493160578192516e+02
1.042902878394675810e+02
1.105024587134612517e+02
1.109334219872356613e+02
1.051315846133684744e+02
1.106007405278638061e+02
1.151897586038410992e+02
1.080873567228136380e+02
1.125595024072899548e+02
1.055611040885839316e+02
1.110631844102024814e+02
1.139477037878547350e+02
1.068141134852957208e+02
1.117857605772665437e+02
1.156644974952801306e+02
1.091848752563723366e+02
1.138743433272992149e+02
1.171802856013395058e+02
1.104075030155891284e+02
1.156227202971073638e+02
1.191854765294673797e+02
1.116120766060046634e+02
1.174359049497491583e+02
1.097351764756913468e+02
1.156063677199974791e+02
1.182112933727428157e+02
1.121314924421629513e+02
1.161901397118145667e+02
1.210438699320770723e+02
1.127250303817230446e+02
1.181940818585144086e+02
1.203390396816481740e+02
1.161255271528669226e+02
1.190847321146742246e+02
1.240961422671936418e+02
1.173788012856598613e+02
1.243951092027670029e+02
1.156961060275771445e+02
1.227756293329979655e+02
1.233194229756071820e+02
1.193223986066422810e+02
1.208168574916218319e+02
1.264201679650159633e+02
1.183132260871905572e+02
1.257748952850536313e+02
1.251637450429399081e+02
1.242128835178718447e+02
1.241841464486578701e+02
1.215574823757375356e+02
1.256107704916788634e+02
1.251549409337139593e+02
1.244904622935486884e+02
1.267361932116321128e+02
1.311999817415575649e+02
1.237565679754466288e+02
1.282104782867080530e+02
1.338171334960617571e+02
1.262615077709344575e+02
1.303912444661884251e+02
1.355627934389052882e+02
1.286392950666756576e+02
1.332254331643552234e+02
1.261839221600294110e+02
1.319700171704213858e+02
1.348696444038653226e+02
1.270187172540881875e+02
1.334451902474054918e+02
1.381042329963713087e+02
1.304017496504350220e+02
1.360068641903693276e+02
1.401767958696330822e+02
1.329738115725286036e+02
1.385134933964735353e+02
1.413860144599249793e+02
1.353608208944487217e+02
1.413960150492548280e+02
1.343232702806673444e+02
1.405850165478698273e+02
1.361612498173894323e+02
1.422298713140881432e+02
1.449074342220754659e+02
1.387209526322344573e+02
1.434323908797828722e+02
1.379851859676714696e+02
1.424789517665324468e+02
1.489120444426095276e+02
1.386103200908012525e+02
1.483277149730761550e+02
1.432559313578813658e+02
1.492533542120446839e+02
1.393973388598527094e+02
1.471688966726430010e+02
1.493292734319200008e+02
1.461579532216441351e+02
1.480966221252857338e+02
1.555916746010152281e+02
