0.000000000000000000e+00
4.534107558404126337e+01
-1.815652628339868713e+01
1.888817419451463309e+01
-1.144028402079709217e+01
1.669479208684969862e+01
-8.419342123927926025e+00
8.963705967663351259e+00
-6.654472919418174648e+00
6.776380234575599459e+00
2.194358485813948656e-01
-2.169053722746383972e+00
3.447127427706238478e+00
-1.724242804627486025e+00
2.776052448191926203e+00
-1.657152069389789206e+00
2.411936487783044925e+00
-1.366793132720788506e+00
2.331194353198252855e+00
-1.047118979074487921e+00
2.355157835992835125e+00
-7.632379314017793126e-01
3.114291139758615934e+00
-5.881720302547717161e-01
3.403004645544855933e+00
-4.144380790251468993e-01
3.711556235184353181e+00
-2.049767946616830594e-01
4.023827748597534004e+00
3.534771257707719494e-01
4.248419198017872489e+00
5.000373481458951774e-01
4.454481330800166283e+00
7.047114087921988457e-01
4.794015381795443176e+00
9.566523991093949242e-01
5.140068191821339560e+00
1.237164305336614811e+00
5.503202760384065861e+00
1.538664863423744977e+00
5.883971081296445860e+00
1.857786774738577451e+00
6.278031179118475080e+00
2.191635927532407102e+00
6.795136869408096025e+00
9.034014294978168991e+00
1.069619147943571669e+01
8.104722525679608935e+00
1.174598098196601903e+01
8.676507598088091910e+00
1.219833092513698958e+01
9.077763199763570157e+00
1.262628452363557230e+01
9.459773020242515429e+00
1.303374616497520044e+01
9.826136343258756511e+00
1.343115163196308615e+01
1.018598181434032846e+01
1.382261161268116290e+01
1.054174622221048452e+01
1.421117938416442961e+01
1.089555511848069003e+01
1.459785324629530123e+01
1.124799950867164533e+01
1.498320915835938649e+01
1.159933055093979171e+01
1.536727339791188562e+01
1.194943636438750190e+01
1.574992368331857406e+01
1.229807999753821512e+01
1.613089897254222649e+01
1.264493548535185496e+01
1.650989293989250228e+01
1.298964004443963383e+01
1.688656724408717125e+01
1.333180971619342436e+01
1.742577441986618680e+01
1.988256426353785500e+01
2.286626627201675532e+01
1.910878942255429891e+01
2.381468025865548199e+01
1.952639889126341544e+01
2.417205506809013471e+01
1.987097870838062974e+01
2.451307116347774340e+01
2.020048147226227897e+01
2.483545281189351428e+01
2.051308162418613534e+01
2.514146095725448049e+01
2.081027665695191686e+01
2.479601611802217320e+01
2.112376619089311447e+01
2.511566128992143376e+01
2.142712896348469798e+01
2.540270168563274922e+01
2.170369889562754651e+01
2.566972530516713746e+01
2.196251052888887401e+01
2.607070362954213749e+01
2.893149520874946390e+01
3.029287873250762431e+01
2.988767358326908052e+01
2.922433745634063129e+01
3.132183377927035650e+01
2.909162732046477018e+01
3.121730937938120576e+01
2.929383349097085443e+01
3.162799626984032741e+01
2.951021508534619642e+01
3.173819039379699802e+01
2.895346521892779990e+01
3.178539425963780118e+01
2.912711415521883751e+01
3.183982049211507004e+01
2.929972031311097425e+01
3.189020529568403006e+01
2.947080444196053861e+01
3.244365697127172865e+01
3.629034555361724301e+01
3.898112515527176924e+01
3.589285034276321795e+01
3.906873226055314063e+01
3.601076774804621294e+01
3.900277284942690414e+01
3.573975646574586307e+01
3.891792049387639452e+01
3.588613445053425721e+01
3.892305294956246797e+01
3.562897262378598384e+01
3.896633878163570586e+01
3.583114561489730931e+01
3.894748871815281888e+01
4.193251282342046693e+01
4.378949821224871641e+01
4.130049406671864176e+01
4.375972723326815839e+01
4.110563513879887410e+01
4.252763594801209734e+01
4.081489664741320667e+01
4.460683879100615457e+01
3.974744781298529972e+01
4.519451348051908468e+01
3.921118588740557698e+01
4.400002824345883568e+01
3.893149069218949165e+01
4.418953410374474799e+01
3.873514052311468703e+01
4.409766384095321001e+01
4.441649912531366340e+01
4.912874139579428601e+01
4.262543310856197820e+01
4.950713166404312915e+01
4.198371488476511360e+01
4.983336999812367196e+01
4.128990223254189829e+01
4.930321855881250315e+01
4.051799263049115041e+01
4.886091499890488876e+01
4.194212159009192220e+01
4.584848151772055758e+01
4.131829321836026025e+01
4.845627479587543007e+01
4.926165322768353150e+01
5.086268084964508773e+01
4.992635266784735393e+01
4.917972668714935480e+01
4.932439963362079283e+01
4.853844290931588290e+01
4.871238923094554707e+01
4.807242177424873120e+01
4.822325559614950663e+01
4.752501785455920214e+01
4.766886849381107538e+01
5.258280626933235880e+01
5.256022695686240809e+01
5.233310352301512580e+01
5.196958042416054724e+01
5.159162712478730128e+01
5.136167793738162857e+01
5.095059682791858791e+01
5.089271067042374597e+01
5.043209573020419612e+01
5.017055925698309693e+01
4.971216701047273290e+01
4.952110155897548793e+01
5.446979912581171845e+01
5.262935299852111370e+01
5.598496944195960623e+01
5.113519167098560558e+01
5.632982073388053124e+01
4.949991644883351682e+01
5.528592304450721429e+01
4.907632120329467540e+01
5.460541148453405214e+01
4.865791851248108202e+01
5.395415999219228809e+01
5.745539688370892861e+01
5.362679395362997070e+01
5.745739173133590327e+01
5.143488182725865698e+01
5.685915670058774651e+01
5.039789831890852412e+01
5.582932813489157553e+01
5.067165161703329801e+01
5.532408796517999860e+01
4.888166116965087582e+01
5.421486274491137891e+01
5.776213019384665870e+01
5.342344357849341918e+01
5.796522765341441641e+01
5.169798986925709983e+01
5.682315942239601014e+01
5.066320824642730969e+01
5.576924387658110049e+01
5.068833696891240947e+01
5.513328259422092259e+01
4.827625323458231321e+01
5.394531898229814715e+01
5.732751073277793807e+01
5.220398320269003989e+01
5.764081280524869300e+01
5.183079525584335556e+01
5.652339583180182814e+01
5.112467509907647667e+01
5.551555382163167707e+01
4.910661498637323064e+01
5.427876077909464669e+01
5.732281153973182342e+01
5.476478784113908205e+01
5.789474375267960227e+01
5.179025439069101111e+01
5.735978884166924274e+01
5.105222942773632866e+01
5.581336227474970002e+01
5.004516832021852224e+01
5.453407389414767437e+01
5.702147816167757810e+01
5.614778587633043117e+01
5.512512845548037177e+01
5.701295377601434211e+01
5.363977745404909570e+01
5.526410432242673920e+01
5.199637634871351111e+01
5.392658734398749232e+01
5.066658431390790440e+01
5.228492448333030751e+01
5.538163571604010116e+01
5.658475323890004205e+01
5.310351175905272925e+01
5.507991360850038376e+01
5.172979492911924382e+01
5.383009903640581939e+01
5.034087222208979995e+01
5.232369373246909561e+01
4.873600534992653621e+01
5.177023285178164258e+01
5.306713884829412109e+01
5.501659626397261604e+01
5.094929360866347423e+01
5.377144702011719346e+01
4.931545403687965035e+01
5.210895142691589399e+01
4.769785602978969052e+01
5.025762551469616568e+01
5.265893674372268407e+01
5.432785261464395887e+01
5.150964764232009685e+01
5.398532229871761956e+01
4.835082623252682055e+01
5.198427782521482499e+01
4.690413431304516934e+01
4.997655621904125667e+01
5.176898091088457221e+01
5.359485368898315727e+01
4.878659570500665410e+01
5.163638629552152537e+01
4.688100061246544215e+01
4.991081233033210651e+01
4.576894451474804271e+01
4.836406030195452388e+01
5.047867142759598380e+01
5.182674432239952722e+01
4.947514006292755084e+01
5.115630895922259924e+01
4.579194081140294514e+01
4.871040767291229656e+01
4.553625762093432172e+01
4.729206894761407654e+01
4.976597562576410638e+01
5.049617024432449597e+01
4.866697093621907300e+01
4.956566866289323059e+01
4.599084113389530160e+01
4.737200609447687327e+01
4.500077368478233097e+01
4.608298371571757457e+01
4.912623783775037367e+01
4.900246183576533809e+01
4.692977985258735174e+01
4.727448681983933199e+01
4.607202130966138753e+01
4.627759680205803505e+01
4.365515736219479237e+01
4.405946230156453680e+01
4.758281433696526364e+01
4.679537803187013623e+01
4.613640053925255557e+01
4.581178182612912764e+01
4.409501266630299909e+01
4.380502418663967035e+01
4.347867713340350804e+01
4.295159151584467594e+01
4.669444625175268015e+01
4.600422269711981471e+01
4.434007527060506249e+01
4.353523428951250906e+01
4.471505648124352916e+01
4.301107417072464045e+01
4.145740224602165114e+01
4.057859581022214712e+01
4.454832737689812205e+01
4.493018066892693696e+01
4.172388265342061686e+01
4.102904525457775975e+01
4.300739288731322318e+01
3.977101336316111002e+01
4.074925010240622214e+01
4.375584567683603865e+01
4.261414479016814738e+01
4.255844163445831185e+01
4.071222620881518139e+01
4.159783179648596274e+01
3.955192802430798338e+01
3.891024658411419068e+01
4.226117215636117663e+01
4.060918279411843912e+01
4.421266689451233134e+01
3.683701725611035727e+01
4.123014081823689736e+01
3.743759952298324833e+01
3.965710054658334371e+01
4.244513338121468848e+01
4.089632439282432586e+01
4.235463845511873160e+01
3.867832984830054244e+01
3.920945418999222198e+01
3.674998866371673500e+01
3.752911250944431032e+01
3.493796031648739131e+01
3.846475685543402534e+01
3.769076515007064643e+01
4.002070092228378684e+01
3.388784108699604758e+01
3.867167358626213769e+01
3.065060974521860970e+01
3.611545972452793762e+01
3.858429501178039800e+01
3.797104756418426774e+01
3.602337624260957227e+01
3.823928268615360082e+01
3.260277435120662659e+01
3.677265933843789725e+01
3.736513894693453608e+01
3.954879541633226836e+01
3.333808092844330417e+01
3.753143353300455232e+01
3.146532597480781135e+01
3.525429083612522163e+01
2.966523195055195572e+01
3.353497143334819697e+01
3.539991058346594599e+01
3.742979520098260338e+01
3.189365069242103345e+01
3.496074742778841227e+01
2.969134382658031512e+01
3.288234164204433796e+01
3.395179351152226133e+01
3.609941940201179023e+01
3.301763860602210343e+01
3.551375589194080362e+01
3.076763704898070984e+01
3.300206885927505596e+01
2.848096684493403075e+01
3.085530031977765475e+01
3.223541975802333326e+01
3.400158045363982495e+01
3.229830798668365333e+01
3.378742298070466887e+01
2.914688252439428950e+01
3.129281986733687049e+01
3.319329390143585101e+01
3.439830043644680302e+01
3.087117868834000944e+01
3.285602287047058212e+01
2.882157401909925909e+01
3.068539423407786515e+01
3.296782384568302859e+01
3.371557045789176499e+01
3.328780876330004901e+01
3.351597470049173211e+01
2.954030623345595430e+01
3.096244432948190450e+01
3.381150612541001976e+01
3.381676796508308058e+01
3.237634392863305521e+01
3.278925018298502891e+01
3.041967982495285128e+01
3.089269743823953718e+01
2.870084404366807362e+01
3.112727237579261086e+01
3.113684293746149834e+01
3.449171698348563098e+01
2.759479667377394208e+01
3.240279679633637500e+01
2.690653095309333409e+01
3.155694715243287618e+01
3.131331287802576213e+01
3.468135299201366450e+01
2.691997407664048225e+01
3.267879119089203499e+01
2.662403940531471136e+01
3.170843694925821055e+01
3.356089688650376957e+01
3.161442714809593113e+01
3.240022460980728169e+01
3.124476681494752839e+01
2.951094856059961202e+01
3.288799651600754714e+01
3.218142513880545863e+01
3.517672129864755703e+01
3.010235763170476631e+01
3.329973274344649070e+01
2.878133343342873474e+01
3.209247724631597976e+01
3.512384918345569673e+01
3.248547912297905071e+01
3.260032475657352080e+01
3.110528521585539963e+01
3.157623262041042622e+01
3.492647489209705469e+01
3.451520403708828155e+01
3.535061785981370974e+01
3.259854553441871161e+01
3.264434445783222571e+01
3.046003483118048294e+01
3.429263273920022215e+01
3.471714530728673509e+01
3.459762843651639486e+01
3.410412044152798217e+01
3.173465181958833625e+01
3.259394807858163290e+01
3.619284697821343144e+01
3.583237876175216030e+01
3.492078039648356480e+01
3.236478913909273558e+01
3.494741459687914187e+01
2.971456031871330694e+01
3.352499669851790998e+01
3.620532943595661379e+01
3.503443429578032209e+01
3.378578872394810872e+01
3.622267508345063192e+01
3.174780090575486469e+01
3.414454824562454860e+01
3.626166423230501579e+01
3.726089049181851465e+01
3.337729562125059601e+01
3.541687407778470487e+01
3.148357380015090001e+01
3.395514002865297698e+01
3.662387241992655618e+01
3.707977537099632315e+01
3.416109025189697945e+01
3.651986176629745273e+01
3.202145545553946704e+01
3.441801385968973648e+01
3.677944846099937592e+01
3.808326974482341143e+01
3.477569474799918225e+01
3.783425508698780959e+01
3.925250196149587367e+01
4.089663728899014217e+01
3.647611798527503879e+01
3.942636947209294362e+01
3.435711177278369632e+01
3.782658547673669602e+01
3.920529782635131966e+01
4.137301061865311880e+01
3.801629340796944234e+01
4.110445002467542963e+01
3.482568548172694989e+01
3.875178147841677401e+01
3.987244505448136067e+01
4.240733233881033470e+01
3.783827942393198640e+01
4.155329277585101977e+01
3.499907757215166271e+01
3.952873133364398228e+01
4.024756511844243789e+01
4.313986181552623123e+01
3.888403550207144832e+01
4.277881018537398461e+01
3.731079831149214954e+01
4.063650859751778199e+01
4.077794793717324495e+01
4.394823452218066961e+01
3.971589005430245578e+01
4.306569468735556683e+01
3.722233719253549111e+01
4.073571034465080487e+01
4.280244604355806359e+01
4.302412419981225611e+01
4.090585829177300070e+01
4.096343224261472926e+01
4.461752494631975452e+01
4.539399766333910691e+01
4.415373368014312661e+01
4.360414450395536079e+01
4.234509583896364404e+01
4.184371032300904858e+01
4.577279068276106244e+01
4.801570474585617632e+01
4.116350998227837721e+01
4.587674292354075334e+01
4.133232181597849575e+01
4.544603014215807235e+01
4.855139597528862083e+01
4.377480983175396290e+01
4.800031305066482190e+01
4.088319115492138422e+01
4.592638551738573938e+01
4.920979687624408427e+01
4.530182412068308651e+01
4.777633721284238533e+01
4.434678079114647176e+01
4.799745235742113181e+01
5.085638844857266605e+01
4.725820318374482554e+01
4.944643146498110298e+01
4.490011534163048168e+01
4.892230480942446036e+01
5.169022972554142115e+01
5.077339117544453018e+01
4.806611060599591667e+01
4.972656716823689038e+01
4.677104939626529756e+01
4.761911887428406231e+01
5.070125070889780972e+01
5.340355047723574700e+01
4.748802040390413737e+01
5.102383516994147072e+01
4.622303870515561641e+01
4.986352695713261340e+01
5.038677387334841740e+01
5.349696630486022997e+01
4.767210120748598001e+01
5.155214440975663592e+01
5.329814806877290323e+01
5.467565622330738506e+01
4.827956442339844756e+01
5.294205108161629880e+01
4.829225974437752456e+01
5.100670693503950304e+01
5.234013933491532811e+01
5.438624703637839275e+01
5.072791009839168908e+01
5.340761108083879094e+01
4.832145322328808845e+01
5.120511400781412448e+01
5.303499199561312594e+01
5.460564567729791463e+01
5.073032885821769611e+01
5.353958468563722306e+01
5.568383090640691790e+01
5.713038583769105827e+01
5.209434393613368997e+01
5.485182862430115591e+01
4.958207498989973772e+01
5.254426078706834602e+01
5.480113573945681082e+01
5.575852810226732714e+01
5.400298726179082109e+01
5.546537334077100212e+01
5.828819297980331982e+01
5.844940491909222402e+01
5.442164931734043165e+01
5.619151172538733618e+01
5.366682173322323735e+01
5.577067577671042642e+01
5.632343318573612123e+01
5.931194960948015193e+01
5.520912109762225128e+01
5.844576346619007268e+01
5.987813633660166346e+01
5.989287787154540865e+01
5.716667774923346457e+01
5.738944961710910775e+01
5.562759007980122306e+01
5.682540530898137376e+01
6.014244820247088796e+01
5.890769235758491362e+01
5.836468864180559990e+01
5.757763914623181023e+01
6.092829662302263216e+01
6.331612206946607557e+01
5.554237087518779958e+01
6.066401837225497218e+01
5.590006349858045098e+01
6.007309808505399928e+01
6.315126992682100848e+01
5.730320497861875850e+01
6.184902129999698417e+01
5.400685100860535215e+01
5.963232316141926503e+01
6.258449751100783232e+01
5.929767180332806475e+01
5.982176188605237144e+01
5.753309668028356327e+01
6.129533666477367149e+01
6.127869626766442934e+01
5.993454064028909301e+01
6.151817803786586580e+01
5.816307508005824189e+01
6.185560787498828006e+01
6.116490583901581601e+01
6.168371563139978520e+01
5.907779794187878508e+01
6.170115694560264075e+01
6.392171790751066141e+01
6.327708713550729414e+01
5.995284003343813595e+01
6.167391235025202434e+01
5.816207901857168849e+01
6.076497319840171230e+01
6.179829406721656682e+01
6.377317963362402509e+01
5.684235527375166441e+01
6.128718039120440864e+01
6.311260607902367070e+01
6.435859599254347074e+01
6.002630259528535106e+01
6.234308728802340482e+01
5.715377090357762313e+01
5.928916724164151475e+01
6.141271276307815441e+01
6.263027301106589562e+01
5.882261275986729032e+01
6.073270362728717942e+01
6.238019225687364155e+01
6.388851760302900118e+01
5.797192074443876209e+01
6.119484782909373166e+01
6.281206049191997209e+01
6.412250423679469691e+01
6.093213172602896321e+01
6.230827403572199330e+01
5.766573537602383226e+01
5.961782420004228555e+01
6.170186753088511722e+01
6.236862019495413989e+01
6.141830455152676649e+01
6.063985100312003595e+01
6.334982539820745728e+01
6.356343299382166379e+01
5.988546115673613457e+01
6.117242249006833532e+01
5.701600606329029119e+01
5.841276562784978665e+01
6.099425834324140538e+01
6.068999973438199902e+01
6.130400489095993777e+01
6.045600929070740648e+01
6.336361517389003239e+01
6.247810774114196164e+01
5.958911683623792754e+01
5.956327106803806259e+01
5.858368400638384088e+01
5.977994672551178468e+01
6.229247460676765513e+01
6.042885456225301510e+01
5.901845227874114386e+01
6.216362427886714670e+01
5.980950044939736898e+01
6.337227651107922810e+01
5.836417984556078409e+01
6.144849923474405529e+01
6.407181674842573216e+01
6.069843390917140624e+01
6.061924857527941413e+01
5.840187740954959139e+01
5.886404457728126971e+01
6.221425512107705202e+01
5.900778790970679921e+01
6.152189616907004677e+01
5.658230977242109816e+01
5.979424275035302827e+01
6.224150874753829044e+01
5.669433787547623638e+01
6.091899518449395146e+01
5.488404289587370499e+01
5.845289656893820762e+01
6.091387910886435009e+01
5.703871635498835246e+01
5.951321875018523144e+01
5.500786071632490604e+01
5.764420044382644903e+01
5.983199984440417296e+01
5.735436059182976010e+01
5.913638070688608650e+01
5.377210861988171331e+01
5.648978521110917939e+01
5.799899307993860731e+01
5.904790843198773587e+01
5.461408415887158441e+01
5.675489292755639781e+01
5.779474482088737375e+01
5.903896858126807956e+01
5.451379393491792058e+01
5.599023874809832080e+01
5.774887727972650708e+01
5.895896895666462711e+01
5.457690506701109712e+01
5.621858905341220947e+01
5.223597892254948505e+01
5.383369179707572982e+01
5.512690246541885841e+01
5.640959185520630825e+01
5.353853242745110208e+01
5.571083242522690426e+01
5.658055780600963658e+01
5.723088680550386442e+01
5.204530963867361493e+01
5.349146176803365904e+01
5.555381952572189164e+01
5.565729238421180014e+01
5.644293712572018507e+01
5.163049671018602282e+01
5.400352620686108907e+01
5.387727800384880794e+01
5.631001083341198665e+01
5.293879218639706608e+01
5.377976258761123063e+01
5.607894818390892056e+01
5.529786561599507166e+01
5.221025094767784935e+01
5.216026155687115562e+01
5.477472013183438548e+01
5.404393411595867747e+01
5.466579441891235547e+01
5.296894541069661955e+01
5.019440776999959297e+01
5.288674853705663992e+01
5.104418521452491575e+01
5.406959197230277425e+01
5.002529201073032539e+01
5.269663292353150297e+01
5.505694971696659934e+01
5.199853750861446855e+01
5.196712236167481080e+01
4.994336776308077219e+01
5.305144577181792442e+01
5.402225693550786190e+01
5.018996913419939432e+01
5.174047863158451577e+01
5.453430661204222218e+01
5.126307687154069725e+01
5.167566705753835521e+01
4.913784310416305345e+01
4.880364629607588256e+01
5.212135653300659754e+01
4.968144702109487554e+01
5.138772552457162845e+01
4.801749823376700022e+01
4.766057876472196853e+01
5.002779019918298076e+01
5.209231769615293217e+01
4.786239846787133700e+01
4.874934454585007160e+01
5.094901442584600204e+01
5.253649109409371221e+01
4.470544815677624229e+01
4.922974877728375986e+01
5.102239693033777712e+01
5.148974901212865518e+01
4.758697414506844581e+01
4.914213863352349421e+01
4.454907448055563179e+01
4.575027750263003412e+01
4.747933189827110567e+01
4.837754940010726301e+01
4.563092978507696529e+01
4.738399648252650564e+01
4.853842427001943349e+01
4.964091753017048347e+01
4.491897198787304291e+01
4.667863606171695778e+01
4.803328566624208662e+01
4.891324247120147106e+01
4.745911744230100737e+01
4.505450139080615912e+01
4.651293694663475975e+01
4.816958840998164959e+01
4.872043476499786152e+01
4.376143907466216376e+01
4.523307730155435991e+01
4.699041976996570469e+01
4.738903533381873245e+01
4.697837096250530919e+01
4.511149701736744078e+01
4.749106365811987018e+01
4.741726351547050911e+01
4.749825763305648252e+01
4.620777135425729654e+01
4.876039055068488892e+01
4.816958327800654871e+01
4.534155510945880962e+01
4.543733512850956657e+01
4.428924550234982149e+01
4.456069535989568919e+01
4.739436277941803155e+01
4.602342647026821254e+01
4.407161317606807671e+01
4.708319003366753464e+01
4.524981958591863673e+01
4.842486132237409890e+01
4.032714920137133419e+01
4.584413109847086076e+01
4.830472406493705506e+01
4.589811182421757252e+01
4.661674093609595104e+01
4.440245662290571005e+01
4.758335861031555680e+01
4.758026482345447761e+01
4.543368890178017949e+01
4.418821040779081954e+01
4.801764146576345382e+01
4.516172034228307552e+01
4.858563331057194290e+01
4.181638350865050313e+01
4.541519998415287773e+01
4.786389658847702577e+01
4.651862168471182457e+01
4.696877577674340642e+01
4.392268450522611545e+01
4.638763170004775560e+01
4.660008995871685755e+01
4.777576630106711519e+01
4.208553162890613208e+01
4.481970284891279732e+01
4.706369816970629927e+01
4.871670419549074893e+01
4.323185550332490834e+01
4.621992383148065642e+01
4.656900178779998356e+01
4.888488756897977794e+01
4.181925393958513126e+01
4.625084905799509727e+01
4.699870801388035346e+01
4.904280094710595961e+01
4.401275934791329547e+01
4.667099324956589612e+01
4.791614347283887554e+01
4.974000525359061697e+01
4.431341083839781447e+01
4.674853581395099411e+01
4.756190801575174021e+01
4.917587087279183322e+01
4.925319505781370566e+01
4.468051044251031811e+01
4.615767557700887380e+01
4.792666544048935862e+01
4.882756112563441775e+01
4.622781391814502427e+01
4.774751104751696573e+01
4.973208660059403030e+01
5.016892038080906957e+01
4.570753487096027357e+01
4.734187739335632017e+01
4.961048826107205656e+01
4.962921054677470067e+01
4.989775907126831100e+01
4.902769389221415253e+01
5.179003601661819545e+01
5.112101578652068667e+01
4.772061962451683570e+01
4.816799228420439505e+01
4.738779618706942642e+01
4.741479344823373765e+01
5.023804562201127055e+01
4.920611304533773023e+01
4.701103271681152052e+01
5.045699820567390503e+01
4.864987345193611645e+01
5.187188022329293347e+01
4.651418682799275217e+01
5.045950723969324514e+01
5.280003868791252586e+01
4.974872519526034154e+01
4.981775304314379582e+01
5.335099492528748044e+01
5.064365956049785211e+01
5.358272734287066186e+01
4.576395138648357630e+01
5.081309568414167899e+01
5.348407158215729851e+01
5.046632619814931076e+01
5.062211653702452452e+01
4.819723360727259376e+01
5.178785633711972025e+01
5.169044068545441917e+01
5.329822167402681998e+01
4.557716647895922790e+01
5.013714514658104804e+01
5.257603240900759545e+01
5.456469385627185176e+01
4.677268330646434435e+01
5.159548964926366921e+01
5.383025070592831440e+01
5.452810794965712660e+01
5.052945626259753453e+01
5.125318506750436143e+01
5.361414078588967413e+01
5.544282265051556635e+01
4.816626595611776196e+01
5.252935760461226522e+01
5.411586365120971465e+01
5.512848156496630736e+01
5.062190187141719377e+01
5.304193220708297929e+01
5.465132569862825562e+01
5.542599645681895737e+01
5.231242483822695988e+01
5.451287690261393237e+01
5.588316012168208147e+01
5.643748958052020726e+01
5.313046606533944782e+01
5.556038631216808454e+01
5.637017790798166317e+01
5.646560277804617556e+01
5.567441054558352675e+01
5.146354109339939242e+01
5.289199950333210154e+01
5.486121502396346017e+01
5.523845850008434866e+01
5.502348323046390277e+01
5.075859143051474121e+01
5.351066785844900409e+01
5.411154595657448851e+01
5.624742347314086999e+01
5.231186426584897475e+01
5.475013716160506050e+01
5.453577790418918880e+01
5.679567401795713266e+01
5.282482910347164307e+01
5.565269156508617954e+01
5.512991211016682058e+01
5.696406983445501027e+01
5.367800198724562932e+01
5.703859533263562298e+01
5.793327706140538425e+01
5.367078890307726624e+01
5.713746949254318963e+01
5.965793476654703653e+01
5.702236189530595567e+01
5.604247437679643440e+01
5.426315299920736379e+01
5.762119192125884126e+01
5.997050170755179721e+01
5.341610502747936096e+01
5.728161256071241070e+01
5.986743174671234158e+01
5.668227117407494831e+01
5.674260226179180222e+01
5.414490396163186858e+01
5.745599968514386546e+01
5.889450766841385843e+01
5.486238546074979183e+01
5.852413078668166690e+01
6.066705142179804966e+01
5.522903146415135467e+01
5.899721831697401342e+01
5.525542343628891473e+01
5.566085897902784296e+01
5.793600124696268949e+01
5.967252844716016114e+01
5.447858081449237488e+01
5.699949086511808360e+01
5.892119521375614255e+01
5.745724330555105297e+01
5.592142076180523702e+01
5.665205086905364595e+01
5.867824557361214488e+01
5.958717469349494422e+01
5.344668319804161172e+01
5.645771445216995943e+01
5.763370678704426098e+01
5.885953891683947603e+01
5.536321795773879018e+01
5.709820006320440910e+01
5.832114221712137692e+01
5.971078303064667381e+01
5.468421660369578063e+01
5.624490094532222173e+01
5.716450015231904302e+01
5.901783435309371129e+01
5.690259634229751384e+01
5.573130449645487516e+01
5.672711111545422114e+01
5.889833344961674300e+01
5.757923594712637083e+01
5.348699183260582402e+01
5.485035626470945402e+01
5.714424093650885794e+01
5.678237208828969784e+01
5.587221254979040452e+01
5.590492856718463344e+01
5.852679283647184860e+01
5.746441126597706273e+01
5.390666917744766096e+01
5.461771601780763774e+01
5.723567437957242987e+01
5.610560562398383411e+01
5.733066627617136390e+01
5.401841813751700982e+01
5.679533532460693124e+01
5.713980850683270063e+01
5.380178674108491776e+01
5.831118416853640696e+01
5.709302136190292032e+01
5.840496130651435891e+01
5.572513245907284585e+01
5.890383284656797258e+01
6.004783647066252428e+01
5.481956043093008901e+01
5.831658424359279280e+01
6.070126696473750627e+01
5.580005045418945286e+01
5.908817137029743805e+01
5.180226883531314286e+01
5.577336683683555663e+01
5.811542372603004480e+01
5.551683695648715400e+01
5.566645422699269830e+01
5.272521939577334393e+01
5.570642657559532296e+01
5.682462631039643952e+01
5.352788822079906339e+01
5.631170009288442202e+01
5.710054840369313922e+01
5.814411773380517445e+01
5.066615529036320709e+01
5.480143323889008400e+01
5.666633407436014380e+01
5.772234398117455356e+01
5.327459882151214288e+01
5.430370014928298161e+01
5.609398924720817092e+01
5.751989677978985327e+01
5.225731095727602593e+01
5.489925148588591952e+01
5.610659799511136470e+01
5.734150724752163342e+01
5.320544238400118076e+01
5.464859011269533084e+01
5.618251344910999734e+01
5.707098362997425056e+01
5.453877032614531117e+01
5.468439775529778757e+01
5.643952776144040229e+01
5.728738738876894132e+01
5.222097329070062699e+01
5.367562137066538952e+01
5.530102849593326653e+01
5.571769159847774944e+01
5.572445274224883605e+01
5.177668640272408140e+01
5.451444417276751153e+01
5.464047279773796362e+01
5.649860873266386108e+01
5.138785553282453833e+01
5.434779393407347214e+01
5.389205833047265770e+01
5.634973656091700889e+01
5.185724535788487088e+01
5.502472633250785350e+01
5.463232148321348092e+01
5.671795841942310545e+01
5.145045968197363351e+01
5.483644501333014887e+01
5.542380480066051263e+01
5.520731516046175358e+01
5.165319652644745929e+01
5.564589918234974419e+01
5.361378647231332195e+01
5.677670963807353388e+01
5.928447609629748882e+01
5.644222214228919654e+01
5.620009468462816926e+01
5.406886394221815806e+01
5.361430017412664739e+01
5.694315775730152751e+01
5.394608549683492527e+01
5.684125602977203329e+01
5.916454344153819989e+01
5.594758562922518763e+01
5.788662691068181232e+01
5.331673390429197212e+01
5.703208349731507099e+01
5.667397099785456760e+01
5.527317860676868122e+01
5.739030734385161026e+01
5.881078456402816812e+01
5.911400778292242109e+01
5.520876641913535821e+01
5.620697162456931295e+01
5.810334702941242568e+01
5.966582512200776733e+01
5.246803700686164262e+01
5.642609833970551847e+01
5.799431805372626769e+01
5.890985705976711984e+01
5.407123148766183363e+01
5.639008542258071799e+01
5.726114214910042222e+01
5.857838374131418391e+01
5.441024581274169236e+01
5.647980088197460447e+01
5.729974964080584243e+01
5.879039830484283868e+01
5.522320013157985841e+01
5.715715981843996474e+01
5.806136695506928191e+01
5.976445052855626727e+01
5.416662022610691452e+01
5.663350982327369820e+01
5.735824691845699874e+01
5.817286850815954580e+01
5.633459283335117362e+01
5.651091379527262859e+01
5.883381078624462646e+01
5.855769714913233770e+01
5.443105426940159930e+01
5.520565567471159341e+01
5.770027579826871289e+01
5.704567528499936202e+01
5.785739691626533698e+01
5.597527428249031800e+01
5.886639468576961320e+01
5.795352833418674976e+01
5.495526375849813405e+01
5.461492183440310555e+01
5.753649074752286197e+01
5.847229115151775858e+01
5.670992287743812454e+01
5.571328802326407015e+01
5.901499982908489983e+01
5.655758101754569367e+01
5.955710578632623253e+01
5.189825337926726689e+01
5.654521174759727842e+01
5.893604685514926445e+01
5.589566648561604012e+01
5.659085312861723338e+01
5.970738689295695423e+01
5.655462458439995999e+01
5.812555501281234882e+01
6.090261113693936323e+01
5.971460746615616699e+01
5.869877162798058379e+01
5.577155132960123041e+01
5.907325910534661517e+01
5.950119488821040648e+01
6.061730260697742523e+01
5.275751489602573230e+01
5.707349005689719235e+01
5.917517503630082842e+01
6.114026271761662912e+01
5.341751327660744408e+01
5.735203896031338644e+01
5.922760539423092041e+01
6.020102213587995266e+01
5.588344889627051515e+01
5.774037954366047387e+01
5.835914182565893782e+01
6.000518263126867424e+01
5.399612573325588727e+01
5.675316803381421948e+01
5.796107713725636756e+01
5.941579489729470964e+01
5.464768546829346008e+01
5.621813822509388814e+01
5.731463110738862099e+01
5.886123879241302603e+01
5.999943890279734404e+01
6.075288661986221683e+01
6.123675664213654102e+01
5.623989218636690879e+01
5.785699950226437238e+01
5.960158840519230949e+01
5.983981260933312285e+01
5.825158071578044883e+01
5.912953620721953030e+01
6.121328606493188573e+01
6.064728952953577590e+01
5.638983625069484873e+01
5.720248140504605061e+01
5.961070789771830647e+01
5.888704649219884857e+01
5.832709491302096438e+01
5.814721688979501124e+01
6.058669387682047613e+01
5.931062098735942101e+01
5.654870400719350698e+01
5.758845047589358046e+01
6.028914910594772181e+01
5.835084646193330116e+01
5.987834444545852364e+01
6.203084683161957713e+01
5.936883883372501458e+01
5.953710142331449617e+01
5.739851094814090970e+01
6.053797857412818217e+01
6.238169068900951686e+01
5.572302500730837949e+01
5.927554880956625993e+01
6.171166062793912488e+01
5.843289965249223172e+01
5.859600913162986302e+01
6.161166881559687880e+01
6.058979572615673703e+01
6.203380500926077445e+01
5.591755074409113746e+01
5.934761476135629721e+01
6.157233807906555967e+01
5.601679466980585431e+01
5.960386538199382755e+01
6.139137507662700699e+01
6.060070474502578008e+01
5.723172843739269666e+01
5.926176636254434271e+01
6.092747635219073032e+01
6.150205175547550596e+01
5.712458906182897778e+01
5.908018581333132602e+01
6.025778889446350206e+01
6.100114393064977492e+01
5.660675225912022057e+01
5.821634834600470754e+01
5.976732611212759139e+01
6.048821449580121623e+01
5.622955214708958493e+01
5.763551611908317795e+01
5.852259150953494782e+01
5.983010435040480957e+01
5.666990746860435024e+01
5.883417498520253019e+01
5.935956596087046222e+01
6.071933640286493983e+01
5.509003540180465563e+01
5.693357214201288485e+01
5.710757922500351214e+01
5.881780316977759782e+01
5.820500643163713761e+01
6.063705962056804566e+01
5.990807335723417992e+01
5.577688493036087891e+01
5.638264557468522042e+01
5.888352332281257162e+01
5.793792454706456141e+01
5.974225319840867598e+01
5.475736643381348046e+01
5.740062207443939002e+01
5.633726950921944621e+01
5.888980559999099995e+01
5.470414379977146524e+01
5.724729034511774017e+01
5.783734309805956997e+01
5.669859508554328187e+01
5.958193198809919267e+01
6.137269870427630991e+01
5.482209903645783555e+01
5.791793547885847460e+01
6.032053525975535990e+01
5.744195424833834807e+01
5.862853562258436568e+01
5.575337364850290811e+01
5.841929359586807635e+01
5.867555333090196967e+01
5.560386666682030921e+01
5.489630701278646541e+01
5.792345371770264961e+01
5.664704319974455871e+01
5.809637344307511597e+01
5.383502494525919957e+01
5.688993175192081253e+01
5.653713502405409486e+01
5.512802885584127921e+01
5.806574934494042850e+01
5.779297896341040541e+01
5.596865736715304251e+01
5.744476038818032038e+01
5.896282713957139521e+01
5.972083252347633220e+01
5.397995036526004498e+01
5.660816654176022666e+01
5.762117723182154805e+01
5.868459553240530369e+01
5.338170314251661353e+01
5.574237663811445742e+01
5.720416331181140634e+01
5.789276808221755743e+01
5.401449549618895674e+01
5.547196817337840002e+01
5.669573267978494613e+01
5.755088895513459590e+01
5.415236883812006852e+01
5.621913446560648708e+01
5.650573770903602622e+01
5.796055314991249929e+01
5.236856830899163384e+01
5.434019823464086585e+01
5.482945606134357064e+01
5.655560412973179041e+01
5.553989139000685071e+01
5.780234404202095533e+01
5.747498410853477679e+01
5.336815798881877981e+01
5.401331882107458426e+01
5.626122064837240799e+01
5.561670484457690122e+01
5.631141040159030808e+01
5.373095493315950222e+01
5.632577800066191998e+01
5.570635797652765575e+01
5.381578514265516588e+01
5.558798396927220153e+01
5.496896904694830255e+01
5.780783219706095366e+01
5.380846587989263696e+01
5.701089616045572228e+01
5.735594207364717079e+01
5.481276083448515379e+01
5.690673315977687707e+01
5.928417685356642863e+01
5.469949088461670783e+01
5.735018386757204212e+01
4.905465255810931069e+01
5.444417972747380219e+01
5.680930574214508511e+01
5.349488750036240958e+01
5.358727209094073629e+01
5.673884949857391291e+01
5.513431855585440644e+01
5.525694023717486658e+01
5.842028383777678613e+01
5.483851272611205019e+01
5.698294967610119244e+01
5.303246375915260558e+01
5.517230278694868417e+01
5.714411861626066980e+01
5.678006581371256090e+01
5.297494695054696479e+01
5.461605050001735862e+01
5.548617794315607199e+01
5.685881894819610238e+01
5.021143918125599015e+01
5.374854523515421789e+01
5.521390065184305485e+01
5.613383205727208036e+01
5.741533688494519083e+01
5.858963163310845346e+01
5.630161943555347648e+01
5.672124453353979590e+01
5.806605331764768607e+01
5.889323558484827714e+01
5.472994969666216747e+01
5.595790692323247839e+01
5.756833281783688960e+01
5.815959850720588520e+01
5.531446896587677742e+01
5.630933147848207199e+01
5.818073626153238109e+01
5.827913118890742794e+01
5.454335108430618106e+01
5.548256538140931582e+01
5.764358877676016846e+01
5.734009663034905913e+01
5.452020366307856136e+01
5.498303599616281190e+01
5.746969265736309040e+01
5.663982544344752057e+01
5.622413916624405061e+01
5.584835176581838567e+01
5.861534426067829173e+01
5.704452127831130781e+01
5.415729490937852120e+01
5.618479150093390473e+01
5.624027649763878145e+01
5.838609459011946257e+01
6.071951645182553392e+01
5.841558169344359897e+01
6.033992250015017333e+01
5.450456704754785164e+01
5.852693840641273226e+01
6.079284592578401458e+01
5.697326865738183699e+01
5.787699972255182956e+01
6.088393944600079521e+01
5.765176051381536837e+01
5.864657617360857955e+01
5.565863817837411176e+01
5.872143059418279165e+01
5.779662409319559657e+01
5.769608808591179638e+01
6.076365050229458831e+01
6.156441927693006022e+01
5.743942031849488217e+01
5.769525052349982985e+01
5.985540798682588814e+01
6.186518496476559648e+01
5.696854915019180510e+01
5.895690738957378585e+01
6.082690374097461472e+01
6.177540984009274894e+01
5.744251115913406380e+01
5.852120925996795364e+01
6.015933893309281189e+01
6.170233348622026881e+01
5.627648144613224446e+01
5.784957451957348695e+01
5.915063041168146185e+01
6.057783604318683501e+01
5.596108169182138425e+01
5.753869649606670578e+01
5.858192965526081508e+01
6.003607040443802134e+01
5.562967447902271090e+01
5.695242811865026056e+01
5.842951002780601044e+01
5.915907080875513202e+01
5.895314563117831597e+01
5.976770657438643042e+01
6.157750969032522903e+01
5.921907779753469470e+01
6.185113771325303844e+01
6.170556383329623173e+01
6.161144051585775827e+01
5.794290915994142921e+01
6.088868445869574231e+01
6.025914695110436980e+01
6.108162958928225095e+01
5.941465900133475486e+01
6.211487716118987379e+01
6.143005083865104154e+01
5.890162059155680652e+01
6.046450053607235020e+01
6.258125553205191238e+01
6.029069639935865865e+01
5.961168312332111441e+01
6.244288621191821420e+01
5.985962097969823503e+01
6.304093370398269514e+01
5.666729938644677844e+01
6.032621393570303070e+01
6.247808240652117462e+01
5.929475909621288565e+01
5.914862689721742584e+01
6.222804869662550686e+01
5.895544655598676087e+01
6.190189717723360019e+01
6.414177943936316240e+01
6.099681437801390871e+01
6.371695657831540416e+01
5.696949631421214377e+01
6.023688275900406097e+01
6.249266774977888872e+01
5.802259895843953785e+01
5.937615046102568783e+01
6.191952169342944501e+01
6.259996387689180608e+01
5.782321779483968527e+01
5.869684299780930559e+01
6.052985795028192229e+01
6.218263275726017270e+01
5.700207614629704977e+01
5.962919339208793446e+01
6.089339819141237342e+01
6.184535399395111455e+01
5.717214147160323279e+01
5.888530989551484396e+01
5.971968719700443273e+01
6.077575958529222078e+01
5.739809449476926062e+01
5.914757212859069568e+01
5.987874989044127716e+01
6.122735831896718395e+01
5.612051028125426200e+01
5.760853292417201743e+01
5.816336160154383350e+01
5.942726188573282542e+01
6.068023495296517211e+01
6.090169622877619560e+01
6.209094326063545566e+01
5.618001540092998880e+01
5.832381187910548448e+01
5.806003784162074055e+01
6.027624134345602869e+01
5.813509349144339211e+01
6.084200708160326343e+01
5.980735363625412049e+01
5.848972517870471677e+01
5.949593484884446326e+01
6.060520931975995040e+01
5.945490926183563829e+01
5.770693092031049076e+01
6.006365947198532496e+01
5.814723582885375208e+01
6.083760450296576749e+01
5.720169758470408539e+01
5.999960049993289601e+01
6.158866979818721177e+01
5.621460622208999780e+01
5.917813358123919443e+01
6.152176703671950975e+01
5.857081172581616357e+01
5.807377064048758086e+01
6.105168298603546617e+01
5.822185774527645918e+01
6.109557007066887735e+01
5.411918206070550497e+01
5.772256516032205553e+01
5.993049366228387953e+01
5.710507083095787806e+01
5.742317824435563978e+01
6.020682584049043840e+01
5.890302404816819859e+01
5.951266054222742241e+01
6.196091766131848999e+01
5.842716412062725340e+01
6.028752608284648318e+01
5.361360371125863367e+01
5.721548056893909262e+01
5.885298373960208096e+01
5.935678159794890263e+01
5.478551157906490232e+01
5.666690382162620665e+01
5.733104483539024443e+01
5.861436626623703461e+01
6.018935458762229729e+01
6.074778902092786836e+01
5.725697187584085412e+01
5.886936009539716252e+01
5.996192065369344704e+01
6.088617032955146868e+01
5.584721102504763479e+01
5.706931682003239104e+01
5.821461854579008843e+01
5.900286627575223974e+01
5.522103783623411033e+01
5.696594144426259732e+01
5.821045296492528109e+01
5.832754216055641905e+01
5.517734516891217567e+01
5.586055031748884403e+01
5.782464588152018337e+01
5.756384576151221211e+01
5.717515206277465722e+01
5.835091450796102919e+01
5.871023457765449649e+01
5.863716580815103185e+01
5.343311426116367358e+01
5.649746290202875088e+01
5.810610294765518091e+01
5.628124936761002317e+01
5.883692388099326820e+01
6.123864751831665387e+01
5.618033457257924113e+01
5.944902682667571270e+01
6.158424583492349313e+01
5.844332746925606159e+01
5.832571462300784759e+01
6.138269217514027787e+01
5.852963260607698004e+01
6.100230049425586287e+01
5.242920054196187607e+01
5.773280776192294184e+01
6.008601981006095372e+01
5.675411101030568517e+01
5.727337794260256487e+01
6.012263802168764215e+01
5.808626534519263629e+01
5.808017600743947639e+01
5.508073211459969087e+01
5.796423819324049731e+01
5.951151897913661770e+01
5.438243521948673020e+01
5.728881564141821059e+01
5.836272794186579915e+01
5.974383932124965213e+01
5.502583526568137984e+01
5.725684091713754498e+01
5.818946674016918763e+01
5.925846279742150102e+01
5.281579357102661021e+01
5.617512613817549294e+01
5.764978674677413295e+01
5.857774537411214055e+01
5.980242930992103823e+01
6.132125307784266965e+01
5.587889322043712781e+01
5.792755806474374936e+01
5.894778392751850760e+01
6.010900564064318985e+01
5.612065126653437375e+01
5.760593113004229338e+01
5.884105710351925467e+01
5.946397558754456014e+01
5.928774674942582834e+01
6.116035346788901705e+01
6.129833394549815040e+01
5.825086173795759947e+01
5.896875226538649883e+01
6.109110207863801634e+01
6.073435831658062511e+01
5.688771494810701057e+01
5.741971386077804596e+01
5.984134601412667109e+01
5.906110056938184272e+01
6.064649182165690178e+01
5.968542649329352656e+01
6.241770865818946135e+01
5.917859788705080604e+01
5.996919019358035285e+01
6.064717479985303328e+01
6.246290519475003578e+01
5.589562264829712035e+01
5.942584684652140226e+01
6.213695477363101816e+01
5.973099266203113444e+01
6.142482986099272324e+01
6.431415134519610888e+01
6.103083383841236298e+01
6.061077684967990109e+01
5.825403810085363432e+01
6.142614925474310184e+01
6.334946312858826900e+01
5.602433536281054671e+01
6.025333916335090834e+01
6.257051341577940207e+01
5.953969054223969692e+01
5.978178087907891580e+01
6.303027474448033729e+01
5.964842415555007449e+01
6.274502947172712908e+01
5.599368518293442776e+01
5.989912258392986644e+01
6.102169041042517250e+01
6.257306536271239850e+01
6.399023017441813721e+01
6.475625260216763479e+01
6.034988241607349835e+01
6.169572471190932106e+01
6.314388157067526919e+01
6.437229295903679827e+01
5.918110668162261589e+01
6.057265697537695814e+01
6.195517541990557220e+01
6.307852858279245112e+01
5.916403445461312316e+01
6.171655393561273684e+01
6.273455669338047613e+01
6.349413719949214396e+01
5.841614521748920907e+01
6.026832566395879098e+01
6.090093441258161278e+01
6.243098339267584151e+01
5.754871979110753699e+01
5.999898093068838278e+01
6.013841889414117503e+01
6.193209077692913667e+01
6.034761468636374104e+01
6.281594392012248562e+01
6.258584879612407548e+01
5.995843978246336547e+01
6.170822359770764365e+01
6.211925501656670434e+01
6.356629888199532985e+01
5.705156175062637658e+01
5.959594042964549487e+01
6.171292111067078423e+01
5.996772998446638780e+01
6.282689201789531097e+01
6.431423176592345214e+01
6.101466058065969378e+01
6.222802630065476137e+01
6.473273349723864101e+01
6.224219482423842464e+01
6.277963021200353921e+01
6.042455716419599554e+01
6.351349014768091905e+01
6.466930130561411261e+01
5.843064376079845346e+01
6.193272533382911149e+01
6.427474648695016413e+01
6.078688484885882559e+01
6.063905575817996407e+01
6.359283141864576550e+01
6.223760469111874727e+01
6.445143190358865581e+01
6.646284126390304436e+01
6.080058088696421947e+01
6.436958009153950400e+01
5.847481295094103615e+01
6.165953024882141165e+01
6.328813169736062605e+01
6.066718885425222396e+01
5.944045241534566060e+01
6.162392485750265791e+01
6.301697842995140775e+01
5.996962184071758628e+01
6.227192004746426335e+01
6.321343867168265973e+01
6.389052776345588569e+01
5.909262144535082939e+01
6.053721166118214114e+01
6.168622632052151289e+01
6.250947488889637071e+01
5.801614376965677167e+01
6.036397934489720996e+01
6.131129596960064987e+01
6.203800302264694722e+01
5.776333824976116205e+01
5.943901294744279085e+01
5.994906844852717853e+01
6.133817052497349209e+01
6.224998988084050211e+01
6.244905296183704024e+01
6.260851653139380346e+01
5.740336518511463026e+01
5.970317905605035946e+01
5.928558802012653928e+01
6.161984836132866405e+01
6.083946191849764062e+01
6.343856621461609535e+01
6.175485182580975163e+01
5.799884575108686136e+01
5.864338511100587681e+01
6.101467569188413620e+01
5.962591569527756263e+01
6.103763841915084498e+01
6.195584441241521745e+01
6.066568514154471359e+01
5.957928118338136159e+01
6.238310305100996089e+01
5.995100837640567448e+01
6.282376653502786468e+01
5.745559378359671143e+01
6.043349839308724114e+01
6.236252354366815354e+01
5.901157457841965481e+01
5.857283725267890162e+01
6.150763303678834859e+01
5.826967849659153842e+01
6.108741345791798238e+01
6.320590505258759606e+01
5.858733952063507644e+01
6.293803233273894904e+01
5.548259340675443241e+01
5.921488356373731676e+01
6.122966107814085035e+01
5.704177205970740516e+01
5.806598560151339683e+01
6.042007153159791955e+01
6.085384204039682032e+01
5.622073901703195986e+01
5.835071690365661823e+01
5.908989171470141599e+01
6.036184145029818637e+01
5.449776431179876823e+01
5.746583104351147853e+01
5.882236390840408546e+01
5.966063308362353723e+01
6.119789131541656246e+01
6.183547999963956698e+01
5.744836890271734120e+01
5.886217186115992206e+01
5.979714358118359030e+01
6.096413592569933115e+01
5.666141519196419551e+01
5.823816342580271765e+01
5.905473578903898613e+01
6.031670706958976780e+01
5.815724534669635659e+01
6.037065513351930690e+01
6.057425091518512517e+01
5.640676979116447853e+01
5.723533540078938131e+01
5.909589202548477260e+01
5.884882946733917919e+01
6.000077999519859873e+01
5.946309158299678899e+01
6.172975310829365725e+01
5.912243906485938538e+01
5.765436288688685806e+01
5.841963965079029464e+01
6.074920230619458295e+01
5.882328086614966622e+01
5.565975567815295477e+01
5.740009885997030636e+01
5.714427464368621656e+01
5.930534187292425230e+01
6.146085086093940930e+01
5.923860181594460528e+01
6.111488259654394994e+01
5.392732808583831172e+01
5.821997347066602657e+01
6.024411688341011484e+01
5.723464159796449024e+01
5.762955687238981994e+01
6.050555988025400467e+01
5.735576700306826581e+01
5.881607171237856591e+01
6.135891506652352234e+01
5.967013276181553039e+01
5.980365009930788744e+01
5.668727428048700290e+01
5.938104802160226825e+01
5.833273010417303084e+01
5.669087709034349842e+01
5.988821235334969373e+01
6.088476014690800753e+01
5.671412811663274312e+01
5.723266355429834107e+01
5.913319213368307459e+01
6.085346452744526147e+01
5.558593828986315799e+01
5.886771180960565175e+01
6.036206555636451299e+01
5.976551849563813334e+01
5.862621188313487153e+01
6.057415383510216600e+01
6.140558290941226716e+01
5.665351363235657089e+01
5.816461092974554958e+01
5.948126125327183189e+01
6.058887157306520521e+01
5.792088968256320669e+01
6.014837511089925925e+01
6.073818449780406326e+01
6.097174239624535375e+01
5.642513521537416210e+01
5.734339965349440149e+01
5.913020301057363781e+01
5.925425147826348393e+01
5.804983982913783791e+01
6.050409856403607733e+01
6.013765307101907354e+01
5.744456159782559013e+01
5.775877603791029458e+01
6.016868083690749103e+01
5.929026742862069455e+01
5.851004937160679020e+01
5.802953280488112853e+01
6.073550763774595396e+01
5.917786124621976285e+01
6.201199875915766313e+01
6.395303086856038988e+01
5.669835406061169181e+01
6.023194391231461964e+01
6.290513991380964143e+01
6.048386764619247913e+01
6.265132111631154288e+01
5.552999173905510588e+01
5.972304785749526701e+01
6.184384384985955307e+01
5.861973356484529774e+01
6.175849037090408444e+01
6.365052094491966983e+01
5.648947550364117376e+01
6.064831944186875035e+01
6.292537002383834732e+01
6.130650191315962161e+01
6.097720066771058356e+01
5.773349747801515974e+01
6.083261709453236676e+01
6.124065461222375006e+01
5.803413053949616796e+01
6.018262433288857238e+01
6.066326395982513731e+01
6.236480898252440142e+01
5.679408883420296661e+01
5.953747667136548216e+01
6.100773181565913461e+01
6.170464708434750634e+01
6.332056126418418529e+01
6.457129008479172683e+01
5.853615212541316026e+01
6.112841740169901072e+01
6.267934565194531160e+01
6.329946387582071310e+01
5.917446412208584405e+01
6.089102875190147302e+01
6.177201274544017906e+01
6.327546370357323013e+01
5.843950391572731462e+01
6.046229253368751699e+01
6.098089584792048612e+01
6.222979774976455758e+01
5.679590935293236953e+01
5.919779054475893787e+01
5.936825303597447601e+01
6.095509800296741076e+01
6.048169088562887907e+01
6.247090946482360607e+01
6.222765298460398498e+01
5.997315014641815623e+01
6.033612074918860202e+01
6.255725046468752737e+01
6.159775321375168033e+01
5.811627549715795027e+01
5.826507322566389036e+01
6.080400756453438760e+01
5.952077369191286493e+01
6.234412586759424357e+01
6.397193355952676797e+01
6.095082085903668911e+01
6.070259565257022416e+01
6.361579757866325480e+01
6.098088797443283937e+01
6.381588247321966634e+01
5.741306979332126303e+01
6.094688778691376285e+01
6.293358869087717977e+01
5.971201677801408891e+01
6.273598318781972694e+01
6.465323608367918951e+01
5.859570222978400267e+01
6.155651108478708267e+01
6.377344087386713767e+01
6.231485408099824497e+01
6.177023847664703027e+01
6.466036604669830012e+01
6.139282634677890371e+01
6.346097950253491859e+01
5.856922891049415369e+01
6.163809792465555404e+01
6.099633623565502205e+01
6.269930638978041060e+01
5.853066263606991271e+01
6.022278821608266242e+01
6.094937063905081231e+01
6.223529931311951202e+01
6.375764730996636587e+01
6.364212418196076726e+01
5.927853689764462786e+01
6.047326397661588260e+01
6.171839123305232278e+01
6.312484260317413032e+01
5.792814506951306441e+01
5.954861241351242995e+01
6.045074742982981064e+01
6.141874157795098910e+01
5.822042046837639617e+01
5.933905217256630493e+01
6.040700548656236890e+01
6.088404342699685401e+01
6.008871262132117863e+01
6.198362965594730412e+01
6.185874760721498689e+01
5.992219710856057446e+01
6.030311908914668351e+01
6.247766192072057834e+01
6.150556955737826570e+01
6.409539939299904177e+01
6.282417653063283325e+01
5.948879773605792565e+01
5.945555442960850456e+01
6.207947562159915122e+01
6.070315058332805336e+01
6.275754925637134818e+01
5.737734289138553123e+01
6.036809313344897987e+01
6.099699655652124619e+01
5.972369309295623907e+01
6.236186515780131856e+01
6.463574394094133879e+01
5.852179462758699202e+01
6.146235402639508294e+01
6.373347163907049406e+01
6.075645077832706420e+01
6.096610024838501118e+01
5.831861384506566992e+01
6.112464126979599399e+01
6.217578888435159001e+01
5.788939223969001091e+01
6.055028810856263277e+01
6.231848854859623543e+01
5.615881124212201314e+01
6.054814461739567832e+01
6.253976410724857260e+01
5.860414885841719013e+01
6.104522688040615463e+01
6.311143499773625365e+01
5.985245246047553280e+01
6.057152810841639479e+01
5.685918947809400947e+01
5.909701049467001610e+01
5.963874078898779629e+01
6.084190822282079836e+01
5.509616283363200751e+01
5.759851029711952464e+01
5.861043398247845460e+01
6.004382052313322760e+01
6.044184103265440910e+01
6.185421941703187088e+01
5.679714449832323453e+01
5.815279571480485998e+01
5.911392343743374767e+01
6.024009114820102440e+01
5.922846155783553002e+01
6.086002535121919266e+01
6.154456384775124178e+01
5.640989983722940337e+01
5.757701437695183699e+01
5.899800739468096111e+01
5.925397837573254378e+01
5.930598010314727730e+01
5.924838860703269461e+01
6.126055462447474298e+01
6.068995913116526708e+01
5.554093922816951334e+01
5.828470043425837588e+01
5.758985617841727844e+01
5.980098219019860295e+01
5.806409601901052042e+01
6.066022061430398082e+01
5.934859395343038102e+01
5.690925083540511054e+01
5.947890741207046972e+01
5.750972556524089185e+01
6.036375961628904463e+01
5.689105925192701818e+01
5.972612610422387291e+01
6.160485802323490390e+01
5.473539291942950769e+01
5.880931485942632264e+01
6.112331054671604846e+01
5.817404980674479731e+01
5.884085620754307655e+01
6.162397602780342254e+01
5.851163865662056196e+01
5.941836341496420459e+01
5.635346843137815398e+01
5.911119208724405638e+01
5.803064588603127305e+01
5.752431224022646461e+01
6.032354111608724168e+01
6.154539241988155140e+01
5.594172294699892944e+01
5.903317663356189371e+01
6.011701768740724106e+01
6.093750674923918353e+01
5.683085205346434776e+01
5.734668906331548754e+01
5.917089712219771513e+01
6.078784326353534340e+01
5.409596322516539146e+01
5.749775211534925745e+01
5.885951621777824982e+01
5.973620168048162071e+01
5.490275539317332232e+01
5.693402157386678653e+01
5.768958006722378684e+01
5.900271554804027119e+01
5.987385181062148831e+01
6.111597628511390923e+01
5.679913712908751933e+01
5.819616948592273786e+01
5.939123308272626645e+01
5.999296632751047298e+01
6.010302417099799044e+01
6.189974527329798804e+01
6.198484709149307292e+01
5.847682220109505380e+01
5.916703610381841116e+01
6.122224111653250844e+01
6.085201051186054855e+01
5.756501064294907621e+01
5.797665678192259264e+01
6.035864229305944662e+01
5.951128103059038921e+01
6.041814057072553368e+01
5.947213539835713192e+01
6.217086345229709110e+01
5.993032181264241842e+01
5.741538652817890664e+01
5.910124209708728671e+01
5.927146409688347717e+01
5.996226192214712114e+01
6.272559352530272037e+01
6.045945814578548294e+01
6.020913058633748705e+01
5.830864878291468756e+01
6.123146760523343346e+01
6.360482529689610942e+01
5.608211636543676804e+01
6.034880151142889559e+01
6.274224731886970829e+01
5.933897236456238033e+01
6.000520191049531604e+01
6.288137032657490977e+01
6.152967377550410788e+01
6.259452161280349003e+01
6.512417212167380853e+01
6.018587782000209074e+01
6.337338917377473990e+01
5.590997847577189361e+01
6.021935461907747111e+01
6.136316399551368050e+01
6.339725642674806494e+01
6.489025691285978326e+01
6.272869811276639496e+01
6.145286603267796721e+01
6.172006079191248062e+01
6.353959718729011996e+01
6.483877129015186824e+01
5.874602497949879876e+01
6.134860952563726499e+01
6.286767033849397279e+01
6.353679696030285839e+01
5.910985911830616857e+01
6.070996937440868635e+01
6.207701460176894415e+01
6.307624709940387220e+01
5.884877698597021833e+01
6.088407601704982142e+01
6.140291095911646835e+01
6.289202001829450239e+01
5.814590565448351356e+01
6.062828160535384114e+01
6.069646437260493599e+01
6.226596078646420551e+01
6.275957326796552849e+01
6.427379613201985364e+01
5.931216829349583008e+01
6.201877451896840654e+01
6.285668305081121332e+01
6.275659298560201194e+01
6.226005636186602032e+01
6.237206614917423764e+01
6.472382882705680629e+01
6.293892075030298372e+01
5.977260261523311868e+01
6.038841141536050117e+01
6.306894105262546191e+01
6.098829612762869345e+01
6.394516078894390176e+01
6.564233779953509895e+01
6.095455913670539161e+01
6.377682876973227621e+01
6.611877936088633589e+01
6.266730678670312926e+01
6.210599530091214859e+01
5.957353955203628715e+01
6.261359378662410080e+01
6.471985520700729921e+01
5.859386307405491578e+01
6.151478866171424187e+01
6.372402425165886086e+01
6.110572723211193136e+01
6.115611883486031530e+01
6.401547670437480519e+01
6.100983634981316328e+01
6.381434422982558630e+01
6.571320347392534700e+01
6.148490343132282021e+01
6.414741384813827096e+01
5.992518279196230679e+01
6.208080215673150093e+01
6.206279041821515108e+01
6.344452854922684537e+01
6.482083197393997409e+01
6.566795488635528955e+01
6.081890073964436283e+01
6.233101218822519485e+01
6.329421290305468517e+01
6.436488724639728787e+01
6.019364470028560277e+01
6.169281893782840598e+01
6.267694969350340273e+01
6.359190843637696133e+01
5.982232627350015264e+01
6.171328437818376500e+01
6.211207453349490493e+01
6.337617034154098405e+01
6.452512073685660710e+01
6.435459588673863607e+01
6.243410597111612503e+01
6.260684047672387464e+01
6.477847687890330519e+01
6.392251141485981947e+01
5.976804626773110840e+01
6.013451759851667333e+01
6.269655212736739713e+01
6.159561503001509664e+01
6.318487260953774864e+01
6.291340339329370579e+01
6.513007710456732013e+01
6.107465684442261988e+01
6.192451203151074424e+01
6.428567732836677351e+01
6.229693688928247042e+01
6.015497403719025016e+01
6.318833319940794269e+01
6.076714952500010014e+01
6.364072731180159082e+01
5.959894375599970573e+01
6.237296263530861751e+01
6.405402681191849013e+01
5.814256337462825286e+01
6.128880945798425017e+01
6.352273788181944525e+01
6.011381347234439687e+01
5.984928569909781970e+01
6.266775399224854937e+01
6.106373797899555456e+01
6.283685030448225461e+01
5.846209397844705080e+01
6.110859273610120823e+01
6.119921347376043741e+01
5.859635956850964789e+01
6.108874801948143585e+01
6.041339066462028740e+01
6.199549541089727001e+01
5.756100571503822039e+01
5.989638812512099264e+01
5.997392872391810670e+01
6.122347506024162556e+01
5.609706550245786616e+01
5.812419348986538381e+01
5.871837819715740636e+01
6.047594355349261264e+01
6.112509389972093032e+01
6.228202555081877279e+01
5.689181456719851582e+01
5.864915825096198887e+01
5.948166271334078203e+01
6.057834880694272783e+01
5.699578290564038241e+01
5.829996633473608370e+01
5.946035561879016740e+01
6.005130364502245754e+01
6.154589253706869556e+01
6.178562597382411781e+01
5.925934497924558997e+01
5.977128534168018348e+01
6.170078470904199719e+01
6.137333678296163697e+01
5.863486649621479074e+01
5.885898800032921940e+01
6.101844067155332141e+01
6.023224422032184577e+01
5.802545295289503002e+01
5.864245428398434967e+01
6.092160638209033152e+01
5.953129600851966075e+01
5.885020952662234350e+01
5.977019446165868288e+01
6.074746024935901545e+01
5.880021304591998899e+01
6.166497954065786047e+01
6.364278195612988753e+01
5.628254620861751789e+01
6.022889647084359410e+01
6.273531721948651096e+01
5.978432155672999926e+01
6.092067126020978662e+01
5.750866089169820583e+01
6.034834864923654152e+01
6.120161028940550096e+01
5.726111437596200204e+01
6.024777931598578107e+01
6.014385485033299261e+01
5.858525697037526214e+01
5.818145865295836927e+01
6.131453019302654184e+01
5.750935249910619262e+01
6.038136252384565239e+01
6.135596984205552928e+01
6.268616016622311804e+01
5.823692157271464964e+01
5.852608869701298744e+01
6.038584790625264276e+01
6.204399343485449236e+01
5.537176329768835359e+01
5.888702087219254366e+01
6.045024523572192976e+01
6.089279362697226361e+01
5.514748254809246930e+01
5.759241891451335960e+01
5.879106855988673885e+01
5.940722580927317154e+01
5.818844513109323202e+01
5.962368780710916383e+01
6.082107651291290296e+01
5.496241475317435032e+01
5.756616993371194724e+01
5.870065851956464087e+01
5.922626151611525103e+01
5.957390706762613775e+01
6.133565120272334781e+01
6.140557334870031525e+01
5.800904661261823492e+01
5.875282135874722655e+01
6.079247719749924528e+01
6.038574728479333942e+01
5.691520117279831936e+01
5.733053250580784521e+01
5.969708764492077790e+01
5.882746103490668332e+01
6.140434974165957271e+01
6.089352572471772618e+01
6.321056747078296922e+01
5.650659816568148131e+01
5.992116363330001860e+01
5.957608099437963745e+01
6.202815009168101312e+01
6.432245743433715290e+01
6.187698723889847230e+01
6.326015216981721778e+01
5.924933770154041923e+01
6.241505917559614858e+01
6.438918205489392221e+01
5.673603966537027787e+01
6.099629289202637494e+01
6.339114924119618166e+01
5.996211773377710585e+01
6.111641054139235507e+01
6.382918339403551045e+01
6.219519268812192792e+01
6.274340005672345910e+01
5.923611616505540667e+01
6.207829168024979793e+01
6.117959305056680108e+01
5.922474227329865215e+01
6.253467187106711123e+01
6.339413997103431342e+01
5.956062810996261447e+01
6.007799679451461117e+01
6.196445142658029681e+01
6.366791988947768743e+01
5.824587324696781110e+01
6.137766688312414232e+01
6.245382114767030401e+01
6.345442156750868179e+01
5.767275114524818491e+01
6.011031833885106579e+01
6.163444709076181738e+01
6.224458503050419722e+01
5.853757564409023928e+01
6.031889932278443212e+01
6.115544547915564522e+01
6.263510880146809257e+01
6.316033921203764123e+01
6.467388861883549112e+01
6.054872462058595062e+01
6.274479567960445792e+01
6.281162882488834498e+01
6.456602539169740851e+01
5.955760276659468389e+01
6.199380719250546434e+01
6.191841545166571592e+01
6.379219146991233913e+01
5.934074593336521275e+01
6.220950992557908421e+01
6.168819364327734434e+01
6.381611274540222212e+01
6.565574078599621544e+01
6.368372205472764591e+01
6.130626710675714719e+01
6.060373544864286544e+01
6.348376195909052200e+01
6.246044342242277736e+01
6.428270754992870195e+01
6.679690886311786358e+01
6.408242632605139022e+01
6.240073254465439589e+01
6.062680255772534821e+01
6.376044555640746125e+01
6.506784718496929543e+01
5.869968393186344713e+01
6.216133337164476558e+01
6.448516711333823537e+01
6.134107381350252552e+01
6.162794293547964486e+01
6.445102910350856007e+01
6.292802032793850486e+01
6.499440307192227806e+01
6.702725639281773340e+01
6.135123900036440148e+01
6.480649470824970138e+01
5.896743863523599316e+01
6.207125297592437363e+01
6.352310407901330080e+01
6.203274741926810520e+01
6.476594107586024052e+01
6.549484000376725135e+01
6.166843739492452414e+01
6.377953552412978411e+01
6.497295691577936338e+01
6.493344176148487179e+01
6.000789425355916507e+01
6.214652069692256475e+01
6.323797386138085841e+01
6.428582384981176290e+01
5.990171471965850714e+01
6.126900318347725261e+01
6.226126507870960580e+01
6.313567237119223563e+01
5.684958268851202945e+01
5.931009617704636128e+01
6.045248828052087475e+01
6.092577403067658537e+01
6.115924421128839583e+01
6.299508239488789485e+01
6.280601812859587341e+01
5.959524808575477550e+01
6.011492861939152021e+01
6.223041260252351492e+01
6.145860721518845082e+01
6.396507162523538881e+01
6.274327324634892733e+01
6.148865101568127756e+01
6.085422204290500758e+01
6.349068854112098848e+01
6.195076288459650016e+01
6.161802113447214424e+01
6.026354456796399717e+01
6.279882952994706358e+01
6.290070887931203458e+01
5.760200902904905718e+01
6.123890699580099550e+01
6.212479422004692964e+01
6.015504134543188286e+01
6.050265183417656800e+01
6.320199756692809245e+01
6.027924881865685336e+01
6.241490622854157522e+01
6.478151236644937683e+01
6.126185432796659569e+01
6.165934945417005508e+01
5.852896241924045739e+01
6.129034401785348507e+01
6.096002474936551607e+01
5.911950198574083970e+01
6.204238580866050512e+01
6.198782736721661024e+01
5.944752601413128446e+01
6.004150176561664409e+01
6.261693069640315201e+01
5.996236755132168383e+01
6.128775189760463604e+01
5.669742080906137005e+01
5.872066821850594209e+01
5.927280916599402616e+01
6.053668418044870947e+01
6.178169311336756664e+01
6.257937643064491340e+01
5.788322517514868792e+01
5.941536649740284304e+01
6.054588280707211112e+01
6.110023324581489135e+01
5.791411767383005582e+01
5.948778507895773515e+01
6.035401356612624113e+01
6.110820268696315338e+01
5.604531109429406399e+01
5.741543202480348640e+01
5.816406610053035564e+01
5.941921996840100206e+01
5.985404774397798633e+01
6.147860674773474443e+01
6.116525727839009363e+01
5.570974757559519475e+01
5.800433302262902657e+01
5.750285318169134285e+01
5.946925855990217968e+01
5.826300128514539978e+01
6.057174452567446821e+01
5.968356274683427642e+01
5.666366197806436134e+01
5.736364950759926984e+01
5.960635704986675165e+01
5.823092946670836056e+01
6.077745139784801154e+01
6.087518302560157224e+01
6.083354707129647210e+01
5.394904573421147376e+01
5.857703543805136093e+01
6.064521865301002634e+01
5.814307394608063362e+01
5.954093558184458601e+01
6.199515501285952723e+01
5.893151626159450274e+01
5.859977714375102664e+01
6.162062808353070409e+01
5.855939778759770320e+01
6.118724100095840868e+01
5.231536346261682979e+01
5.759665703668586190e+01
5.979892243494915505e+01
5.726307998997852167e+01
5.996516862441912821e+01
5.939301968035247370e+01
6.003338854783618928e+01
5.534563819409919461e+01
5.895698157281509566e+01
5.877270252372367310e+01
5.984131108218824124e+01
6.146953599981719663e+01
6.256538357950633866e+01
5.802337925675676900e+01
5.871325814996724546e+01
6.024434447498698120e+01
6.158757404312405725e+01
5.674483478378390089e+01
5.959157606425598885e+01
6.022370209935162677e+01
6.140258746695776182e+01
5.616866883538499167e+01
5.762434329500899111e+01
5.854442993292254016e+01
5.973165140854905530e+01
6.116778356314863174e+01
6.151722608348321586e+01
6.176166399341710900e+01
5.720893297373714859e+01
5.807445941162163194e+01
5.983251918600484487e+01
5.993382045265362024e+01
5.858991175518606553e+01
6.102974104718669679e+01
6.064525767268506939e+01
5.823151169105675962e+01
5.843936828236748227e+01
6.082800383568672231e+01
5.991355445507869604e+01
5.843960171226903810e+01
5.814618268159990322e+01
6.081728366177618028e+01
5.930084852354186609e+01
6.210864398164660827e+01
6.384065931774014047e+01
5.711352409312363676e+01
6.056498671537994483e+01
6.322907044893200634e+01
6.078567774457580697e+01
6.268442568632210765e+01
6.528702312997886281e+01
6.186728601767826063e+01
6.138017509103760716e+01
5.899002639020103089e+01
6.210476486596205348e+01
6.406531571314464202e+01
5.669150796822167138e+01
6.082973264788814305e+01
6.310922837276446273e+01
6.014859251480183389e+01
6.027495540298721011e+01
6.348532071396378029e+01
6.023211182865499325e+01
6.327702408519039068e+01
6.486723683621673331e+01
6.330061367478820245e+01
5.991651734589237321e+01
6.207616028422972221e+01
6.333239412529007240e+01
6.417549386704682490e+01
5.986939380548957956e+01
6.114809082101194093e+01
6.261647095806979735e+01
6.402441773451549523e+01
5.872159110224065159e+01
6.001321946339614044e+01
6.133894405663509275e+01
6.279913379487045688e+01
5.776373311079083095e+01
5.968369412850230304e+01
6.062747288969775639e+01
6.148083537247848795e+01
6.295222361028051949e+01
6.329457280162500865e+01
6.475026021055913361e+01
5.889686540583256402e+01
6.083051303001507648e+01
6.124365789891415091e+01
6.271182004746821548e+01
6.408104782838699975e+01
6.375969942633687282e+01
6.523348492481655114e+01
5.906951861931813141e+01
6.162298001631091182e+01
6.121547030552684276e+01
6.344502249019694062e+01
6.115838482200757653e+01
6.400721534117340639e+01
6.320522795075172695e+01
6.118338368521374093e+01
6.229932719882354775e+01
6.479117934773537968e+01
6.254026701134622357e+01
6.559372583503603948e+01
6.720087808719986811e+01
6.010960271256055876e+01
6.357385899644641114e+01
6.610464381933736888e+01
6.297852936830773274e+01
6.396857320354417453e+01
6.105192467692289426e+01
6.417703609246240148e+01
6.427472188264975728e+01
6.111338238086720054e+01
6.415826925604211795e+01
6.377510606569075691e+01
6.275908724409850237e+01
6.303689762335092439e+01
6.582517487716302185e+01
6.195193187392278134e+01
6.272277636525240752e+01
6.558680258550670317e+01
6.498408113165477573e+01
6.296340680912337717e+01
6.242674427060187980e+01
6.484203734986714096e+01
6.432886613484845384e+01
6.078287301043661728e+01
6.298501275659077692e+01
6.411548481290279256e+01
6.494752591211900494e+01
5.909755402503624566e+01
6.146450993015167796e+01
6.307013411693944249e+01
6.363889525706010630e+01
5.948016451582398645e+01
6.127830969111240478e+01
6.243396939262083123e+01
6.260195466768536221e+01
6.337347037352791546e+01
6.499601758095016635e+01
6.114505833063414286e+01
6.377868263271505356e+01
6.392415870870421912e+01
6.564608336246490694e+01
6.003301507159659423e+01
6.258234764204897260e+01
6.233151918402410985e+01
6.433370112320763212e+01
5.939778215248586690e+01
6.254797255784623644e+01
6.158526967681316222e+01
6.360169639252350038e+01
6.590693494189572732e+01
6.421671973566795089e+01
6.281298617685854424e+01
6.184097062061216121e+01
6.476170492475758067e+01
6.333214163628800009e+01
6.084802976432295907e+01
6.380994961821945566e+01
6.153757693645068372e+01
6.479049797292678647e+01
6.016888839302745140e+01
6.330042980099941019e+01
6.574785003295679076e+01
6.023882705584940567e+01
6.365193214540963140e+01
6.617215197493413825e+01
6.122605007491088003e+01
6.414736886452118370e+01
6.653821640813784200e+01
6.009469952533965653e+01
6.433309264083976586e+01
6.669001321800824655e+01
6.248657646308909364e+01
6.645414368936218352e+01
5.860698613750836472e+01
6.276708164171731141e+01
6.490205781255070860e+01
5.829582160063546326e+01
6.252338178283352477e+01
6.422627493773265428e+01
6.381939671748606457e+01
6.007733203828193069e+01
6.196886413831743567e+01
6.289742241407839174e+01
6.503027993799970830e+01
6.587619768189308900e+01
6.712912066087379515e+01
6.087155706633115670e+01
6.346528251352095396e+01
6.458851674239309659e+01
6.604725103766739380e+01
6.043617733606283338e+01
6.216391505261251638e+01
6.380971502845295618e+01
6.467390193849611535e+01
5.925035668355373275e+01
6.112475137794836400e+01
6.314528977158461487e+01
6.326401580932613911e+01
6.320122391160327169e+01
6.549549436705051164e+01
6.526336025765930060e+01
6.099271054915345047e+01
6.173835319263240962e+01
6.434038210955183956e+01
6.376877718085659552e+01
6.181096581552078106e+01
6.190957797029237497e+01
6.482574294612219035e+01
6.357279338038313199e+01
6.661635193067372995e+01
6.746419535316167071e+01
6.034319092430242648e+01
6.464142758804081268e+01
6.767816106344284321e+01
6.509111234988237982e+01
6.384974486964136275e+01
6.726787645752811784e+01
6.445604146400756918e+01
6.767455879176023359e+01
5.937196730658642707e+01
6.449495254335532479e+01
6.719252169342260572e+01
6.339678325171576745e+01
6.356223526229177168e+01
6.716185343691292076e+01
6.349555333528716972e+01
6.525144342953242926e+01
6.827122474059794399e+01
6.498111948487500911e+01
6.837397398345252952e+01
6.972427146144907795e+01
6.597643583971115788e+01
6.714313502144436541e+01
6.254175313569972872e+01
6.619540912646566255e+01
6.618374264010107311e+01
6.692674222261476302e+01
6.247333055985784256e+01
6.484932164893679385e+01
6.636640632935146300e+01
6.739595053873303243e+01
6.976512953186878008e+01
6.577846136781886344e+01
6.873678157940064182e+01
6.232639629138902393e+01
6.517822975603861835e+01
6.658274363602718893e+01
6.809539263223874173e+01
7.011004223515584499e+01
7.056349508805067217e+01
6.460392365870541198e+01
6.683367533954040596e+01
6.926472622675397872e+01
6.981910330188601677e+01
6.522104001465717715e+01
6.660178523337316392e+01
6.937076258965134912e+01
6.945285558755310262e+01
6.483845941067033891e+01
6.861072317910439722e+01
6.796422716553988153e+01
7.097879434052049419e+01
6.377417228258374848e+01
6.788579094064624542e+01
6.735808810473872654e+01
7.026694183462848287e+01
7.305120474974738443e+01
7.028283098629718495e+01
6.839376796656887336e+01
7.034691804744097965e+01
7.194396983761082254e+01
6.995382873901479570e+01
6.832389993247990390e+01
7.248511436964558641e+01
6.913955184126002962e+01
7.302602285314800667e+01
6.589556597368240887e+01
7.078797117221127166e+01
7.404947975071627297e+01
6.790729867432833089e+01
7.242296009803413881e+01
7.541016077374342785e+01
6.702522169047161071e+01
7.241912908233500445e+01
7.553172333620473466e+01
6.882286911177732236e+01
7.389375022510465385e+01
7.569332736465906919e+01
7.386635935053855917e+01
7.181508542965771369e+01
7.651593890831378530e+01
7.544800566478657800e+01
7.389789188018488630e+01
7.055060789720182868e+01
7.404137627326514348e+01
7.489837112541290765e+01
7.531811916296990717e+01
6.975729559414720882e+01
7.321969854032158764e+01
7.482587349599383231e+01
7.645259621408152384e+01
7.799785716776970901e+01
7.861970747888027233e+01
7.288464438952348701e+01
7.546907655970642281e+01
7.689005199681196245e+01
7.951776146574965765e+01
7.308263376584147863e+01
7.565906249641454906e+01
7.777092793219556199e+01
7.837880568536927228e+01
7.201393445141890481e+01
7.484710030546995085e+01
7.847121907290117804e+01
7.767629020919255822e+01
8.175388490093943972e+01
7.853304874055250195e+01
7.700262578701402560e+01
7.738176868932140451e+01
8.168337542482495905e+01
7.888427226534230385e+01
7.610716188515198155e+01
7.654135557233720988e+01
8.043643924912025511e+01
7.924274292701093714e+01
7.671572069179872244e+01
7.729461693653570364e+01
8.128133993959178838e+01
7.865174430808025363e+01
8.297454334721668090e+01
8.312466995165364381e+01
8.008259752975875756e+01
7.956417094098404164e+01
7.987734584741393462e+01
8.413184541753115298e+01
7.900203791916865725e+01
8.106549505200264605e+01
8.450307114145080334e+01
7.962634190692213565e+01
8.094705628316826562e+01
8.538117617574356188e+01
8.039839179957277793e+01
8.288729303502471168e+01
7.823639033820424515e+01
8.282823807440247776e+01
8.343887121985167710e+01
7.870627577399270081e+01
8.326427962257334059e+01
8.424594807695319787e+01
8.090691747588823546e+01
8.424793877901284134e+01
8.753524358365019964e+01
8.075120950062570557e+01
8.495600512053738385e+01
8.666917505461746885e+01
8.744963305920376229e+01
8.157611972109664578e+01
8.495671972873040545e+01
8.801841261479221146e+01
8.152780693833344117e+01
8.539869752914749768e+01
8.774653352990523558e+01
8.904207537125994065e+01
8.251745404603440193e+01
8.669822369379461691e+01
8.787189810197855877e+01
8.913842058250725131e+01
8.305186067519308324e+01
8.794164354910931536e+01
8.860364924711080903e+01
8.629525929698577613e+01
8.721927967629481770e+01
9.150376224064643793e+01
8.611645172848307084e+01
9.143804176278655405e+01
8.312489528104008230e+01
8.867370575847068892e+01
8.788264228794720623e+01
8.602036224469223669e+01
8.621676092684727166e+01
9.120189258436455759e+01
8.875353981963372973e+01
8.654263568921507499e+01
8.670609683954764080e+01
9.178576329056041061e+01
8.593844154947137781e+01
9.185217194716470601e+01
9.371178017194520748e+01
8.534901225824170012e+01
9.121877288773103487e+01
9.508116125766774474e+01
8.945880334644404286e+01
9.413856343928914328e+01
9.694823548977743144e+01
8.872488266351041375e+01
9.415578120392528660e+01
8.845514007710205817e+01
9.380734069027469957e+01
9.479777705704962898e+01
9.008660427301560958e+01
9.482663773946885044e+01
9.648476835288913378e+01
9.116488439168037416e+01
9.446612155080335071e+01
9.843638187395474404e+01
9.200590697435775667e+01
9.641037092474505243e+01
9.918622183085133770e+01
9.317392730308155535e+01
9.698767945112379607e+01
9.117120774167399588e+01
9.469709420712308656e+01
9.794049012806324583e+01
9.126029555419745520e+01
9.579050206204564688e+01
9.900252197680840993e+01
9.438734706047043233e+01
9.879287581397447582e+01
1.010808553997133572e+02
9.480368194529269488e+01
9.883991040469017264e+01
1.026592554414283711e+02
1.000536587378596778e+02
9.849169095808417751e+01
9.714179575742376471e+01
9.946571152867132071e+01
1.028062004483079903e+02
9.678017131648317672e+01
9.983386988135191586e+01
1.043869449148841539e+02
9.775725664192505349e+01
1.019552170833830047e+02
1.049191435003494774e+02
9.816796174474393410e+01
1.032770891677703986e+02
9.781787262074234945e+01
1.047249351468858549e+02
1.024758309590907999e+02
1.002335034604599002e+02
1.005829335305022880e+02
1.065597524273657086e+02
9.988287201435275620e+01
1.058486742381019070e+02
1.078689457676992163e+02
1.007328923020586871e+02
1.069509265110627894e+02
1.098223567523106396e+02
1.033834495196899752e+02
1.092527791709663632e+02
1.013563455942930887e+02
1.075842737161911913e+02
1.065658759456209737e+02
1.073398262238113148e+02
1.083200203818057474e+02
1.123161867158097067e+02
1.053342561724576569e+02
1.097458809333826082e+02
1.142263146631013768e+02
1.067239186929075458e+02
1.117915254090581243e+02
1.057999999830144446e+02
1.107288933184652819e+02
1.132496799243175474e+02
1.072090352235937871e+02
1.117631069917942312e+02
1.145599253984393187e+02
1.074423399307050460e+02
1.125163323023208051e+02
1.166878778977334434e+02
1.100683581025570561e+02
1.147606005119057642e+02
1.193633717598571309e+02
1.120170773527700021e+02
1.167441835159947061e+02
1.099012443676907651e+02
1.155614687839968013e+02
1.176543761079337429e+02
1.114257993613434223e+02
1.158504082141780032e+02
1.210749537383456413e+02
1.132159261551742304e+02
1.172664020069397708e+02
1.229786794366136036e+02
1.149490564484053436e+02
1.205555499958873611e+02
1.227616018065806145e+02
1.177489096265228454e+02
1.202270992037002912e+02
1.159984130099355610e+02
1.186813049372306068e+02
1.252358252369474627e+02
1.164808049738425950e+02
1.244238414787887876e+02
1.233530985332404981e+02
1.220059326476731769e+02
1.219453428609502481e+02
1.290497870323330289e+02
1.201796526294602785e+02
1.272187164682696903e+02
1.303127159910309842e+02
1.227258439054428720e+02
1.303986524337241519e+02
1.215798138088538565e+02
1.294398409644517187e+02
1.266795762068018121e+02
1.282761327315155881e+02
1.298059102150129149e+02
1.347048392909645713e+02
1.264612986926063058e+02
1.323826561397432329e+02
1.362120296826761603e+02
1.267744087904548849e+02
1.350217450646761108e+02
1.382867584815517148e+02
1.293434954324864350e+02
1.371071307278179461e+02
1.303630573415837262e+02
1.364542051889710876e+02
1.347672820616276397e+02
1.349489656513278817e+02
1.319307169571499969e+02
1.379829602099971737e+02
1.360163032071432099e+02
1.380016331273739354e+02
1.426463073566586672e+02
1.359899693126057798e+02
1.424415604844139978e+02
1.443971926290413137e+02
1.391569407113797752e+02
1.435896696415830718e+02
1.380690527139628898e+02
1.421827471371681213e+02
1.488958336237654976e+02
1.393683936097157527e+02
1.476675830708572335e+02
1.445788661927994383e+02
1.487400138895451960e+02
1.410029498519621143e+02
1.503148246019871976e+02
