0.000000000000000000e+00
-2.980719244261733181e+01
2.551314086878580412e+01
-2.152196683424704915e+01
1.273368807593912599e+01
-1.493199825621009147e+01
4.404251473223149915e+00
-1.124497940659349027e+01
4.354941496759008324e+00
-3.356971064718208719e+00
3.086256886032527458e+00
-2.803369795922173058e+00
2.824927600327578059e+00
-2.306346549424016068e+00
2.475377295685597279e+00
-1.851883547088688964e+00
2.359951540793163272e+00
-1.434693356880493598e+00
2.364681411077930839e+00
-1.048520740812797669e+00
2.432746659239975351e+00
-7.314106415581151932e-01
3.227531644053122761e+00
-5.240884427523202493e-01
3.537480481768687124e+00
-3.288296242952067905e-01
3.863466108761259843e+00
2.222687781851155897e-01
4.087006907685109880e+00
3.665251153901190051e-01
4.290651893716926679e+00
5.668422831350352631e-01
4.626375679112375572e+00
8.142902267236694636e-01
4.968471972317378693e+00
1.090340198249346360e+00
5.328422444223027910e+00
1.387751054439699816e+00
5.706076495040747432e+00
1.703106953798719791e+00
6.097342687276876561e+00
2.033545124546829896e+00
5.372063652958472879e+00
2.395840697456449231e+00
7.055263610141977892e+00
9.277914359548734780e+00
1.080613860612607624e+01
8.282430952456852680e+00
1.201824888936808300e+01
8.904263900055289227e+00
1.244451628371864160e+01
9.285410628983695958e+00
1.287787093498423729e+01
9.676072363770266804e+00
1.328676249201919646e+01
1.004350710426945881e+01
1.368861673532160772e+01
1.040781353737444981e+01
1.408381910684628302e+01
1.076740487977593475e+01
1.447693330443460269e+01
1.112535698772408388e+01
1.486780925620202964e+01
1.148161420858295756e+01
1.525729493446111817e+01
1.183651272662794618e+01
1.564518972310249367e+01
1.218983674965637576e+01
1.603141335487762476e+01
1.254135027131498070e+01
1.641566616664094980e+01
1.289070915374029447e+01
1.679765034022570802e+01
1.323754736566268342e+01
1.717702577524989138e+01
1.358147607027382620e+01
1.772143352293576868e+01
2.015237949617765878e+01
2.311980881591150094e+01
1.935025168884645907e+01
2.406721132941271435e+01
1.977091800856936388e+01
2.442724794060226756e+01
2.011801878280826728e+01
2.477058390474201133e+01
2.044941139958411469e+01
2.509481041539199708e+01
2.076346350734303314e+01
2.476598037314615297e+01
2.109379656652862778e+01
2.510287872666269848e+01
2.141225613635389635e+01
2.540531742302967899e+01
2.170236719896837130e+01
2.568626353176206223e+01
2.197360563754896745e+01
2.594560218393145590e+01
2.222618234445568319e+01
2.634325006648101208e+01
2.918862064549530899e+01
3.054705794972016619e+01
3.013784178197811414e+01
2.949372092523417166e+01
3.157789169988202715e+01
2.935729587788980410e+01
3.146647407955995135e+01
2.955391182753215062e+01
3.186968529949777462e+01
2.909570683315801887e+01
3.201339257366384317e+01
2.924610418182994565e+01
3.205154224774096861e+01
2.941321586161126334e+01
3.209801971068160498e+01
2.957187966056275386e+01
3.213371397428408471e+01
2.973591558371380472e+01
3.271823355750595397e+01
3.654457653054460309e+01
3.922082808539391863e+01
3.616885507567437230e+01
3.930145518861376530e+01
3.628073896392236009e+01
3.922648876785122241e+01
3.602040868515586425e+01
3.801417258991753556e+01
3.488597746161371305e+01
3.939345930887957081e+01
3.499908831807706378e+01
3.915446110535901880e+01
3.454225419835388777e+01
3.911735667889080759e+01
3.426359196617748637e+01
3.875770972798022029e+01
4.109087576529586983e+01
4.424699908473352394e+01
3.929734701415142695e+01
4.496299536667229546e+01
3.993144069769093107e+01
4.445586705845719422e+01
3.957544974531960946e+01
4.371975649293516852e+01
3.885935627174335849e+01
4.398596396145496357e+01
3.891841590117898875e+01
4.462652351727822975e+01
3.916386493634997379e+01
4.462211174599853791e+01
4.453818482009632618e+01
4.931265399091618207e+01
4.275030012394960011e+01
4.971292568063925899e+01
4.208836686818985839e+01
4.990834457451745010e+01
4.137948722684652836e+01
4.936155640784998866e+01
4.278593811049361761e+01
4.606742072601708315e+01
4.493770618077188317e+01
4.468730259786854475e+01
4.527320946574574378e+01
5.130090670314719148e+01
4.454226097063130396e+01
5.165592363499273176e+01
4.394020031732988940e+01
5.109687147297493937e+01
4.460223320753492970e+01
5.096577402868729934e+01
4.425494662054856576e+01
5.044125930043217920e+01
4.433699902962529649e+01
5.034911784648103605e+01
4.387940070697098349e+01
4.982513578362493689e+01
5.448680067244756486e+01
5.021830865347030937e+01
5.520668467314531114e+01
4.852969083148923346e+01
5.428258640123605971e+01
4.772996036289246291e+01
5.351023250291727607e+01
4.768265171742444863e+01
5.356138219329807981e+01
4.651564605803368835e+01
5.257098653311090430e+01
5.622288105591443497e+01
5.225501489703589186e+01
5.650800988930322433e+01
5.021775429027798765e+01
5.609175942158454120e+01
4.933085982444256956e+01
5.512628470015961568e+01
4.947597591368838721e+01
5.465620838581647689e+01
4.816273886760454559e+01
5.378638116811478653e+01
5.749967482861196544e+01
5.367312659848595757e+01
5.746184728627433458e+01
5.135432546993905589e+01
5.683110310583302294e+01
5.064146677040565692e+01
5.593534154203481989e+01
5.074897797360081597e+01
5.540445905198167509e+01
4.899090196500993954e+01
5.429879687261973231e+01
5.784039421005385151e+01
5.352266732807652261e+01
5.803980169035868641e+01
5.178558872445315586e+01
5.689828562611634766e+01
5.074580772896678127e+01
5.583818715097723384e+01
5.077859554424014732e+01
5.520257804552599623e+01
4.835854712898031948e+01
5.400902283569720197e+01
5.738740825138307855e+01
5.229904061744375099e+01
5.773249345805471222e+01
5.188112765356249412e+01
5.659641531333841158e+01
5.125385657841811593e+01
5.560636012142320794e+01
4.913709730318481661e+01
5.434138346409511655e+01
5.738592035506393785e+01
5.474975699248435745e+01
5.813308835824739162e+01
5.163714446989840212e+01
5.738916101174795870e+01
5.107619842828729162e+01
5.587430189197080210e+01
4.900256167300916843e+01
5.475790672245273782e+01
5.622243990365107180e+01
5.911860948671194649e+01
5.345743690422301597e+01
5.751495971597998391e+01
5.205489015862679736e+01
5.601017712608999943e+01
5.071704209786964412e+01
5.452169033549583332e+01
4.888187113297065167e+01
5.296129868870266222e+01
5.508482673119881667e+01
5.660995351230800310e+01
5.305257760909591269e+01
5.501169524678177680e+01
5.178645304890586942e+01
5.385268015566252586e+01
5.041436140981338809e+01
5.243284735365359239e+01
4.878836179547537455e+01
5.180634678918588065e+01
5.310517390815484617e+01
5.505559791056975882e+01
5.098728263977002229e+01
5.380687739004582681e+01
4.935455266092177595e+01
5.215085699905490912e+01
4.773443128306654160e+01
5.029070045319229365e+01
5.269486859147207269e+01
5.436374009840942279e+01
5.154838210873417381e+01
5.402264111871502905e+01
4.838934727812434744e+01
5.202261610964332306e+01
4.694062603333640027e+01
5.001459571717057173e+01
5.180805443973471114e+01
5.363318861579976726e+01
4.881912737227614230e+01
5.167169871640171408e+01
4.691186396096995992e+01
4.994329192927427385e+01
4.580234661689121367e+01
4.839817390553849208e+01
5.051273372619244384e+01
5.186048907869130176e+01
4.950267446014628092e+01
5.118622470292538651e+01
4.582146571093594645e+01
4.874080967747904936e+01
4.556847293014100586e+01
4.732462816200359867e+01
4.979838711152374486e+01
5.052818881502153658e+01
4.869313915664752557e+01
4.959297859652156859e+01
4.601781081224235237e+01
4.740089190396273722e+01
4.502994850549674766e+01
4.611192493395253678e+01
4.915480694203746737e+01
4.903061398058221698e+01
4.695786637213287662e+01
4.730253634873037782e+01
4.609905707437962974e+01
4.630449602041329626e+01
4.367989891836237604e+01
4.408519790575294195e+01
4.760790484534738454e+01
4.682050358467695617e+01
4.616230201851522708e+01
4.583705328013244440e+01
4.411942746516223224e+01
4.382912673440257123e+01
4.350351524260708658e+01
4.297581241240497008e+01
4.671787943607013460e+01
4.602551552688345282e+01
4.436196844103076131e+01
4.355676172256475098e+01
4.473505611170505603e+01
4.303314455896816781e+01
4.147840411856997633e+01
4.059911763348467417e+01
4.456763502130558408e+01
4.495372828397805165e+01
4.172638508026878412e+01
4.104453847314190540e+01
4.302367469633269792e+01
3.978860299863229955e+01
4.076282335459423933e+01
4.376897227640374410e+01
4.263197111853802568e+01
4.257909554289702925e+01
4.073162418021508557e+01
4.161327101181210963e+01
3.956779934188579517e+01
3.892581791467353014e+01
4.227566158372631833e+01
4.062120572495413029e+01
4.422912318797049380e+01
3.684821368994671786e+01
4.123969430310888384e+01
3.745559266938817444e+01
3.952657578329726817e+01
4.244053321019843139e+01
4.096381392401422517e+01
4.219090632074681935e+01
3.893821018429995462e+01
3.909324609614465373e+01
3.660299253647178119e+01
3.800950882444640655e+01
3.491485758905380266e+01
3.826040597292143275e+01
3.768310507430005885e+01
4.032720261771205372e+01
3.293405461875697426e+01
3.843441366412052673e+01
3.084710769749826298e+01
3.630923589372801530e+01
3.874661193051673536e+01
3.778273374643494975e+01
3.657515176649856414e+01
3.867584492655307571e+01
3.168093311081814534e+01
3.629980396846260504e+01
3.869253885408663507e+01
3.787011585389573298e+01
3.681810054646093988e+01
3.746699458854625675e+01
3.336131892685310163e+01
3.482604102105203481e+01
3.116188399795819919e+01
3.397600437918961802e+01
3.495713920682630516e+01
3.743914060674300970e+01
3.183517325561632205e+01
3.495485604844287764e+01
2.961103049577681645e+01
3.288231433649724522e+01
3.420702732159008974e+01
3.606397320193683242e+01
3.347460913989716857e+01
3.565052372857503116e+01
3.078757095859129578e+01
3.309427285996989809e+01
2.857097990124518816e+01
3.084450826282854763e+01
3.231915830790263300e+01
3.397181156981783090e+01
3.218042427166341923e+01
3.386242255527069034e+01
2.917364158761555615e+01
3.132832578528648426e+01
3.322809964622342704e+01
3.443146565833249184e+01
3.080649881050050709e+01
3.278475998849798145e+01
2.882771715561985104e+01
3.070726857800506338e+01
3.298993634918921458e+01
3.373463749418520052e+01
3.317812190146928941e+01
3.356727166909356441e+01
2.954763937568976218e+01
3.097319459701262190e+01
3.382025998672059330e+01
3.382383370106737885e+01
3.229512329827985440e+01
3.271411328025241971e+01
3.049849181961423383e+01
3.096148737077024649e+01
2.858039519612619372e+01
3.100883993646864667e+01
3.104697329202501166e+01
3.441056906324482867e+01
2.766227056687395347e+01
3.244162707797423906e+01
2.683177513015357007e+01
3.150706060280121790e+01
3.115389666825457127e+01
3.472128825732028901e+01
2.679868980857159855e+01
3.259831876844977216e+01
2.672504340616037766e+01
3.175104967689268065e+01
3.354587487981655869e+01
3.203064612700107716e+01
3.149700970318560778e+01
3.079185162875432269e+01
2.989929520297109988e+01
3.304754427619889867e+01
3.226474119981223510e+01
3.521430222897954110e+01
3.007152028985908032e+01
3.323930118478170925e+01
2.894496870778891662e+01
3.216329218929783451e+01
3.518703527443353352e+01
3.204200054677156118e+01
3.301810942674017468e+01
3.142203762716224702e+01
3.095481440447761301e+01
2.946470048942722286e+01
3.270225819872118223e+01
3.535887800704091433e+01
2.931795326076495556e+01
3.320366518912828724e+01
2.841095475859757613e+01
3.268093530476691910e+01
3.562751267461183602e+01
3.260358161536516519e+01
3.489938963509455050e+01
3.134275342394845509e+01
3.370563268157421533e+01
3.702100420165860584e+01
3.450798088923641416e+01
3.606735669537690825e+01
3.090697239342097191e+01
3.502714890191765562e+01
2.932655850026597122e+01
3.320308194551836323e+01
3.572107939536674337e+01
3.582769750507033990e+01
3.272254096855591143e+01
3.536830899134868389e+01
3.125789565511522028e+01
3.325030740279677843e+01
3.559019196130056173e+01
3.672170603121374199e+01
3.327021031211834412e+01
3.530673517459334931e+01
3.149298695906137979e+01
3.402213742696544330e+01
3.678425114996619527e+01
3.691014532620026500e+01
3.489030049353133478e+01
3.708947939101544478e+01
3.245601444172401528e+01
3.473638828237024967e+01
3.717660917217444450e+01
3.848180587503403416e+01
3.430672409969921688e+01
3.733064132589748141e+01
3.892915123374415032e+01
4.066738024618804559e+01
3.744126750584188557e+01
4.046868927818948691e+01
3.455378097082836319e+01
3.788657302284288875e+01
3.952751400155834460e+01
4.170255933337619325e+01
3.764395253182512846e+01
4.089541561394487701e+01
3.473753781243033956e+01
3.861367853415937645e+01
3.978214476622813578e+01
4.232253653926051840e+01
3.886059585658776427e+01
4.224372879556899107e+01
3.500091367215540572e+01
4.001825139369636730e+01
4.070878988067786253e+01
4.359727098374910526e+01
3.787515152247208050e+01
4.241838852317681585e+01
3.757615135902612735e+01
4.078184639699249203e+01
4.091691041393152517e+01
4.409590286156705474e+01
3.868165688272582514e+01
4.333887863473056967e+01
3.782660597389492807e+01
4.140333174805113003e+01
4.208548316477049411e+01
4.541423482235284581e+01
3.993762796409784244e+01
4.400231921973581706e+01
4.553577056522108535e+01
4.527409365581603140e+01
4.429772449819674307e+01
4.377197689837046823e+01
4.322224269644750194e+01
4.260030326788280064e+01
4.652619321383097173e+01
4.650041936044046764e+01
4.486390189439771348e+01
4.491398334270920145e+01
4.377204895980507615e+01
4.773863052890172298e+01
4.726654699148142669e+01
4.619449689051718622e+01
4.592814350324441364e+01
4.450055622164658331e+01
4.530686218684154909e+01
4.966580522856345681e+01
4.644665916365008229e+01
4.754628210102255537e+01
4.605114641800848574e+01
4.590281466250860376e+01
4.907375071150272561e+01
5.003220799853620093e+01
4.748489371076377807e+01
4.850531859776519639e+01
4.589424105460162195e+01
4.910314783054425192e+01
5.064306309675494333e+01
5.075511862556282239e+01
4.694963167924045422e+01
5.081693691882279751e+01
5.264935282498201019e+01
5.343298834697240096e+01
4.993608663455596997e+01
5.118583674790544080e+01
4.781918370710909016e+01
4.945796159321546526e+01
5.267270929655769862e+01
5.283101864180787288e+01
5.031173993686119417e+01
5.225102297688358277e+01
4.807120952889839316e+01
5.015860267230784331e+01
5.290171502859324448e+01
5.344559119779567169e+01
4.980099971444760598e+01
5.226435746418960093e+01
5.384667643287527028e+01
5.591044561897862053e+01
5.020066719975140046e+01
5.393475140705515969e+01
4.954344580464856307e+01
5.209083438538333866e+01
5.403675029065580304e+01
5.549834938004953955e+01
5.189390639046046516e+01
5.450808901848306220e+01
4.983954165730548880e+01
5.224924525268544784e+01
5.456169378805200409e+01
5.597132185862950138e+01
5.094396129088996616e+01
5.369888256558407136e+01
5.599455812035603941e+01
5.695623253807350039e+01
5.499312496815186080e+01
5.607112629905442702e+01
5.095411949885937730e+01
5.351683714019092974e+01
5.622585879091654704e+01
5.654496425680804350e+01
5.474222658937546271e+01
5.573644188586782633e+01
5.879586363817281125e+01
5.851190970132464031e+01
5.549660505750895112e+01
5.639941766472230711e+01
5.497846955501648125e+01
5.565315538807716678e+01
5.892586490545600952e+01
5.805367432555681972e+01
5.570908528510061331e+01
5.593139060621426495e+01
5.927002276240309442e+01
6.080139146466612488e+01
5.713846569613621540e+01
6.050689090325006703e+01
5.393307555276399512e+01
5.816935821148754826e+01
6.134632065480252550e+01
5.926717984551223850e+01
5.876266870378196927e+01
5.751283528176164594e+01
6.114410475550855750e+01
6.332285339443217964e+01
5.570007154568639152e+01
6.129995425627630112e+01
5.560279991700969049e+01
6.010888129004577962e+01
6.298379103597049777e+01
5.768884578915965022e+01
6.202577364695201112e+01
5.394836859637950965e+01
5.954229304647293475e+01
6.237100778297080694e+01
5.892883252783188652e+01
6.165444289445466097e+01
5.452868500547695163e+01
5.981422885054659844e+01
6.150778856348446766e+01
6.371986633194521232e+01
5.737281933659507160e+01
6.124885187832444444e+01
6.363156546469793540e+01
6.327121032982996951e+01
5.983783390539176139e+01
6.161174340322209986e+01
5.793041894875634057e+01
6.071949852091347566e+01
6.159777874937797293e+01
6.347093903941134130e+01
5.628255188189961444e+01
6.080035087462769638e+01
6.268999856539770121e+01
6.391661222465441483e+01
5.965650946464898396e+01
6.219763462115083286e+01
5.658855174266535926e+01
5.918318864471224572e+01
6.059905771038982181e+01
6.261062041688907698e+01
5.674985755267135090e+01
6.010743243197240560e+01
6.121879259238102122e+01
6.295612227993892418e+01
5.956713043428826637e+01
6.127070857632043044e+01
6.286654634838323830e+01
6.412323462733087354e+01
5.965185667439546791e+01
6.175688669509330708e+01
5.724330943942953809e+01
6.054731441612938880e+01
6.098238309791758383e+01
6.318968574038960639e+01
6.026374670296245029e+01
6.200100541150452926e+01
6.229240778488025398e+01
6.476849063966372455e+01
5.959482422133968527e+01
6.256178866184307452e+01
5.702927248636389379e+01
6.016553569787664912e+01
6.014058496716036473e+01
6.275257549558735803e+01
5.963701464518452866e+01
6.075993121784615880e+01
6.137706254096561764e+01
6.387947534205286360e+01
5.907030822005686588e+01
6.179267245274911602e+01
5.579371788373366314e+01
5.941533409515771069e+01
6.052953266024873358e+01
5.975698098650507717e+01
5.807522947255988299e+01
6.165775582783491160e+01
5.939645441331104081e+01
6.299757652926651730e+01
5.870437685046603349e+01
6.147207835010407706e+01
6.423453910374682607e+01
6.020269307236434742e+01
6.186976890187062139e+01
5.863983873236998079e+01
5.818570583464730106e+01
6.171944105037024997e+01
5.847233568802804626e+01
6.184326056273598482e+01
5.553663682792386425e+01
5.895055106201920125e+01
6.148685833979716620e+01
5.815852640693773878e+01
5.876241085101329986e+01
5.578241783444814672e+01
5.914037670803568858e+01
5.943136467135150269e+01
6.013740684649276602e+01
5.383965913444622942e+01
5.717551598520053346e+01
5.940837947639487737e+01
6.132384921208496564e+01
5.532977457839271551e+01
5.846850394141841889e+01
5.367395414280800736e+01
5.632085219021087852e+01
5.709635573689632793e+01
5.894211663683154256e+01
5.305829395284818162e+01
5.608107295688181893e+01
5.781268712790723185e+01
5.843499974975080846e+01
5.392613825210409573e+01
5.526896192268406338e+01
5.711071960567438310e+01
5.847501202377034701e+01
5.410808049978638934e+01
5.571090782415142684e+01
5.257437996003539382e+01
5.441573155016157415e+01
5.569562054190726030e+01
5.678326974274074246e+01
5.227165919576545861e+01
5.401805724447751089e+01
5.489665385063513980e+01
5.657467777478274940e+01
5.247386894944114033e+01
5.460459220239604861e+01
5.512723230459376111e+01
5.733521863414292596e+01
5.271384282320846637e+01
5.465892050699055460e+01
5.610717409171812875e+01
5.575583259166571537e+01
5.338974217056977523e+01
5.368620974826595926e+01
5.021911929941582287e+01
5.114101488956110586e+01
5.353298583993925064e+01
5.286896869088263884e+01
5.349183534513937843e+01
5.460713724419277781e+01
5.430608561132753920e+01
5.335215708618798658e+01
5.247831478495142221e+01
4.998420932620987145e+01
5.310441109546123784e+01
5.128176945593848046e+01
5.430225069990265752e+01
4.879058407627493210e+01
5.230861180624728490e+01
5.450615799702945452e+01
5.182400268794658160e+01
5.097956788957206697e+01
4.917499974334762669e+01
5.232868182161910653e+01
5.457694635777509973e+01
4.754451574619879750e+01
5.160492592706986414e+01
5.408234613455665851e+01
5.135103034106198550e+01
5.172272214022660108e+01
4.915519418890141168e+01
4.859185167046143050e+01
5.196356404966913800e+01
4.957138751095965290e+01
5.178809734865694736e+01
4.748474182329221804e+01
4.814809151890919026e+01
5.040728137464571290e+01
5.240331968732042611e+01
4.531150971551887352e+01
4.949600062926376864e+01
5.150604430708904857e+01
5.150821313023962489e+01
4.744169765048497567e+01
4.878230255429293294e+01
5.085531310269401217e+01
5.197892156640855177e+01
4.625394443298336000e+01
4.944882118343274158e+01
4.267661896416403522e+01
4.627997672178528887e+01
4.775161208469200602e+01
4.852277042652260519e+01
4.575118342263065330e+01
4.787463064299015514e+01
4.867409382287153363e+01
4.986126239648683622e+01
4.500748063641668750e+01
4.661229622315882892e+01
4.763132923873923374e+01
4.908797866699431722e+01
4.692419514340602404e+01
4.701151466816045144e+01
4.812814600736459170e+01
4.970613655536596553e+01
4.750902215562092579e+01
4.701776308038575536e+01
4.289159525272346229e+01
4.551479162169870563e+01
4.601595736881534293e+01
4.788326743526128837e+01
4.378157815353917215e+01
4.660052531331981385e+01
4.663276109310740480e+01
4.879198526409530245e+01
4.291087740349973245e+01
4.638607823680224840e+01
4.603681126933285128e+01
4.854747497160787617e+01
4.496864397454032769e+01
4.720717742132342210e+01
4.755480185118398140e+01
5.002088192687291013e+01
4.151537267056411196e+01
4.668078173722647506e+01
4.773694597294001341e+01
4.688695875057336337e+01
4.747355161251515909e+01
4.593791002280261893e+01
4.331258594846116949e+01
4.707072614927960785e+01
4.476996407865351557e+01
4.806854434654423613e+01
4.217314901949774963e+01
4.554400181787524815e+01
4.810573192550889132e+01
4.525615475252630659e+01
4.557888753888429534e+01
4.905413047972692908e+01
4.616092034690737478e+01
4.724963243616277708e+01
4.477218216409804086e+01
4.389156119481717155e+01
4.760093411170878142e+01
4.594555477180787051e+01
4.809196842376606895e+01
4.250804570930392856e+01
4.521346253451148556e+01
4.755272920811211179e+01
4.832095044276699269e+01
4.279067165386766192e+01
4.660454050305595786e+01
4.733892996993882463e+01
4.963804713282475234e+01
4.144598533858555811e+01
4.653230806943204101e+01
4.845807440759678997e+01
4.857938580433074804e+01
4.444493219915294446e+01
4.702394671268353221e+01
4.849060157995302234e+01
4.912027724210661717e+01
4.558718536191506843e+01
4.805906909549258899e+01
4.914454513921458556e+01
5.022573793130752051e+01
4.590542068021637334e+01
4.823032715319108377e+01
4.917151109450637847e+01
5.074778806979435331e+01
4.705481199255838476e+01
4.949944590618358120e+01
4.370283363614687744e+01
4.616983643997502895e+01
4.737528244005312672e+01
4.901229277775346560e+01
4.606161504900688897e+01
4.874073286735025334e+01
4.931745329266992428e+01
5.006876855806714843e+01
4.670391624084570736e+01
4.971322541619223756e+01
4.976582604983999403e+01
5.120455342321950098e+01
4.683382473186226491e+01
5.018218542649792369e+01
4.976730183246952777e+01
5.225290134643965700e+01
4.631047018673641702e+01
5.005104497379765149e+01
5.016239853950899175e+01
5.299463974718227632e+01
4.761580217472036480e+01
5.113305318213602391e+01
5.208497614047543323e+01
5.156881612317590680e+01
4.924705896049511011e+01
4.846606821415088007e+01
5.192804597547078060e+01
5.260081268060485371e+01
4.900387180320208103e+01
5.120969335469118278e+01
4.811627372112920398e+01
5.175172351777476365e+01
5.375968183207631057e+01
4.625233784312980845e+01
5.120410327188687916e+01
5.386922648319414009e+01
5.089714961124560233e+01
5.101410267946501875e+01
4.858472942054655874e+01
5.218004473782769992e+01
5.229370226615623096e+01
5.313703938614058586e+01
4.871312757307543961e+01
5.148277731057299178e+01
5.387029129927850590e+01
5.388545796099618457e+01
5.018292857179860533e+01
5.269154722570169014e+01
5.304068198371277276e+01
5.508626341012463001e+01
4.918548744208319334e+01
5.256035991980095190e+01
5.411336581354709807e+01
5.518864195160493580e+01
5.128313877525710751e+01
5.223150069755771341e+01
5.457972717297325005e+01
5.596625331068568698e+01
5.084967496611676552e+01
5.242116219725643589e+01
5.450063789257959002e+01
5.545869675885087702e+01
5.328444216841251091e+01
5.448229998265880880e+01
5.602389031723120638e+01
5.696148839900969563e+01
5.279055406071218215e+01
5.474694209700373904e+01
5.635929336196125661e+01
5.719875680631984238e+01
5.256421422865349768e+01
5.427443377869386154e+01
5.621741332837510896e+01
5.668386598026397394e+01
5.656301765443890872e+01
5.397725640776190659e+01
5.685103294219813819e+01
5.688083269845159862e+01
5.512484246857253822e+01
5.543327772127903330e+01
5.790002129417761267e+01
5.742593270631207503e+01
5.530018134564873833e+01
5.520053235761179167e+01
5.310777043339804493e+01
5.350552819553836770e+01
5.634234309493979254e+01
5.510692486700916248e+01
5.412626531711657663e+01
5.674403987520238957e+01
5.482731957256051203e+01
5.789993159980947723e+01
5.317919250562952982e+01
5.632014517941513532e+01
5.866170518448938509e+01
5.573407453341659590e+01
5.501466149881292722e+01
5.844671381252738485e+01
5.565724924351373204e+01
5.902475085813909317e+01
5.280125466892418018e+01
5.621301128960882920e+01
5.879276756385955593e+01
5.548683597040044901e+01
5.562820068549854824e+01
5.888859164083006448e+01
5.811667319123041864e+01
5.934713547260815147e+01
5.411032177193432346e+01
5.760349644179111550e+01
5.948575102476765153e+01
5.342905352789897933e+01
5.739411985205601496e+01
5.405642092338574400e+01
5.609531696750872953e+01
5.643087998713928499e+01
5.826661378142340908e+01
5.308975702805599184e+01
5.569788779078859875e+01
5.725159819972591890e+01
5.776633544264660713e+01
5.141424936030676207e+01
5.503447552331401482e+01
5.658292058226886212e+01
5.741551532140150726e+01
5.357808994538734026e+01
5.550625812446276086e+01
5.704858770759545195e+01
5.789239060034790896e+01
5.251319765741590828e+01
5.510209553202130195e+01
5.634693996526642934e+01
5.741633844122172547e+01
5.431620265002993619e+01
5.565707904068257506e+01
5.712719358786668522e+01
5.779546749314187792e+01
5.384088923380235769e+01
5.649178212959947842e+01
5.672666459953305207e+01
5.849365542988183364e+01
5.441620693545831244e+01
5.727544463779708650e+01
5.703918532185576851e+01
5.898527594266929697e+01
5.452721480510631835e+01
5.765285683929639760e+01
5.692070087389851096e+01
5.950484910643497471e+01
5.395574101898870367e+01
5.660812519287614464e+01
5.597806349745277288e+01
5.865619107389893117e+01
5.586396797899826794e+01
5.525380020471580167e+01
5.784067570520826962e+01
5.595339182075564821e+01
5.751053262477818606e+01
5.350103324206068578e+01
5.650950536633308019e+01
5.857389366826137689e+01
5.439100476314954591e+01
5.720517214929910210e+01
5.966418360935939802e+01
5.581974143737274119e+01
5.741718747249790056e+01
5.247373386434440334e+01
5.602914158763324082e+01
5.835922452380185632e+01
5.229529039761814602e+01
5.602701256630668780e+01
5.832725273229549856e+01
5.572642429467666148e+01
5.603112750495618855e+01
5.914775231828385671e+01
5.879079522543402447e+01
5.668085837760422407e+01
5.664871332181367336e+01
5.326504552381111779e+01
5.534447619829685294e+01
5.724995856559038998e+01
5.350357722329152921e+01
5.567625481268280652e+01
5.739715725904974164e+01
5.795313402530157276e+01
5.347478231452531361e+01
5.554953366835719919e+01
5.687043279601370926e+01
5.768843335916310622e+01
5.349672542212319826e+01
5.498491355616044274e+01
5.646875940864021004e+01
5.726176627187901857e+01
5.411329865657539528e+01
5.585966804569077482e+01
5.743143387897135455e+01
5.730648510644310534e+01
5.411891304663868141e+01
5.520814403401541171e+01
5.678129514150190005e+01
5.754809807245231923e+01
5.267902967914387347e+01
5.406660384040470291e+01
5.570173643059258950e+01
5.611473772040479702e+01
5.576737375151174803e+01
5.193546446779751591e+01
5.504316528053307422e+01
5.502167044514684591e+01
5.694324945200273902e+01
5.146015332168560263e+01
5.441462361911070644e+01
5.396984881917873622e+01
5.643962737126917517e+01
5.295206864186793894e+01
5.590740622389873948e+01
5.540177784941195682e+01
5.594042124674141547e+01
5.716941466357294388e+01
5.715470192448617581e+01
5.870227684171324256e+01
5.085008475454152688e+01
5.526405498297268792e+01
5.779370554224333745e+01
5.539814350290729550e+01
5.728180903975653138e+01
5.052093487299762131e+01
5.511561880998311835e+01
5.730302567891634169e+01
5.408518955840538212e+01
5.410886159036457599e+01
5.732649877784142944e+01
5.439008173192605256e+01
5.672535674498589486e+01
5.927200626626033397e+01
5.646877013688422409e+01
5.843248099614465474e+01
5.313929489423595953e+01
5.632900151766759222e+01
5.848016207011836087e+01
5.325525359269893499e+01
5.647887076434500386e+01
5.771295570976528211e+01
5.994945616903022056e+01
5.164084431987181745e+01
5.612263611938480068e+01
5.804726814472835628e+01
5.923313953599648585e+01
5.479782042184178437e+01
5.579822069199055790e+01
5.758763099271703823e+01
5.902507524315166165e+01
5.358042538618005324e+01
5.646334849051700644e+01
5.772859034639191123e+01
5.925469626834158987e+01
5.407056209907797495e+01
5.581723510474016337e+01
5.685141227940329145e+01
5.858095614332336254e+01
5.404085641636424953e+01
5.617567406481371250e+01
5.706008545835916834e+01
5.878822566835212626e+01
5.731496628211508693e+01
5.440517753225301334e+01
5.716453942264031696e+01
5.747466057800239980e+01
5.853251445619167725e+01
5.257755172722868764e+01
5.567029726534871514e+01
5.585113399715682903e+01
5.809438479906314967e+01
5.530853642465003617e+01
5.814294499184553189e+01
5.747194550761303589e+01
5.725094784669170167e+01
5.653839785228045400e+01
5.936453110312396575e+01
5.833352487083249116e+01
5.526846184401689044e+01
5.493984608143257731e+01
5.786416388163373625e+01
5.882148601060557525e+01
5.677509515053193923e+01
5.636843317741723780e+01
5.951974728520273317e+01
5.704748188769388406e+01
5.978712895848497766e+01
5.213957638336306388e+01
5.678374670200829399e+01
5.918111997482286313e+01
5.613940561099018822e+01
5.674602896094495463e+01
5.988958035560337123e+01
5.673824812519195149e+01
5.831357894074562154e+01
6.122610865332357832e+01
5.979338513402706923e+01
5.911070943832538660e+01
5.612932636592118740e+01
5.941471678304547765e+01
5.981058672139420196e+01
5.736310718765729888e+01
5.780851354823207089e+01
6.001537394978866757e+01
6.200808319882908393e+01
5.699279071326066770e+01
5.925179712040723246e+01
6.087874822429568411e+01
6.200030455858579614e+01
5.758621998190741920e+01
5.839700932637578745e+01
6.024321879681451009e+01
6.161975873985915086e+01
5.557061196814593984e+01
5.847956701345641051e+01
5.965281793545245392e+01
6.124812109865417398e+01
5.605178810923385413e+01
5.761291121024195405e+01
5.867325286215229596e+01
6.014956203904390009e+01
5.846106613616969128e+01
6.074476786040439436e+01
6.133227525407091463e+01
5.993765412770947165e+01
6.021453156881192115e+01
5.481577184277111314e+01
5.728263172068615461e+01
5.762008186083281913e+01
5.944893749323458110e+01
5.965736207316024320e+01
6.178242302295715405e+01
6.083630069435550070e+01
5.645566501489678757e+01
5.736019746566448418e+01
5.977110975908123436e+01
5.903583414174541844e+01
5.829855488858007817e+01
5.800181761409812964e+01
6.058555345110315216e+01
5.931974596067525596e+01
5.669303484815522864e+01
5.760263584101055301e+01
6.033626618738938419e+01
5.840551801599021786e+01
5.992933808221236802e+01
6.164607095128270231e+01
5.907185592998520463e+01
5.946783205591821542e+01
5.729621245766703908e+01
6.039783295277457853e+01
6.201269550784975593e+01
5.595430090488270025e+01
5.957840911320642618e+01
6.197117797096625935e+01
5.847362284693407730e+01
5.851512924423939666e+01
6.155918970499917009e+01
6.053950268606622132e+01
6.220306779062059377e+01
5.568834024871255650e+01
5.906547329509311339e+01
6.133542010245137277e+01
5.730585529978877446e+01
5.926958953150418097e+01
6.149484543843838225e+01
6.047515876158391279e+01
5.727608484921907461e+01
5.944056219184118817e+01
6.105460726013480866e+01
6.161361008042484144e+01
5.718810200249613018e+01
5.910775922919744119e+01
6.029841054317603266e+01
6.102469980944388794e+01
5.657106022863314365e+01
5.816333312797602417e+01
5.966712313539804313e+01
6.055101094653747396e+01
5.585380163988849489e+01
5.700515907637258550e+01
5.797976406404236371e+01
5.940710825877062717e+01
5.601606987367290458e+01
5.807953775910204541e+01
5.863016123816641567e+01
6.008091611564495338e+01
5.564347475702437151e+01
5.791020321384922198e+01
5.802007846066248931e+01
5.950590049855310326e+01
5.386307852042384781e+01
5.611178836150476457e+01
5.595965652929970702e+01
5.818133316736475535e+01
5.717038845995702445e+01
5.969357639528594461e+01
5.867753760215667569e+01
5.568620669665705236e+01
5.573813370222526942e+01
5.819944101543342185e+01
5.776277082784493189e+01
5.932477899767790319e+01
5.342601028727923307e+01
5.623092140080003531e+01
5.664972870918810344e+01
5.652193896752373803e+01
5.921835541068483622e+01
5.950152737412078352e+01
5.553776822688787718e+01
5.921361987989411091e+01
6.143546199845833655e+01
5.757937976423252735e+01
5.895924536279527928e+01
5.481059507945273879e+01
5.762449971335534116e+01
5.975151079840575363e+01
5.294230430269925591e+01
5.664273454181467571e+01
5.886145098298282363e+01
5.691935535486170039e+01
5.660271710116175825e+01
5.354319248130945397e+01
5.636689009031663034e+01
5.802022564606928512e+01
5.082928575610358735e+01
5.534197965265687458e+01
5.646528015198589401e+01
5.830708324330559122e+01
5.087624412928053630e+01
5.458464123763290132e+01
5.627386994708004408e+01
5.683622319198060069e+01
5.260751856627108936e+01
5.456760543601393465e+01
5.529273204303609646e+01
5.660317762056851620e+01
5.229447885127652995e+01
5.468710518056068537e+01
5.571640910978116068e+01
5.695651132589865284e+01
5.803216432952389425e+01
5.908085250062114113e+01
5.377662093686193145e+01
5.522786518664049993e+01
5.634225983149364225e+01
5.698655582965497501e+01
5.751669678103660033e+01
5.262589477835514629e+01
5.393188070521259192e+01
5.553522386501232688e+01
5.561872482391759576e+01
5.326078540743228018e+01
5.387221389339483579e+01
5.589442975670282721e+01
5.556665062508554342e+01
5.239248720704223672e+01
5.311353531790347660e+01
5.539477742612928779e+01
5.458526270218551701e+01
5.412645594854073750e+01
5.392289961772528528e+01
5.642769170403196455e+01
5.490214806128383174e+01
5.752594571743538410e+01
5.954082523590682285e+01
5.172302527983443099e+01
5.586691639432430634e+01
5.833701033999678742e+01
5.589658865441619895e+01
5.809765591182855360e+01
5.026413898095803034e+01
5.501998724649106265e+01
5.711299769138763338e+01
5.415047958597188682e+01
5.496139165006921701e+01
5.781893444771693424e+01
5.474909726707812041e+01
5.537962312527830733e+01
5.827549513315640439e+01
5.743867830066735536e+01
5.664856797661536802e+01
5.342815153817868179e+01
5.670236704268197769e+01
5.585244218848961850e+01
5.594814359355780198e+01
5.439923493802674415e+01
5.643171361214933057e+01
5.716798125866996827e+01
5.403524450494926157e+01
5.479127173530898887e+01
5.668777284796420446e+01
5.836679461733292129e+01
5.154489637376003230e+01
5.514501977541470268e+01
5.665042733598541957e+01
5.757631915975554904e+01
5.285320811229534144e+01
5.513584169176682082e+01
5.575210189450976372e+01
5.695884247881685525e+01
5.528136002704591334e+01
5.692349294536668936e+01
5.813689190735697565e+01
5.639565963379326519e+01
5.391175688575076919e+01
5.604362759506661007e+01
5.641764605902657337e+01
5.806888614630889833e+01
5.232847216879139296e+01
5.482607664593050600e+01
5.520837181361893897e+01
5.684070448601691083e+01
5.836011253409753863e+01
5.805807048715991669e+01
5.859950522526659711e+01
5.688833943267415805e+01
5.933960604983445108e+01
5.849706084167838327e+01
5.607570475351043626e+01
5.598256529467398224e+01
5.875043019918911114e+01
5.749207380192985539e+01
5.728713437338436165e+01
5.608785974212023007e+01
5.896116940005018137e+01
5.976663833349717692e+01
5.289023180980173322e+01
5.741834947273612499e+01
5.986200380583057523e+01
5.747089605180886451e+01
5.844639330859546789e+01
6.136474580641021248e+01
5.836379996700507178e+01
5.938776032404571481e+01
5.659817441614122657e+01
5.975469894912626501e+01
5.917651507604576011e+01
5.650658018982925057e+01
5.713746453988369467e+01
6.014230935064782813e+01
5.867000326299991286e+01
5.984066785424860058e+01
5.507414841359912572e+01
5.871158817445381572e+01
5.879196303935939483e+01
5.624021213789978191e+01
5.852755051778331818e+01
5.949132296091212879e+01
6.055327136868417881e+01
5.319095415285038797e+01
5.712042800140318377e+01
5.896524108168146228e+01
6.032162032793412720e+01
5.524990079464523518e+01
5.678212038569092357e+01
5.845105293797586654e+01
5.962274172560449870e+01
6.082902863248963854e+01
6.209212848489192282e+01
5.804534851415302654e+01
6.001320920314495311e+01
6.090651853969478680e+01
6.251885336662767401e+01
5.728150080584286741e+01
5.905251135743961299e+01
5.974408475533279983e+01
6.132023888427666947e+01
6.087312123165606437e+01
5.531129765328611825e+01
5.804127741434687948e+01
5.829169913988884844e+01
6.013091671834250462e+01
5.824663068090215035e+01
6.079679401539691952e+01
6.061245734845166311e+01
5.911059070661816151e+01
6.020840596224597618e+01
6.228615652103796663e+01
6.094711778613327624e+01
5.716643616169350395e+01
5.751363257369587956e+01
6.007842294797571725e+01
5.886349628400886047e+01
6.172480610805473589e+01
6.353695202095336469e+01
5.936909916547642041e+01
6.229510746387612130e+01
6.467349034149641795e+01
6.182365252052378679e+01
6.049449934265754791e+01
5.856071030727805038e+01
6.174388144656776944e+01
6.358272874469253821e+01
5.720441124573582670e+01
6.079757227278854259e+01
6.319087324725118293e+01
5.987897345465751897e+01
5.985497328481097412e+01
5.700590248185504549e+01
6.003198601536187340e+01
6.165228923523295634e+01
5.628989020479935590e+01
6.001932942833064288e+01
6.218701288573006991e+01
5.880775647561418396e+01
6.156181177531704662e+01
6.343637971379624219e+01
5.777930026949460540e+01
6.119893953421661337e+01
5.714417501675429634e+01
5.954417202696720324e+01
5.966416350216118758e+01
6.124052680129230453e+01
6.264958880198680902e+01
6.346344567236058509e+01
5.878153156336262697e+01
6.065930567727135525e+01
6.147147710052731640e+01
6.256793166750643564e+01
5.862976919760907890e+01
6.027807788163827496e+01
6.141782792711634897e+01
6.188316954321910401e+01
5.894491666190334911e+01
6.087212934377600249e+01
6.148410497415126486e+01
6.205253411614648229e+01
5.689109965586983009e+01
5.923819814766284964e+01
5.933995671733100608e+01
6.073543617454472354e+01
5.567869940227764403e+01
5.806267613771999692e+01
5.785865658838627468e+01
6.007545468850562997e+01
5.845567424093101039e+01
6.107114351619770076e+01
6.001277695068822027e+01
5.774464632553030441e+01
5.917857914436734745e+01
5.931012219375364225e+01
6.096469334382374683e+01
5.645781220743796069e+01
5.888537823567599361e+01
6.102403327507799702e+01
5.889502935557244001e+01
5.806882763362528976e+01
6.072835407589209922e+01
5.828086544244393252e+01
6.112480638855750925e+01
6.345642023150877264e+01
6.029741470062685238e+01
5.956790541056599153e+01
5.716557647050669999e+01
6.008262822191746722e+01
6.216631574372794233e+01
5.539353136433239655e+01
5.896938639755347111e+01
6.117168928770274761e+01
5.896809195841089490e+01
5.882262187262467990e+01
5.573262696282585438e+01
5.848720029242844021e+01
6.000116469076370862e+01
5.376703896260225690e+01
5.775533090416124082e+01
5.953079552344564007e+01
5.850900232503217779e+01
5.530323052337306677e+01
5.723698305117263629e+01
5.865571146103822286e+01
5.909576664195530782e+01
5.315251324908602015e+01
5.639224974490037567e+01
5.748724125358535986e+01
5.889225819974084430e+01
6.009537554984297714e+01
6.063185047669703920e+01
5.720487452232869430e+01
5.878807686454781845e+01
5.989621523725752894e+01
6.075003754361435426e+01
5.423875992895818143e+01
5.697421317488736747e+01
5.810944247009206975e+01
5.883811821447578438e+01
5.518461148411255124e+01
5.644131613399912339e+01
5.793462536625054327e+01
5.817766908738063591e+01
5.507184483666383557e+01
5.576647999286127799e+01
5.772708412347176932e+01
5.745394481682390619e+01
5.679959846498591958e+01
5.746149746682072390e+01
5.954320921757141605e+01
5.791302516640350717e+01
6.051934273198882863e+01
5.957720636754638122e+01
5.675552482117509356e+01
5.620079179735423480e+01
5.879957255177691877e+01
5.917924194987882203e+01
5.821007778774600894e+01
5.501019520805343888e+01
5.868762513823495652e+01
5.658485584694835779e+01
5.935703301883480520e+01
5.248602560313125309e+01
5.674799542082617876e+01
5.899906987396212799e+01
5.598216437590836847e+01
5.890248332262088127e+01
6.059661975111092858e+01
5.330885582266839862e+01
5.793620913763019331e+01
6.015936502162546162e+01
5.833543049403390768e+01
5.610095343998638384e+01
5.756831984712534478e+01
6.025364209521396930e+01
5.624315721296047599e+01
5.932595496430393212e+01
6.022061930973305266e+01
6.172328939962726224e+01
5.623856156928687255e+01
5.823241936215384840e+01
5.979475116606421636e+01
6.137274492322572428e+01
5.489479055523991491e+01
5.791414129175078074e+01
5.863827492134701203e+01
5.998315665914527273e+01
5.492172774323504569e+01
5.755946178949332648e+01
5.833547072832624281e+01
5.952808135256294264e+01
5.494381464124420944e+01
5.657853291199177903e+01
5.785722777042348497e+01
5.898396229046355899e+01
5.506833065790343085e+01
5.717580697313794502e+01
5.776125829918476029e+01
5.914854501569520551e+01
6.053433200176714735e+01
6.061431982439422939e+01
5.937432232721257463e+01
5.730677842596438865e+01
5.972531893937856751e+01
5.949603279526492372e+01
5.782897878909611933e+01
5.805909193252147560e+01
6.047182039494207118e+01
5.959121922154814399e+01
5.695761113488845950e+01
5.733915790826361558e+01
6.002609418798183327e+01
5.860496965236433198e+01
5.926660489404978449e+01
5.933900115621659666e+01
6.188965683752068969e+01
5.954218859194332225e+01
5.686203279192648097e+01
6.024138465078819848e+01
5.777054321581061203e+01
6.080182051697565981e+01
6.345465771730336257e+01
6.037690883222027338e+01
6.040637603493590291e+01
5.795320702719693884e+01
6.109110584890417783e+01
6.217994084172210734e+01
5.785560635012883779e+01
5.981096243715485627e+01
6.251003558865847509e+01
5.953347621538860324e+01
6.203377267083945412e+01
6.410180295467725387e+01
5.761558045681346130e+01
6.244443814359036793e+01
5.651553714604902012e+01
5.937431770405396492e+01
6.115813637664894031e+01
6.138240689432042529e+01
5.730855642810219308e+01
5.935886538653493716e+01
6.019317314565563493e+01
6.136144145948198769e+01
6.293114191442006700e+01
6.328994442013037514e+01
5.826403890739573654e+01
6.086248138359687232e+01
6.237810839158422738e+01
6.308658304349344093e+01
5.764994061750270049e+01
5.935186710407029409e+01
6.072186807166766442e+01
6.147672781186314950e+01
6.158304320551440014e+01
6.232554049404590302e+01
6.389530013878906090e+01
6.016374912870200120e+01
6.227690103426045454e+01
6.240896400490804297e+01
6.413517558602433155e+01
5.888001242609127672e+01
6.094832999139640606e+01
6.209151460746404894e+01
6.149573917477123786e+01
6.060117428628158365e+01
6.089995940180638456e+01
6.312872432238624754e+01
6.203399632282150122e+01
5.831969973380454064e+01
5.853229397613803542e+01
6.108803226350775617e+01
5.980176292545890959e+01
6.264382210013391017e+01
6.424766375624091097e+01
6.035794758499780244e+01
6.277424740139977644e+01
6.532085994922536543e+01
6.261761345455619931e+01
6.094401134153852695e+01
5.920668139953824038e+01
6.234950513307094155e+01
6.404142547842951672e+01
5.779697313713165840e+01
6.135087753152399870e+01
6.369157452027862121e+01
6.032779227088553853e+01
6.020316035581500813e+01
6.314904794736257543e+01
6.191808362428466239e+01
6.393051464381987614e+01
6.596078184849939419e+01
6.045315412059478177e+01
6.410057595738200575e+01
5.808526586510932788e+01
6.125947736515230702e+01
6.298789921530865143e+01
5.979653970001741214e+01
6.060979976220785659e+01
6.234486955221317572e+01
6.396418513943991968e+01
5.850573297032941866e+01
6.038839520490807189e+01
6.157317781937806700e+01
6.269018272031490113e+01
5.827099885093660703e+01
6.037788227601935631e+01
6.147124933880776609e+01
6.254516476103217570e+01
5.795601072149321453e+01
5.924607212751262608e+01
6.028561769671420478e+01
6.119617993425556080e+01
5.842968514437217920e+01
6.029342275419318753e+01
6.086413558992833828e+01
6.119271930002737037e+01
6.309645019801797616e+01
6.293323284115194127e+01
5.935435336942759221e+01
5.990672117057495427e+01
6.204298397017463884e+01
6.134525230899099313e+01
5.756369537458554220e+01
5.802573757213733074e+01
6.052199503887459997e+01
5.949148000402669823e+01
6.141242713650721896e+01
6.209439213253143919e+01
6.158172741191742716e+01
6.092084434060214448e+01
5.940518180907120183e+01
6.200068345853989626e+01
6.171237043526937782e+01
5.696086821893940311e+01
6.080123663796327804e+01
5.906888780165737529e+01
6.199889577820768238e+01
5.775431091073785694e+01
6.054915267840036108e+01
6.262407285378208854e+01
5.798265756616341804e+01
6.052574541595669899e+01
6.272641111897452504e+01
5.833948257299130091e+01
6.075582878430623879e+01
6.288965478535794063e+01
5.969909265200274007e+01
6.201195140364390568e+01
5.481690917829590859e+01
5.855357590168377868e+01
6.057322567324500540e+01
5.665680913550202291e+01
5.755762154645462658e+01
5.998433165462510885e+01
6.036322579810815370e+01
5.633343577480111009e+01
5.863506860060714843e+01
5.909097989428889264e+01
6.040022182190015343e+01
5.509633301384091908e+01
5.727244344682677735e+01
5.793664914616192618e+01
5.970048943539842412e+01
6.029029455078470079e+01
6.155622899030959871e+01
5.595471638094857525e+01
5.795109152276021547e+01
5.875966541375879615e+01
5.990054889609249500e+01
5.650441905764746764e+01
5.770132740423654383e+01
5.910936467957733242e+01
5.955632998341699391e+01
5.482600743404334054e+01
5.596412347140453392e+01
5.741228108344246550e+01
5.767572362795363716e+01
5.750563195702827812e+01
5.752185024631357635e+01
5.951327809425728788e+01
5.890727012709638188e+01
6.115173033742630082e+01
6.032023274874919849e+01
5.726827814201640621e+01
5.711305974857155121e+01
5.955673381460136540e+01
5.845525937799160232e+01
5.958785539807069398e+01
5.625636342875043283e+01
5.886694054132365039e+01
5.941462103161852326e+01
5.610629435488107219e+01
5.956878178343377073e+01
6.169459856432117562e+01
5.567187929776716260e+01
5.937836197369213664e+01
6.166154521806402755e+01
5.856966404161220652e+01
5.817661893855873956e+01
5.584999242529115548e+01
5.872166256353558111e+01
6.007024400646545814e+01
5.383202950842201773e+01
5.794585513780028663e+01
6.006364013031375748e+01
5.619868270572813174e+01
5.912947982219102983e+01
6.117522403886689375e+01
5.657136217649649268e+01
5.944125981609733600e+01
6.045438424262083998e+01
6.181755718987586334e+01
5.736044563853436529e+01
5.767648586506516750e+01
5.957221043410830674e+01
6.123495848513292827e+01
5.444794179280022206e+01
5.801553442650724435e+01
5.924340443361403175e+01
6.056366106820187412e+01
5.534747081516017175e+01
5.662711700495999878e+01
5.828647053517654086e+01
5.914914341772461626e+01
5.532063530328569811e+01
5.694447659695307351e+01
5.831009374140410984e+01
5.931819235984230687e+01
5.465522151926567318e+01
5.667864539408563473e+01
5.704101972645354834e+01
5.865545306592442643e+01
5.901264301777124643e+01
6.087617740291103985e+01
5.981280782647494476e+01
5.535862473476235124e+01
5.622709724041920509e+01
5.828092597512723216e+01
5.794533014276061067e+01
6.028207316203622668e+01
5.956092658392989847e+01
6.135651801926568538e+01
5.648085232306085857e+01
5.966529080946160235e+01
5.859791248418210330e+01
6.107612398324138780e+01
5.541744681169733866e+01
5.881142355505677699e+01
5.923511357814297895e+01
5.910872808434586290e+01
6.191905440888355372e+01
6.173306858657071672e+01
5.796011782004672597e+01
5.710829733451213741e+01
6.002646286033279921e+01
6.250097602954676290e+01
5.545687324244023841e+01
5.967803411880238684e+01
6.205514363280423851e+01
5.892578919377665869e+01
5.892688955711830801e+01
6.200833013875536182e+01
6.068241243535815244e+01
6.273735202094787411e+01
6.494495272809641051e+01
5.832120940834628442e+01
6.280729967114166357e+01
5.609817453151620725e+01
5.991164094008592400e+01
6.102841139991834041e+01
6.264059976224728388e+01
5.712007761458340127e+01
5.962935753217476531e+01
6.032017900021916290e+01
6.185038360010215541e+01
5.553062185723607058e+01
5.870884384261839273e+01
6.020039500122273779e+01
6.073731148725280349e+01
6.191282526863760438e+01
6.290419142312853751e+01
6.089415225282861144e+01
6.045977039587317137e+01
6.201827467779111913e+01
6.287094969011997847e+01
5.874965371103878908e+01
6.090650855449531775e+01
6.147245213258304375e+01
6.296084444643032185e+01
5.726382533493147520e+01
5.939178916372655692e+01
5.954442308264381012e+01
6.129902428108445633e+01
6.096851275430660166e+01
6.301214304317651482e+01
6.271982339313600363e+01
5.897703406829950978e+01
6.080709910478181257e+01
6.098049863160427719e+01
6.304116142399107758e+01
5.895533293716907508e+01
6.141631141624660728e+01
6.114491172982897638e+01
6.343009217799333754e+01
6.534455076630344195e+01
6.293181628420404650e+01
6.117868206655144547e+01
5.992426185861782528e+01
6.287717583665158116e+01
6.369323787055782304e+01
6.013203029343452499e+01
6.349219399911233808e+01
6.571513868079202325e+01
5.922263758784792742e+01
6.267463138960047786e+01
6.502126801519841592e+01
6.173259089604844974e+01
6.174293912287186714e+01
5.881068027431495437e+01
6.176998752232356082e+01
6.342266786303105874e+01
5.780795816870886483e+01
6.132092920093862887e+01
6.335028416837854337e+01
6.164647017511921945e+01
6.127893969152022891e+01
6.353972004804065676e+01
6.312657823218176389e+01
5.938327457745513982e+01
6.182904128907651398e+01
6.311121265856300511e+01
6.258628813829530202e+01
5.869288351654873281e+01
6.042485379533686540e+01
6.130408782255724986e+01
6.258145578995610236e+01
5.735625116581921645e+01
5.963575728634899775e+01
6.092286153382802638e+01
6.186157773029344042e+01
6.270437417127720892e+01
6.353253559629735747e+01
6.174117550003664689e+01
5.946134640373833236e+01
6.060961313663939620e+01
6.200211827223196082e+01
6.219274622380822137e+01
5.729887063042589546e+01
5.924571320670119690e+01
5.932532502058366930e+01
6.088172336400801754e+01
6.120404143961935262e+01
6.289497491017009878e+01
6.181160796373121258e+01
6.450370927052266268e+01
6.315638975943685551e+01
5.965883348058201108e+01
5.962205987668481555e+01
6.225151245958528534e+01
6.084568672406871315e+01
6.283862449352846369e+01
5.743859236980621574e+01
6.042694285466768633e+01
6.099421713664413858e+01
5.983329067508349652e+01
6.247637014487027329e+01
6.470125556854216597e+01
5.857348133991017392e+01
6.149750034313302649e+01
6.376466766256781682e+01
6.078842401557577091e+01
6.105943842243550534e+01
5.839309701628137361e+01
6.119470170907840867e+01
6.213683369351986840e+01
5.807135827773186065e+01
6.078324775478829878e+01
6.209191251419145630e+01
5.736925914143095895e+01
6.108532108010979300e+01
6.284272520199343859e+01
5.711714238880592376e+01
6.130863513358902139e+01
6.313659563961263643e+01
5.940245792447527862e+01
6.221106811854716057e+01
5.525807162804856176e+01
5.863722304711358646e+01
6.024920060250214959e+01
6.076695740921493893e+01
5.611193987471643396e+01
5.771807831556584034e+01
5.860475379863194689e+01
6.012725338668641939e+01
6.055654046055730078e+01
6.194814701734810569e+01
5.688643346231513931e+01
5.806726857762892280e+01
5.917558867910801013e+01
6.023588101022020425e+01
5.930742870237052244e+01
6.092638801835195039e+01
6.158187854605460387e+01
5.639814000371450931e+01
5.754666611007103683e+01
5.896954664783352484e+01
5.922396919164371099e+01
5.933623630310263763e+01
5.925997152727682504e+01
6.127398928411501089e+01
6.068095261650221772e+01
5.547795214887097615e+01
5.829978931816049226e+01
5.760847497658046024e+01
5.975304231304298241e+01
5.796251465882750153e+01
6.056616490910486306e+01
5.926814375500357102e+01
5.688111068545857307e+01
5.946038734351933641e+01
5.748200641251756338e+01
6.033443735830314836e+01
5.682404858498487243e+01
5.964495396093663260e+01
6.149950068890152721e+01
5.471872227745493689e+01
5.877193216309158430e+01
6.108409325103893650e+01
5.812819201070159636e+01
5.864280959790957581e+01
6.146644090211906075e+01
5.837210146724731885e+01
5.961184339955694611e+01
5.627434042353352339e+01
5.898204444482976783e+01
5.804883843282111400e+01
5.712911639959229149e+01
6.022748695857170276e+01
6.114717167761767769e+01
5.690532961688725777e+01
5.724805814370769497e+01
6.001755185528742942e+01
6.069159674825153417e+01
5.514833774144916845e+01
5.849243552107343902e+01
6.011648383544223861e+01
5.949192838242226600e+01
5.756690023471657724e+01
5.924860485647798924e+01
6.052934477824539528e+01
5.866758370938684664e+01
6.068691547756815652e+01
6.157689093660079038e+01
5.816041048152558801e+01
5.986759860889496565e+01
6.116021037413116801e+01
6.173472704210939099e+01
5.701390262401910292e+01
5.875461657333899268e+01
6.001152692373604225e+01
6.049456945612256220e+01
5.789328015563818042e+01
6.073334013101688100e+01
6.091578433695366357e+01
6.128707576186148742e+01
5.493861146805049600e+01
5.757261046558335238e+01
5.774645509469898030e+01
5.980538126617703654e+01
5.841832900498162928e+01
6.099359921311653210e+01
6.006853060021180823e+01
5.685996522757053384e+01
5.787617137479321627e+01
6.030043154811543360e+01
5.879386036062202692e+01
6.167359755449029990e+01
6.130861657792238617e+01
6.334439077208960356e+01
5.608486420216853929e+01
5.991878883942271017e+01
6.069777974171908141e+01
5.895086628050707134e+01
5.940819960646047804e+01
6.245227872513688538e+01
5.942148314373761764e+01
6.242247993980916476e+01
6.474544162610868625e+01
6.001886727421567258e+01
6.306128027988658857e+01
5.529486239666881886e+01
5.950504805709963563e+01
6.178088517459651285e+01
5.851933607718137154e+01
6.188579283500167350e+01
6.162276048263930761e+01
6.220848034878170552e+01
5.679977685170823065e+01
6.067962795260103093e+01
6.165631440779103656e+01
6.296315504652335449e+01
6.439321916667006462e+01
6.537671771888864214e+01
6.088715253693367657e+01
6.157611288367150593e+01
6.323704767065866861e+01
6.453252157845696502e+01
5.853363390427002599e+01
6.104865025887519181e+01
6.220851793359321391e+01
6.339556708179219413e+01
5.894364226276002228e+01
6.056440834317770339e+01
6.187212967793936969e+01
6.283546970383632413e+01
5.897701621818432471e+01
6.122130393640541968e+01
6.150097516036504430e+01
6.302276091801247304e+01
5.793235548729841611e+01
5.999923124287241905e+01
6.036117537765458252e+01
6.168889768210345892e+01
6.316166754334412303e+01
6.288204624951869448e+01
6.391212200520515552e+01
6.369027774262939801e+01
6.588841255838241295e+01
6.205428100563081983e+01
6.371956406137657325e+01
6.553494374949224266e+01
6.360059958697576121e+01
6.073638678147531067e+01
6.011790174129544084e+01
6.299756358542175860e+01
6.199795526465776163e+01
6.396731960127500827e+01
6.647055999365015566e+01
6.373400444384097341e+01
6.203412508603360465e+01
6.027249979622371967e+01
6.340805767299865181e+01
6.478976305068633224e+01
5.843400783547723165e+01
6.191027831083992794e+01
6.423876893936129306e+01
6.106416047590454355e+01
6.125643923795571766e+01
6.410897261322125473e+01
6.266476314381450408e+01
6.473306500514199513e+01
5.810169948636561088e+01
6.123483624678183190e+01
6.340454280010239074e+01
5.879894820271727696e+01
6.177377679277818601e+01
6.125706315039878547e+01
6.377852337387994197e+01
5.821014907819049711e+01
6.037345917517693294e+01
6.194189284591168843e+01
6.234356081470291855e+01
6.370902343986642080e+01
6.480934355243127243e+01
6.009848268248278913e+01
6.122865724358099015e+01
6.247137700643790481e+01
6.387266266416723681e+01
5.870784675895875893e+01
6.031852951414310127e+01
6.121492593734205201e+01
6.216791916659652628e+01
5.798281265310128418e+01
6.004498791584222772e+01
6.109884004688866099e+01
6.158097720896468985e+01
6.081561253725261906e+01
6.269652619771876800e+01
6.256236631286278538e+01
6.036935653579956096e+01
6.077234576589244597e+01
6.292992730259170742e+01
6.204159686148525310e+01
5.784345524185030740e+01
5.822801757722463378e+01
6.075295759559117670e+01
5.966580071802776075e+01
6.227804124636094230e+01
6.095438261587049311e+01
6.318140853894830400e+01
5.817334205565261129e+01
6.117691966666992442e+01
6.175136176109262465e+01
6.045980327816425159e+01
6.310335208165452059e+01
6.529973516681343426e+01
5.891798152760367202e+01
6.169299541242974527e+01
6.397014744677219511e+01
6.101902717955133681e+01
6.201517205740636740e+01
5.885159264342146912e+01
6.172021623089022313e+01
6.204083359860544533e+01
5.876818656549220066e+01
6.155505808340827656e+01
6.102128320402803041e+01
6.036075688481417956e+01
5.993428177158607184e+01
6.261868956114404483e+01
5.939063875947579874e+01
6.121986799695211090e+01
6.360449541636748449e+01
6.016045959658843145e+01
6.152362247898396674e+01
5.694331878870240615e+01
5.894418601332404251e+01
6.006629433393313633e+01
6.061869275527722323e+01
6.179326592472844482e+01
6.260639043307944007e+01
5.839902732616000236e+01
6.007420610045023324e+01
6.124676501328038114e+01
6.178277550042626842e+01
5.828498812566001419e+01
5.972765762103446718e+01
6.075070039534208632e+01
6.165880148997788268e+01
5.649375530355509767e+01
5.760993756737702398e+01
5.896036152694043153e+01
5.941966069885086199e+01
6.089660388500649901e+01
6.118665329912896311e+01
6.044709694657874621e+01
5.859929140588232599e+01
6.091735965849495926e+01
6.062445201087474089e+01
5.969672418447117934e+01
5.931764935811785477e+01
6.155018481734322222e+01
6.063670531443652578e+01
5.728302740373786150e+01
5.791294398533754162e+01
6.022729077064004599e+01
5.887671915968000746e+01
6.018493209808411848e+01
6.092906797690134368e+01
6.020252336172020335e+01
5.767921613357233213e+01
6.065933830044361486e+01
5.836897015509079978e+01
6.109543927912432792e+01
5.804623341419701177e+01
6.099134829910217093e+01
6.258244584576317493e+01
5.472585790519032400e+01
5.920083284641289367e+01
6.151630607140079832e+01
5.830697796241673103e+01
5.921135258329650952e+01
6.185549259436751157e+01
6.053080284483370832e+01
6.068439062232900483e+01
5.748489713325525230e+01
6.012649348086711854e+01
5.900335891463703319e+01
5.715854107722846322e+01
6.036917039133655294e+01
6.139937680414093535e+01
5.718886431465063680e+01
5.782587247690954513e+01
5.968168363192544490e+01
6.137150433160039853e+01
5.587133595401022035e+01
5.914040028047163133e+01
6.064092093602906886e+01
6.030054776580863063e+01
5.523633270167216835e+01
5.814638586505909501e+01
5.902039524478154675e+01
6.007994112946818888e+01
6.095746938331384968e+01
6.219555211124767879e+01
5.771086973383088292e+01
5.912120308930853696e+01
6.055713059532278919e+01
6.090329888094478150e+01
6.108558426730008506e+01
5.654607235525323716e+01
5.740222550916366373e+01
5.915898166016804538e+01
5.925816288654291242e+01
6.127995452193851378e+01
6.098669249197580200e+01
6.097735929329552818e+01
5.991574971616208956e+01
6.249083198349904222e+01
6.149434677777307456e+01
5.801701746187224984e+01
5.834851145224090629e+01
6.099676958546866246e+01
5.957181331551664982e+01
6.137028196902958399e+01
6.083022271596041008e+01
6.342510253770456785e+01
5.934524201016208877e+01
6.115401252930526255e+01
6.398503710162959379e+01
6.103969457994888614e+01
5.960009597525225900e+01
6.297418162776874340e+01
5.994559369614142952e+01
6.310764904066686398e+01
5.582505683477329939e+01
6.004581400875366626e+01
6.237164528622804482e+01
5.878869096349272638e+01
6.181044602932385601e+01
6.269159911955980391e+01
6.014001353534683858e+01
5.971549696099675941e+01
6.280335536627911353e+01
6.127376951265353000e+01
6.301035973023827808e+01
6.518627580054655368e+01
5.865343187623805221e+01
6.234773964642069899e+01
5.905069869339867950e+01
6.128432519288443814e+01
6.167646507555662083e+01
6.246467280449411419e+01
6.414284673789244096e+01
6.450518626686782397e+01
5.958396017959502444e+01
6.094465172491972993e+01
6.228736136836560178e+01
6.339675012087038652e+01
6.202126399079340757e+01
5.947521739840000521e+01
6.142230110068950211e+01
6.230415104021650308e+01
6.246731332912040813e+01
6.417598159109121525e+01
6.448761239123889766e+01
5.989103144164298698e+01
6.098559974437737452e+01
6.296955471334744203e+01
6.286535876474531648e+01
6.181620813742844689e+01
6.208920020209696844e+01
6.409204307470588446e+01
6.352888774777178327e+01
5.887768801876437408e+01
6.142870936688054684e+01
6.051654954064805736e+01
6.271364776990421319e+01
6.486508281117846764e+01
6.318937508029377170e+01
6.429419522541465426e+01
6.182631443293547591e+01
6.486389177648624127e+01
6.291933085529939973e+01
6.057738362837547896e+01
6.396545849381958249e+01
6.139224177841076369e+01
6.442891099671381028e+01
6.101377828654401014e+01
6.417962352822218008e+01
6.591527618630286156e+01
5.913782861853243844e+01
6.244531359229459611e+01
6.478288682280268063e+01
6.138445828258471693e+01
6.205591699957245311e+01
6.477884704049603215e+01
6.321348585035249101e+01
6.452551354174164544e+01
6.682023146290387672e+01
6.213147279654032218e+01
6.522795598211227741e+01
5.866330176190825085e+01
6.171801993004818598e+01
6.355836804420225405e+01
6.202977448216407907e+01
6.179422856235799344e+01
6.358107917707010870e+01
6.423891591957152514e+01
5.962678291597680413e+01
6.087261892291529364e+01
6.221151219700134050e+01
6.296494264812560004e+01
5.931853841941027383e+01
6.127836416985302037e+01
6.222719772713050901e+01
6.276304842839293485e+01
6.376839972824255653e+01
6.488795947580648260e+01
5.909225303401562002e+01
6.100323692180916169e+01
6.222950140915213524e+01
6.266950901576281296e+01
6.290022191104519322e+01
5.849921391110499513e+01
5.915098762461096271e+01
6.096785571046570595e+01
6.081433824311298508e+01
6.291618687206706539e+01
6.244004178437009500e+01
6.372718728975286240e+01
5.629407487013399702e+01
5.993964697368789984e+01
5.908844246566265923e+01
6.162396670392585207e+01
6.302846600596080862e+01
6.144552289318834681e+01
6.339085464501368250e+01
5.795182062183638294e+01
6.092110846854535566e+01
6.103279037094031878e+01
6.128866405190046152e+01
6.371132130123442039e+01
6.288790768493046812e+01
6.168187647618065483e+01
5.973916988723918564e+01
6.251883260089547178e+01
6.415344050086702055e+01
5.762714371253071022e+01
6.067627759298597567e+01
6.293865181124697017e+01
5.959128666329144863e+01
6.017190634349454115e+01
6.279507157884165025e+01
6.095052469618928370e+01
6.113478940942867723e+01
6.395234633106521471e+01
6.042006380214818506e+01
6.278725198905434723e+01
5.497986960579939364e+01
5.906499114655171923e+01
6.087251139509920250e+01
6.081669034492812642e+01
6.230007726125541012e+01
6.355905861238247923e+01
5.806407889582337134e+01
6.110828808077668839e+01
6.219669123870573912e+01
6.343022030403663081e+01
5.839753162235034267e+01
5.926971787251205370e+01
6.081534939255249839e+01
6.163339265941861100e+01
5.706170444702093647e+01
5.816891460086817744e+01
5.930231118052856942e+01
6.017321736002540433e+01
5.860528980882507000e+01
6.054623324510177440e+01
6.099493119886589199e+01
5.684214460973345950e+01
5.776609659348596182e+01
5.924520459626300806e+01
5.946999247546501977e+01
5.781026780065612058e+01
5.848030590050305477e+01
6.035021628031434204e+01
5.986651635156259488e+01
6.203290072248861975e+01
6.125215095869888415e+01
5.924525815042278509e+01
5.884345369093544775e+01
6.124874692085779060e+01
6.009690114914782555e+01
5.904223108859110170e+01
6.120639584054337945e+01
5.921746683284710855e+01
6.179380894188199846e+01
5.641954327749937903e+01
5.978857322247173300e+01
6.172567573507900818e+01
5.876880375516518740e+01
5.827342291001820485e+01
6.132192166018370472e+01
5.841618618810448282e+01
6.116901490117921014e+01
6.340800951471574365e+01
5.841679663507522946e+01
6.165000875904228650e+01
5.268523528113461651e+01
5.797389115013698557e+01
6.017513356490517396e+01
5.766035399509095782e+01
6.039621460209523462e+01
5.978046138708878487e+01
6.018086500683148188e+01
5.595969049234530956e+01
5.960029052664493321e+01
5.926466537140672841e+01
5.979461001563851141e+01
6.150113954512864467e+01
6.291300554068702411e+01
5.771471473511064687e+01
5.876422966291076477e+01
6.033756564856631854e+01
6.171581204802959064e+01
5.754510788582747693e+01
6.032897702498273418e+01
6.092768499195366161e+01
6.195436155867586336e+01
5.657597077324376755e+01
5.809212043195650921e+01
5.915775748175718718e+01
6.020024565236743541e+01
5.701184529568371318e+01
5.934353570021222168e+01
5.995459431637092962e+01
5.908895276013421238e+01
5.966528292347199169e+01
6.138471514004169904e+01
5.991799929767690713e+01
6.217885662122355228e+01
6.207531872670134021e+01
6.316351288564797528e+01
5.676190322849364378e+01
5.987462437174959717e+01
5.929078487037082112e+01
6.178854230786726731e+01
5.970758989266150962e+01
6.218189915241075738e+01
6.091676509535433581e+01
5.848986873282530752e+01
6.147716137481243237e+01
5.931963862112845476e+01
6.230936128296660570e+01
5.938494700803150295e+01
6.254905487405540754e+01
6.397465538906381965e+01
5.601113095049036161e+01
6.025732478133345893e+01
6.295894599187956686e+01
5.991403349981499105e+01
6.166104141385739013e+01
6.434010959676189145e+01
6.089933007149431177e+01
6.076787809359272785e+01
6.396665676690017932e+01
6.247465643070106722e+01
6.501982156158246084e+01
5.681077736582157200e+01
6.144704896332316935e+01
6.377196640118187787e+01
5.891263847090228722e+01
6.104964847148822571e+01
6.337230676531136453e+01
6.229674690703577511e+01
5.883407708407500536e+01
6.110122217674089029e+01
6.307268754386402065e+01
6.150407391288101167e+01
6.360635183489673494e+01
6.510084091898995950e+01
6.176321148449508769e+01
6.355857826598611382e+01
6.521999132776903707e+01
6.361442011162070997e+01
6.444477205685763010e+01
6.584806721289507436e+01
6.644219596905301728e+01
6.132383287750428735e+01
6.340169048367884841e+01
6.387113893537132725e+01
6.582429482065782622e+01
6.084718442726196486e+01
6.316406489620145948e+01
6.339404760063571587e+01
6.529947916157900067e+01
6.106259908268861381e+01
6.433142372367041162e+01
6.390674077737059378e+01
6.570037187073862128e+01
5.957515317555787249e+01
6.224523867681327971e+01
6.187779114140619896e+01
6.424098614353579251e+01
6.080276409282387817e+01
6.394531447753691111e+01
6.324099792247167784e+01
6.350360940129360188e+01
6.533221332984899732e+01
6.322729260559599851e+01
6.287050307099271151e+01
6.594713120546067842e+01
6.349861327216276408e+01
6.661561876927710557e+01
6.002629804932521296e+01
6.385688997004850620e+01
6.597765018739124798e+01
6.248417564550586434e+01
6.207676062044003373e+01
6.543752128210587671e+01
6.193809393202138125e+01
6.515739048694661051e+01
6.758549713697300376e+01
6.221787080156295247e+01
6.616716316539240950e+01
5.937410341738178232e+01
6.291145056639428645e+01
6.523334961796584253e+01
6.036798318489022108e+01
6.414520737362411751e+01
6.414870100989672608e+01
6.573026825165604237e+01
6.067022087023028831e+01
6.387843127421676570e+01
6.363835275789667634e+01
6.530792613814838887e+01
6.696326820513091604e+01
6.781008480798844573e+01
6.267040872801370455e+01
6.421691530583960628e+01
6.560667442273191341e+01
6.717023758064404149e+01
6.180304828447518872e+01
6.327642894380966254e+01
6.474314692535955373e+01
6.558888639165468248e+01
6.189660215586210512e+01
6.429068074590161075e+01
6.491217456307042255e+01
6.606634210987289180e+01
6.755883562306166823e+01
6.752036189156439150e+01
6.267173431851622212e+01
6.395093254448201492e+01
6.653571945344290839e+01
6.614524853944084271e+01
6.369682403538229210e+01
6.546796960817400191e+01
6.624403301742312067e+01
6.642031882215123062e+01
6.073312841241778415e+01
6.453174422082564377e+01
6.329587851567148959e+01
6.649507052589493128e+01
6.066010992291299431e+01
6.427395853685813165e+01
6.440835509106140933e+01
6.613738991118300703e+01
6.866192776055298452e+01
6.572237607333963183e+01
6.429449282998500337e+01
6.246232438168326695e+01
6.592627077960878523e+01
6.784956608500483810e+01
6.062698405921279488e+01
6.434123092441025449e+01
6.719086220815732702e+01
6.361795492047513534e+01
6.358012519788950812e+01
6.706744966989332113e+01
6.359843323792706826e+01
6.599153081819764566e+01
6.881600092852711725e+01
6.488460577431534659e+01
6.821724447530954194e+01
6.025041501587285353e+01
6.472464832364683218e+01
6.710665326744151571e+01
6.072648570229146969e+01
6.480871835138702863e+01
6.591689395959316755e+01
6.728371163986035697e+01
6.017281743954155360e+01
6.407567601988246508e+01
6.598458983043659032e+01
6.697530872731161367e+01
6.162843754860057999e+01
6.419706078835920948e+01
6.562888868524009922e+01
6.472946575233602573e+01
6.652781776073359765e+01
6.830425512730349169e+01
6.268366190620574230e+01
6.470389868144135903e+01
6.621349403410636114e+01
6.757731194516330220e+01
6.166491391691574364e+01
6.372381153024765865e+01
6.603289133492764051e+01
6.630546500834827839e+01
6.471655373219201124e+01
6.784299493590548025e+01
6.797052056601468450e+01
6.346663143723742451e+01
6.440826032138873813e+01
6.730155536057409904e+01
6.691973593551472277e+01
6.405902413544949070e+01
6.458538991097799453e+01
6.781452734364292212e+01
6.672381441194177398e+01
7.008807411374216656e+01
7.031180083624491317e+01
6.330968331797870263e+01
6.682234595167540192e+01
7.013024532360316243e+01
6.812634907936707407e+01
6.638468698987482242e+01
7.046392161859661485e+01
6.757737738470071065e+01
7.143714801794428126e+01
6.309247335017100511e+01
6.830646011208449409e+01
7.131438135161411651e+01
6.670085114704589557e+01
6.880937932092535902e+01
7.225520568713388059e+01
6.678001627103422777e+01
7.031919071271478572e+01
7.332633155266788094e+01
6.431502512917909087e+01
7.070134189720920403e+01
7.356275839310482922e+01
6.954460819967161456e+01
7.323586614744014867e+01
6.383092641916178422e+01
7.016047218066277935e+01
7.267783123712705162e+01
6.415632685973116622e+01
6.986596538270212875e+01
7.216894581367027683e+01
7.107551292995350423e+01
6.797755837159373016e+01
7.056956489644412045e+01
7.284121896462939105e+01
7.022092700142940203e+01
7.212252640368990342e+01
7.439588051474650854e+01
6.843719850945807082e+01
7.188477696915455795e+01
7.412122486237633723e+01
7.497308849837109790e+01
6.948735095557719887e+01
7.357829781382481826e+01
7.417122427613918489e+01
7.675903987521108718e+01
6.943557327824778724e+01
7.306838511187388008e+01
7.372855551376252947e+01
7.630058413560206532e+01
6.896605537433646305e+01
7.294851613774990540e+01
7.311833652830190999e+01
7.648844681392479572e+01
6.917630435007302481e+01
7.361809318819344128e+01
7.324804867674875197e+01
7.674651840077022769e+01
7.971203107952587175e+01
7.194720777905934028e+01
7.689175011466220155e+01
7.319733820325498641e+01
7.763748017947088442e+01
7.681682957026558256e+01
7.409784631123396537e+01
7.850994019857125750e+01
7.524863361129966677e+01
7.897338201894532972e+01
8.242630520735825428e+01
7.727418012712607265e+01
8.091959351734062977e+01
7.400434736629617305e+01
7.918589245610888838e+01
8.241118235218465315e+01
7.345869487547489030e+01
7.945171927294725833e+01
8.290443213633338360e+01
7.557454041144181645e+01
8.086230881709744267e+01
8.363289969043117367e+01
7.627027944717072216e+01
8.173181842003215536e+01
7.363464274515463615e+01
7.909141524263117162e+01
8.203342810419044895e+01
7.396100498090004294e+01
8.012223825096870655e+01
8.258376578678388569e+01
7.888254581283847244e+01
8.267422774623715043e+01
8.458272812653369499e+01
7.991557111805632019e+01
8.378343358777840422e+01
8.612393254915214413e+01
7.942486921536969646e+01
8.307982963574976054e+01
8.087120706914853940e+01
8.433048603549156041e+01
8.582140900227138047e+01
7.955231595877205564e+01
8.375922699554946860e+01
8.563550897290451758e+01
8.088928655536533086e+01
8.366038816306627268e+01
8.777586300881445425e+01
8.678330033703245761e+01
8.142993478740169166e+01
8.410006808560295610e+01
8.864059659779914568e+01
8.675750443414133883e+01
8.329477368967145878e+01
8.635399536942078669e+01
8.609728377944638567e+01
8.747955165155380541e+01
8.681062380455716720e+01
9.067703189848232626e+01
8.560040666420606215e+01
9.015162183688323694e+01
9.340883646913896143e+01
8.454222085709939449e+01
9.003236841038381044e+01
8.544254207059397288e+01
9.100233286752381900e+01
8.705088740562871408e+01
9.372282151288506213e+01
9.168032419553352952e+01
8.740372662949128824e+01
9.260723305293319640e+01
8.566827005328863720e+01
9.096029379765894873e+01
9.408248678539767695e+01
8.543408032206549763e+01
9.150391555685786216e+01
9.537880025048380617e+01
8.835738639885092027e+01
9.333415041309341120e+01
9.688386263006690058e+01
8.892688396376753701e+01
9.450382451107471127e+01
9.795367361010367802e+01
9.054096754648377043e+01
9.566702739943580980e+01
8.894549555366732818e+01
9.374593244060596930e+01
9.610860360034844518e+01
8.983767415599254491e+01
9.420163375947733186e+01
9.697585487468725773e+01
9.170442968143234452e+01
9.650759615588199836e+01
9.946182624215376222e+01
9.298285273299480025e+01
9.711451923712607481e+01
1.002208478560863369e+02
9.923570234724643058e+01
9.415220693220787496e+01
9.845351498220844633e+01
1.004102591043303789e+02
9.518192084083295867e+01
9.761150845028068090e+01
9.509727724529942350e+01
9.979198954520880704e+01
1.002873119868485645e+02
9.511244869639129718e+01
9.781282963568808952e+01
1.029278371193185677e+02
9.619306421907108984e+01
1.029331011565147236e+02
1.023738716406248415e+02
9.947259432339747320e+01
1.002009686726383961e+02
1.058480534277729959e+02
9.982503426308296923e+01
1.063781261941361436e+02
9.743439484477060830e+01
1.042285089243443821e+02
1.022516177197348526e+02
1.011602900488013006e+02
1.006540182362559364e+02
1.066094005484279847e+02
9.969806181326788419e+01
1.065642554618809044e+02
1.090828726395049131e+02
1.014038880048870652e+02
1.071364272370377222e+02
1.107784904250230795e+02
1.043034709276517304e+02
1.090490777699275782e+02
1.023640121066303408e+02
1.083189101133069272e+02
1.072701650525501975e+02
1.067609564402739437e+02
1.120899982034336091e+02
1.061305102347800897e+02
1.107688932682108884e+02
1.047647752194505131e+02
1.103526477613964119e+02
1.113814120176393914e+02
1.054073172064533708e+02
1.107656519261324490e+02
1.132925144683651695e+02
1.066282964534980522e+02
1.118458556145567826e+02
1.157914327571896536e+02
1.082707351768913782e+02
1.141327323858510425e+02
1.168492146530177536e+02
1.111243590556813530e+02
1.153420517412293833e+02
1.092882491093129147e+02
1.134155683149450908e+02
1.186257444550429909e+02
1.104058296938858632e+02
1.153956985339083445e+02
1.182602986368278408e+02
1.125332163460073645e+02
1.171348059284498504e+02
1.217698356622605900e+02
1.137455304186953242e+02
1.200958292600511328e+02
1.118423967862225084e+02
1.186678189635979095e+02
1.194930278532564500e+02
1.154732531268952869e+02
1.176645512695671414e+02
1.237874539611239015e+02
1.161407172706006321e+02
1.219662562547892435e+02
1.243531626338746605e+02
1.188471294988738265e+02
1.206934959670146981e+02
1.258976481946911292e+02
1.209386394317677258e+02
1.265771703239988000e+02
1.183288561672114554e+02
1.251286901317446478e+02
1.247883239460035583e+02
1.243933414022779829e+02
1.238313979048539437e+02
1.301612476707989572e+02
1.216979335636585233e+02
1.288616320078745048e+02
1.324424826949689020e+02
1.241817353733833613e+02
1.310577284899310655e+02
1.349627499762783316e+02
1.270528340082715175e+02
1.334440186764279588e+02
1.259024587575746494e+02
1.326972654853413758e+02
1.309372170963162034e+02
1.322927474207632201e+02
1.270851776516490617e+02
1.320448024065733534e+02
1.364767175484523989e+02
1.300159881822198997e+02
1.355228057771529961e+02
1.374662711983649217e+02
1.314005408770235306e+02
1.372451479683447815e+02
1.400709923731655238e+02
1.340976755320731115e+02
1.389083876810618108e+02
1.444139610276114638e+02
1.359797606650293176e+02
1.435387289668670405e+02
1.437465325117513544e+02
1.396729183173939077e+02
1.431466059220704778e+02
1.384418556558238436e+02
1.419655826419434845e+02
1.494299075972147079e+02
1.395837658234657397e+02
1.480745254148462777e+02
1.437702179265564268e+02
1.516747842140840703e+02
