0.000000000000000000e+00
-4.492613175746550525e+01
1.933447358834457219e+01
-2.625570974867163088e+01
1.167352150382595877e+00
-7.494505753366047962e+00
4.224542687702929733e+00
-1.143196900788871773e+01
3.245912367679342214e+00
-3.444260447393782343e+00
3.094874324668142940e+00
-2.822086545857055206e+00
2.852097754555070086e+00
-2.307707179917108942e+00
2.501752145753323830e+00
-1.843148196785108661e+00
2.392702984553577661e+00
-1.419440468954251688e+00
2.400315784513787687e+00
-1.028357425104062806e+00
2.470303803234862539e+00
-7.082331491424092018e-01
3.269808737032942947e+00
-4.957271334398348772e-01
3.583172132740886529e+00
-2.966159515639281707e-01
3.912154909979140616e+00
2.584554040398371888e-01
4.136880127715326871e+00
4.047940130259998215e-01
4.342401231320661026e+00
6.075151125617472836e-01
4.680180125388292645e+00
8.573147074376102905e-01
5.024240673477227581e+00
1.135615778775957985e+00
5.385968407897671284e+00
1.435123975654145401e+00
5.765310038775925072e+00
1.752430464980513358e+00
6.158143449040413664e+00
2.084671555090727324e+00
5.432144438059574476e+00
2.448034332943504587e+00
7.119379407902195922e+00
9.338027367444178495e+00
1.084729705384837928e+01
8.334102119810427922e+00
1.208917113865011395e+01
8.964431599686605523e+00
1.250972626530736420e+01
9.341745948495457696e+00
1.294499719397246018e+01
9.734368119552547327e+00
1.335478515226261642e+01
1.010252716741210932e+01
1.375755889538331367e+01
1.046772470361939789e+01
1.415371292711625095e+01
1.082825084689801365e+01
1.454782998756365586e+01
1.118710869559006227e+01
1.493966494562931935e+01
1.154420954815114087e+01
1.533005696293675157e+01
1.189987086852912235e+01
1.571878807144404178e+01
1.225386915216601302e+01
1.610577493983955577e+01
1.260596408175521610e+01
1.649071584523375122e+01
1.295580957666881261e+01
1.687331300632336450e+01
1.330303836784258920e+01
1.725322745542307246e+01
1.364726073081507707e+01
1.779880425748589090e+01
2.022286608543554820e+01
2.318696949764386872e+01
1.941431976472238219e+01
2.413394570131062977e+01
1.983549482481661030e+01
2.449438491452950117e+01
2.018299355030849540e+01
2.483803642046358107e+01
2.051461557394373969e+01
2.516248630551659815e+01
2.082880734734597539e+01
2.483349162656855569e+01
2.115915374024953977e+01
2.517043066260656659e+01
2.147757461564331649e+01
2.547274966097412019e+01
2.176753380533971338e+01
2.575349943342497028e+01
2.203853203492218427e+01
2.601252775615150981e+01
2.229077831889247463e+01
2.640995621793531001e+01
2.925135914548739180e+01
3.062311470341557040e+01
3.015972993997294083e+01
2.963471897125933552e+01
3.169587772405817816e+01
2.946816108246506971e+01
3.155814156545453031e+01
2.964401143376068504e+01
3.194666136069113449e+01
2.917708718272904989e+01
3.208651535272394995e+01
2.932327189202782236e+01
3.212026695177340230e+01
2.948729606286332583e+01
3.216328531575592109e+01
2.964255811311996425e+01
3.219526177245988663e+01
2.980410163084863129e+01
3.279047696785426069e+01
3.661112023204756127e+01
3.928065662458358531e+01
3.624024348791724748e+01
3.935953295693641252e+01
3.635021309950096224e+01
3.928184320046675992e+01
3.609291628248867312e+01
3.840686795088794270e+01
3.293539446767486112e+01
3.844317541050359210e+01
3.555704328849166984e+01
3.852516274041516908e+01
3.541067403757436693e+01
3.855096107689347207e+01
4.141718543546359399e+01
4.256242089369190040e+01
4.143367592744004924e+01
4.287233121849068596e+01
4.147793042218894044e+01
4.287884794010086864e+01
4.126297358731713416e+01
4.274635347623996751e+01
4.101082446358955025e+01
4.256021154844311383e+01
4.074582397895596131e+01
4.234877807002239081e+01
4.046285835649995732e+01
4.198729618827405830e+01
4.068010819602230299e+01
4.474293047777170074e+01
4.555265872297997021e+01
4.997017950555274268e+01
4.334315112778076440e+01
5.053153129904922025e+01
4.265163438998774836e+01
5.012452554984980679e+01
4.187260589744275308e+01
4.987549737725951360e+01
4.323948837920427479e+01
4.520051377316266894e+01
4.601041657793945916e+01
4.563592500078409842e+01
4.450944337813181306e+01
5.050218874466781216e+01
4.880911897885640371e+01
5.315248803029889757e+01
4.649132781791224289e+01
5.346258441756562974e+01
4.551512946946894544e+01
5.245643056767708146e+01
4.526850361320706639e+01
5.175161343123118485e+01
4.434702269693170962e+01
5.100031109026038934e+01
4.377781869810742421e+01
4.984798029230361749e+01
5.265425946589691364e+01
5.123175797432376299e+01
5.348960260053603832e+01
5.136966914365675052e+01
5.146848452372022820e+01
5.102727173846882636e+01
5.074232877135569453e+01
5.030862750458946664e+01
5.025299410586652726e+01
4.976515784656077557e+01
4.950294083704199011e+01
5.443721188607634076e+01
5.261741843707885380e+01
5.618650521193940506e+01
5.059001406876258500e+01
5.614698378034061221e+01
4.938423688955360547e+01
5.519034511115808783e+01
4.961314225816351353e+01
5.474559146080964922e+01
4.801606162168921799e+01
5.366845695799790406e+01
5.737125449298370228e+01
5.387768603988625671e+01
5.633938064045486271e+01
5.335766714308282843e+01
5.591304190078099623e+01
5.380891876326163015e+01
5.409746509316904906e+01
5.260275775373514762e+01
5.313136106726039998e+01
5.156699987560280363e+01
5.239604967694663884e+01
5.672425064660467342e+01
5.450485721617961588e+01
5.619991150082097420e+01
5.407253305885034678e+01
5.490806308073712927e+01
5.296854519589513188e+01
5.449055174446137784e+01
5.227044378800918878e+01
5.318586627725199634e+01
5.108480572122997643e+01
5.541694144348230111e+01
5.537151006886016091e+01
5.660838664100325701e+01
5.251421028772396227e+01
5.766287135967376543e+01
5.276003386543241902e+01
5.691998027329096033e+01
5.023693639590595694e+01
5.544673036675109046e+01
4.920994953797410432e+01
5.424333846510585033e+01
5.726062719205915386e+01
5.198139150524627894e+01
5.683809301373764811e+01
5.008687409202677543e+01
5.584922140717419126e+01
4.956349883212257623e+01
5.436006132677776037e+01
4.751959815093852058e+01
5.328456129188753465e+01
5.470667689479938645e+01
5.781012231277487246e+01
5.213548747550432694e+01
5.620205418756895455e+01
5.063963091638122904e+01
5.471394964753469736e+01
4.947372141396782297e+01
5.328578121645824694e+01
4.769571152192774832e+01
5.176032054821682493e+01
5.401718815377098792e+01
5.532886365375805582e+01
5.244507426556523200e+01
5.450427997798261970e+01
5.088346954891233054e+01
5.297893599187744940e+01
4.951739589843848677e+01
5.144194515048322813e+01
5.358276678037272234e+01
5.641056659594337930e+01
5.129416595602829432e+01
5.386363337107841431e+01
5.074206087883194272e+01
5.320950764711592029e+01
4.857733367364223653e+01
5.110764426725567233e+01
4.703650078594183270e+01
4.973326147285546028e+01
5.204580292112157025e+01
5.359430514352054331e+01
5.033918333409286561e+01
5.259647663672673445e+01
4.768522413038933649e+01
5.092225357778431061e+01
4.579117100244813798e+01
4.889498460960798099e+01
5.065927623717125527e+01
5.253578055950597303e+01
4.751278636204403227e+01
5.057388070818142012e+01
4.655855115645303499e+01
4.920874492793854671e+01
4.440420374358975408e+01
4.730615264731095237e+01
4.937515289237814642e+01
5.071671393843610076e+01
4.883350936102392126e+01
5.031392501979241416e+01
4.523104087499140746e+01
4.795970472098402837e+01
4.427282298166803542e+01
4.629769681023207539e+01
4.875077654088541834e+01
4.949029917405629675e+01
4.797771911555543767e+01
4.880579040846907901e+01
4.528948018824465294e+01
4.654777117106801398e+01
4.395172355055738223e+01
4.553320638277845234e+01
4.848225376724644065e+01
4.828841151097488904e+01
4.639721691723876518e+01
4.670841460365308251e+01
4.507418646155797859e+01
4.535488688435761873e+01
4.267703507912131045e+01
4.562763420209854814e+01
4.578709024728822641e+01
4.908986697505321217e+01
4.346771876506281274e+01
4.715331550717002784e+01
4.228796030983991017e+01
4.607760042113680043e+01
3.979497322159699024e+01
4.379228417931043538e+01
4.468444400221359558e+01
4.668262127243687587e+01
4.291697101981628748e+01
4.672139050136480165e+01
4.001231570609319022e+01
4.438890441367645678e+01
4.720729081907848723e+01
4.422903833295955422e+01
4.461540836860431369e+01
4.326047872378286030e+01
4.232324949380254964e+01
4.101500233865958478e+01
4.169722777358580856e+01
4.011119469915770708e+01
4.319743937415944401e+01
4.586748907154094468e+01
3.933535773983267347e+01
4.316340290150291281e+01
3.948282702305906611e+01
4.242848728495116717e+01
3.563321589458401917e+01
3.984196241880031408e+01
4.280603441802276876e+01
4.120642830171678384e+01
4.106700219167380794e+01
3.876401753723808952e+01
4.028430739674996630e+01
3.789164939743546512e+01
3.741981136747310188e+01
4.089952247202413105e+01
3.977257912657108108e+01
4.074195362410281263e+01
3.782973634373836092e+01
3.861317429272313717e+01
3.611417005816870329e+01
3.743222946987346944e+01
4.090420135494979803e+01
3.709858450067707025e+01
4.103145830396378813e+01
3.286282705444379104e+01
3.846981338828959451e+01
3.097430559615358447e+01
3.641573736777773007e+01
3.886108315181429163e+01
3.840709290911428297e+01
3.570284590183891993e+01
3.879829802323971677e+01
3.135815063508300327e+01
3.595792665056416126e+01
3.819056341940196120e+01
3.874800649390987672e+01
3.587999445566072865e+01
3.811329252005140944e+01
3.181013060238925760e+01
3.574961409145116420e+01
3.008029486012786435e+01
3.391227090717686110e+01
3.635268986114759571e+01
3.686305698769213990e+01
3.393881133034554409e+01
3.658331445742718557e+01
3.154093976120413245e+01
3.334350076050500888e+01
3.568969817012137469e+01
3.678933445579502859e+01
3.464099800176776256e+01
3.645409121979412959e+01
3.179341325558689846e+01
3.378872596562057851e+01
2.964760450551703386e+01
3.176586385678851698e+01
3.362132095720760105e+01
3.525217724137176134e+01
3.228267431806769849e+01
3.439511035693156771e+01
2.937254251938221827e+01
3.186505901577171684e+01
3.330685363690415812e+01
3.531224247131306981e+01
3.260422022917072127e+01
3.502318218440608888e+01
2.928606318942649978e+01
3.233867635684172370e+01
3.304932575184453469e+01
3.544210234574527618e+01
3.212554732057712670e+01
3.509659988180921175e+01
2.897700121964392039e+01
3.273844123924296667e+01
3.292463683385248174e+01
3.582872069407279270e+01
3.084333459874203243e+01
3.469332717217251627e+01
2.835824645272035838e+01
3.259155449421402295e+01
3.265060241077076597e+01
3.585334073310058756e+01
3.135712015923413531e+01
3.544196694654031887e+01
2.786304515428468775e+01
3.307285493189729664e+01
2.686294770845118407e+01
3.163763363321230315e+01
3.111272446165881433e+01
3.469542086567093975e+01
2.740410975665229287e+01
3.294432666730423165e+01
2.663925864676181376e+01
3.175294108560736106e+01
3.346262912651894794e+01
3.266758154134819847e+01
3.176735019461601794e+01
3.103215727104448618e+01
3.059032705637869043e+01
3.370998017226272481e+01
3.278873384186412210e+01
3.643374341571446706e+01
3.011344978513634274e+01
3.315094039925241276e+01
2.920096938026930999e+01
3.305259595992512800e+01
3.597884903343481255e+01
3.106593125521291654e+01
3.458106368734696900e+01
2.966572238040489040e+01
3.326413008584811593e+01
3.623585550598167515e+01
3.346512473076613503e+01
3.694376032885362804e+01
3.116466332675475570e+01
3.501643686726226434e+01
2.890012431302353946e+01
3.300281019060494003e+01
3.594151283040957168e+01
3.225619837210444985e+01
3.554897771793829264e+01
2.821206031496776490e+01
3.373036963686001855e+01
3.645811769559731630e+01
3.548252229428118198e+01
3.350538462408000839e+01
3.577674229629768377e+01
3.074903884381742358e+01
3.465652245083850858e+01
3.648811847083390347e+01
3.740514581697028262e+01
3.385209477180293192e+01
3.506292953648722488e+01
3.194541697413605164e+01
3.370455029376220324e+01
3.621342976543044045e+01
3.884849818410194189e+01
3.215367505726167252e+01
3.605003636890667451e+01
3.260429130468930481e+01
3.599270535901809609e+01
3.671922850458935983e+01
3.920002522647623522e+01
3.314954957710243377e+01
3.705921176091299429e+01
3.105978429614049219e+01
3.510734294506139719e+01
3.624564925360166256e+01
3.858048894027138687e+01
3.450551108947183110e+01
3.759209278729845494e+01
3.265019116967701507e+01
3.555364368710408485e+01
3.745491554116713218e+01
3.901523445029987869e+01
3.649290052971775822e+01
3.840296502160817482e+01
3.392983493863072653e+01
3.623443783233116022e+01
3.820577269185398706e+01
3.968332133976328890e+01
3.627931911225130079e+01
3.876421193854572067e+01
3.390158112656072831e+01
3.663714204027183285e+01
3.900054938291875573e+01
3.999466526336519934e+01
3.837753454834754763e+01
3.961614357525503749e+01
4.239006247633284374e+01
4.267876761512968642e+01
4.024327280214571800e+01
4.111855727822622697e+01
3.863322025038990404e+01
3.959012924522596677e+01
4.267848723173886327e+01
4.314596988840472136e+01
4.045393304845682536e+01
4.096133427683510320e+01
4.153993503298803347e+01
3.921717885875886367e+01
4.278972154464065625e+01
4.395635387531411453e+01
4.045614219147411461e+01
4.138229192323217376e+01
4.086209461391960929e+01
4.467721142047788874e+01
4.347837647362599967e+01
4.693881150706915406e+01
4.052924102221024327e+01
4.497365055773248343e+01
4.791711914651136794e+01
4.554745248374706534e+01
4.561191659461905346e+01
4.451967169959371518e+01
4.361805494215126089e+01
4.263546271294434575e+01
4.662590186119634694e+01
4.855082434157979776e+01
4.296859460338237824e+01
4.772416295552712739e+01
4.059249811324532686e+01
4.565132413513128995e+01
4.893248894710055907e+01
4.510802759255993521e+01
4.699628708376250330e+01
4.542131264465631801e+01
4.533968035570441657e+01
4.847858066481106221e+01
4.971865593142982931e+01
4.582380383595622675e+01
4.920729284422350958e+01
4.336983798625575304e+01
4.717089541328007130e+01
5.002331547333884743e+01
5.012758537305609252e+01
4.737067345582294564e+01
4.815132672770359079e+01
5.114755029983170687e+01
5.391432994928030809e+01
4.786838149964734157e+01
5.136204722472704276e+01
4.574607280227812112e+01
4.951990174301005254e+01
5.189170884644408233e+01
5.288305460865784369e+01
4.904410159627640553e+01
5.108898488006923344e+01
4.734950005183776511e+01
4.939738942192893489e+01
5.205028043871813992e+01
5.276466233546555884e+01
4.925907946880086996e+01
5.172746793133880061e+01
5.356564924334102784e+01
5.578762753292009791e+01
5.045312853304022127e+01
5.291129111138909025e+01
5.004415091627782175e+01
5.250899299155321387e+01
5.401180658130571999e+01
5.583086955508708371e+01
5.095614101916955008e+01
5.392748403871770790e+01
4.884630805477141280e+01
5.183198462946407403e+01
5.356454514010003010e+01
5.565685527208969319e+01
5.136445102102873506e+01
5.386514104840311035e+01
5.626628144201398385e+01
5.695944504981923018e+01
5.242428167197660116e+01
5.479089263766037021e+01
5.050015300097190618e+01
5.308086525922593779e+01
5.572901460413945784e+01
5.604298700712312353e+01
5.354625102606811993e+01
5.477623765174553228e+01
5.780355463552405837e+01
5.761548490368284092e+01
5.516677311063049416e+01
5.590217855227884058e+01
5.400241550390047252e+01
5.491967591655968306e+01
5.816477595342660578e+01
5.733721728928382078e+01
5.538089825460478011e+01
5.549139988207622309e+01
5.882366531581362779e+01
6.034549999073281157e+01
5.636997086343493635e+01
5.979768587279293257e+01
5.349913919558910891e+01
5.797759978488029020e+01
6.075282073053875109e+01
5.832033841659536222e+01
5.831559555979797693e+01
5.696840088538220215e+01
6.057132758093500513e+01
6.195522235748722295e+01
5.775927061434910570e+01
6.161216658831854431e+01
5.366938783668425827e+01
5.935418711738064701e+01
6.226734071128826997e+01
5.833828753920997201e+01
6.006051437089580247e+01
5.732809520617004040e+01
6.108892206806649483e+01
6.009617502108193321e+01
5.978730451146277858e+01
6.255647743710542841e+01
5.454223047847133188e+01
5.912922621670659140e+01
6.181963183561833830e+01
6.186712182420533424e+01
5.761881094065174835e+01
6.062463835993677463e+01
6.306301718800664702e+01
6.324364260370992241e+01
5.967549449064243561e+01
6.109530352032571443e+01
5.736194700754894171e+01
5.991840031152308654e+01
6.079772267625969562e+01
6.293930822624981403e+01
5.724559661606798500e+01
6.066527197750454548e+01
6.213021557837258513e+01
6.403217532300014625e+01
5.727273889061814316e+01
6.147328395040675986e+01
5.593387112955574025e+01
5.918228813394696886e+01
6.021897468664133157e+01
6.231749395369006095e+01
5.630734306411332568e+01
5.970032714780465000e+01
6.103941575399157671e+01
6.265057675799819492e+01
5.936330822240730498e+01
6.108278984485392016e+01
6.269793146307558374e+01
6.393084310017570715e+01
5.937537874040983610e+01
6.147795503075104762e+01
5.705324940888850449e+01
6.021410927272891200e+01
6.084218931840356248e+01
6.306169026271632561e+01
5.978002070543341517e+01
6.224398791704114586e+01
6.244384316314518912e+01
6.476153585767140441e+01
5.920844347618314174e+01
6.207302758593647951e+01
5.768209697933575342e+01
6.026616407110984142e+01
6.026365699889795025e+01
6.275637797496658266e+01
5.928619139241480696e+01
6.136263197705723371e+01
6.357536187759220070e+01
6.189718187002128502e+01
5.920537034683179911e+01
5.914872713864512832e+01
5.838536381419969956e+01
5.912131050368589769e+01
6.200030450013351668e+01
6.013092576966435132e+01
5.847340829018018837e+01
6.173442108442498011e+01
5.938997533117833427e+01
6.296374179199145971e+01
5.814364396184586781e+01
6.121093416042507585e+01
6.381526384497182391e+01
6.005952471045497987e+01
6.100896074910421873e+01
5.857923109218179292e+01
5.776997538240236452e+01
6.132141610719074976e+01
5.813749275445780285e+01
6.158261136912194900e+01
5.529552400957701508e+01
5.874517302595890555e+01
6.128682930821260300e+01
5.822672998658420340e+01
5.875802367096152068e+01
5.573890521227095007e+01
5.911712985494425254e+01
5.958234387803846488e+01
6.088557423708957117e+01
5.476990807304349573e+01
5.770320429013693797e+01
5.989918421350475342e+01
6.184759692462341008e+01
5.590331793560493878e+01
5.866499746814101002e+01
5.321888191888420749e+01
5.604778500450386503e+01
5.770731157372657094e+01
5.846279407234325021e+01
5.414137562777661827e+01
5.628216653182133911e+01
5.714480386620869012e+01
5.907616254803534872e+01
5.322624865051047038e+01
5.605776666955947718e+01
5.691019386172594352e+01
5.855355436846856065e+01
5.374091369973112364e+01
5.599772629286272263e+01
5.714557474469997089e+01
5.847888720734929535e+01
5.473438285941781345e+01
5.635638752856253575e+01
5.173925813264042972e+01
5.332495506554875675e+01
5.508230414293818455e+01
5.561054564547789170e+01
5.511397128860264871e+01
5.131472977823477066e+01
5.393060766499987579e+01
5.414501890715804677e+01
5.633068721507419951e+01
5.110743973889007918e+01
5.343298766479192352e+01
5.335056055072944758e+01
5.578246957406137341e+01
5.348664607287734896e+01
5.121880722042939738e+01
5.268926479103282645e+01
5.486461602489440992e+01
5.397593530785533744e+01
5.026080442339060994e+01
5.118049516746064853e+01
5.381170910971740540e+01
5.270398406364015642e+01
5.383322004000106631e+01
5.072309747130162094e+01
5.355160949469584608e+01
5.434072140758167535e+01
4.978633888452114320e+01
5.367567688369714318e+01
5.606208483038132329e+01
5.343637595255554373e+01
5.237903149053757090e+01
5.062330801712141692e+01
5.115865713875893306e+01
5.419650466947562251e+01
5.127965522914624330e+01
5.277609723647661610e+01
4.949593779610471245e+01
4.912962244952262836e+01
5.240372767040830837e+01
4.939801809754443696e+01
5.216840380371861841e+01
4.403026430519369683e+01
4.907195546990671886e+01
5.140224143352816810e+01
4.919846475809973896e+01
5.021211115300229721e+01
4.699118188252406725e+01
4.915124402394665282e+01
4.923688696241359963e+01
5.076845544458350190e+01
4.313823644192449791e+01
4.764085956787103981e+01
4.970713738315023988e+01
5.068361996075029197e+01
4.664727976460010694e+01
4.705626001647587486e+01
4.923895892239870875e+01
5.088160810488221131e+01
4.404679785489573618e+01
4.779001989893622948e+01
4.928716447282891266e+01
5.005010878719981093e+01
4.723600219292128344e+01
4.910007384230752336e+01
5.014596627122138273e+01
5.121334442261654374e+01
4.662012523245550710e+01
4.850417627241166940e+01
4.330577621941785793e+01
4.479888577600832633e+01
4.596782765335180443e+01
4.755115499210464947e+01
4.435904256895371844e+01
4.654311817642747684e+01
4.750655027651945517e+01
4.905663664653840783e+01
4.471016652429231186e+01
4.654087829381609964e+01
4.827582964302604296e+01
4.847142728989443583e+01
4.465137847176014674e+01
4.580080689692596962e+01
4.791207004154568949e+01
4.784777595443662790e+01
4.825792849073435065e+01
4.597875029451710560e+01
4.864019001986856239e+01
4.809761257193505912e+01
4.762372024561295802e+01
4.715425955525018509e+01
4.292754906221305333e+01
4.555023094460408828e+01
4.545619131605243268e+01
4.827953074299382763e+01
4.390725068681827281e+01
4.753769243079135265e+01
4.753387034514313569e+01
4.926515416107322665e+01
4.080714370502697363e+01
4.648943402009058445e+01
4.788743279908820227e+01
4.643873945036011719e+01
4.732725858903582861e+01
4.503365358038961830e+01
4.823866478543768466e+01
4.817879981976157211e+01
4.624253783574575749e+01
4.501204865803707378e+01
4.889743291302166739e+01
4.572540398389153182e+01
4.908710000584294164e+01
4.231689429590068841e+01
4.592638893968273095e+01
4.838176886967236356e+01
4.717418146507819898e+01
4.744129191886514008e+01
4.435927339932229074e+01
4.681235147777778138e+01
4.718683097115403058e+01
4.846788167462295860e+01
4.267580784775769587e+01
4.534779449420737052e+01
4.759852691308454098e+01
4.941463142902379957e+01
4.435096022854872189e+01
4.637609424535973091e+01
4.800553005575293497e+01
4.883665516038477961e+01
4.469087553982637928e+01
4.624554520423902915e+01
4.836273981373327047e+01
4.955953914169122498e+01
4.473228745870073908e+01
4.738661651052544244e+01
4.909019845918270164e+01
5.017000457775381506e+01
4.662153628089765078e+01
4.865102211480601113e+01
4.989806614661571871e+01
5.178714754752106586e+01
4.578251725224053814e+01
4.812900123051785073e+01
4.572203201764988734e+01
4.805312546209727032e+01
4.910511224827253329e+01
4.834714173653816260e+01
4.804490762714040386e+01
5.040578227627359809e+01
5.081802804790631001e+01
4.624835152972340779e+01
4.786907623892045649e+01
5.015029738746770249e+01
5.016987443049458761e+01
5.073708116522776379e+01
4.935516490813120782e+01
4.418070908702875954e+01
4.836512561846606673e+01
4.808055686063298140e+01
5.075068669465366611e+01
4.614582831199014379e+01
4.934413978878080798e+01
5.001725931582971185e+01
5.181634273112481281e+01
4.466826591707518901e+01
4.893657787440957918e+01
5.115077951963981207e+01
4.919200829756826465e+01
5.117285630920520134e+01
5.425897454994696290e+01
5.171012222334670838e+01
5.089575586143763530e+01
4.935986015250107073e+01
4.941401490089742765e+01
5.291611088214042979e+01
5.010712736754555863e+01
5.307338723180318851e+01
4.515991804224201189e+01
5.024249304988563836e+01
5.291308610220384878e+01
4.967747258194832227e+01
4.993675259158930402e+01
5.355930656236377985e+01
5.270992401482661194e+01
5.353973196187831718e+01
5.033163228657043220e+01
5.286230556508380829e+01
5.318331679110301025e+01
5.272540300802648972e+01
5.288245895739201075e+01
5.520830272869136479e+01
5.668019523675521754e+01
5.018678919146682915e+01
5.407093038809953356e+01
4.731156837134014381e+01
5.135447184197435178e+01
5.325034770788253979e+01
5.384039414324901429e+01
4.988965290586934742e+01
5.209272565782748643e+01
5.271087214855522518e+01
5.497906022984376762e+01
4.817814363638030528e+01
5.193748575943150314e+01
5.308000063106801036e+01
5.470670557830593594e+01
4.863483063297719156e+01
5.197426171573371079e+01
5.314043514792588496e+01
5.439727836115748261e+01
5.359842935882223713e+01
5.490836416670293829e+01
5.663315571356815070e+01
5.665863715597187422e+01
5.160691933291649747e+01
5.423637445447576511e+01
5.487109933142233587e+01
5.687257767031412214e+01
5.397444075445108069e+01
5.548769626123539922e+01
5.634140490214729624e+01
5.816687776479438554e+01
5.229158989275605052e+01
5.511237041122876690e+01
5.566616031456411662e+01
5.802873292214272283e+01
5.542830763863198484e+01
5.405450422167096747e+01
5.452974198193787458e+01
5.731660233972694840e+01
5.597182243506900079e+01
5.324244944150377279e+01
5.482619526353204975e+01
5.761316863998178661e+01
5.561698092240133207e+01
5.653652312678023151e+01
5.954748667724949485e+01
5.706255717581966280e+01
5.828708272534508694e+01
5.574869368501345690e+01
5.914329613263970487e+01
5.957819677174418871e+01
5.584967690942823992e+01
5.629072595082921282e+01
5.955426918166256911e+01
5.659606186271249584e+01
5.875741951861433421e+01
5.455787178226940171e+01
5.663354841195498324e+01
5.938295612904813936e+01
5.468394022684302769e+01
5.885073523551578489e+01
6.099405266292648520e+01
5.715533049518204933e+01
5.941171484463617247e+01
5.562301728536384360e+01
5.606492194106849070e+01
5.833611737359785110e+01
6.009104248035573903e+01
5.493738257712983852e+01
5.743082543960814945e+01
5.934765158850075295e+01
5.808591846061992925e+01
5.804853596821909889e+01
5.217597921577922904e+01
5.571611294963463479e+01
5.719000380057084243e+01
5.809087593593701371e+01
5.371585893012932189e+01
5.548176113710697166e+01
5.671828985249121047e+01
5.804450833769090679e+01
5.286372526256401727e+01
5.544500569480609187e+01
5.695273950439102606e+01
5.768829065768072439e+01
5.452218723075589679e+01
5.582989611328834201e+01
5.730080306708338611e+01
5.800740462286896104e+01
5.418532108718937224e+01
5.684586812739034656e+01
5.731481081188811544e+01
5.898124942241565094e+01
5.192863933570883006e+01
5.551822155572419604e+01
5.554393946183947151e+01
5.791805714329827737e+01
5.682835911962460784e+01
5.951152325292132872e+01
5.866340058700716753e+01
5.549328697435593227e+01
5.579497003362858720e+01
5.837252779072836262e+01
5.832052824831296078e+01
5.932009410216694079e+01
5.518501918857193544e+01
5.718113051860338203e+01
5.928203431535818169e+01
5.738895011837547599e+01
5.544143843812720718e+01
5.872247676036948860e+01
5.646806145036475044e+01
5.958187190152995782e+01
5.460216798607363131e+01
5.758504955153054539e+01
5.994109686167230677e+01
5.643999317726721898e+01
5.707115190672409000e+01
5.999362423496773999e+01
5.701888550356979835e+01
5.770353856796062786e+01
5.479653697787185962e+01
5.442438857127415730e+01
5.760461828261947659e+01
5.519283454572897085e+01
5.808225888740281562e+01
6.039240128624071957e+01
5.606805894194404516e+01
5.906547742420889335e+01
5.317663089558476486e+01
5.671731067895380818e+01
5.805245366664945550e+01
5.703978570101140377e+01
5.524327199661378529e+01
5.677076828084222626e+01
5.853771640262214504e+01
5.725383348910215631e+01
5.491416808333153909e+01
5.575706605540428740e+01
5.748444230406254718e+01
5.855992534247358350e+01
5.255736977405209132e+01
5.522581509713968018e+01
5.643582805745460007e+01
5.777307791166437312e+01
5.323704114397889953e+01
5.462747861217938805e+01
5.615148652119300721e+01
5.709472487463891355e+01
5.599396613079660767e+01
5.150224099467929761e+01
5.365516573909242481e+01
5.433935932506461342e+01
5.603082964065615101e+01
5.656393600327341176e+01
5.825043771584348917e+01
5.719109174381909355e+01
5.316269467376164926e+01
5.419612765541050692e+01
5.628746914601590845e+01
5.613094896496644992e+01
5.600780497690843163e+01
5.585520602716907490e+01
5.829852433795454658e+01
5.685999000258315306e+01
5.342978883688460456e+01
5.363132687661956766e+01
5.621067859792260180e+01
5.533730193194334390e+01
5.598755440072543621e+01
5.816332638856935233e+01
5.620410085947156631e+01
5.792021726532082937e+01
5.323054975182725457e+01
5.662645863833506610e+01
5.903916119057161893e+01
5.542914315880306475e+01
5.694867316990298178e+01
5.155655857844826784e+01
5.556224977719761426e+01
5.772828437123348522e+01
5.244820156020817592e+01
5.627842584483656196e+01
5.864900217025314788e+01
5.203863276693839879e+01
5.670857434628453575e+01
5.902405582853914723e+01
5.555643222518667557e+01
5.742903073981851492e+01
4.994406622293764286e+01
5.557618280077829809e+01
5.779801954866623959e+01
5.340617749854254015e+01
5.675068778744058307e+01
5.814846752804104568e+01
5.902728852504658619e+01
5.501813363264597001e+01
5.583471176246624879e+01
5.779318660344531366e+01
5.951222650280173809e+01
5.235174593103609197e+01
5.628860927565422401e+01
5.785130970534858363e+01
5.877840741743079889e+01
5.398198194202327471e+01
5.628806864306582014e+01
5.716523216872332114e+01
5.846055257465638277e+01
5.446293430381515321e+01
5.653105770860119605e+01
5.734436828280816911e+01
5.883380829017136904e+01
5.483738281714620655e+01
5.679477917034314771e+01
5.767389679226055677e+01
5.941279936504983539e+01
5.420668215595689077e+01
5.676333713325421826e+01
5.701912762674519541e+01
5.900495279370404234e+01
5.600620324438303754e+01
5.713943736541092022e+01
5.828532753231041141e+01
5.858258161112818385e+01
5.446947454668058697e+01
5.525130100785663245e+01
5.775584483420099247e+01
5.705033199126558685e+01
5.717388526486694644e+01
5.620553826199326153e+01
5.906278441830259140e+01
5.788670203711748030e+01
5.485032892347061306e+01
5.449941147367385952e+01
5.740445936627648393e+01
5.850810335890399472e+01
5.647540963743779940e+01
5.539613479554908082e+01
5.857841083651773317e+01
5.631119137901846727e+01
5.930252417292994238e+01
5.164704272740532787e+01
5.627834563941515711e+01
5.866065433488513747e+01
5.561518093696217591e+01
5.632884764933344712e+01
5.942959363407325668e+01
5.627489805056307404e+01
5.777601447313985972e+01
6.056982549849158204e+01
5.944829160079273578e+01
5.830336998854550501e+01
5.540182537233850724e+01
5.869561360985018439e+01
5.918250148594445648e+01
6.032980577676745781e+01
5.250932582963989859e+01
5.680699557806100586e+01
5.889744628122416259e+01
6.075066694305245107e+01
5.320215162638314865e+01
5.708619001985725561e+01
5.892876386340667239e+01
5.962951753339714145e+01
5.540943130108431092e+01
5.712859386198066858e+01
5.786621924782011916e+01
5.952836892540021552e+01
5.428878857609109332e+01
5.649147027725740600e+01
5.743305344673284907e+01
5.872773679182810724e+01
5.547389848513591204e+01
5.753653174333464193e+01
5.840461712824214402e+01
5.970092655991390274e+01
5.469696503010936084e+01
5.649444857324819225e+01
5.737325429557605361e+01
5.894466906194286793e+01
5.933414716267733979e+01
6.117533903228896719e+01
6.059883930257895202e+01
5.636634544032737182e+01
5.720587607254090301e+01
5.930409491319498727e+01
5.913952196788258675e+01
5.897229881925645856e+01
6.132016044991024728e+01
6.051272259183311064e+01
5.733711998786443331e+01
5.747679308581390956e+01
6.007131723177344895e+01
5.904811954579800215e+01
6.033499445053438848e+01
5.774655625307499918e+01
6.084765420516080781e+01
6.062320187978071573e+01
5.708708376064227963e+01
5.642057138678678996e+01
5.955094154134368267e+01
6.147876474286006498e+01
5.677835017996429912e+01
5.972264968838135957e+01
6.215819531522107155e+01
5.864413344696365016e+01
5.842919792724205053e+01
5.598990292823241077e+01
5.909954200347505804e+01
6.108437961221596879e+01
5.499692680996722771e+01
5.811616244619354177e+01
6.040962792057998598e+01
5.912317773775872354e+01
5.833612321727106576e+01
6.155595443336423500e+01
5.814126825242100693e+01
6.044843690889685917e+01
5.518253242661391766e+01
5.845935504657141024e+01
5.825495497771216691e+01
6.005098258449724824e+01
5.556641725340553961e+01
5.774603301899700369e+01
5.830027259121554550e+01
5.996942728242296283e+01
5.484884432540047072e+01
5.698379410323368433e+01
5.776412962881050817e+01
5.917919129465326478e+01
5.401626374105916994e+01
5.617253691185624120e+01
5.714991688381378765e+01
5.824954163284446196e+01
5.537165877877042419e+01
5.700966325020948489e+01
5.769101786232954510e+01
5.914977631017915627e+01
5.967915950610238696e+01
6.117141634402753425e+01
5.708460453213407249e+01
5.887578771605996053e+01
6.008278503037182361e+01
5.991399805208686757e+01
5.716522221072863630e+01
5.763176886837498358e+01
5.987419310692094143e+01
5.920128212312371119e+01
5.514501597480187911e+01
5.575469860287576296e+01
5.823782726269501353e+01
5.730586201836866422e+01
5.924728400216641688e+01
5.425962579086349535e+01
5.689583399149462650e+01
5.584853744360415106e+01
5.839477335477301523e+01
5.420804742526608777e+01
5.675224991736071445e+01
5.741807153134409702e+01
5.611302504372947197e+01
5.898639667040906431e+01
6.093398911365490278e+01
5.442940165065647307e+01
5.753776822455724727e+01
5.992963331428209273e+01
5.703213861937757656e+01
5.798680603473964368e+01
5.504221502196106286e+01
5.801718987590655274e+01
5.798231617068724120e+01
5.504961014346908854e+01
5.447752346109755450e+01
5.750037398365356722e+01
5.611224537439995430e+01
5.822775960765439862e+01
6.049190301861023755e+01
5.468197231118548984e+01
5.861905209957460272e+01
5.049355365470994883e+01
5.511629450000119590e+01
5.627792964868424264e+01
5.798629395873671655e+01
5.103133556984531793e+01
5.490327703221057476e+01
5.660720064153031217e+01
5.719411246902467383e+01
5.262233836800933062e+01
5.447141997356570897e+01
5.521292062064094353e+01
5.650860406901139044e+01
5.178564172414118616e+01
5.424625682423589978e+01
5.525846725267516746e+01
5.658447986179746891e+01
5.762961436070378340e+01
5.871014470861264556e+01
5.349530404619589063e+01
5.495037273563831803e+01
5.605982076590186836e+01
5.671352986469680957e+01
5.730996725299235806e+01
5.243875757123213788e+01
5.376772301551606148e+01
5.535247646981024872e+01
5.543768951347160368e+01
5.316231801505212218e+01
5.376056951776998005e+01
5.578885194695178740e+01
5.546005754887305983e+01
5.218746265824204755e+01
5.291632850965768142e+01
5.519968278147128160e+01
5.440268391563479611e+01
5.424667224921442710e+01
5.396593444568049591e+01
5.647436199998513473e+01
5.481562479250175812e+01
5.747761272865267301e+01
5.949824446162554636e+01
5.164746759030828116e+01
5.581171201368695733e+01
5.827957263353379602e+01
5.583871572092286328e+01
5.799346048793265851e+01
5.025549721473813491e+01
5.498631967769458839e+01
5.708526523940705744e+01
5.411766525641417758e+01
5.480581684533896691e+01
5.770795603097482029e+01
5.465692612702256525e+01
5.553679704165715947e+01
5.835883658260231499e+01
5.746739887987106954e+01
5.636483478465117258e+01
5.320964896581388359e+01
5.653137814326734656e+01
5.629446447033630818e+01
5.523314146528925050e+01
5.496762176479050055e+01
5.724534816372149493e+01
5.898237297755046171e+01
5.424372642092184549e+01
5.541158302967863136e+01
5.732123195214072808e+01
5.883114977842279103e+01
5.177709184087918004e+01
5.542438639251108867e+01
5.692290552572887918e+01
5.784560346962753385e+01
5.296111874202122749e+01
5.477727779542674824e+01
5.584783994894954873e+01
5.704481097748892893e+01
5.523244995876234498e+01
5.688186627759568381e+01
5.809284724787460874e+01
5.681705849901646133e+01
5.294927861654025492e+01
5.521979198317503545e+01
5.559593221695830323e+01
5.729198881661761789e+01
5.374649480207736474e+01
5.637364590292684596e+01
5.666619639806683040e+01
5.769828489076457601e+01
5.145163386355003610e+01
5.463958990107377645e+01
5.472139647558460496e+01
5.693402693723726316e+01
5.762863234839064575e+01
5.876699549151967261e+01
5.761621133863450694e+01
5.414440778643498220e+01
5.560005781845289619e+01
5.794063126314355827e+01
5.653521980015732851e+01
5.755574283898125998e+01
5.718091662872702585e+01
5.985595862198457695e+01
5.709727229884187949e+01
5.553221143179573716e+01
5.854591647017331013e+01
5.610517486103917406e+01
5.916860456582699612e+01
6.185129411431813651e+01
5.869224577355554118e+01
5.824038813573777418e+01
5.598395555341526375e+01
5.919510974947593951e+01
6.119166085138060396e+01
5.392628705387905796e+01
5.830662139546633682e+01
6.066086454758703894e+01
5.945758796182315820e+01
5.810638052211643156e+01
6.168128939919819942e+01
5.870250885100341520e+01
6.063253446221687426e+01
5.704083491766350988e+01
5.919066356768365011e+01
5.956095683784499784e+01
6.094310712563564891e+01
5.510227582703204519e+01
5.799746141723917248e+01
5.965935889928296376e+01
6.030008492987779789e+01
5.613956445951216523e+01
5.794740621717904361e+01
5.862814179347808619e+01
6.023886042405494834e+01
5.526953810008043178e+01
5.726284324686678673e+01
5.829320345747252219e+01
5.947616900293451181e+01
6.104315554162175061e+01
6.166288267407900037e+01
6.034182292695606264e+01
5.945111368039211186e+01
6.171087327089628616e+01
6.217408618940836362e+01
5.757830146738261590e+01
5.978791594565668532e+01
6.026803057941590680e+01
6.209718766812115831e+01
5.979044659972038289e+01
6.243455971278446270e+01
6.229400739687056188e+01
6.186287956562427581e+01
5.929394324112794834e+01
6.212868330712235831e+01
6.162532114618620938e+01
6.239455407747279736e+01
5.836555453789516434e+01
6.085030497060199650e+01
6.049134184240205769e+01
6.269801871023395989e+01
5.674060752638944649e+01
5.993504632162363066e+01
5.964568797011220624e+01
6.215368402532124747e+01
6.444007772728184591e+01
6.177430363487374620e+01
6.155761121888961895e+01
5.944204873669658440e+01
6.260251151906973632e+01
6.441270060552865573e+01
5.759560510038734549e+01
6.106499597057327833e+01
6.348846223976298120e+01
6.020736954326716273e+01
6.084789419548147293e+01
6.370284686246476724e+01
6.242191710031317342e+01
6.348804033932616164e+01
5.942479248403939351e+01
6.238198808259458872e+01
6.166850625141579911e+01
6.030434521302293405e+01
6.100766266308803409e+01
6.363203731928682316e+01
5.975682137405162564e+01
6.259773809884994478e+01
6.372055333573266722e+01
6.452495732250619653e+01
6.007021416347945575e+01
6.144513643923632884e+01
6.289130293655408366e+01
6.425462129092798591e+01
5.921669900402569908e+01
6.024889857005884153e+01
6.160730559638727044e+01
6.267000573634961569e+01
6.039763385783975735e+01
6.065434238114715271e+01
6.204097285650401972e+01
6.256512137249663397e+01
5.856171606851208367e+01
5.956131357300286311e+01
6.119590926478829118e+01
6.150541312848020681e+01
5.852362065910659084e+01
6.063645605020790441e+01
6.080507173163547208e+01
6.237198602349366894e+01
5.700108719163159066e+01
5.934624306928545678e+01
5.895498022837868035e+01
6.132070241210323047e+01
5.823546921233658935e+01
6.116087299487490725e+01
6.011833348347192185e+01
6.088608090207746670e+01
6.043982254247995201e+01
6.283537069664235730e+01
6.039823296923321294e+01
5.769661675883742191e+01
5.848084083473335681e+01
6.100895172001373368e+01
5.913886302907677361e+01
5.957519746518301673e+01
6.175971388120242977e+01
5.926735635472167019e+01
6.086665460361705016e+01
6.343294339303771068e+01
6.049991461424054506e+01
6.004278206356406145e+01
5.760327777268597771e+01
6.049292176415515598e+01
6.246368860421217306e+01
5.568579225737567384e+01
5.924118657769736274e+01
6.144034432044580285e+01
5.944757358080110521e+01
5.914938903361417744e+01
5.607121556329085621e+01
5.882053873084785067e+01
6.050535518185051131e+01
5.364492891484871251e+01
5.758499959997354978e+01
5.942535982842092324e+01
5.929265759589439710e+01
5.562959315947590966e+01
5.736557878548374134e+01
5.783722160696967052e+01
5.945667447597351440e+01
5.405009167212257637e+01
5.673002393314573766e+01
5.758228468810323619e+01
5.874418440864821633e+01
5.381298111062429257e+01
5.666174144260484269e+01
5.707498057602288810e+01
5.844146478351963481e+01
5.941686526980942062e+01
6.030411461469745404e+01
5.421684881364180342e+01
5.675045065249570797e+01
5.787102431056746354e+01
5.869620113375808046e+01
5.586360130211875230e+01
5.792124288355975636e+01
5.935092918403992712e+01
5.944768055735348611e+01
5.452979451055715998e+01
5.544998282900301945e+01
5.735706341166892486e+01
5.712912315105087657e+01
5.836424891568661621e+01
5.811665657677659880e+01
6.033224240841784791e+01
5.656560219306430781e+01
5.939502526917916470e+01
5.876717154981581359e+01
5.985770022781647270e+01
5.733460376093763244e+01
5.997277169969095922e+01
5.982209264672520987e+01
5.648859578557875238e+01
5.591370085754614649e+01
5.856810485040918479e+01
6.089395567570657164e+01
5.391622109698656118e+01
5.811504410131333032e+01
6.044533302868840252e+01
5.750233011199887301e+01
5.788734392968235909e+01
6.080996071610720577e+01
5.773643469551277718e+01
5.925128469440466716e+01
5.482933959489945153e+01
5.820227882218279092e+01
5.880719642898147015e+01
5.660914293777032213e+01
5.606028463567317033e+01
5.914831448159942084e+01
5.791157015279614484e+01
5.932357873798295600e+01
6.108885576248378158e+01
6.095147910578046435e+01
5.700774952572471932e+01
5.851531262801066191e+01
6.001533223275939832e+01
6.103990377883338425e+01
5.647270572433655644e+01
5.719837153822119546e+01
5.879341592172723807e+01
6.015672551057406281e+01
5.457258861148812201e+01
5.702970278361575396e+01
5.821747111782092077e+01
5.949466273207735867e+01
5.471507886036089019e+01
5.633011784976374514e+01
5.761952752048323845e+01
5.880750396458007856e+01
5.508162164885148115e+01
5.718716787762513576e+01
5.773366323508744813e+01
5.932590752179238791e+01
5.982446588201489845e+01
6.148031878031201813e+01
5.568560688408084758e+01
5.839270592210627342e+01
5.850010650637106124e+01
6.064309969635935005e+01
5.943610454208929639e+01
6.203013282216389257e+01
6.116302299764937089e+01
5.782079307123854761e+01
5.782532729154957707e+01
6.049856016602598174e+01
5.939787672330721335e+01
6.072356151675015923e+01
5.792830693113845086e+01
6.087011127176052128e+01
6.120604247575101198e+01
5.594073333802040082e+01
6.034591156454163752e+01
6.044178155705557742e+01
6.098452795905924972e+01
5.535914908010762048e+01
5.966703694964166260e+01
6.225717705843763383e+01
5.892611260855251487e+01
5.850349741627210420e+01
6.177972635745822316e+01
5.854630676513252752e+01
6.159694882040059838e+01
6.383942529495684681e+01
6.054957028972576438e+01
6.268369281346030419e+01
5.728690894848134008e+01
6.119714703365902153e+01
6.243090258390901681e+01
5.793751989473811648e+01
5.958178984176294080e+01
6.122279196951960500e+01
6.331260060776398291e+01
5.566042600873223023e+01
5.934856139507222395e+01
6.114351949342225367e+01
6.238373616714776659e+01
5.796288485890524100e+01
5.933432490663021497e+01
6.059907279809479519e+01
6.132337769062976207e+01
5.712359276980910039e+01
5.952618404019649745e+01
6.046746373761716598e+01
6.113142417871078038e+01
5.665298063075810120e+01
5.921435193328014179e+01
6.020384822552328075e+01
6.098726613937317609e+01
6.194883302650252688e+01
6.342084401475207756e+01
5.778607337849469872e+01
5.967523213031992668e+01
6.020086409985931652e+01
6.197574913823583387e+01
6.193002857026996821e+01
5.643769120765745129e+01
5.924955805428068345e+01
5.916804135085741478e+01
6.091291874318053345e+01
6.236131578741742487e+01
6.118080868527091098e+01
6.195288043569034642e+01
6.024824718539629487e+01
6.291708665523648847e+01
6.243909872242888071e+01
5.934149321375968356e+01
6.100597185883301421e+01
6.264930368683364748e+01
6.040638045379034082e+01
6.122857696299427488e+01
6.389079599630051831e+01
6.123889081901969433e+01
6.324445266529644982e+01
5.887351382018228207e+01
6.181147861421698053e+01
6.376874765386770605e+01
5.881849548933895733e+01
6.164000448954400468e+01
6.392797478898897623e+01
5.957439445546380341e+01
6.140251102697662589e+01
6.387986959161214173e+01
6.218675367321107217e+01
6.196625899502312507e+01
5.859784269882963059e+01
6.147191629692471793e+01
6.171494417879866035e+01
5.908620819172272576e+01
6.197250848770015352e+01
6.139796861934361516e+01
6.286536052398878383e+01
5.858244621201534130e+01
6.033664292229237702e+01
6.102880625824499106e+01
6.239314229525622579e+01
5.671528795951141433e+01
5.903322282240850427e+01
6.017700740934667181e+01
6.127114201417467854e+01
6.233092653636231972e+01
6.345497742513246209e+01
5.921646626506233702e+01
6.064698253201659384e+01
6.175016120198402803e+01
6.259913328113404418e+01
5.956149688907136408e+01
6.157071362893380240e+01
6.201749088247895259e+01
6.255435590504090015e+01
5.747227816346436668e+01
5.951900001995258549e+01
5.946908461873101714e+01
6.141773368986995507e+01
5.822641218354716841e+01
6.090714386926742918e+01
6.030854435878937636e+01
6.013426703977482646e+01
5.965192288376655227e+01
6.224754994812975895e+01
6.098304585223321794e+01
5.730499020346413630e+01
5.787799736768489822e+01
6.023190115795960509e+01
5.885931875309764649e+01
6.042751909487888895e+01
6.251724855236157907e+01
6.034361447143280799e+01
5.945658014603201735e+01
6.203715964606438860e+01
5.957092545393962979e+01
6.239391127778034019e+01
5.612467085906849462e+01
5.923747155669740039e+01
6.132969829519158367e+01
5.827859633651885218e+01
5.874177695470298488e+01
6.147927335893815837e+01
5.820028011562372683e+01
5.982677963937831578e+01
6.225138993819270894e+01
6.065326083377605926e+01
6.066701689852944668e+01
5.749096395865032605e+01
6.002289581819184150e+01
5.906270161970788024e+01
5.799214109918974458e+01
6.085670719995430744e+01
6.177566021789737505e+01
5.706340718403928491e+01
5.776256903486073924e+01
5.955746204635238428e+01
6.119108255013231457e+01
5.585307290914315814e+01
5.890896414146315863e+01
6.012878338429718639e+01
6.056863276114228967e+01
5.585284706632664609e+01
5.846576997256997288e+01
5.917516814762181809e+01
6.013613584005627644e+01
5.381495592021246921e+01
5.641367362695282139e+01
5.732981933731443291e+01
5.832955083352454295e+01
5.968146982933532030e+01
6.025198580076662580e+01
5.758999608577494200e+01
5.888128809109821304e+01
6.047503694017534315e+01
6.058033017849540869e+01
5.617256748098496644e+01
5.683645062268226411e+01
5.874362426552450245e+01
5.850531399561756984e+01
5.958871515499228622e+01
5.956471826408225922e+01
6.168692235893009723e+01
5.786230655023175729e+01
5.973982154581985071e+01
6.031630806005871648e+01
6.033846196023165476e+01
5.576581851443069837e+01
5.571353228580898787e+01
5.819205633344200379e+01
6.054383199271015314e+01
5.630811761228300583e+01
5.940808633526164328e+01
6.122545986604996671e+01
5.601712924867123178e+01
5.954021472176356866e+01
6.183252601086562095e+01
5.824278868835484957e+01
5.851880856801346908e+01
5.604706534273168472e+01
5.888605820588934847e+01
5.905591269604887827e+01
5.613286616494967518e+01
5.892662482856709971e+01
5.817037923904386787e+01
5.845002025772940613e+01
5.564570387633205684e+01
5.880354023960828869e+01
5.976218934652731463e+01
5.704069029987118711e+01
5.829097505769302501e+01
5.994517226118026088e+01
5.995514254618674244e+01
5.594173443093540499e+01
5.786267153651628092e+01
5.840787923766332312e+01
5.952231653574877157e+01
5.317653810715034268e+01
5.657080743209250073e+01
5.743967230850181238e+01
5.863146605686038981e+01
6.013650605576464159e+01
6.102513281802482936e+01
5.569691303030644036e+01
5.792082555600028826e+01
5.921309523040801537e+01
6.035972984201936953e+01
5.713720628148489311e+01
5.927815343050500019e+01
5.979774824135320443e+01
6.097265074162206844e+01
5.475528953214896433e+01
5.733210983385880866e+01
5.768750170671303579e+01
5.941475831340621028e+01
5.556295802523818139e+01
5.831810399370715459e+01
5.816663339893457163e+01
6.008455211955385522e+01
6.040530843168750863e+01
6.232899633583770793e+01
5.838428996847001429e+01
6.071980860741219743e+01
6.148591608594411184e+01
6.095581928398206628e+01
5.835003357022193882e+01
6.107876828515018985e+01
5.896486328393235254e+01
6.185719338402290646e+01
5.698184860373930150e+01
6.022879749005220162e+01
6.228540858903669175e+01
5.877346059063480510e+01
5.942734956059743467e+01
6.239829836256646445e+01
5.935370569166661880e+01
6.119766282500008714e+01
6.378229743190823342e+01
6.029593483467552772e+01
6.030058414402781608e+01
5.750682039887777108e+01
6.055498276905471755e+01
6.131560949811045447e+01
6.174622020044211013e+01
5.530242550525438361e+01
5.938960203389842718e+01
6.144817982535072787e+01
5.530107968926287754e+01
5.972500044721466139e+01
6.082360229586478795e+01
6.233938378661388668e+01
5.708428527545724052e+01
5.945302138622969323e+01
5.995708077395749314e+01
6.160621589881132110e+01
5.638523716990032142e+01
5.870055230883608743e+01
5.936622257660921775e+01
6.080117071551241992e+01
6.197466637254741784e+01
6.318276224988871803e+01
5.877396809453145465e+01
6.048176513441567437e+01
6.128824903074713859e+01
6.281421438695191029e+01
5.815934450606797412e+01
6.022662229147091040e+01
6.080550658630968286e+01
6.164945448606998468e+01
5.835538147082485239e+01
6.138057460020988287e+01
6.133266111287754541e+01
6.269956605306064290e+01
5.729649378417990135e+01
5.958758941991995073e+01
5.954361114264987975e+01
6.144288948821243679e+01
6.198364622109966859e+01
6.291454031856989815e+01
6.129178774730412016e+01
6.397729465104959701e+01
6.563034024503966180e+01
5.902896246297279248e+01
6.192283750463231229e+01
6.404355266458253482e+01
6.195145498590871114e+01
6.392245910845699086e+01
5.971918463207359906e+01
6.248977471206604406e+01
6.260672662329320559e+01
6.127557109928599743e+01
6.426619175163911279e+01
6.486455618914492049e+01
5.960506761260410968e+01
6.283293606837400347e+01
6.514457548600984182e+01
6.152519535024425323e+01
6.141397722978334173e+01
5.849537388484702660e+01
6.144923871168720808e+01
6.314485641016423756e+01
5.742573074959882717e+01
6.094876108261420455e+01
6.298284684775365605e+01
6.144574722350159135e+01
6.081075475286977650e+01
6.310685778188808115e+01
6.268713014387834193e+01
5.910656806079450121e+01
6.161733052138920641e+01
6.282472933914382907e+01
6.227938049371987717e+01
5.805121804605156655e+01
5.960439832938587301e+01
6.074445373531611381e+01
6.138354606075650821e+01
5.898381942732066108e+01
6.095403130485969001e+01
6.197087519921364418e+01
5.898901334267203111e+01
6.097050102948516326e+01
6.196552133112804484e+01
6.244084585895020467e+01
5.793722515872642731e+01
5.968599963850972046e+01
6.016791591641866432e+01
6.093242976896880236e+01
5.861394379624215389e+01
6.050793354100053989e+01
6.057108027162867359e+01
6.186610165404529482e+01
6.202858457244046519e+01
6.382333729321553051e+01
5.918700570070883771e+01
6.110846623690522250e+01
6.247999336216464883e+01
6.130776541429161597e+01
5.815590966739296874e+01
5.873000331032809385e+01
6.108896894693621960e+01
5.969225626812876584e+01
6.120903612500268309e+01
6.215390325303713581e+01
6.077072316246260186e+01
5.967349845748553605e+01
6.248288784930969797e+01
6.004040127638079838e+01
6.289362239913236152e+01
5.747831474288931730e+01
6.042344802069732168e+01
6.232556003890982765e+01
5.901843120040753377e+01
5.856562754422761685e+01
6.148091585726698582e+01
5.823331425829993435e+01
6.103470295971037984e+01
6.313928036700205837e+01
5.855692541611156088e+01
6.285715827065661898e+01
5.539651227482013951e+01
5.910243801452227075e+01
6.110279926880670587e+01
5.692668610364246717e+01
5.793008464687997616e+01
6.026526829323043444e+01
6.068293972709132333e+01
5.605681906639088652e+01
5.817412780414289841e+01
5.889186677212962451e+01
6.012744721522541624e+01
5.434992614253830112e+01
5.725373989863300750e+01
5.859922252823023570e+01
5.944295937909187444e+01
6.094471044862830666e+01
6.157361433979924215e+01
5.722389728805048748e+01
5.861500060997328632e+01
5.956968789420955801e+01
6.047906501880572705e+01
5.637012206644868684e+01
5.761724339459843236e+01
5.870150469097031731e+01
5.940296233207049426e+01
5.523626447702122988e+01
5.628001685835508994e+01
5.774975440963774531e+01
5.797407384471370051e+01
5.982506770958190856e+01
5.963205722183750623e+01
6.133674037298572301e+01
5.573070203179681670e+01
5.835035387010483277e+01
5.773907023518416537e+01
6.002264975132507629e+01
5.748944270701656478e+01
6.005334034560574707e+01
5.883647892063956419e+01
5.801482162892899908e+01
6.024189848565496419e+01
5.822382704493073646e+01
6.079267073140672295e+01
5.467188044475626185e+01
5.841158316817985252e+01
6.041065327824751563e+01
5.772698070782505653e+01
5.725364351202048141e+01
6.032422159820033869e+01
5.743550748534487127e+01
6.020328660427988154e+01
6.246202047389107292e+01
5.740860544838696455e+01
6.080323006307562395e+01
5.174224355838141065e+01
5.714718100620984842e+01
5.936720293848581065e+01
5.688999184723255809e+01
5.966445302743381518e+01
5.902828060155256651e+01
5.951329627276367518e+01
5.517431559087822279e+01
5.884671759564611193e+01
5.853738374250001186e+01
5.940682872894058875e+01
6.109594816662312411e+01
6.251849690145971294e+01
5.748779866380449022e+01
5.838508239990800774e+01
5.998926589659215836e+01
6.137113191119911448e+01
5.671779832855936831e+01
5.903082768730725860e+01
6.054901155465935858e+01
6.085362087862115033e+01
5.649705748968368368e+01
5.809493798251095598e+01
5.933005711827248518e+01
6.037188055065819725e+01
5.619194929762497281e+01
5.818484774829057216e+01
5.873915762684296027e+01
6.025597325240377700e+01
6.131764493302227947e+01
6.131273087896624219e+01
6.100265187469884154e+01
5.777564505645828064e+01
6.042403175215028455e+01
6.015927301395421267e+01
6.093301488481330352e+01
6.032373624164767989e+01
6.277957793472867820e+01
6.104469262535485541e+01
5.761868960769933068e+01
5.794601884259284219e+01
6.061982285203544052e+01
5.918187668513002109e+01
6.203532753306084402e+01
6.275710997805425961e+01
6.063955636596822529e+01
5.855825034833880238e+01
6.182070475605627280e+01
5.936162763689138444e+01
6.238080134031912394e+01
5.850411149249247700e+01
6.165608093155047698e+01
6.394429308170630577e+01
5.646800552499306747e+01
6.074729745123604374e+01
6.314566082774391731e+01
5.969507072817252435e+01
6.038037156366144131e+01
6.325789118947695755e+01
6.168086379958555199e+01
6.314321853367538750e+01
6.552413112304641629e+01
6.001775768779550191e+01
6.394274232223455812e+01
5.551352143704853148e+01
6.036878989963483377e+01
6.154695943906860123e+01
6.330385746741104924e+01
5.634127962081094410e+01
5.992370653977899053e+01
6.165587161788673143e+01
6.247290012007972848e+01
6.400327490067930114e+01
6.512708245936154583e+01
5.926142554262826678e+01
6.182337576450769490e+01
6.281479668613993539e+01
6.390282388908562439e+01
5.952409212803331684e+01
6.178259249617609328e+01
6.273878046442919754e+01
6.364587815463296749e+01
5.927218038003007194e+01
6.035478887975705931e+01
6.204884536372115633e+01
6.236305656694528210e+01
5.946203742035906004e+01
6.166106283646482211e+01
6.176568390438266221e+01
6.341816855197789238e+01
6.346222818732294257e+01
6.549376104702338353e+01
6.133790425429273085e+01
6.362798593577924322e+01
6.376795953221096624e+01
6.549945249068159114e+01
5.944193033337283083e+01
6.214357311400151929e+01
6.203681808814787502e+01
6.428381774012828487e+01
6.060985655232808966e+01
6.376697143711397331e+01
6.332061095483411606e+01
6.347349649453020248e+01
6.605724145209119058e+01
6.335010157818631171e+01
6.445491846869740016e+01
6.176917001284231645e+01
6.485516469649104465e+01
6.564115003080537747e+01
6.099215603841366828e+01
6.365506549593428787e+01
6.591067341223948972e+01
6.130683123155996839e+01
6.401097774433152665e+01
6.614209426921541990e+01
6.260154721811267819e+01
6.511971918349506439e+01
5.887753575533466233e+01
6.207482443150885132e+01
6.410426452318155555e+01
5.973214407628601208e+01
6.240930596758408200e+01
6.269733865744566259e+01
6.415925025590195219e+01
5.907767473012538773e+01
6.130159865776233374e+01
6.276875155338556311e+01
6.330375089258684795e+01
6.484858125921434180e+01
6.607255973617095890e+01
6.033733818300618879e+01
6.244747165336372063e+01
6.353697330249053010e+01
6.461582356361968493e+01
6.038585720477330909e+01
6.184972936149501521e+01
6.287719695567633948e+01
6.364521898263723898e+01
6.038480292615860634e+01
6.244484876866283685e+01
6.279651880755055515e+01
6.334066586397868548e+01
5.853671995589296273e+01
6.000999438781099826e+01
6.124229126982267246e+01
6.134381325084392245e+01
6.346890164565430581e+01
6.299180901636922414e+01
6.397380201511385422e+01
5.655063813597428179e+01
6.015880882375500249e+01
5.987060812982917923e+01
6.218289516821823781e+01
6.280536731857701227e+01
6.250246039234848183e+01
6.432605838647937446e+01
5.667073174164881522e+01
6.064669774979799399e+01
6.078899918964713578e+01
6.113819009115783132e+01
5.909189522656401294e+01
6.201879521810254658e+01
6.400330917918728346e+01
5.756536987544468786e+01
6.054326742174828269e+01
6.279859414227679792e+01
5.980211391037462221e+01
6.108429778381949404e+01
6.356529430054433050e+01
6.021349048652967895e+01
6.022932019536037984e+01
6.298834489816815108e+01
6.124570775816846435e+01
6.260610540955963899e+01
5.911732564001072632e+01
6.159338506531598512e+01
6.063272624320738657e+01
5.876638354943602138e+01
6.169224937604312942e+01
6.270050729684515289e+01
5.854109136381401868e+01
5.939204523587740425e+01
6.106040072336186597e+01
6.261013297084598150e+01
5.658088954155194727e+01
5.968934998576203554e+01
6.098829784876330962e+01
6.175510429181533567e+01
5.709866718000021990e+01
5.886778029662619360e+01
5.937897845479209735e+01
6.065921974424336582e+01
6.158162743283367746e+01
6.252899451622108984e+01
5.709365006101931073e+01
5.944297910724104383e+01
6.052975673583063809e+01
6.118351347108196592e+01
5.830604558197117626e+01
5.921910264400893453e+01
6.073704248721563204e+01
6.086543804670454705e+01
5.663490254378140065e+01
5.726353112064229833e+01
5.914303607087169468e+01
5.888885195596208177e+01
5.969577702493963756e+01
6.145202627571807596e+01
6.051158170601990349e+01
5.853476956266442244e+01
5.861337821170376827e+01
6.107526875699458913e+01
5.968189297615101196e+01
5.814227361998928956e+01
5.897452165471487717e+01
6.108601291124440991e+01
5.872989760920765434e+01
5.759047470996150508e+01
6.015627604235985615e+01
5.780031279591572257e+01
6.048350460920997307e+01
6.297554614281708041e+01
5.993770114819632511e+01
5.951096741449710947e+01
5.718319801144254910e+01
6.001954439095343474e+01
6.145955407481556421e+01
5.490482193385782494e+01
5.908398336583898924e+01
6.121602177926986599e+01
5.608656016487125839e+01
6.098934150951482280e+01
6.284603298068723376e+01
5.497655487881840486e+01
5.993459910724370587e+01
6.183486068132687308e+01
6.207777975683512750e+01
5.791713449124697632e+01
5.840189102256545084e+01
6.021821203161722735e+01
6.188211556907579336e+01
5.568858196725604870e+01
5.904987648580561910e+01
6.037301451222127469e+01
6.127950175955552936e+01
5.633079769120178781e+01
5.828643534112519120e+01
5.931402052144022718e+01
6.027936506142808781e+01
6.127532113551895776e+01
6.236908926291154387e+01
5.690225258313202517e+01
5.945089709949413503e+01
6.060858397625386829e+01
6.112022016183783535e+01
6.134077365370732338e+01
5.678224205995370255e+01
5.764688637390609216e+01
5.940443864326088885e+01
5.950491663510767637e+01
6.152659258160208111e+01
6.123335128859940824e+01
6.115474932447575185e+01
6.020812253683775594e+01
6.275907657717110766e+01
6.175628687586760890e+01
5.824510274596629245e+01
5.857437620904037345e+01
6.122208624764207485e+01
5.979905336944848671e+01
6.157324446348100366e+01
6.103172338659651075e+01
6.363043276625673172e+01
5.958006296887852926e+01
6.133431441387841687e+01
6.417128139908550111e+01
6.126991464102417950e+01
5.978922946263318039e+01
6.317037952835637782e+01
6.014274678011469177e+01
6.330358643612733971e+01
5.603078884211183919e+01
6.024820644192229224e+01
6.257123287440848713e+01
5.898511431062804888e+01
6.200605722757578064e+01
6.288369565299070985e+01
6.031781718099585987e+01
5.988871104735780193e+01
6.297425033164184072e+01
6.146906179371767109e+01
6.315830782854018111e+01
6.534370387294136151e+01
5.884663193901270262e+01
6.253886350920190296e+01
5.919806015858515025e+01
6.142740649343519266e+01
6.186033311581014260e+01
6.259139539396138474e+01
6.420484289185830562e+01
6.497041449085692477e+01
5.869090691123831505e+01
6.128404025512501363e+01
6.221124933392066225e+01
6.334297406116215257e+01
6.254381605583741077e+01
6.410480047636977474e+01
6.492565698934384955e+01
6.124810357024502139e+01
6.345900799393747604e+01
6.389876162261455050e+01
6.564166753522943054e+01
5.979844703367513858e+01
6.130476434903087579e+01
6.266561068775502008e+01
6.284790198350641788e+01
6.238888900931836190e+01
6.341572476228248689e+01
6.481232669915816302e+01
5.914730519563661915e+01
6.162537424122330521e+01
6.303841532452732821e+01
6.207897397952157093e+01
6.404290106390567416e+01
6.618688953964822019e+01
6.430899360990731850e+01
6.140259529824469098e+01
6.078082818787979136e+01
6.369302667611454183e+01
6.191870414711991799e+01
6.348703593530065348e+01
6.585480952544318711e+01
6.331312864660425532e+01
6.409154458841393875e+01
6.158615488126543625e+01
6.464365067059850389e+01
6.542308542401461580e+01
6.031146722505837943e+01
6.298783137920160868e+01
6.525259710997475793e+01
6.141758083086413222e+01
6.168289070861354872e+01
6.450032237674739122e+01
6.309329881276307361e+01
6.486706959953595231e+01
6.696650351367982523e+01
6.153853524207641357e+01
6.497873469918165767e+01
5.871766476292472703e+01
6.179870233438105487e+01
6.359593393048555754e+01
6.171043389043443739e+01
6.194596230338952836e+01
6.353860841318775243e+01
6.457598575073438951e+01
5.995025034967436284e+01
6.135711564133617202e+01
6.254922089585263478e+01
6.321619447428146543e+01
5.890073931640147720e+01
6.049526727706909668e+01
6.151611350525193700e+01
6.273327450655364856e+01
6.359754445130307232e+01
6.473540513826259257e+01
5.915697095593363741e+01
6.071627543288290241e+01
6.188572659180353241e+01
6.232156520711196634e+01
6.307798971338142735e+01
6.478491494874896262e+01
6.459951647550592213e+01
6.025906301152185307e+01
6.111374130272368888e+01
6.314090077074807539e+01
6.265085229108439790e+01
6.249242775355979518e+01
5.913195294433000981e+01
6.202714860917482298e+01
6.092222364963794945e+01
6.188316417543737202e+01
6.219704971391912096e+01
6.383280623461745762e+01
5.983504645068444461e+01
6.204525767599866271e+01
6.410742619421797883e+01
6.179968178956039537e+01
5.992803687931055379e+01
6.264415845138124439e+01
6.017287430787025215e+01
6.302102358350735756e+01
5.847255946105111235e+01
6.122083194201578493e+01
6.310828374066350221e+01
5.896654430314870865e+01
6.168284363250943159e+01
6.377037260834484300e+01
5.759892559416341840e+01
6.077700686034482658e+01
6.289210113546968728e+01
6.074278824367070939e+01
6.039700082417245852e+01
5.731020281227497293e+01
5.990775319899233153e+01
6.158462647759764508e+01
5.469581011973015450e+01
5.843545151761627210e+01
6.021811392170913990e+01
6.032853263910723030e+01
6.184340652114126868e+01
6.330602243078458002e+01
5.725572707837805098e+01
6.033100589894784349e+01
6.165535434411915361e+01
6.243950957192495110e+01
5.774063461822164811e+01
5.929833201662386699e+01
6.040314298478376287e+01
6.095640360611604081e+01
5.768382390278263472e+01
5.923820923494497492e+01
6.015090040266888138e+01
6.092964539155286730e+01
5.560634918802191606e+01
5.709411424450526340e+01
5.778297527611423590e+01
5.901677826754573886e+01
5.943779840805088099e+01
6.104823736552862812e+01
6.092790626720948666e+01
5.541197385639585349e+01
5.776218536025937311e+01
5.724979545193298236e+01
5.921530481093196840e+01
5.822644533407839873e+01
6.049760706017154632e+01
5.959443094532575458e+01
5.648336936549388554e+01
5.715878803235199257e+01
5.941743533513991338e+01
5.804557071779088062e+01
6.059116441005366482e+01
6.072578691491634117e+01
6.060746922472403497e+01
5.395908732150550691e+01
5.863763809595004517e+01
5.964054488650177888e+01
5.789679966983432990e+01
5.923232397480558831e+01
6.174461843104059255e+01
5.872805017469075750e+01
5.839459568184431504e+01
6.141779943586628576e+01
5.842097135358244486e+01
6.104740481068515123e+01
5.219263160909567034e+01
5.748233981434179185e+01
5.968914392206580288e+01
5.711919524482424748e+01
5.982065465324566134e+01
5.922252175859480872e+01
5.998466047265835499e+01
5.525191340477589108e+01
5.878465127965604609e+01
5.848173928705325864e+01
5.984072321369528424e+01
6.147192624600896238e+01
6.276741721501908700e+01
5.778454110920700515e+01
5.864352729285605648e+01
6.021426629097963001e+01
6.157420806415808556e+01
5.645568363158671588e+01
5.936659092636136137e+01
5.994100093435182686e+01
6.125375831494692846e+01
5.584645678714348804e+01
5.729266856018067955e+01
5.842683457168116945e+01
5.965008216259471396e+01
5.747616336414053961e+01
5.962178925935197782e+01
6.019667730401979355e+01
6.000501787020423450e+01
6.181760963759059280e+01
6.190979410053027721e+01
5.845336963165260613e+01
5.910871498477717267e+01
6.117739765883986536e+01
6.080439752642448781e+01
5.734303060936478147e+01
5.778501881855570588e+01
6.018276913762463920e+01
5.934069903705189830e+01
6.033179602859368629e+01
5.935515602619846476e+01
6.208215774407174337e+01
5.961183047420936987e+01
6.250479221578277134e+01
6.418526533601863093e+01
5.670123083427533572e+01
6.027953772162367585e+01
6.301868407945548256e+01
6.058691394531828678e+01
6.263730795430872433e+01
6.548195065699819395e+01
6.181844696693822527e+01
6.164961837399165034e+01
5.918160705880224981e+01
6.235941301015333238e+01
6.381088674469949495e+01
5.750493669307834921e+01
6.156448585276415031e+01
6.382436811427073309e+01
5.933037957304152599e+01
6.236687687616739595e+01
6.454048507546627889e+01
6.091785265630326762e+01
6.392216439898282232e+01
6.579454029303367690e+01
5.926056333577374602e+01
6.303516130660620576e+01
5.959888602513552058e+01
6.184641670883250697e+01
6.301279174606944622e+01
6.161038807354530888e+01
6.132856594511469694e+01
6.317389091383844857e+01
6.415398767038057315e+01
5.898937314275854504e+01
6.119057867697898700e+01
6.204628073651998221e+01
6.326212245204610696e+01
5.882035446549400604e+01
6.073040733904381483e+01
6.202047724901986214e+01
6.259906950283707516e+01
6.339067721299475267e+01
6.500624052777897077e+01
5.954368328379737818e+01
6.203901017048782052e+01
6.227323540578548489e+01
6.420874812175321722e+01
6.360408547038852589e+01
6.584879890369563782e+01
6.561587969720761748e+01
6.152937279656656244e+01
6.197522702259109195e+01
6.435344036910248633e+01
6.383348874758912217e+01
6.390862917674255073e+01
6.399625545876439503e+01
6.656916556726807244e+01
6.336323654063078692e+01
6.229235341171293783e+01
6.267439514501041486e+01
6.555552533662246617e+01
6.322507399033243303e+01
6.649988511485992149e+01
6.711829208417850623e+01
6.063287367706954001e+01
6.454233007496965513e+01
6.723402682279252929e+01
6.393546973400389533e+01
6.334987409490219079e+01
6.075795938186440281e+01
6.421635227652566869e+01
6.653295300247872035e+01
5.988630912321837485e+01
6.320373943270890749e+01
6.576369727960538114e+01
6.183625155994106137e+01
6.246892859816306753e+01
6.560501819255112821e+01
6.416210430948848398e+01
6.500960372589017311e+01
6.787216358456817034e+01
6.226066644134011341e+01
6.584076048110111401e+01
5.849678846167582691e+01
6.228572282101971069e+01
6.345897012182081198e+01
6.531504348145116978e+01
6.659547100890571869e+01
6.761155054820079613e+01
6.254483040757092738e+01
6.475885840427440598e+01
6.576417769356751819e+01
6.710364920610885520e+01
6.194125856835499633e+01
6.382902935570809433e+01
6.516279629398520967e+01
6.617622579940007199e+01
6.054077158515276835e+01
6.263700436618009348e+01
6.333164995314166390e+01
6.513721848183404006e+01
6.582277765058051955e+01
6.778940125411894257e+01
6.423709150732859996e+01
6.634072305357008759e+01
6.627171104075381436e+01
6.869400615102277641e+01
6.070341867428677318e+01
6.523722073813652855e+01
6.464149271967774268e+01
6.710265478526252991e+01
6.328172563860256616e+01
6.656021078454533324e+01
6.522107002363861739e+01
6.473758994124821697e+01
6.364956216052814852e+01
6.680637174502432174e+01
6.667723808257294138e+01
6.181513035487779462e+01
6.635183752084326159e+01
6.425621836829320443e+01
6.760954149222366993e+01
6.153342473591642658e+01
6.515106527917808421e+01
6.729466603105362310e+01
6.341643416206063222e+01
6.677427455897736763e+01
6.879929379602853601e+01
6.231687257933731416e+01
6.630462557996645501e+01
6.907197177319814330e+01
6.314957039928466997e+01
6.729425059097616213e+01
6.971014124557312641e+01
6.331539527270734169e+01
6.839922374567858299e+01
6.249962780748772673e+01
6.626481730235964562e+01
6.688001039239668444e+01
6.345193829081592440e+01
6.645901173748475799e+01
6.742122595211448299e+01
6.679807053217557211e+01
6.369605574970376693e+01
6.680427909069371140e+01
6.875769456129950186e+01
6.273982203160954896e+01
6.590571194421221435e+01
6.813949706685491492e+01
6.641612613074943283e+01
6.739740167714829511e+01
6.926051688573691933e+01
6.962354416246620303e+01
6.308227584320495396e+01
6.618984279217902156e+01
6.814092559971949470e+01
6.885915053090799631e+01
6.354321767550329270e+01
6.678588879712668813e+01
6.723106408775214504e+01
6.952151415391806211e+01
6.312330017681305350e+01
6.654611193981004647e+01
6.661383603707089662e+01
6.865008682989926569e+01
6.825221285026778162e+01
7.108775740097509299e+01
6.697057899036992978e+01
6.930869752394801253e+01
7.138353815245007183e+01
6.577062800375739471e+01
6.952781791283068458e+01
7.260376608417146826e+01
7.051497439156079849e+01
6.784164975183084323e+01
6.703799678790147709e+01
7.078099139796020722e+01
6.968631401065675846e+01
6.764347595300642979e+01
7.123319273434580623e+01
6.824326407650136161e+01
7.193295132077878407e+01
6.417783347921883319e+01
6.942434464350421308e+01
7.284977365180159836e+01
6.715495736866809295e+01
7.120343141444347168e+01
7.442312335804965073e+01
6.531671620944328538e+01
7.126460384667765879e+01
7.442792024851492272e+01
6.832955620069580505e+01
7.277150439977633312e+01
7.456337869505482274e+01
7.195294991482511193e+01
7.312433698688690242e+01
6.876522620572239930e+01
7.242534400416823814e+01
7.269520149563686573e+01
6.954331616121925208e+01
7.287860118715124713e+01
7.505115849389852656e+01
6.757230709499671661e+01
7.293776415848877548e+01
7.390632637127710325e+01
7.646296435552682169e+01
6.969547511388786631e+01
7.320006776940692816e+01
7.491314081152761162e+01
7.578018333866546641e+01
6.966456366215228968e+01
7.323996795078048194e+01
7.452763739387702913e+01
7.587166767409431145e+01
6.934276403027226365e+01
7.377478694097996481e+01
7.446963815004650655e+01
7.647787195185388498e+01
7.727310735618347337e+01
7.896539006558391804e+01
7.276958809897713820e+01
7.608943105115534422e+01
7.846432794203992955e+01
7.481665137350789507e+01
7.749961223544282518e+01
7.719859307453285169e+01
8.050958709495247945e+01
7.316532496353597992e+01
7.778401814758252897e+01
7.929945449059458440e+01
7.846444629712571839e+01
7.555789015672219477e+01
7.719388894650226973e+01
8.120589881240984198e+01
7.823986047660481802e+01
7.663798748911274572e+01
7.702444785592450671e+01
8.141768436072723603e+01
7.763948928881822553e+01
8.235735818420221221e+01
8.140542072692333875e+01
7.832391301455848520e+01
7.891998677107501692e+01
8.333945838378562598e+01
7.879901143564059396e+01
8.189818279037453408e+01
7.745414653327507892e+01
8.114429693138347943e+01
8.320891999619470880e+01
7.826676395674027731e+01
8.143810769961800133e+01
8.503053733426318672e+01
7.659120429755117243e+01
8.222609052087214820e+01
8.532524656246701511e+01
7.721107806861445511e+01
8.336866012440360407e+01
8.619664468588676698e+01
8.011560048950457258e+01
8.558936232957181289e+01
7.803951541434381056e+01
8.285669048590379759e+01
8.464455466643100578e+01
8.291601185228662985e+01
8.627925530305491009e+01
8.747079540173103851e+01
8.159010711316332731e+01
8.495538412553153762e+01
8.668091925217380833e+01
8.924903161881529456e+01
8.236656753107436657e+01
8.561130837750445721e+01
8.722115348240701849e+01
8.858315001767550712e+01
8.217000325274729278e+01
8.685544963841384458e+01
8.747989457095901855e+01
8.726147701002528834e+01
8.802297006582965366e+01
9.180915458647668004e+01
8.574395957563649517e+01
8.976114321964654152e+01
9.230882671098648018e+01
8.531114723079113560e+01
8.983442278575729745e+01
8.789791750847972196e+01
9.297452656921629455e+01
8.650920704670581074e+01
9.222073709823904153e+01
9.429368945749077113e+01
8.716445938678060656e+01
9.186104195018211271e+01
8.825313455795934203e+01
9.364391710469649865e+01
9.074453258101158326e+01
9.056435843303810884e+01
9.483140978871833227e+01
9.217630872789800378e+01
9.397043290088696210e+01
8.764078086269566370e+01
9.265753816131918086e+01
9.664970380501479497e+01
8.950918078238062492e+01
9.449044858695860682e+01
9.845966750125064948e+01
8.997652126847368947e+01
9.606336439527913740e+01
9.965074852532440275e+01
9.148198697844983940e+01
9.736139866563780743e+01
1.008912195067963466e+02
9.373205680982164267e+01
9.861789187486769492e+01
9.191452419400326335e+01
9.681275057576148413e+01
9.926289031416614250e+01
9.278977742295066378e+01
9.728704518370446408e+01
1.001662536230034277e+02
9.438550258848481178e+01
9.871795194567124554e+01
1.017434293163578900e+02
9.556570082478836525e+01
9.973462056785592722e+01
1.030813305446294521e+02
1.016021337150265111e+02
9.805559145640624763e+01
1.015764586937333007e+02
1.051087968134366264e+02
9.766645101619947411e+01
1.031152788520397650e+02
9.505057820173229288e+01
1.007116991797239507e+02
1.018259526602837610e+02
1.004555845570544648e+02
1.042073897868566235e+02
1.042841420307399005e+02
1.006717001622307777e+02
1.021234879574342074e+02
1.076463957119717918e+02
1.002311292251295214e+02
1.069735171492990560e+02
1.062423482795294660e+02
1.043107681301789853e+02
1.042913824366408875e+02
1.101359831623908718e+02
1.031947105376356575e+02
1.102332881675461067e+02
1.014099961585574619e+02
1.083539576760656047e+02
1.066801445281431029e+02
1.064809800226543075e+02
1.045952591489878785e+02
1.106631649787269254e+02
1.047683667960251057e+02
1.113208155557038594e+02
1.146081072075969018e+02
1.060692635909348809e+02
1.129178256052812657e+02
1.060735540170166473e+02
1.121019812899528176e+02
1.097455268540284123e+02
1.121957459582721128e+02
1.118954620355431189e+02
1.164571089428666824e+02
1.095224329652493509e+02
1.135531358254918644e+02
1.176090215389363181e+02
1.108482672179518289e+02
1.157249838880270545e+02
1.194638583754482823e+02
1.123634379138945434e+02
1.183699089829303830e+02
1.106046011361239607e+02
1.167457431259358174e+02
1.158922486556106435e+02
1.157354520062738459e+02
1.196406304753934791e+02
1.158939480006041549e+02
1.201067871473736233e+02
1.143797593032321487e+02
1.182226578733070141e+02
1.234013928639781597e+02
1.148678911950328967e+02
1.202492592123482353e+02
1.225309444156108896e+02
1.177079505916764361e+02
1.210553790081172565e+02
1.266281188213779387e+02
1.182246112909981690e+02
1.241153404815992900e+02
1.157024062950032430e+02
1.226345786362025336e+02
1.235027761995975055e+02
1.200431995741589333e+02
1.222230102128647786e+02
1.285094331581315430e+02
1.199484885165938834e+02
1.269137297210787239e+02
1.269967724162555243e+02
1.250002167248584897e+02
1.254320425606779139e+02
1.321949322041357675e+02
1.243754365439883003e+02
1.303925336953306271e+02
1.239403595564659213e+02
1.302937071848540427e+02
1.295496788211245871e+02
1.298014731040127572e+02
1.292256679293083437e+02
1.354083105855761175e+02
1.270964498166352570e+02
1.344373325473437717e+02
1.363085880415990516e+02
1.282633129747614760e+02
1.356496174936058594e+02
1.404001359558096738e+02
1.324299991626315602e+02
1.388592332461515184e+02
1.310979800867850145e+02
1.381066050607073805e+02
1.358807943888530190e+02
1.391809080413649440e+02
1.414394703851094448e+02
1.355650577760658564e+02
1.422622378488433128e+02
1.352872020395055017e+02
1.411637722446001533e+02
1.431304604510848719e+02
1.374679040523143669e+02
1.430465459312361531e+02
1.460052627788071788e+02
1.401421123400298256e+02
1.449575840228865218e+02
1.504291426762256947e+02
