0.000000000000000000e+00
1.095309233311034376e+02
-3.159141958575418840e+01
3.073971273158561957e+01
-1.590724831541182738e+01
2.087769436384536803e+01
-1.068117815859120867e+01
1.046709115454069305e+01
-8.042439424472689780e+00
7.732269286596212154e+00
4.573196900528193887e-02
-2.007517316028264887e+00
3.876355980829607528e+00
-2.053986472153301879e+00
3.133336918874225496e+00
-1.879912203561395767e+00
2.646068630148553869e+00
-1.542966191598602377e+00
2.502618975326881934e+00
-1.188585457916625066e+00
2.490918247949238218e+00
-8.382095752652110043e-01
2.549023533890248050e+00
-6.059106255879039837e-01
2.805842929219888759e+00
-4.692067956619216385e-01
3.081620787066936984e+00
-2.585217216752496161e-01
3.377987951190599247e+00
-4.445772879483166073e-02
3.692740983569100077e+00
2.040946712204358970e-01
4.022562984008793308e+00
4.679259722056302584e-01
4.365992933948724897e+00
7.532068015268366112e-01
4.721232397719632878e+00
1.054082930114662364e+00
5.087004529904759487e+00
1.371002302460352595e+00
5.461931199054498975e+00
1.701367527715349715e+00
5.844821556367634230e+00
2.044322690078731686e+00
6.289615740079217865e+00
9.341593952637975207e+00
1.064876402122915700e+01
7.583602227094892179e+00
1.149521218290944624e+01
8.053798976425262879e+00
1.198593692917991937e+01
8.575105986025469917e+00
1.243954425173150646e+01
9.024962222773378784e+00
1.288851650164878571e+01
9.489023171808346646e+00
1.332523021054941559e+01
9.937416622393131505e+00
1.375419348313231183e+01
1.038294858998209769e+01
1.417290988895517145e+01
1.081869919508261368e+01
1.458108279216972392e+01
1.124570700344544072e+01
1.497713749504049829e+01
1.166137787591523001e+01
1.536030404456218434e+01
1.206519037875673739e+01
1.573008156184122264e+01
1.245648057073393566e+01
1.608674312418464325e+01
1.283567887136188368e+01
1.643108188779511991e+01
1.320361915632141603e+01
1.676429001632926585e+01
1.356155995728184926e+01
1.716361153209881252e+01
2.124082248726097077e+01
2.000280208267606596e+01
2.307024449774079145e+01
1.929107519581183894e+01
2.398383687985509738e+01
1.968692775079217938e+01
2.432363234285430309e+01
2.001404295186432236e+01
2.463664544561941128e+01
2.031940135061013208e+01
2.493811161084230577e+01
2.061230108160296126e+01
2.522264980984652283e+01
2.089018490084971091e+01
2.485911349808606730e+01
2.118439500293812472e+01
2.515826663781146522e+01
2.147020315107301514e+01
2.542789934519637285e+01
2.173166445319388984e+01
2.567939008257433642e+01
2.871616190460471785e+01
2.998656693712616317e+01
2.985803201248622685e+01
2.828216464165927846e+01
3.089726523807129865e+01
2.874578560726131471e+01
3.093131231316098351e+01
2.900476548508104102e+01
3.137003570039345135e+01
2.924000554163009724e+01
3.149575048447444203e+01
2.869858794991228024e+01
3.155329353109216584e+01
2.888267018498514105e+01
3.161910434468944331e+01
2.906233924782366529e+01
3.167793398512895919e+01
2.923978066725162961e+01
3.173060516040301593e+01
3.561617769820225732e+01
3.748859519049062072e+01
3.562762656658889426e+01
3.883524565850565580e+01
3.575873898214008051e+01
3.877270269319660656e+01
3.588019358542101855e+01
3.867433169881545751e+01
3.561953798663462578e+01
3.866293304636913319e+01
3.544088062875339773e+01
3.872890485327340571e+01
3.565076689541142940e+01
3.873767261047636623e+01
3.544181317684474664e+01
3.868882453614863692e+01
4.186145721803656983e+01
4.350247450221417012e+01
4.092135539145955647e+01
4.231187733010644081e+01
4.052420025077303478e+01
4.369817733047186437e+01
4.000884992679475971e+01
4.374050370275572419e+01
3.902803920501575163e+01
4.501996906795685760e+01
3.923930564520304642e+01
4.344257544039947305e+01
3.811311172920025570e+01
4.297119240435491605e+01
4.619288867352283035e+01
4.677274101070525347e+01
4.551702567384319309e+01
4.649812736527240986e+01
4.521241510520673756e+01
4.622374121168076044e+01
4.519547393533770219e+01
4.589240936471041721e+01
4.482636814623643318e+01
4.553475175295164235e+01
4.444193714289161790e+01
4.515637542776794788e+01
4.403592875052593314e+01
4.467998354206802247e+01
5.070920666005427080e+01
4.506266540142053145e+01
5.209669513502670668e+01
4.484985331921437535e+01
5.132428432147500530e+01
4.397334431917858666e+01
5.030948430649236514e+01
4.453461954042079185e+01
5.038865572761159939e+01
4.368426087696386162e+01
4.974145478732011583e+01
4.360790955122919854e+01
5.009491841793286682e+01
5.287751908599751971e+01
5.026345520357740781e+01
5.448225605856356424e+01
4.747771068015551066e+01
5.328378967114007736e+01
4.691494392477201103e+01
5.324420864327196057e+01
4.629554896405266362e+01
5.251712630369241452e+01
4.657999220608306956e+01
5.225514299638369664e+01
5.616904854963798499e+01
5.160042694481557390e+01
5.652578774512127069e+01
4.960678057718860146e+01
5.550314156061076432e+01
4.884726529588586885e+01
5.477795976441176151e+01
4.920266137536535211e+01
5.437571791844354863e+01
4.772414008441242572e+01
5.342472529746197552e+01
5.714924561060090014e+01
5.337814733590460037e+01
5.699410002511746853e+01
5.139081828703451293e+01
5.659289712668838490e+01
5.012069241069131209e+01
5.559338159759840181e+01
5.043224322943900972e+01
5.511458064803137802e+01
4.861512526656273536e+01
5.398206693546980972e+01
5.753446836047316992e+01
5.314888731503226182e+01
5.772072614041028515e+01
5.142407341078808258e+01
5.658452286235031181e+01
4.982705219333864477e+01
5.552883135559592631e+01
5.041283060780686043e+01
5.490833654264891805e+01
4.799778212257496079e+01
5.372315660651618430e+01
5.710390364951373954e+01
5.191545999337415651e+01
5.735872668889078341e+01
5.162086236503989056e+01
5.627843345852061674e+01
5.076325222662976699e+01
5.523774477912679970e+01
4.894562558181409884e+01
5.406078918479026640e+01
5.710387499290287394e+01
5.470449460173231415e+01
5.734129487203132669e+01
5.182878533742533733e+01
5.717413495812348856e+01
5.088088150243734731e+01
5.561075999596059916e+01
4.932087818095574505e+01
5.412560910633643374e+01
5.682428478380757042e+01
5.605762927485507419e+01
5.469972357118070505e+01
5.693118323868743857e+01
5.327098126967254643e+01
5.510388080778501774e+01
5.184859828611831034e+01
5.387082144058796018e+01
5.053043386607127019e+01
5.211387552276389812e+01
5.522422575243732012e+01
5.641342723259212022e+01
5.299613429558461064e+01
5.495883138831089099e+01
5.158882414361392676e+01
5.367998477580558614e+01
5.020320664579934800e+01
5.219152529571541521e+01
4.860274881819518100e+01
5.163989514549476212e+01
5.293428945573460709e+01
5.488958247563920168e+01
5.082451051872003944e+01
5.364774537065103743e+01
4.919577103815417729e+01
5.199055202931018016e+01
4.758457511503488035e+01
5.014772784146431661e+01
5.255065827157265090e+01
5.422381736181948497e+01
5.139586364525939643e+01
5.387791403076039387e+01
4.824034692885715003e+01
5.187996813267839258e+01
4.680590545340647424e+01
4.987802824842166416e+01
5.167065482536867904e+01
5.350051129944264972e+01
4.870980835139292253e+01
5.155548578531577419e+01
4.680874023536892992e+01
4.983894947362478689e+01
4.569567555906085943e+01
4.829344963933390744e+01
5.041057659031410765e+01
5.176185160530611995e+01
4.941491093339637075e+01
5.109584533881579915e+01
4.573559037334271693e+01
4.865628425559233960e+01
4.548575922137202099e+01
4.724185060136467484e+01
4.971844192253599459e+01
5.045172200938600326e+01
4.861976927739658549e+01
4.952190460018651663e+01
4.596443357757546266e+01
4.733932783590192628e+01
4.496066289737657939e+01
4.604879234988487724e+01
4.909515151665290489e+01
4.897488759667701430e+01
4.690476545075418358e+01
4.725239043864698374e+01
4.604859804524350864e+01
4.625788767509228450e+01
4.364567487606864660e+01
4.404995330664043252e+01
4.757764760646387003e+01
4.679041051702733967e+01
4.612367540280443734e+01
4.580409975186607596e+01
4.409505479097839498e+01
4.380831143606047107e+01
4.347540113703738029e+01
4.295270209260485217e+01
4.670009162635317068e+01
4.601561792783808613e+01
4.435191046893714883e+01
4.355030937186708684e+01
4.472684512307739624e+01
4.303490158372209606e+01
4.148164467339289274e+01
4.060547126913589011e+01
4.457988044622068458e+01
4.494963634196554381e+01
4.179205696165463735e+01
4.107004004237450090e+01
4.304397460683068033e+01
3.982143152098711880e+01
4.075931163713040206e+01
4.377729498432137945e+01
4.262459518783401080e+01
4.264526175263186047e+01
4.079039042670211757e+01
4.151277223112654013e+01
3.951957060024147239e+01
3.892863550924890603e+01
4.228408373518522012e+01
4.064143020219464830e+01
4.342534859577971673e+01
3.780548353286017260e+01
4.187088602016602579e+01
3.530349872827224544e+01
3.976265247994722785e+01
3.427680216856904849e+01
3.840062187310853403e+01
4.116355381873651709e+01
3.719895224110559440e+01
4.095601152955826052e+01
3.404941636681677863e+01
3.902939033475032460e+01
4.179685433834633557e+01
3.725348438046617616e+01
4.123075011063599504e+01
3.445675704849182353e+01
3.932675293803132632e+01
3.131739852970123295e+01
3.693024977382252416e+01
3.941649656246524813e+01
3.915187308302149205e+01
3.710005022959350640e+01
3.922207846917333995e+01
3.412613545035173246e+01
3.792296568122097256e+01
3.055212729125084437e+01
3.501122850204097148e+01
3.725253561373975231e+01
3.775332445989666041e+01
3.409333051090672484e+01
3.668005427098551507e+01
3.217131146566045885e+01
3.360561448303135279e+01
3.583017557882578075e+01
3.826468579765773370e+01
3.255922434729603054e+01
3.585727561978367106e+01
3.087521273042347758e+01
3.417842904281268801e+01
2.885250318739261743e+01
3.218207736432577093e+01
3.305283159280710237e+01
3.533387604688997641e+01
3.229212755265497492e+01
3.490077786400003390e+01
2.872243460268849802e+01
3.239880044193965603e+01
3.388630051077540628e+01
3.553395275770632367e+01
3.191918450620103087e+01
3.423237191081487651e+01
2.972138830090782591e+01
3.192050133464856998e+01
3.377964466955566536e+01
3.505199458005476032e+01
3.388518030582651619e+01
3.483064134754820174e+01
3.050781980833541596e+01
3.233113833250978786e+01
2.783996386398671774e+01
2.996448314784593236e+01
3.221735591513186847e+01
3.296420192712424324e+01
3.261323334870247237e+01
3.275443030779953801e+01
2.846288097337379952e+01
3.150311620394019840e+01
3.291016226993114913e+01
3.320222119492955670e+01
3.138238045235602058e+01
3.182238359825474205e+01
3.028033126600073999e+01
3.068398274916967594e+01
3.391343911661563482e+01
3.338162251204956732e+01
3.156091310529955862e+01
3.167643769127289488e+01
3.051799431648380789e+01
3.051581605898822502e+01
3.399256771668773780e+01
3.405045160113938607e+01
3.140352390397714188e+01
3.139283617491325629e+01
3.305973582448310566e+01
2.717576141839178661e+01
3.236812589902908144e+01
3.291598482529123260e+01
3.511373255668063109e+01
2.990661271446296965e+01
3.280268218687968584e+01
2.870886232108694358e+01
3.252566671438995627e+01
3.551469183425962228e+01
3.148880214265873789e+01
3.554489151205490316e+01
2.936719360029491455e+01
3.243315006634082920e+01
3.543396757095599980e+01
3.420930692796012096e+01
3.362778577697690707e+01
3.209441198559461128e+01
3.328078066258657941e+01
3.110519130371008956e+01
3.041538357330951570e+01
3.389658393444551621e+01
3.288158860225992441e+01
3.570358506192246750e+01
3.033470100979115713e+01
3.430672600064301747e+01
3.717690355584846174e+01
3.132568893745274963e+01
3.652242404830879252e+01
3.075819659697496178e+01
3.502657011750519445e+01
2.896691530788412550e+01
3.285838931031680232e+01
3.563290678983769055e+01
3.489645399836752659e+01
3.353779847190601515e+01
3.427468167075309680e+01
3.120704226135014991e+01
3.470824396671099521e+01
3.488188832747622570e+01
3.723660839736216133e+01
3.301936093318613530e+01
3.579597775815768301e+01
2.899327939622341788e+01
3.357875134501570358e+01
3.600756122006441018e+01
3.686807931153258977e+01
3.322797023307530395e+01
3.535569015112911728e+01
3.152569735588282995e+01
3.409949113583997615e+01
3.581428729080558782e+01
3.736748807813946627e+01
3.402044888777470533e+01
3.620526270458530860e+01
3.196583615487216790e+01
3.509855927343750892e+01
3.681827599567673559e+01
3.803340959497546692e+01
3.510971049689386092e+01
3.750185187758396665e+01
3.244881728468717341e+01
3.554902161629750168e+01
3.742747536679767251e+01
3.946780226617593712e+01
3.387483814027174844e+01
3.708599152166158319e+01
3.881060921470583480e+01
4.096200151733869177e+01
3.971255176818208099e+01
3.860232611073508480e+01
3.921923319944774988e+01
3.464345455931428575e+01
3.728327157317249885e+01
3.966480419803836810e+01
4.061929095675569101e+01
3.773955826062200458e+01
3.920075517394460007e+01
4.193884068694610079e+01
4.242751502561830534e+01
4.070664723352911096e+01
4.149524615236475000e+01
3.840214925892694708e+01
3.984543763889502799e+01
4.294327689326407693e+01
4.349863106024209713e+01
4.077829431768538626e+01
4.129289983726724245e+01
4.198748345857255515e+01
3.890790453617600519e+01
4.277063683165719254e+01
4.414193773021433742e+01
4.171310978083075582e+01
4.219989769651562028e+01
4.064083508419084723e+01
4.479296918491004220e+01
4.337682007948689034e+01
4.706883189029761638e+01
4.077818581586726765e+01
4.521554534019727356e+01
4.810803420520340268e+01
4.587561139849064773e+01
4.613476072277822482e+01
4.499706360153017926e+01
4.395342805855770507e+01
4.299018237301238088e+01
4.698277009894795953e+01
4.896926345102939138e+01
4.319491280868457039e+01
4.802461392864177725e+01
4.096432498383298793e+01
4.600882975501056649e+01
4.930415028491363927e+01
4.559717054966861838e+01
4.719973549660077339e+01
4.610534350072898491e+01
4.575724776391715665e+01
4.892514312357555895e+01
4.975787612370058355e+01
4.722039152032801468e+01
4.853162043223354516e+01
4.587318188546192488e+01
4.907412309069486156e+01
5.024271997205197948e+01
5.083731843646560833e+01
4.485097430740925262e+01
4.976790085893769344e+01
4.510797451444823025e+01
4.865996233659527803e+01
5.087803831396509224e+01
4.935404091894512391e+01
5.054142098340290801e+01
4.732505849429448830e+01
4.978367893656210441e+01
5.106679434040832888e+01
5.341528369431975420e+01
4.802998268930664949e+01
5.139270297969959955e+01
5.303063461642001641e+01
5.452794415843791143e+01
5.058238158346597402e+01
5.241558250935930374e+01
4.882408597199945177e+01
5.161946971862506928e+01
5.328718619908909915e+01
5.458532802428194231e+01
5.082600676464669220e+01
5.301287550469515253e+01
4.870155329953210099e+01
5.115016799699809269e+01
5.291293641703602901e+01
5.532309643949041345e+01
4.959807044792257358e+01
5.246976847922999099e+01
5.385675685451393235e+01
5.625098810715156361e+01
5.488655348331701589e+01
5.422117340709269939e+01
5.234295407158327151e+01
5.519950021885629354e+01
5.624725362698011111e+01
5.428034908553479454e+01
5.579677412630940125e+01
5.105961455258884030e+01
5.343222750790935294e+01
5.616553304823485604e+01
5.647904125309693768e+01
5.440984078722769368e+01
5.550372381409111000e+01
5.856830303924733272e+01
5.829030294407016299e+01
5.541775083521937972e+01
5.627883753921690868e+01
5.472624181832428292e+01
5.541565138365508858e+01
5.869523834239456050e+01
5.783569013894461364e+01
5.553236426942609683e+01
5.574207571972036845e+01
5.907663039552156192e+01
6.065692882025096111e+01
5.707186414908517236e+01
6.037769678329973999e+01
5.374764243488569093e+01
5.799825888627488268e+01
6.119896663565684491e+01
5.911801493354803227e+01
5.855731647568084952e+01
5.732204164050000372e+01
6.095662118511166483e+01
6.318665603107513817e+01
5.551488413334995187e+01
6.113178771904955511e+01
5.548105176716242681e+01
5.998677422454100139e+01
6.285963173517646396e+01
5.746415894198145935e+01
6.181263814617165053e+01
5.374328460993652357e+01
5.934580421180083931e+01
6.218207530977446140e+01
5.890894834005077030e+01
6.078671250011637994e+01
5.659966527575456041e+01
6.082574938333225134e+01
6.137455135379361337e+01
6.333282732895778366e+01
5.586345995906756201e+01
6.061491422904958881e+01
6.310996569429323699e+01
6.424493602809340587e+01
6.026427470760265237e+01
6.124996799473034059e+01
5.763807583565682080e+01
6.025204902609092983e+01
6.117992586208974615e+01
6.320409811392625699e+01
5.729511606327611872e+01
6.081390504600494751e+01
6.291170372228324936e+01
6.330388832078284622e+01
5.937776871961266068e+01
6.181472121963769695e+01
5.522680676487980378e+01
5.936204054742842118e+01
6.040626778536513797e+01
6.252825660762471927e+01
5.689523108652912242e+01
6.005241852072379771e+01
6.118518236020570100e+01
6.292704674301189982e+01
5.795098854227871499e+01
6.109567794369560545e+01
5.620935997969500875e+01
5.849216488789019053e+01
6.011363570085850228e+01
6.131004604646921052e+01
5.888608669110725202e+01
6.143173559173956022e+01
6.199754253339831678e+01
6.408852189815975464e+01
5.867811439439003607e+01
6.075622667990139547e+01
6.308450290694924689e+01
6.315336759875727779e+01
6.221123162146324148e+01
6.070234490839592922e+01
5.728860601905913796e+01
5.859997113117801604e+01
6.114726212609487277e+01
6.083094154646413898e+01
5.829631521673556449e+01
5.873195036908010280e+01
6.150032574605561564e+01
6.145760724682043019e+01
6.252749209106216455e+01
5.915727890222541419e+01
6.041782750615845288e+01
6.079834688542979393e+01
6.365228496925092116e+01
5.892573230221169212e+01
6.170947115543065564e+01
6.410070245775790454e+01
6.171033876446203692e+01
6.056417757526229906e+01
5.891662584593799323e+01
5.997351016638888410e+01
6.327192660319216344e+01
6.040361546271653737e+01
6.164589637528482768e+01
5.905467408219820413e+01
5.815225677348846745e+01
6.172347346770457932e+01
5.846857098742357550e+01
6.190272645177326893e+01
5.559642185395249214e+01
5.902372710556097957e+01
6.156314396989526472e+01
5.818511129407095694e+01
5.878542154995061964e+01
5.582459716390372506e+01
5.918485880646353792e+01
5.943122216638149524e+01
6.035722432796508485e+01
5.385166056558191627e+01
5.713277190237882763e+01
5.937044623825647705e+01
6.131228178223812364e+01
5.534692390420557473e+01
5.849966254449845593e+01
5.371878251497677326e+01
5.637192325808964455e+01
5.714610461707739830e+01
5.900142238852919974e+01
5.313703149946157822e+01
5.615712138643608142e+01
5.785471522893806195e+01
5.871237981880915413e+01
5.389691834566210815e+01
5.519124955300309665e+01
5.703532834624771652e+01
5.827978691670044498e+01
5.487909690268256924e+01
5.674721767737850087e+01
5.215795789112200964e+01
5.394688719017771206e+01
5.517169476947328377e+01
5.588599450664864321e+01
5.246764069320028767e+01
5.378425518145849793e+01
5.529797450729755326e+01
5.606330720557257763e+01
5.338881504298604597e+01
5.627780721407165032e+01
5.641305697365956462e+01
5.799656006353475135e+01
5.084636588599403240e+01
5.449180677178900822e+01
5.455617006527041468e+01
5.696676090930906611e+01
5.453440901606818159e+01
5.365562839765262737e+01
5.352400489692536212e+01
5.600900951397718330e+01
5.520893222690985880e+01
5.206781466359339561e+01
5.201851385205026190e+01
5.462688536257680738e+01
5.400469431886357086e+01
5.434709493583479656e+01
5.300410121104845018e+01
5.001841526940938110e+01
5.281124614813926144e+01
5.097135625128987613e+01
5.400086906554604127e+01
4.994282841729501854e+01
5.260894455878624143e+01
5.496123329630414389e+01
5.188452014187898698e+01
5.188926320132925696e+01
4.985748174561752677e+01
5.296889548654766600e+01
5.389809361733545501e+01
5.015582639296772527e+01
5.123985520005356165e+01
4.800003360053459289e+01
5.112144841162229625e+01
5.167825440868459452e+01
4.932257964245690829e+01
4.867523796043784046e+01
5.209591848059688601e+01
4.899657625463399313e+01
5.207550595828477213e+01
4.356616668380617341e+01
4.880166003614226611e+01
5.012071663397922094e+01
5.212041104386645429e+01
4.464913083170374364e+01
4.906191536464318403e+01
5.111053828220635609e+01
5.178260264348625697e+01
4.763984184739365446e+01
4.833217286879322927e+01
5.052089859989378340e+01
5.213066375078724946e+01
4.523381247588578447e+01
4.900454128754180516e+01
4.270494229876180725e+01
4.645142759707558611e+01
4.715140537184490910e+01
4.878846966006788932e+01
4.473204671271712840e+01
4.692734525513477450e+01
4.791508928506916476e+01
4.920617520225529518e+01
4.527723313774677649e+01
4.667535393399351307e+01
4.802390023597794055e+01
4.897121309736094474e+01
4.660700711168387755e+01
4.734235107666364684e+01
4.899034532371255324e+01
4.969414913049933347e+01
4.501520952174502099e+01
4.643232099177473060e+01
4.820139515542500419e+01
4.861538304426672141e+01
4.879229523411570568e+01
4.428530672710376592e+01
4.693146738979861254e+01
4.709274757318620175e+01
4.926086547057454368e+01
4.548995125824954044e+01
4.814951646336592717e+01
4.810027666602120888e+01
5.013369364755158131e+01
4.446878878654163003e+01
4.826881055543906740e+01
4.092022780843603869e+01
4.502258303639186465e+01
4.441642187366178973e+01
4.733996130078727305e+01
4.419786648411264451e+01
4.742702444739716583e+01
4.848550579684538064e+01
4.401313508041263134e+01
4.820288855637527092e+01
5.064589877643005877e+01
4.644887670808647329e+01
4.884923618737263240e+01
4.366488644774837269e+01
4.683301119954465008e+01
4.936801236625945677e+01
4.620816473795493806e+01
4.635649223880758285e+01
4.426072026619511490e+01
4.753171088127820809e+01
4.646615753397468040e+01
4.490352146661954436e+01
4.607933488849476333e+01
4.324824963388666532e+01
4.571616319210125567e+01
4.638248307021477501e+01
4.682319760056061142e+01
4.242915002886875442e+01
4.515041285585591169e+01
4.750758634739628405e+01
4.722278505712500873e+01
4.235823362575863626e+01
4.508979110144148450e+01
4.732040519079272656e+01
4.851462278201472600e+01
4.394697724383281923e+01
4.475690417487100348e+01
4.725921838652097762e+01
4.897006955624909352e+01
4.171800846350219416e+01
4.600370503182484327e+01
4.760534005220286247e+01
4.842309501404429994e+01
4.536651499857354963e+01
4.755197013271558859e+01
4.887088959070207039e+01
4.995170565181126676e+01
4.521921259264794202e+01
4.765230634280185740e+01
4.845652000795751491e+01
5.027007256603009466e+01
4.514077597474798154e+01
4.749198429393541687e+01
4.479948089807133726e+01
4.726490078479860557e+01
4.833051318482571190e+01
4.807873048746837696e+01
4.583543928374375298e+01
4.826594438748544036e+01
4.882391679701843401e+01
4.952684097315207623e+01
4.651038369160558261e+01
4.925248587170136005e+01
4.929633192758689830e+01
5.071826775864482784e+01
4.626129854239384542e+01
4.961715903664218530e+01
4.919366196988235629e+01
5.172785026887338944e+01
4.578405069117695803e+01
4.949373874177700117e+01
4.965721302370231882e+01
5.243404807898398445e+01
4.703071572293384861e+01
5.055664912475709372e+01
5.150404964481380432e+01
5.099807582251854399e+01
4.867761156900384378e+01
4.788299680676598058e+01
5.133895281345366612e+01
5.202885262205625594e+01
4.855975368717390239e+01
5.166902200382719457e+01
5.427592361446226477e+01
5.131384919907213060e+01
5.111234313720196099e+01
4.906442955353201540e+01
4.915614948489027825e+01
5.269545612005492075e+01
4.974355417391458190e+01
5.244160284537857564e+01
4.531804236362958704e+01
5.030135805393116755e+01
5.279444547106668040e+01
4.889860399376478028e+01
5.193679853785412348e+01
5.429191825812591077e+01
5.481061812410204226e+01
5.127009102094270077e+01
5.170146480359093033e+01
5.415353152391682556e+01
5.606808770493357486e+01
4.934686603132282556e+01
5.327547668915003953e+01
4.733632517243227511e+01
5.082425371381926027e+01
5.226247982939590031e+01
5.337360490964788795e+01
4.970129910283728947e+01
5.092597423836190984e+01
5.301849662617693326e+01
5.369116511987257923e+01
4.929635169500965475e+01
5.143138158769337309e+01
5.279021912037244135e+01
5.452629927866031778e+01
4.806168628312551050e+01
5.137326443733511638e+01
5.247554912164005714e+01
5.383644375226898404e+01
5.268490798868775471e+01
5.435063757090282621e+01
5.585968822620438345e+01
5.610708153767868112e+01
5.099842548892549132e+01
5.312206967037072047e+01
5.491555800237379970e+01
5.533607211315340635e+01
5.401937767147499159e+01
5.330137293160693446e+01
5.573268142158902094e+01
5.599140888488048518e+01
5.246692979771475507e+01
5.338028195776944074e+01
5.578076632991940897e+01
5.550792779307149516e+01
5.365695732116434158e+01
5.346625233830803836e+01
5.630316871712568627e+01
5.573797929674297080e+01
5.429121429867708315e+01
5.353378892627196706e+01
5.653742721725791398e+01
5.744307243430491638e+01
5.464699372072000472e+01
5.720099001047923792e+01
5.992669267098003161e+01
5.661204807814327467e+01
5.647701935754410840e+01
5.458869172348454413e+01
5.791600590802293169e+01
5.990445980659934122e+01
5.364511369531460616e+01
5.699892708867506030e+01
5.958445184517004378e+01
5.645464307846409469e+01
5.658333594024496449e+01
5.397309831517397782e+01
5.727865461644596934e+01
5.848148512663846077e+01
5.512838487046082037e+01
5.678765065422910396e+01
5.355648241838157020e+01
5.694835778092435419e+01
5.697077978472641746e+01
5.434776930398391670e+01
5.535926003488782499e+01
5.752507885790344488e+01
5.946608242975018044e+01
5.400429215233490510e+01
5.669058190898697092e+01
5.835718173101925288e+01
5.900824942966700348e+01
5.465945333368924963e+01
5.654692875136127128e+01
5.815904869267488664e+01
5.886585901403687160e+01
5.452447950363385587e+01
5.635041642599394862e+01
5.797577166767114676e+01
5.878940244761059120e+01
5.410508309553944883e+01
5.666148549401503232e+01
5.793536846546950869e+01
5.899891443955318948e+01
5.457794370857995148e+01
5.598840295755933738e+01
5.741877296275066556e+01
5.815776774322570475e+01
5.763049851700279191e+01
5.424350205593719210e+01
5.687513115081277704e+01
5.701432569983423093e+01
5.883526740134543331e+01
5.389951595170363419e+01
5.619896912436827563e+01
5.603409512147811711e+01
5.846253994135514631e+01
5.512579994649600934e+01
5.784737040207813408e+01
5.706884666753565938e+01
5.898507429868487861e+01
5.381112499162064466e+01
5.694817720784111970e+01
5.620299431561783621e+01
5.883416510550221545e+01
5.434561061676372162e+01
5.646350267391476052e+01
5.855177130737366298e+01
5.674602611154229947e+01
5.505032298744476549e+01
5.829234121018475179e+01
5.602852712423422332e+01
5.913967350572568904e+01
5.364061114202008440e+01
5.700884054872645379e+01
5.936365320587464822e+01
5.629686079469569648e+01
5.612843094954220646e+01
5.370071242563860636e+01
5.680082041032902396e+01
5.745886240211983420e+01
5.459811753682717494e+01
5.397341023270357852e+01
5.715645541052845147e+01
5.500072579685314622e+01
5.761082808956304291e+01
6.001411954323997122e+01
5.543088492528625011e+01
5.846821320815494971e+01
5.152015794080923428e+01
5.566529970753429524e+01
5.683566296275860452e+01
5.858884147546416443e+01
5.280296564691848005e+01
5.546096680464767559e+01
5.727315059868841729e+01
5.706084071417597414e+01
5.296552843249542519e+01
5.417209490008203687e+01
5.594604445076353727e+01
5.738193866244315444e+01
5.252336038378805938e+01
5.512452781345504604e+01
5.633281293020754532e+01
5.756624861675927463e+01
5.313257457628378688e+01
5.452706593900649779e+01
5.605672229719987598e+01
5.698260013828982551e+01
5.522776215533017563e+01
5.296945440773850322e+01
5.513996230127835219e+01
5.584037761524245269e+01
5.686946345886234866e+01
5.841318673479912604e+01
5.860704589232630468e+01
5.402616771738757251e+01
5.512357314529871388e+01
5.160690874357825209e+01
5.469422723578632883e+01
5.464705630419198457e+01
5.674306978167859228e+01
5.149240060228125770e+01
5.448484590638680913e+01
5.398692866856492856e+01
5.645735061076766925e+01
5.231581217566863273e+01
5.549600155196083762e+01
5.474855248947523023e+01
5.674256145779830973e+01
5.115269842881149742e+01
5.458426560660771543e+01
5.576201877979524824e+01
5.431804209008310380e+01
5.240729020925328996e+01
5.576810896877883295e+01
5.367768570179280374e+01
5.686034929776796076e+01
5.937612982124630179e+01
5.656725839349933693e+01
5.693102727586786216e+01
5.461641131373229996e+01
5.332236797504932468e+01
5.683473190957409571e+01
5.377398627862839220e+01
5.691184866457659552e+01
5.922507912896567461e+01
5.615368892568252335e+01
5.824358450796640341e+01
5.228262478501422805e+01
5.683733721795334048e+01
5.834923531401604890e+01
5.373076187869321529e+01
5.601365765808435526e+01
5.204677122807747480e+01
5.435096787992748801e+01
5.641377101610793687e+01
5.593557263606124508e+01
5.811194909529577757e+01
5.985778238168068555e+01
5.377817858365863657e+01
5.681161708379040221e+01
5.791325950781336473e+01
5.887784850570722028e+01
5.417459115056206542e+01
5.646588268987752457e+01
5.742143059591421661e+01
5.869057513175243912e+01
5.479602800207231894e+01
5.690552295997101595e+01
5.772589208093027224e+01
5.921892113325299078e+01
5.495452621437328133e+01
5.689489359504794663e+01
5.783080164236915266e+01
5.958792759262728822e+01
5.472703476606537976e+01
5.724621557658018389e+01
5.754455841867207511e+01
5.954328092885305779e+01
5.557588553214047522e+01
5.772985819258601481e+01
5.848409179060614349e+01
5.999481258272614070e+01
5.487838335085862695e+01
5.780536096457897344e+01
5.776324849206986300e+01
6.027470476018894630e+01
5.509079774156210618e+01
5.804692742404069605e+01
5.901399543370256140e+01
5.841192666278811885e+01
5.532930298055595841e+01
5.500001166557865417e+01
5.795705710912203301e+01
5.784984264038219237e+01
5.886416162622347770e+01
5.493083967745751295e+01
5.831332770708456792e+01
6.008449006138696546e+01
5.326951461412343747e+01
5.746736344998051749e+01
6.004590180209083172e+01
5.716006686346626253e+01
5.830542081313225822e+01
6.128022708385780248e+01
5.860439166637526398e+01
5.907410166349438896e+01
5.629370359844789817e+01
5.948169271030878491e+01
5.970781853862675348e+01
5.724905016342291475e+01
5.730457378178444827e+01
6.070228676534355827e+01
5.800244915610991114e+01
6.084368641564898184e+01
5.511581342029553099e+01
5.809490808938841155e+01
6.023409850815181699e+01
5.750535369735870717e+01
5.938368536449773671e+01
6.115456465376718143e+01
6.181559077172209271e+01
5.752382895487198766e+01
5.874494795253272628e+01
6.040821654591063350e+01
6.181509463279716954e+01
5.662873610694234117e+01
5.803251112871402739e+01
5.957243606846647310e+01
6.117356715729262362e+01
5.542049064420834270e+01
5.742341897401145445e+01
5.884849729032061560e+01
5.975746882438309626e+01
6.010860382643937072e+01
6.091960700599305767e+01
6.251399317842801651e+01
5.902770058795938013e+01
6.114070580971250735e+01
5.542324602723203242e+01
5.743712861750996268e+01
5.791561481254090893e+01
5.968000327992982079e+01
6.002483409422356431e+01
6.204878783517607133e+01
6.052516417270123128e+01
5.626183014844959018e+01
5.722998910238381853e+01
5.962595565908310391e+01
5.890579690679671643e+01
5.870163265019520082e+01
5.846823152087911524e+01
6.090670014351630357e+01
5.958772051132698522e+01
5.666162807750320951e+01
5.778472418789294096e+01
6.044179065200303569e+01
5.848244428961023544e+01
5.995375981237871343e+01
6.207522631360229326e+01
5.941410947270722431e+01
5.965564709110774544e+01
5.749537216613803281e+01
6.062633558188724692e+01
6.241600102998181399e+01
5.581798559158035999e+01
5.937312141983171188e+01
6.180093105322993097e+01
5.850717379258940554e+01
5.858587469061138364e+01
6.161171189118832103e+01
6.058969422559538032e+01
6.215315091638186118e+01
5.575895291902572382e+01
5.917584154207694525e+01
6.143079233285117624e+01
5.708195620101697187e+01
5.968638400664725907e+01
6.129105308000063701e+01
6.100630934696346230e+01
5.726382128312057773e+01
5.930075147491881182e+01
6.066576482099763723e+01
6.148694095934292392e+01
5.706412201359117375e+01
5.839591495889286676e+01
5.995970679260821612e+01
6.137976687720949087e+01
5.631936955093546260e+01
5.749216745119255023e+01
5.878470372855974091e+01
6.015896657258183211e+01
5.591939755498909648e+01
5.727022785607326938e+01
5.825671006229816840e+01
5.965478718012557380e+01
5.543115201686786975e+01
5.732975314316929882e+01
5.793199837291950161e+01
5.941480834022561197e+01
5.594587755864584011e+01
5.841757550968377188e+01
5.848548579317599660e+01
6.008466846799054650e+01
5.491836754074653015e+01
5.735757858784388930e+01
5.699725370901547450e+01
5.934565992003420121e+01
5.599545723906728512e+01
5.898968970546648194e+01
5.802319150888607879e+01
5.929049464007863435e+01
5.559086999988476663e+01
5.804796668332242859e+01
5.695681000334592170e+01
5.914146117248910173e+01
5.340791577420869629e+01
5.631300819649700173e+01
5.703922753607382390e+01
5.592633367112722453e+01
5.876990815329805429e+01
6.090581955768803368e+01
5.525948289672066238e+01
5.854606055606066661e+01
6.089500281222747446e+01
5.779966813152624638e+01
5.711760675848713475e+01
5.471432473489897319e+01
5.768901174374274632e+01
5.977045976316713194e+01
5.290791243775099417e+01
5.661495616525667884e+01
5.883853713071733438e+01
5.714414272799583472e+01
5.653648006107069079e+01
5.351627219701347826e+01
5.634937371040110321e+01
5.807044413216046763e+01
5.075202584734321931e+01
5.536598523354984991e+01
5.650484966687943000e+01
5.800455933895450045e+01
5.168185619707862344e+01
5.549901202298179470e+01
5.715175588553665165e+01
5.754082699931129241e+01
5.298713589471151408e+01
5.492385645342397282e+01
5.559828612357569000e+01
5.691592927595477391e+01
5.219233357169365917e+01
5.462669492991848585e+01
5.561530839380068159e+01
5.656934021290290104e+01
5.752160080364454586e+01
5.867105918797393826e+01
5.401539410670343955e+01
5.530188485354356942e+01
5.643716636958512822e+01
5.704739920999282532e+01
5.743396926480986053e+01
5.298386931485737250e+01
5.407305778484679593e+01
5.563355919613081113e+01
5.586045214837643158e+01
5.307663348221651489e+01
5.393877467551855887e+01
5.594944375173686524e+01
5.561394226078392222e+01
5.252032175985254270e+01
5.302039406566409241e+01
5.532389877989940175e+01
5.453033062169753009e+01
5.456707158129910340e+01
5.428358887374195518e+01
5.678528375453593924e+01
5.524861491997858565e+01
5.212964183971879351e+01
5.490548535098925242e+01
5.293665557896608220e+01
5.588114930935461189e+01
5.831565442042332847e+01
5.609583569412447446e+01
5.720375058539337942e+01
5.368596195726253484e+01
5.696085506995944314e+01
5.876582083864491324e+01
5.022346757660965011e+01
5.561808620229194133e+01
5.801759857606030835e+01
5.491722352702033305e+01
5.537033860768291049e+01
5.832020791205185617e+01
5.751377840693213983e+01
5.700747437230962333e+01
5.371748573874282329e+01
5.694558544315181337e+01
5.586791694290300825e+01
5.632746160891553444e+01
5.298750872756753694e+01
5.559112331929658524e+01
5.655847596615414119e+01
5.614219400256189374e+01
5.358316881017382372e+01
5.642327774983969135e+01
5.819739429499392003e+01
5.184147797969048099e+01
5.552364514556197150e+01
5.716510898511889849e+01
5.790900853093906164e+01
5.140861633040633194e+01
5.440217938001864439e+01
5.542840204811614768e+01
5.656897812725309649e+01
5.670182270355596188e+01
5.822616324231552909e+01
5.887729096535200313e+01
5.486531344694554946e+01
5.631285538700605287e+01
5.792641225796616311e+01
5.849487411001417314e+01
5.494984736467519326e+01
5.605517018353567238e+01
5.794505289845701412e+01
5.810610490877684953e+01
5.563191123198609489e+01
5.688548013340967913e+01
5.902661830262631781e+01
5.848237788805731441e+01
5.407718796047142717e+01
5.488753575527287865e+01
5.736080184839141793e+01
5.655929736754733028e+01
5.741470324321934271e+01
5.666059863514059458e+01
5.944852838705782716e+01
5.721580081210592539e+01
5.481034871398266972e+01
5.668119606918208575e+01
5.711998691311028153e+01
5.736829516408603524e+01
6.022204677056424771e+01
5.953770697802565337e+01
5.893788590378392911e+01
5.707224033028504806e+01
6.028471898435235943e+01
6.157773614972050780e+01
5.404343388403014359e+01
5.849688951268100112e+01
6.097473293827707153e+01
5.788192054815228715e+01
5.849357341972699231e+01
5.563619862363917434e+01
5.872599442845465489e+01
5.842895744810402903e+01
5.762797452511721730e+01
5.839816687036744725e+01
6.123271572016926001e+01
5.595286258983819039e+01
5.883951689784078809e+01
6.073776312560577395e+01
6.115523958832952900e+01
5.730317754210668113e+01
5.916671512500159480e+01
6.066561284037734936e+01
6.168347660654107756e+01
5.736851148924298371e+01
5.842107870642549017e+01
6.008250181756653774e+01
6.171655680494225749e+01
5.595670869695946692e+01
5.802200766411851873e+01
5.900592638545418822e+01
6.022886927618588260e+01
5.876795331751734608e+01
6.048622211472238064e+01
6.122641672996699924e+01
6.046573682599777300e+01
5.728921566562009815e+01
5.983452086173048201e+01
6.036684103917391298e+01
6.077451669542494983e+01
5.572277408083414940e+01
5.745400229439645301e+01
5.905552483887440474e+01
5.885029446770504080e+01
6.077666756651995428e+01
6.112786884169581469e+01
6.244967350910425097e+01
5.708411406215754624e+01
5.983201482061564036e+01
5.926645352907964792e+01
6.172240312748262170e+01
5.839678472734709658e+01
6.137176239190000615e+01
6.043013550356598529e+01
5.931845093201560104e+01
5.826672338536718598e+01
6.114987771332178568e+01
6.079412883085377928e+01
5.975170223003823367e+01
6.277909172086030765e+01
6.020617901902556923e+01
6.306437137762471679e+01
5.665840528625980710e+01
6.028236566385552919e+01
6.252965989458492402e+01
5.937347076708134352e+01
5.928034895700704965e+01
6.234871758679476272e+01
5.906062445971820551e+01
6.197833122792756200e+01
6.422074318148813177e+01
6.103276328619870839e+01
6.378162983989544443e+01
5.704125158376959348e+01
6.030903221454312302e+01
6.256351439027938000e+01
5.807865302224993087e+01
5.945022952730032273e+01
6.198481349419762410e+01
6.263334858074631484e+01
5.796951245205891468e+01
5.869405025454548763e+01
6.054860097085919080e+01
6.221387178433364795e+01
5.713602949468490522e+01
5.972365422558691961e+01
6.126738529503254682e+01
6.148795097700449475e+01
5.689285123348260953e+01
5.799167902472197511e+01
5.929135481661157314e+01
6.065782895800572305e+01
5.594156528232418424e+01
5.758725962117088670e+01
5.881396744206360694e+01
5.962722422623557605e+01
5.896573260269401118e+01
6.056773914232426392e+01
6.111915089231831644e+01
5.782354083221754593e+01
5.994357704118956320e+01
6.012693078363513877e+01
6.174824205417557721e+01
5.668798985377634381e+01
5.914377729955505458e+01
5.873246388550800390e+01
6.108193975938549869e+01
5.770113574106049725e+01
6.028515131718257436e+01
5.929111270065405392e+01
6.106884534842900791e+01
6.172188332035042180e+01
6.145939180869608265e+01
5.971145266059341594e+01
5.884134860813868784e+01
6.143536094195777508e+01
6.169528556162558885e+01
5.632991347688253825e+01
5.953051932048292372e+01
6.176807765795354044e+01
5.930322304939419098e+01
5.985919560658687999e+01
6.260077402907324995e+01
5.972892380528422507e+01
6.132074320062141481e+01
5.716545144610226714e+01
5.996805705130902453e+01
6.210736338551786417e+01
5.547928709716423157e+01
5.907498989356324870e+01
6.126646127879361359e+01
5.894576247556308601e+01
5.887120740434474442e+01
5.577854885918694805e+01
5.853030741580362672e+01
6.001941241114022318e+01
5.385207746798071327e+01
5.780020134428951906e+01
5.955308071434247807e+01
5.851873694069969645e+01
5.532192650408030943e+01
5.726162019833531502e+01
5.873526040936455672e+01
5.919945018981692186e+01
6.040340974597200585e+01
6.115271987245596819e+01
5.724892409788991188e+01
5.917805999828142660e+01
6.036182210360001932e+01
6.075662338242642591e+01
5.704149693108903563e+01
5.861706844683427420e+01
5.967211842537703603e+01
6.067211265568244016e+01
5.551841977879844592e+01
5.677814439774115840e+01
5.791211561659480367e+01
5.872636014003958849e+01
5.544693228087121639e+01
5.681673497792864680e+01
5.828612043313497537e+01
5.849467123113894473e+01
5.435763414369026947e+01
5.520506096131179419e+01
5.712204339387294283e+01
5.689593941954984047e+01
5.815295991580404689e+01
5.803080818080790948e+01
6.022964715984513617e+01
5.632650709057360672e+01
5.915076492175690959e+01
5.835619599330501472e+01
6.000817302541874909e+01
5.537594584699538558e+01
5.849819459899285334e+01
5.882901896895785399e+01
5.848293847576130133e+01
5.384268410821909612e+01
5.778940214771355244e+01
5.577612068719035676e+01
5.881763444143316377e+01
5.407273195263259424e+01
5.762948455740632880e+01
5.983836372181544050e+01
5.391553088543048489e+01
5.774030901856512088e+01
6.003015555977600570e+01
5.540595484930244652e+01
5.793201732636981660e+01
6.036894462970978736e+01
5.672591961235595903e+01
5.940440462992038562e+01
5.099004990515553004e+01
5.648474532204389220e+01
5.857447056118427753e+01
5.410056717137726423e+01
5.797358485124897953e+01
5.814790491966298447e+01
5.932971374645580909e+01
5.225518248371447072e+01
5.641819527391055544e+01
5.807948236568601885e+01
5.861387036140195050e+01
5.429835392121174209e+01
5.612627274084750439e+01
5.681069877015532654e+01
5.818510648159188747e+01
5.941437556937693643e+01
6.067141933354897532e+01
5.657589021554127839e+01
5.827027284793449979e+01
5.959865721986590614e+01
6.061921466570260719e+01
5.629358255472698147e+01
5.821530678079905385e+01
5.945543112416696374e+01
6.000117902511166079e+01
5.596769614481516442e+01
5.863474046728086364e+01
5.894057469348180689e+01
6.063979643381951945e+01
5.393047372070918044e+01
5.663719730827067877e+01
5.677170984643618112e+01
5.890692465155296276e+01
5.814080048564215275e+01
6.062683941394740117e+01
5.974619976773924179e+01
5.640236230056544997e+01
5.767420572247876009e+01
6.005427458177783251e+01
5.859663015929273655e+01
6.028285327624951861e+01
5.960577770949389276e+01
6.223747576800707293e+01
5.821924370201500665e+01
6.055551981906918257e+01
6.295637126990541077e+01
5.995088412047760329e+01
5.889939034366395276e+01
6.232758196046392385e+01
5.934713633984099346e+01
6.255929237627429984e+01
5.500646665729628637e+01
5.937717870987177093e+01
6.178655915663558318e+01
5.829070350890182084e+01
5.892434268888627713e+01
6.186707713081116111e+01
5.935899558882864824e+01
5.977702178487514573e+01
6.297338943336807660e+01
5.954987681599408234e+01
6.247597757704190968e+01
5.463380552066328022e+01
5.914114516183507675e+01
6.032755359356237079e+01
6.205642343924349547e+01
5.508639640179512753e+01
5.878104598535929171e+01
6.054632148117581636e+01
6.135138840112513492e+01
6.295466345122498097e+01
6.413764622099235169e+01
5.822261889447198513e+01
6.090999824929408391e+01
6.204508076413344497e+01
6.307186935062335920e+01
5.898930865335265139e+01
6.081947146309746444e+01
6.222580402324822302e+01
6.302264985204252667e+01
5.747129995402779201e+01
6.027922514484447447e+01
6.062584706570255833e+01
6.219500528329579225e+01
6.006087253838884266e+01
6.244376132222364362e+01
6.271771617143321720e+01
6.030893231151361533e+01
6.275939603838396863e+01
6.245796912442815341e+01
6.437838737572235459e+01
5.861050131742759106e+01
6.120058820641570207e+01
6.077941065238544383e+01
6.298952921569925678e+01
6.019102681487765949e+01
6.307230186617945122e+01
6.238447217210644169e+01
6.231628501773623441e+01
6.416845091458102956e+01
6.209326433964979230e+01
6.351479431808014198e+01
6.061417747321579697e+01
6.364301565487025414e+01
6.574523245323628373e+01
5.882721291365094629e+01
6.218487547614905253e+01
6.458024822761140626e+01
6.149074399986624684e+01
6.257371750891596918e+01
6.533190028279389594e+01
6.200642648177528571e+01
6.303894911902392550e+01
5.988488852509352967e+01
6.280509491319109117e+01
6.244336311942496565e+01
6.065609025389533571e+01
6.369383434308160474e+01
6.421629504841730807e+01
6.108456638346726919e+01
6.136436418544975169e+01
6.415631677891231277e+01
6.339412461638396223e+01
6.225611298498510138e+01
5.953304796638428797e+01
6.168992875086026118e+01
6.310255112555118018e+01
5.850233431398093842e+01
6.137178285047225046e+01
6.278253546484029357e+01
6.354282190216555648e+01
5.884880448964268851e+01
6.037778552173877955e+01
6.143211999826105796e+01
6.236940742979701469e+01
5.926787508193047671e+01
6.064757234184358481e+01
6.158625099286552995e+01
6.228804250403027254e+01
5.760646624493970336e+01
5.913430965242901749e+01
5.966268860935447549e+01
6.102880783996831582e+01
6.209826602944625762e+01
6.198512865417489337e+01
6.295801548156311611e+01
5.773003761925932764e+01
6.004807779907948628e+01
5.960314402792147348e+01
6.193291173718682785e+01
6.106036513019273571e+01
6.368757705001940650e+01
6.161763107871690437e+01
5.811946023938070738e+01
5.882456851359317085e+01
6.120120537329230359e+01
5.979903750232253401e+01
6.074204265034828865e+01
6.118592416206078610e+01
6.191742643751564401e+01
5.888777949874817352e+01
6.156928447725805853e+01
6.394018246447920006e+01
5.916864175891854671e+01
6.160139502105982956e+01
6.385453307224961605e+01
6.052327008775853301e+01
5.985815648264268418e+01
5.740396726538927652e+01
6.026542560582174701e+01
6.230029136995189276e+01
5.552635419678671269e+01
5.902473927522395769e+01
6.118591797445480296e+01
5.888020059343957513e+01
5.874989462549694252e+01
6.167611243448323677e+01
5.835600318209202442e+01
6.095992812822978379e+01
6.248496190742418577e+01
6.145467650717252894e+01
5.821355624699974385e+01
6.010486180939263079e+01
6.125338177248896443e+01
6.188800132533448561e+01
5.730725316626601540e+01
5.883393356108150840e+01
6.005658696023369458e+01
6.135994404086461174e+01
5.636794233911782470e+01
5.732059433340187837e+01
5.888217178208685709e+01
5.966720583012224921e+01
5.643234421149559665e+01
5.801374838767996067e+01
5.908505420505292705e+01
5.971128300664915400e+01
5.518559512365791875e+01
5.682891780619819144e+01
5.740753669552285032e+01
5.864313185428243713e+01
5.912116936238589204e+01
6.076242902256534961e+01
6.023860321795604733e+01
5.479305393307290473e+01
5.731028070022413345e+01
5.712280307129747570e+01
5.902459951224943779e+01
5.723040912222247556e+01
5.971369514987351579e+01
5.887379971165174197e+01
5.676272544315944657e+01
5.706333140823857519e+01
5.942013300993377101e+01
5.805637427344090185e+01
5.719811198416681464e+01
5.792230814359774627e+01
5.997891390278246604e+01
5.758101797402742505e+01
6.028882400234454764e+01
6.229794707634007267e+01
5.482216323207187259e+01
5.903842865941822993e+01
6.137307183410800349e+01
5.845886877810151105e+01
5.998942574058907695e+01
5.484767458898357262e+01
5.844081013645803324e+01
6.059988461972262996e+01
5.301325283705170932e+01
5.763293412461838017e+01
5.984112891811258095e+01
5.784916579690364813e+01
5.844653839324640643e+01
6.118691593287913122e+01
5.741944686875766024e+01
5.860388095954483845e+01
6.111605457953572085e+01
6.108973656771576799e+01
5.790006949642596368e+01
5.870910237104088480e+01
6.060567565439415461e+01
6.187227337985081732e+01
5.524008721498003638e+01
5.869274247422138302e+01
5.981698648076194047e+01
6.064691913628793429e+01
5.535730664650824906e+01
5.773758803511281457e+01
5.926828227159678164e+01
5.991493593209049351e+01
5.552116861164534356e+01
5.712595569451912070e+01
5.836966471044082994e+01
5.942038849263023792e+01
5.536531699159677089e+01
5.740290078925068684e+01
5.800347020832540323e+01
5.883938476837784748e+01
6.063569028144387119e+01
6.079174596050694390e+01
5.967565863123439129e+01
5.593547445041259181e+01
5.869808951804209585e+01
5.865246007594770106e+01
6.073664670319245573e+01
6.132696675489082594e+01
6.213624376596655452e+01
5.701528607945601124e+01
6.063905193325711451e+01
6.141515422048467343e+01
6.093785373724861643e+01
5.899944852225995362e+01
6.060819601305527016e+01
6.091062201564069056e+01
6.107268089007209966e+01
5.617932185501676656e+01
6.044372368165881682e+01
5.971361747281640220e+01
6.253881232800583234e+01
5.538939845884063828e+01
5.956871834944482202e+01
6.182746429334618909e+01
5.864850224367170739e+01
6.178417059499198416e+01
6.375172924887259995e+01
5.647103750325860716e+01
6.065352030649658843e+01
6.294044235791297837e+01
6.135378010656067715e+01
6.149592727694758310e+01
5.813307115272795045e+01
6.117006970257003218e+01
6.035173550072396154e+01
5.823518889561961487e+01
6.159425375711163753e+01
6.234999240010737509e+01
5.915154844587004845e+01
5.972853304862979229e+01
6.163874096498501132e+01
6.334649833794551199e+01
5.768049679734582469e+01
6.048652299560215084e+01
6.157087983654830055e+01
6.274427276707189094e+01
5.706197773723575040e+01
5.955054990597353992e+01
6.070403707014863670e+01
6.191379498904345979e+01
5.753486557129541268e+01
5.913212356439793638e+01
6.047126258629419482e+01
6.146580968588929750e+01
6.207939537608077529e+01
6.337496949326388318e+01
5.876727562028754903e+01
6.101880237330620105e+01
6.140412927013856859e+01
6.317671874916845098e+01
6.210660123364357332e+01
6.446096265926847479e+01
6.419744313758587850e+01
6.079068699230451500e+01
6.116691632870979589e+01
6.333960449198772835e+01
6.277779920492190513e+01
6.276387486134750304e+01
6.042569517506684917e+01
6.321970928939890655e+01
6.248903156808501791e+01
6.068512398964930554e+01
6.143916055487333949e+01
6.403400318169538252e+01
6.186378688061994779e+01
5.975227672685764446e+01
6.113404748839484171e+01
6.229424608531437002e+01
6.012329075493122588e+01
6.321447953100994965e+01
6.548856100393781787e+01
6.034251432831133855e+01
6.312411284686936597e+01
6.541855050439171748e+01
6.155930794902852909e+01
6.203861481399511035e+01
5.903294946387333653e+01
6.194633222783602378e+01
6.264953170604906774e+01
5.974175004103302200e+01
6.261679275252311783e+01
6.188921624432280311e+01
6.325249039177310095e+01
5.920674446878076225e+01
6.195321163790483610e+01
6.127838415473492972e+01
6.280136248502513041e+01
5.851508541235052263e+01
6.022536885514426075e+01
6.092568955794801866e+01
6.221340088703996685e+01
6.333168547328078546e+01
6.454817057085313081e+01
5.959927059966714324e+01
6.056395504183308987e+01
6.180901249042457124e+01
6.319945345287199245e+01
5.793769132599750549e+01
5.952664277750009347e+01
6.042867487222336109e+01
6.137994902891854565e+01
5.706533946364108800e+01
5.915846848038480488e+01
6.021980858987582508e+01
6.069566798084446901e+01
6.016618859434283451e+01
6.204115125892148086e+01
6.189235731294327536e+01
5.937815015029207899e+01
5.983956066886528902e+01
6.199544232609942185e+01
6.116546961235822977e+01
6.370814230627905772e+01
6.246329196200715472e+01
5.957152223948291692e+01
5.948562994095820500e+01
6.210905216958470021e+01
6.069709952097937844e+01
6.258276798642043559e+01
5.727699277918664933e+01
6.027244478869558719e+01
6.085533353356814956e+01
5.963645295265731505e+01
6.227287481707000438e+01
6.450575716983347263e+01
5.830317793624258371e+01
6.119243460392210920e+01
6.346186392880144211e+01
6.049089613219670980e+01
6.097613314649647265e+01
5.823207763838112783e+01
6.102858982759764217e+01
6.162162953953274780e+01
5.845139215194429028e+01
6.091528373079892589e+01
6.038179926751367788e+01
5.988672150784148585e+01
5.883404718047912496e+01
6.159453453054934613e+01
6.099079626334973625e+01
5.822777050250655151e+01
5.951537619850345351e+01
6.170551026305455622e+01
5.654591515324874251e+01
5.960529591243442837e+01
6.128803862403310632e+01
6.244066459638480637e+01
5.599653950644858469e+01
5.900633837346181565e+01
6.017924910850391740e+01
6.114468719889794102e+01
5.634258831988116611e+01
5.764435710059741069e+01
5.891359691898104245e+01
5.950657911177695070e+01
5.661084415619054511e+01
5.822874756636676352e+01
5.913173248586994646e+01
5.955582538758464750e+01
6.029571886233481592e+01
6.154444979912876335e+01
5.898946415969668067e+01
5.641547226839897888e+01
5.931723543051108294e+01
5.922273606567851800e+01
5.767276783836611997e+01
5.793992088071507851e+01
5.989723389149356336e+01
5.952193735482477877e+01
5.584013836385654628e+01
5.710607621477051055e+01
5.902055588433442779e+01
5.792531948159292199e+01
5.814983091509004254e+01
5.760959619423515932e+01
6.006482596622742420e+01
5.799039184822528625e+01
6.065475934619809095e+01
6.223169017735776976e+01
5.459612617594733308e+01
5.839359021363798519e+01
6.068983734103157701e+01
5.841943880608201312e+01
6.073304159907618072e+01
6.317644248621365222e+01
5.942028904866906913e+01
6.030637230777252711e+01
5.731746047758407769e+01
6.018230834612118230e+01
5.992043940753303843e+01
5.711396801564413295e+01
5.677429805571500054e+01
5.976609657618890736e+01
5.749719565843773239e+01
5.920160043643846137e+01
6.174061514993566391e+01
5.803747606159564043e+01
5.902034896558173926e+01
5.510399012063766122e+01
5.733853718216109030e+01
5.780891337121609297e+01
5.942238362168368582e+01
6.098819885130194507e+01
6.157239263336759905e+01
5.720108235942757346e+01
5.903261431508737189e+01
5.999618828235572465e+01
6.085298371370216586e+01
5.606635926449859397e+01
5.804704350900552612e+01
5.925684117786820337e+01
5.987009724167049285e+01
5.667682424739524549e+01
5.842361234124538782e+01
5.961616744511500343e+01
5.907170507756293176e+01
5.797657550112460711e+01
5.987393816217423392e+01
6.037224395919381692e+01
5.754720781943709795e+01
6.003755123106912350e+01
6.023036536787746797e+01
6.154758715342602926e+01
5.521074337941217181e+01
5.794072120035330187e+01
5.781879402002174828e+01
5.998162413697264128e+01
5.784693985619915679e+01
6.068508067225936742e+01
5.974941666962841680e+01
5.713290806348789630e+01
5.726767347579020395e+01
5.993328946032909954e+01
5.847475796635605150e+01
6.131167468193500270e+01
6.226411239967030298e+01
6.021549841730900710e+01
5.803219728482932283e+01
6.128776316862165174e+01
5.896191873926767357e+01
6.195150534863294922e+01
5.706900684646015520e+01
6.050614785027188702e+01
6.242844132794262180e+01
5.736645517456247489e+01
6.074265656976945849e+01
6.303146618227717823e+01
5.720336598668627914e+01
6.114680534932676181e+01
6.332175422002384835e+01
6.007161569215890040e+01
6.200561975707049811e+01
5.689388240764106541e+01
6.067543835121732343e+01
6.096956428014338769e+01
5.788884371214862767e+01
6.004375936202137609e+01
6.061835519713345377e+01
6.220986207432784454e+01
5.598828188504182890e+01
5.913404556612023555e+01
6.077327483264215147e+01
6.131934233207000773e+01
6.297753941420105406e+01
6.426585193404802965e+01
5.827688078363810575e+01
6.078680610608811463e+01
6.194593295616008533e+01
6.313720407069917684e+01
5.869305617766439553e+01
6.030847354623640655e+01
6.162234673721186340e+01
6.259310623334924628e+01
5.872425818157670108e+01
6.096622222205004249e+01
6.124775772301108390e+01
6.277185199518256553e+01
5.772105574474728229e+01
5.980005199881331635e+01
6.016265061836717365e+01
6.150579565802468096e+01
6.296203712584161138e+01
6.267140935290352388e+01
6.371758466204138216e+01
6.341707526117696148e+01
6.562763650597979392e+01
6.184904626210968104e+01
6.362694203136691584e+01
6.525371342271827757e+01
6.294988685929561001e+01
6.062816966036183430e+01
5.994215587636681164e+01
6.279005372315594258e+01
6.254544086029170558e+01
6.278301491714884008e+01
6.530929924244820484e+01
6.280519590500659888e+01
6.252275766096074960e+01
6.034189693583600445e+01
6.341640836004334147e+01
6.532428790820284803e+01
5.859648745252870583e+01
6.193929928267581175e+01
6.428094691303689956e+01
6.088919072856546677e+01
6.147745431232904423e+01
6.423102999570872385e+01
6.273247976659069280e+01
6.413465025481112036e+01
6.639388914277604670e+01
6.157080390917894164e+01
6.481732075871539678e+01
5.818873204800934928e+01
6.126206479239878888e+01
6.311243836890161418e+01
6.168587753519395989e+01
6.119082060387822253e+01
6.304320625981809201e+01
6.351906777750854616e+01
5.929711201978157931e+01
6.110311497895479960e+01
6.233548069254703705e+01
6.274471509107715406e+01
5.860492976520760777e+01
6.037542352705694526e+01
6.118480898074631824e+01
6.219570233805047366e+01
5.840153113371489724e+01
5.977508818668396628e+01
6.093429215333194549e+01
6.138458213030625643e+01
6.199299865814079169e+01
6.329515002260976075e+01
5.919624835113140904e+01
6.140071128042684734e+01
6.146893048205483012e+01
6.339812458457245015e+01
5.925400810280712705e+01
6.193432397258632705e+01
6.152154187976208988e+01
6.303784964241949496e+01
5.564596966375536624e+01
5.928881957722779106e+01
5.877511833007052644e+01
6.109665415042936587e+01
6.256413558192981839e+01
6.100932047563824057e+01
6.342050265106007600e+01
5.798407134563886700e+01
6.052895296104217948e+01
6.060696127533681477e+01
6.109913422095771551e+01
5.759046191015556104e+01
6.051299401298219038e+01
6.255617593343279026e+01
5.894341754192473815e+01
6.167170359439205640e+01
6.380318163247292773e+01
5.773836308571003428e+01
6.084351797494028347e+01
6.308234362785235305e+01
5.971905139669973295e+01
5.949132092713396958e+01
6.230812877306905051e+01
6.104135097175763747e+01
6.307607910628969705e+01
5.571300352007548184e+01
5.937185492318553770e+01
6.137305257599576436e+01
5.742965112856830956e+01
6.004924812203382345e+01
5.938601020074782610e+01
6.199232876466071929e+01
5.612150183849139040e+01
5.840682071758995164e+01
5.968512288816638289e+01
6.041811935114068888e+01
6.181586619863557530e+01
6.299420960048854568e+01
5.771159617504828532e+01
6.046705297426578340e+01
6.096800360411332775e+01
6.225295822778510768e+01
5.678770334914712947e+01
5.843898458346322400e+01
5.924843882738533551e+01
6.029123488346456838e+01
5.581386565350071294e+01
5.786048527368883754e+01
5.898826812493108207e+01
5.966036951905885388e+01
6.115682506431245002e+01
6.143118935509594536e+01
5.900721888253317360e+01
5.977583543986754933e+01
6.173237630809316556e+01
6.139089294663623519e+01
5.756923205943978417e+01
5.787325152565028930e+01
6.003737961169677106e+01
5.928975722474436338e+01
6.080983932379587031e+01
5.548272428385315180e+01
5.841278498066311897e+01
5.733354361893974271e+01
5.978970513786725149e+01
6.215884831142314937e+01
6.007819474756272626e+01
5.971604988880064013e+01
6.189588355109012952e+01
5.959059019369776422e+01
6.217474081083886972e+01
5.449553173655003491e+01
5.878971787756881184e+01
6.102116199322306045e+01
5.806131921567122589e+01
5.933193154801359270e+01
6.191638059476561295e+01
5.860476998127503379e+01
5.861651231468964340e+01
6.152793119561111013e+01
6.035450451098777336e+01
6.208971015939757621e+01
5.330777135241192610e+01
5.869215767108698145e+01
6.075036020106136903e+01
5.621592860115703871e+01
5.926671087871122978e+01
5.869357261437145468e+01
6.055676394373769256e+01
5.689102075022296390e+01
5.912922986665740410e+01
5.937320451520891140e+01
6.046594355184946323e+01
5.401091818819028134e+01
5.746355698479591467e+01
5.863684580579096917e+01
5.952513428927980499e+01
6.065329007730333188e+01
6.198621717415031895e+01
5.660337542391804533e+01
5.853385358329613553e+01
5.936812550474518702e+01
6.051887982250240583e+01
5.711840075835913666e+01
5.834686145812126057e+01
5.956633402438210112e+01
6.008442706314174586e+01
5.918880129365491172e+01
6.125272099891164146e+01
6.136486751356633818e+01
5.895646492723973608e+01
5.956046255486155871e+01
6.162940742543802486e+01
6.114524014628019444e+01
5.699065199484261512e+01
5.750546068996937521e+01
5.987671376950853386e+01
5.902809423816928813e+01
6.161453223231055176e+01
6.108316639068021914e+01
6.346718048945857760e+01
5.682662746872266979e+01
6.024499157613669809e+01
5.993657197452117913e+01
6.235713031920554528e+01
6.467405643382923586e+01
6.223654498858088857e+01
6.350958588259631910e+01
5.985913187555895831e+01
6.299821127570261581e+01
6.484495709340548331e+01
5.707860619182087447e+01
6.136583799123935989e+01
6.376996285198434578e+01
6.034661368626780131e+01
6.148701943256422453e+01
6.421656885975434648e+01
6.256550020055859562e+01
6.318771150485755328e+01
5.966135005448727924e+01
6.250370544037364340e+01
6.159826663207794439e+01
5.962605109908826506e+01
6.294984761208989710e+01
6.380406290756882015e+01
6.001601797824430662e+01
6.054937995829101283e+01
6.244007713397407855e+01
6.415155511006530276e+01
5.864672945524244341e+01
6.178707822044437137e+01
6.285431002087014463e+01
6.392290373361035449e+01
5.808130468750576370e+01
6.057737110693819460e+01
6.210340387903168136e+01
6.273118954963151594e+01
5.889121802910287329e+01
6.064732554209600579e+01
6.151539338258451295e+01
6.301061630904935384e+01
6.352213840178310988e+01
6.532098537607957667e+01
6.031466325625663671e+01
6.222891046871479404e+01
6.341458496410132284e+01
6.339319427850691113e+01
6.173028851098435155e+01
6.209487898424972485e+01
6.410008495820312646e+01
6.374612995414746308e+01
5.910404894632159056e+01
6.188004248439830945e+01
6.124521238781862564e+01
6.334355913510841418e+01
6.515697823740252659e+01
6.336917355166801258e+01
6.448095148765341378e+01
6.212500502064737162e+01
6.491939208111693915e+01
6.469600995914518649e+01
6.014933348257793710e+01
6.422959279604249616e+01
6.198654161253269734e+01
6.502004027237973105e+01
6.093286527309782485e+01
6.422426792408361962e+01
6.626734058074757172e+01
5.975514919126560898e+01
6.317326516419748117e+01
6.549948758598125664e+01
6.204219226852260505e+01
6.216583438147726781e+01
6.501989798519325348e+01
6.338349985718802770e+01
6.561737909708521954e+01
6.761630143588322994e+01
6.190909752939251831e+01
6.526534024347614604e+01
5.976379228575943614e+01
6.291406002321629387e+01
6.356560488446960022e+01
6.417660857224662152e+01
5.824148049486030487e+01
6.153979188021057212e+01
6.248591684814967806e+01
6.396150994367680909e+01
6.498972654277194749e+01
6.576215624009316230e+01
6.108805813753932057e+01
6.292674761692124008e+01
6.393892173319243000e+01
6.471244166882439686e+01
6.008035004421422798e+01
6.113542355240586801e+01
6.241122908199896102e+01
6.338939535845823059e+01
6.143664980293627309e+01
6.332069924385172044e+01
6.359011548571073291e+01
6.328407761542282373e+01
6.487115695846853214e+01
6.488775975657813433e+01
6.204576841515756769e+01
6.249238275488814764e+01
6.461601776316747703e+01
6.402458984965906552e+01
6.159099524637377954e+01
6.136235633491994435e+01
6.389768215901749215e+01
6.263981770985750330e+01
5.926383631432987187e+01
6.026430442749030192e+01
6.251910435421618217e+01
6.104914817673513738e+01
6.250847178170300111e+01
6.383089955719110975e+01
6.166256646152397991e+01
6.096845069526299454e+01
6.365330646026336581e+01
6.138578609454133073e+01
6.417175766658994007e+01
5.790473289782249111e+01
6.094565570063555526e+01
6.289604121337201548e+01
5.983042457320326690e+01
6.262908660448331943e+01
6.462078550364981311e+01
5.793698169208860094e+01
6.134748071074660913e+01
6.349024208405606373e+01
6.149040179122147265e+01
6.111039094546907080e+01
5.755266013338408726e+01
6.063101008270777470e+01
6.233416953126215532e+01
5.545132364933097335e+01
5.915703851630359367e+01
6.094958831073878969e+01
6.112002930596921146e+01
6.260838578710486502e+01
6.404945492920649031e+01
5.798987096097305027e+01
6.108350916336628700e+01
6.240996526016649426e+01
6.318553114980876018e+01
5.847818716395897809e+01
6.006680573628521813e+01
6.116664417510574481e+01
6.171101712761678471e+01
5.828878430399687005e+01
5.983521761084821122e+01
6.076846806409747614e+01
6.153230344388539663e+01
5.617585334630391714e+01
5.774770422745851306e+01
5.845068512377498848e+01
5.969612081407439774e+01
6.014593011733754224e+01
6.175623778072905878e+01
6.164264562194284736e+01
5.607107719089534470e+01
5.845246380643790474e+01
5.804409338457397638e+01
6.000758802537350789e+01
5.896803838125789810e+01
6.126083173341231003e+01
6.035586884476383318e+01
5.720124112934313132e+01
5.776214303155112617e+01
6.007063182042734439e+01
5.870545134119200981e+01
6.125022003621258904e+01
6.149187562764475956e+01
6.098015659454009807e+01
5.634227242454235807e+01
6.015440922521663225e+01
5.809356388666869009e+01
6.105621862956706281e+01
5.633389173854499887e+01
5.979129179218104895e+01
6.188928798359474825e+01
5.602993371565649738e+01
5.969066680647400602e+01
6.192213382210730543e+01
5.756601273026139864e+01
5.945139329004032902e+01
6.189418956457259213e+01
5.875401731737166244e+01
6.003031798368417782e+01
6.291146446261202385e+01
5.911286536876749409e+01
6.071980833371188169e+01
5.648587009119449220e+01
5.912857202039258198e+01
5.826085194208922502e+01
6.014866569636343030e+01
6.190468645347419852e+01
6.361046512579886780e+01
5.622069175485776071e+01
5.978780915114194983e+01
6.138123659806809229e+01
6.190286848011918863e+01
5.677555727953649978e+01
5.806240412750939583e+01
5.971131310254431668e+01
6.058388492340773013e+01
5.739161583769656971e+01
5.916362428112670102e+01
6.042302663677810415e+01
6.053096666625624067e+01
6.142998637512173588e+01
6.276464107539326420e+01
6.159510341170609848e+01
5.694851829652576924e+01
5.800425564975303416e+01
5.975750282398461621e+01
5.989315041089700742e+01
6.001536076273935549e+01
6.200360545784770494e+01
6.153808081643859396e+01
5.755171154402986389e+01
5.803209035567036267e+01
6.040242266993226394e+01
5.955901721568182694e+01
6.117654951539542907e+01
6.000461259332392672e+01
6.268681832868453085e+01
5.931110218945750745e+01
6.223221751733888141e+01
6.397163340848322832e+01
5.759077466295938308e+01
6.102175383675066200e+01
6.368590095446698740e+01
6.121786628764551352e+01
6.221628654884131748e+01
6.497729666250823755e+01
6.186967826199197873e+01
6.246694937947849979e+01
5.975825219607428096e+01
6.284520278081601674e+01
6.282032331688567695e+01
5.978162114201641941e+01
5.911166699536619973e+01
6.232340925085468086e+01
5.970192910662086661e+01
6.259155008317908653e+01
6.491593034498217207e+01
5.913705992625058627e+01
6.313597206713738075e+01
6.418481230307538965e+01
6.550216085885773509e+01
6.103730919410756428e+01
6.147070587414579279e+01
6.338760437701599670e+01
6.507232445985559366e+01
5.869867859978160141e+01
6.184375913782625389e+01
6.348416925049976811e+01
6.341818844386425269e+01
5.851795388375803242e+01
6.037701794794899968e+01
6.139801248015101010e+01
6.252603113253319123e+01
6.003055310640456810e+01
6.202988271832888501e+01
6.292926868921740891e+01
6.311806740332869481e+01
6.489589259188308290e+01
6.521469622039474245e+01
6.049474740420190955e+01
6.159848173890311074e+01
6.367856653128248468e+01
6.360781444705807530e+01
6.194961646464501825e+01
6.250043909722972302e+01
6.456789783229173452e+01
6.411345942731388448e+01
5.952198795721241709e+01
6.182467873828311866e+01
6.113973058046768472e+01
6.345172097314515725e+01
6.079631379890091836e+01
6.371989204784774330e+01
6.310890688811731764e+01
6.146656796651335242e+01
6.350941411181369034e+01
6.157859512834031790e+01
6.448443639417850193e+01
5.869373064024158992e+01
6.211511801282448886e+01
6.448953032917756900e+01
6.147298768562349380e+01
6.470050708242455073e+01
6.661633215087114479e+01
5.971787295237560755e+01
6.323084394450167878e+01
6.570515241523317229e+01
6.217171918896499960e+01
6.222486946321831169e+01
6.527814312353052628e+01
6.279069418394054480e+01
6.490198960735560263e+01
6.075518337522301238e+01
6.374501576306943207e+01
6.302804261743191461e+01
6.139964094902891389e+01
6.462193723467939321e+01
6.521375078756669552e+01
6.118491468541309786e+01
6.185261061577834596e+01
6.377501922679275737e+01
6.552723115017236921e+01
6.040010743103940882e+01
6.254459999845903440e+01
6.380542201765886290e+01
6.473358667061458505e+01
5.899100326142283279e+01
6.133339217803847276e+01
6.254947261117444413e+01
6.376915115542081480e+01
5.919732104298089581e+01
6.069289882748399378e+01
6.196115719034961700e+01
6.282299546203212515e+01
6.354590742151284388e+01
6.484428174998338079e+01
5.941045268229856902e+01
6.192941966908543350e+01
6.237249678732858627e+01
6.402200367324260810e+01
6.008276514927289469e+01
6.295888929271363565e+01
6.267044765767283820e+01
6.505149933736028345e+01
5.753249403907051374e+01
6.162430769315145085e+01
6.071438736712334361e+01
6.354574096218895107e+01
6.360806022717539321e+01
6.577799292819544519e+01
6.214819176863609584e+01
6.337281053653386920e+01
6.344297041820885852e+01
6.597641637073822096e+01
6.005304527161904815e+01
6.302913599332433847e+01
6.484027031681371511e+01
6.209809641059496244e+01
6.169375348075476495e+01
6.488690459097175278e+01
6.193763493377958440e+01
6.488733151144015210e+01
6.738748971711569880e+01
6.263943820089649250e+01
6.551568958800041287e+01
5.815475825543541788e+01
6.191621890642517911e+01
6.436362812208511741e+01
6.080093377779837027e+01
6.106050545747766023e+01
6.412406180502345876e+01
6.224494050407434287e+01
6.234532023671933132e+01
6.544017759981400673e+01
6.153290564729605450e+01
6.415434725953392103e+01
6.512100654190156490e+01
6.624498911611722463e+01
5.967177351645741368e+01
6.316047619389606638e+01
6.482428242651789674e+01
6.575337446772462613e+01
6.100302784605416662e+01
6.280767383082739030e+01
6.405476007932315952e+01
6.467350888722751279e+01
5.970174603747475572e+01
6.110655694359488876e+01
6.266702702636195710e+01
6.391695550756114841e+01
5.914265116982361548e+01
6.108871862189440094e+01
6.219178329041293551e+01
6.348598522470648930e+01
6.402533757670397563e+01
6.586676846563663901e+01
6.018615273218782846e+01
6.272947691973242712e+01
6.306691079695453084e+01
6.532109075539383980e+01
6.243597812618029508e+01
6.521064003532985964e+01
6.467057853337138340e+01
6.291084260130775618e+01
6.266272857817178021e+01
6.547255600538198905e+01
6.436589208710390153e+01
6.142492564881295891e+01
6.335454608771357954e+01
6.362094159049653541e+01
6.489166781499804415e+01
6.071132196584962060e+01
6.412383741691958505e+01
6.701278932086215434e+01
6.102534776297004981e+01
6.502334442645886270e+01
6.754882707647294637e+01
6.273712926405798385e+01
6.589868590615462551e+01
6.874628662101868315e+01
6.151458907450425784e+01
6.621492601470606587e+01
6.888101662905135925e+01
6.328239229184385550e+01
6.729831238377319380e+01
5.774052735853292972e+01
6.377708572160480571e+01
6.633088075030435959e+01
6.138211699122680898e+01
6.580416342003339025e+01
6.608135685140703686e+01
6.564921746585953599e+01
6.405121774215218977e+01
6.723096232844038411e+01
6.729492892538007709e+01
6.247635805071104897e+01
6.404156887785769925e+01
6.600783903891904458e+01
6.777868944971845622e+01
6.144693211507448183e+01
6.454640189337862921e+01
6.614393394715881414e+01
6.774008540336147632e+01
6.219019468547441676e+01
6.434271187357401800e+01
6.592682742929144979e+01
6.638338623223172874e+01
6.790297802469073929e+01
6.975074949898441901e+01
6.449364481901304202e+01
6.594455004295082290e+01
6.823974584564854240e+01
6.870157292974535324e+01
6.424508905987485718e+01
6.554185191287660928e+01
6.813684472952192550e+01
6.814548028573271665e+01
6.433291974127715207e+01
6.772870311637420571e+01
6.720267119339959550e+01
6.993403238979375658e+01
7.117314556714174500e+01
7.039435460029770297e+01
6.733605870154060824e+01
6.697397121316586777e+01
7.040783108308926330e+01
6.964208768375134184e+01
6.732970570977884961e+01
7.030431018191673331e+01
6.796798442127771978e+01
7.149361521190407132e+01
6.494004281330074946e+01
6.910108954210481613e+01
7.229795830491717368e+01
6.841191834810308592e+01
6.853678551859346157e+01
7.223873153971842953e+01
6.870597601966886714e+01
7.131839744878908505e+01
7.445258483772180114e+01
6.747288924142600308e+01
7.232034950428861464e+01
6.427730501724764167e+01
6.922752298107444346e+01
7.202809882617854953e+01
6.635113799382847333e+01
7.065142788137495700e+01
7.139180890545090108e+01
7.185660124033988438e+01
6.481809819246753079e+01
7.036144237654271194e+01
7.268164563823872015e+01
6.587910123411117524e+01
7.092875165195273723e+01
7.210990024883932392e+01
7.434448322272238840e+01
6.883151482627062023e+01
7.052430826186105151e+01
7.232144497925389715e+01
7.415174069441256677e+01
7.531223885197634615e+01
7.663015087658560276e+01
7.101370746229574138e+01
7.328167243833439670e+01
7.514419169503599960e+01
7.562944456855154840e+01
6.928123750335372222e+01
7.206022659845288558e+01
7.490684151782144795e+01
7.513915186721790462e+01
6.897726552646295772e+01
7.150822361901950330e+01
7.469774416310004028e+01
7.440576636913559128e+01
7.792269283586584550e+01
7.677620864323891681e+01
7.280379005869249909e+01
7.368952853847729045e+01
7.695114259570489423e+01
7.623553729561263026e+01
7.308333024943692635e+01
7.366652198700042220e+01
7.715402559810799232e+01
7.542081280166216573e+01
7.307442883409673584e+01
7.413241801567750144e+01
7.792695025676519549e+01
7.517452113552866422e+01
7.942095582265619669e+01
7.915124392172970147e+01
7.511423684890715435e+01
7.620068306341642028e+01
8.009512071815565548e+01
7.615596965648242644e+01
7.711814170638413657e+01
7.370926486558046520e+01
7.815443866709865972e+01
7.922810563586271826e+01
7.490707391382554192e+01
7.851742641789979871e+01
7.910107159768337226e+01
7.497266684128773306e+01
7.672196419590103744e+01
8.037251953522979875e+01
7.593843438356688580e+01
7.775302351399042777e+01
8.129544160927601126e+01
7.742017110645866751e+01
7.969302411443841549e+01
7.451806013998390199e+01
7.832241950522244167e+01
7.923165321157681262e+01
7.827674615454984064e+01
8.126886006032250975e+01
8.150910173583964990e+01
7.658674140520315632e+01
7.994566503754825249e+01
8.175028873652065897e+01
8.110863245871688321e+01
7.638418401645041911e+01
7.918080081271118331e+01
8.188273308964328123e+01
8.009123867037422428e+01
7.860762545302374349e+01
8.037569183964360775e+01
8.352674139874339687e+01
7.701637718476700911e+01
8.013123445347065399e+01
8.242206290584611850e+01
8.253364077232961904e+01
7.729956765440296351e+01
7.915616036028411884e+01
8.298706839611939756e+01
8.174625375671601546e+01
7.688819379804087362e+01
7.855514990341882253e+01
8.261555347820066686e+01
8.106859840967803166e+01
8.524401230205526758e+01
8.045599951533928618e+01
8.548730079867019072e+01
7.751676437082254267e+01
8.250481014247795031e+01
8.112828684770228449e+01
8.421718055961325433e+01
8.735488019820461147e+01
8.248489365787229133e+01
8.597116936456089320e+01
7.851006113206565828e+01
8.336954040179216463e+01
8.552870017411331105e+01
7.897725432064332551e+01
8.314508007433678927e+01
8.687629530835170044e+01
8.196851285324282799e+01
8.524138843787585529e+01
8.847928942849614486e+01
8.136159641503168416e+01
8.615296753942007513e+01
8.943651672593254887e+01
8.224096211307310966e+01
8.692490003484384431e+01
8.079753097465652445e+01
8.503350215162748782e+01
8.637088065781462376e+01
8.189254211499641656e+01
8.580164746718122615e+01
8.746086389028756969e+01
8.397468841502964665e+01
8.689687391344840250e+01
9.004550920595987407e+01
8.371294641281892268e+01
8.732250946384139922e+01
8.976112481169809598e+01
8.930917859491644606e+01
8.426992901989113705e+01
8.822797341459752829e+01
9.083430760976114016e+01
8.663554411295152136e+01
9.048063316465635353e+01
9.130941261825503830e+01
8.819920270782665739e+01
9.041642803066217482e+01
8.412932775982150702e+01
8.902308542151104120e+01
8.954247588131508451e+01
8.816981071813370363e+01
8.831863033332429325e+01
9.284538135606223364e+01
8.650689556436904581e+01
9.050564048649813742e+01
9.200492390669403164e+01
9.224663724345953142e+01
8.659414858447040331e+01
9.063737188392018140e+01
9.392597758322116874e+01
8.779252804525447118e+01
9.237546930374666942e+01
9.592434638406990643e+01
9.011488851199911210e+01
9.450666272636404130e+01
8.695336027693470271e+01
9.194520939220146261e+01
9.211413173948831457e+01
9.059744473084855088e+01
9.482102272807296117e+01
9.195583922737031912e+01
9.334378044542032171e+01
9.008989355958098599e+01
9.492757114957598219e+01
9.521694810770378581e+01
9.171742098680456934e+01
9.614155980966917525e+01
9.588406331440260999e+01
9.232447736977019304e+01
9.444802034067626550e+01
9.795254504651001071e+01
9.313587982731532122e+01
9.603143430877761944e+01
9.977553355708694482e+01
9.450260958211258355e+01
9.785471602944174663e+01
9.221718422847347085e+01
9.621699812455683798e+01
9.919919598698254504e+01
9.321379025745834213e+01
9.695193770327114180e+01
1.001326753831081930e+02
9.280626992911845718e+01
9.817715379654342200e+01
1.017618202263325031e+02
9.555995487739293992e+01
9.975134163984000679e+01
9.327444553401156213e+01
9.797841359410708151e+01
1.002886242039326561e+02
9.311787192038684680e+01
9.815900820654771053e+01
1.022774179910987868e+02
1.001510630410524527e+02
9.704291416375504298e+01
1.026732141939641849e+02
1.033832882940360776e+02
9.742326187015324024e+01
1.010039125828038493e+02
1.062927568201977380e+02
9.994292709707133326e+01
1.015392831992489135e+02
1.064908692457834860e+02
1.006728310257943662e+02
1.058738524431148278e+02
1.082101822672785403e+02
1.012748275542822682e+02
1.054543361975362075e+02
9.801512318274630786e+01
1.045289131790144523e+02
1.042501586624181869e+02
1.080645162799162335e+02
1.074543067750806813e+02
1.085831589306917522e+02
1.065587948235236269e+02
1.056179201638708918e+02
1.108293644368885253e+02
1.077622857418005822e+02
1.080879049113785300e+02
1.139952329055283542e+02
1.089535023674335008e+02
1.112839675722305799e+02
1.064264983888616314e+02
1.129434315928624670e+02
1.066663848571084827e+02
1.129818981507936257e+02
1.162695743721257458e+02
1.100824849824466014e+02
1.140367270619276354e+02
1.082154627962481612e+02
1.140354789602263708e+02
1.128857665059005058e+02
1.108469649717684433e+02
1.141737299440406730e+02
1.167121862679938999e+02
1.096503165427981230e+02
1.153295635999517685e+02
1.191554753324526104e+02
1.127843812771645275e+02
1.178393290251405006e+02
1.109488508736191363e+02
1.161770337505743100e+02
1.184503706815084882e+02
1.119315532231493648e+02
1.168225461228133781e+02
1.212127300199056918e+02
1.137489041390861502e+02
1.190083109608557095e+02
1.213721504348098534e+02
1.161077918775075091e+02
1.197845150739088069e+02
1.253503631308009147e+02
1.177729343417435217e+02
1.236584680153974318e+02
1.151389767405028266e+02
1.220173376375448555e+02
1.226964778328098618e+02
1.189898688793986992e+02
1.212268945777578040e+02
1.273623761998225490e+02
1.193190978729062124e+02
1.262624853248341878e+02
1.258311814123140095e+02
1.239283596624326265e+02
1.241996273248799554e+02
1.307651454833066680e+02
1.229307868349556969e+02
1.291849884380258686e+02
1.224493305136551129e+02
1.298402266412501831e+02
1.272100658557026378e+02
1.277075683233465782e+02
1.279118816141273669e+02
1.343233277619671924e+02
1.254457897111130933e+02
1.329605661466235915e+02
1.345990137112086700e+02
1.280944930712588246e+02
1.344839321197567585e+02
1.387210485072378958e+02
1.305122286591018508e+02
1.372509125267959291e+02
1.303869917809206527e+02
1.364946683494959814e+02
1.337456593281023913e+02
1.377316947814469756e+02
1.384008697038615310e+02
1.358734911351614016e+02
1.365743728093362392e+02
1.358416926876004709e+02
1.411630036664848546e+02
1.351281334333704933e+02
1.410862982871418865e+02
1.350125800641266096e+02
1.400678083154225533e+02
1.438112558087335060e+02
1.367247190653694133e+02
1.429094956547151867e+02
1.449837765565318364e+02
1.387953071415356021e+02
1.435667270111224525e+02
1.506011838822527125e+02
