0.000000000000000000e+00
4.506288230282012108e+01
-1.808394754476253397e+01
1.884181023295342428e+01
-1.140881949406020368e+01
1.667752923934274989e+01
-8.401021304929448874e+00
8.958734559968110744e+00
-6.642147067069537059e+00
6.773176541354350100e+00
2.234584734874662526e-01
-2.176885314515475400e+00
3.441107381321958147e+00
-1.723609643181096329e+00
2.772733699893625392e+00
-1.655875554434468322e+00
2.410065402448973160e+00
-1.365698461482788284e+00
2.329819329863065835e+00
-1.046212785937752798e+00
2.354060438284307111e+00
-7.659354377401078606e-01
3.114843615003044963e+00
-5.877388019463563040e-01
3.403470592172334719e+00
-4.141179318390573738e-01
3.711807369041559390e+00
-2.047516978827738088e-01
4.023940245020427575e+00
3.536144991558891615e-01
4.248374836841338542e+00
5.000130737331910380e-01
4.454367756406352186e+00
7.046356311078616486e-01
4.793872084559295033e+00
9.565464365085585285e-01
5.139906784856772326e+00
1.237038221697884355e+00
5.503024847401073671e+00
1.538523037958080764e+00
5.883781345353664705e+00
1.857632528902261493e+00
6.277831321583354551e+00
2.191471282845207202e+00
6.794926183703110745e+00
9.033815118863531168e+00
1.069606009493537435e+01
8.104574489897478529e+00
1.174576804985134260e+01
8.676328523329233988e+00
1.219811962628426549e+01
9.077585226832390219e+00
1.262606482891932913e+01
9.459585097705783596e+00
1.303352027994944962e+01
9.825942820978371017e+00
1.343091868804519073e+01
1.018578178505123510e+01
1.382237297648974561e+01
1.054154091963668805e+01
1.421093527342845775e+01
1.089534475940742375e+01
1.459760409615987164e+01
1.124778479878420079e+01
1.498295535711768167e+01
1.159911177866712428e+01
1.536701548261356542e+01
1.194921403875960486e+01
1.574966185280759312e+01
1.229785446836610241e+01
1.613063361499449400e+01
1.264470720759782019e+01
1.650962431434944122e+01
1.298940928589437149e+01
1.688629568993248498e+01
1.333157688151999842e+01
1.742549750729576630e+01
1.988231126184281550e+01
2.286603041337277631e+01
1.910856500505645172e+01
2.381444485124656651e+01
1.952617086117609801e+01
2.417181629892888850e+01
1.987074780147607811e+01
2.451282982189427884e+01
2.020024801163750183e+01
2.483520905666004808e+01
2.051284651156657546e+01
2.514121515962716202e+01
2.081003996687796587e+01
2.479577017677736706e+01
2.112352868908189407e+01
2.511541471385251967e+01
2.142689091433713955e+01
2.540245474010871973e+01
2.170346069135431222e+01
2.566947837754756989e+01
2.196227239369784812e+01
2.607045677567319686e+01
2.893126043915969348e+01
3.029260991244819934e+01
2.988754196110802397e+01
2.922391406532591773e+01
3.132145740456563487e+01
2.909127022722565314e+01
3.121699916037662703e+01
2.929352706352009150e+01
3.162772328347520201e+01
2.950993126143885092e+01
3.173793419714244024e+01
2.895319736804902888e+01
3.178514884544614816e+01
2.912685423799744555e+01
3.183958424564269762e+01
2.929946673056049278e+01
3.188997694971709507e+01
2.947055606909346182e+01
3.244339866037711317e+01
3.629010625477909002e+01
3.898089365851668475e+01
3.589258774337741187e+01
3.906850852339845659e+01
3.601051044269492252e+01
3.900255725811936713e+01
3.573948918599024438e+01
3.891771251533859299e+01
3.588587287763500200e+01
3.892281013520445043e+01
3.562878245593184090e+01
3.896610293358564547e+01
3.583094420349476650e+01
3.894726050115755811e+01
4.193224914290811967e+01
4.378928484593619430e+01
4.130029919677963335e+01
4.375951781932778317e+01
4.110544555396869981e+01
4.252743476953653357e+01
4.081473420707352062e+01
4.460663178593291178e+01
3.974730647726259036e+01
4.519426967748888302e+01
3.921105119358531255e+01
4.399980701384583170e+01
3.893137011980263651e+01
4.418932998595138173e+01
3.873502948819155023e+01
4.409739740619552606e+01
4.441650697593561148e+01
4.912864590401631659e+01
4.262543634604100617e+01
4.950700006581017476e+01
4.198373126395303956e+01
4.983336648834738725e+01
4.128992977290239708e+01
4.930322773543004189e+01
4.051802752429966148e+01
4.886085729931423316e+01
4.194214060099791652e+01
4.584760310581727083e+01
4.132028692526399993e+01
4.845735356436872365e+01
4.926172053139463003e+01
5.085895150177890400e+01
4.992908278258253318e+01
4.918125808618097494e+01
4.932572529185034682e+01
4.853826004928775717e+01
4.871219079767922722e+01
4.807236874137015548e+01
4.822319956535402952e+01
4.752485900077801517e+01
4.766871556605661908e+01
5.258265893790900236e+01
5.256023628736887332e+01
5.233273511441661441e+01
5.196929805823813808e+01
5.159136031865583760e+01
5.136150122383799044e+01
5.095041893237772967e+01
5.089257904227927298e+01
5.043195991743822759e+01
5.017043900980945637e+01
4.971204454293381758e+01
4.952098024230669893e+01
5.446968281348292606e+01
5.262923150832192221e+01
5.598485686131221684e+01
5.113504875602862398e+01
5.632970006899812887e+01
4.949979434245436494e+01
5.528580506706115472e+01
4.907619552671837226e+01
5.460529906346410201e+01
4.865778241766790302e+01
5.395404925460569956e+01
5.745529071049519132e+01
5.362666767143717550e+01
5.745729403753810516e+01
5.143476558242001317e+01
5.685904722950063217e+01
5.039778162995157373e+01
5.582921829667547087e+01
5.067152039860065571e+01
5.532397784016860243e+01
4.888154147908208813e+01
5.421475762189242431e+01
5.776202774629320658e+01
5.342331443777842992e+01
5.796511657102664117e+01
5.169786650917815507e+01
5.682304921883203264e+01
5.066308023710467268e+01
5.576913708603981945e+01
5.068820870978345994e+01
5.513317712471575760e+01
4.827612775094082309e+01
5.394521753853141632e+01
5.732741347037097768e+01
5.220384248318980269e+01
5.764067645141964391e+01
5.183070595953390125e+01
5.652327900186900678e+01
5.112449578735925115e+01
5.551541820738142974e+01
4.910654536468860698e+01
5.427865757169919902e+01
5.732270600471760957e+01
5.476478570855808670e+01
5.789441198728679439e+01
5.179038549614404019e+01
5.735971805688129166e+01
5.105217159687275341e+01
5.581326962394077640e+01
5.004454025467553890e+01
5.453376986100234802e+01
5.702247159968079870e+01
5.614233412778607146e+01
5.513968669624139096e+01
5.701103729799086750e+01
5.363732903793182771e+01
5.526331544917577077e+01
5.199522648230330901e+01
5.392449356028028973e+01
5.066570401279230396e+01
5.228467250778792419e+01
5.538117383712194197e+01
5.658486135807407180e+01
5.310332923339466049e+01
5.507988233475971640e+01
5.172972655381138907e+01
5.383014666364749701e+01
5.034078007703782021e+01
5.232354523935994450e+01
4.873595861306259280e+01
5.177017442850713991e+01
5.306705632569273945e+01
5.501658556161989821e+01
5.094929907576303663e+01
5.377138525514406808e+01
4.931549799574339232e+01
5.210904352411981222e+01
4.769786541225267484e+01
5.025755011091226265e+01
5.265893885100611271e+01
5.432786106347791133e+01
5.150969362700608656e+01
5.398535311570020667e+01
4.835088970325150370e+01
5.198433495329418008e+01
4.690418768964735818e+01
4.997662350253634145e+01
5.176905591313642674e+01
5.359493196103335322e+01
4.878663800827148833e+01
5.163645208159630329e+01
4.688105123237803440e+01
4.991086880878428644e+01
4.576901104081444061e+01
4.836413809725173962e+01
5.047875418755341315e+01
5.182683073682822794e+01
4.947517455657012420e+01
5.115636454019664825e+01
4.579200792855426272e+01
4.871048393977923041e+01
4.553636723745759696e+01
4.729217826628303101e+01
4.976608953293042248e+01
5.049628682941450109e+01
4.866702045021992973e+01
4.956573640972114703e+01
4.599095984696974426e+01
4.737211948965251196e+01
4.500087278557572290e+01
4.608309330715763963e+01
4.912635101138714333e+01
4.900257936226410749e+01
4.692990298375172387e+01
4.727461522047751430e+01
4.607213960392623875e+01
4.627772156457877628e+01
4.365528980879811627e+01
4.405960053237361507e+01
4.758295695358390276e+01
4.679552112466743097e+01
4.613653348930216680e+01
4.581192058400556988e+01
4.409516086392806500e+01
4.380517669219269550e+01
4.347882182438225129e+01
4.295174082599985610e+01
4.669459943464593721e+01
4.600437357081420231e+01
4.434023073698363504e+01
4.353539372455724532e+01
4.471520026432103379e+01
4.301125382893004456e+01
4.145757606963676523e+01
4.057877172564021606e+01
4.454850479493138948e+01
4.493036113556692612e+01
4.172402783446531060e+01
4.102921563614090417e+01
4.300756162136221405e+01
3.977120874623905422e+01
4.074936967689570366e+01
4.375597965655946808e+01
4.261428871393583506e+01
4.255870180685904103e+01
4.071247031602398891e+01
4.159783749142577847e+01
3.955201871831913962e+01
3.891038354816293321e+01
4.226131233994568959e+01
4.060932384862218214e+01
4.421299679481225553e+01
3.683713519191893937e+01
4.123027357848597063e+01
3.743795717377462040e+01
3.965652193819624216e+01
4.244491619011483863e+01
4.089798004438746659e+01
4.235023768866457061e+01
3.868693217457526856e+01
3.919453285838604728e+01
3.673868518075246925e+01
3.756698737536809318e+01
3.495524140968254301e+01
3.845374856694311916e+01
3.770476677807864263e+01
4.003490407936896389e+01
3.381847758548308747e+01
3.864021122876656733e+01
3.062306184325770886e+01
3.609917999558865631e+01
3.857143667512868035e+01
3.799567626891206373e+01
3.596675887524764192e+01
3.811294273712402969e+01
3.307878541221633384e+01
3.634613661188225109e+01
3.838065017354076502e+01
3.848722820457666671e+01
3.578337544242006629e+01
3.794783336308327648e+01
3.354821173867932060e+01
3.480540193215114186e+01
3.126391198522368953e+01
3.361446524016199788e+01
3.552139399652952534e+01
3.680297382862492839e+01
3.308645638974864056e+01
3.473992478336963075e+01
3.129400461148086521e+01
3.337315677335136144e+01
3.538800909437787112e+01
3.653488890825681068e+01
3.330206765337004526e+01
3.544380114037057439e+01
3.090396701628548115e+01
3.293768370094184661e+01
2.938896397320329612e+01
3.154776561984315109e+01
3.339009370126207443e+01
3.500866740956909240e+01
3.106048953089113951e+01
3.324739826483869365e+01
2.843050243846314018e+01
3.100714641005478711e+01
3.246624755257268902e+01
3.446204475131523992e+01
3.285622223520559260e+01
3.271088005973475532e+01
3.069531477614528114e+01
3.187319921817012869e+01
3.280870422137623166e+01
3.516504652352668359e+01
3.058322868849917242e+01
3.405861800833793751e+01
2.798638623999096708e+01
3.176694248494083084e+01
3.200020323192178040e+01
3.491473632203575761e+01
3.149810733309943700e+01
3.484969311008465098e+01
2.812753388741213101e+01
3.241375714851158563e+01
3.242327226419593700e+01
3.561530356545117115e+01
2.962292185311973824e+01
3.416625629667472452e+01
2.776674182950826975e+01
3.247307758642048725e+01
2.630572114846853893e+01
3.108989341753666480e+01
3.060947928190582346e+01
3.419809923936472984e+01
2.677817524613523759e+01
3.239103764033407629e+01
2.616595169895690987e+01
3.128257828755690539e+01
3.298694758218012879e+01
3.214547864395878207e+01
3.116048596107106405e+01
3.043771927681634892e+01
3.017882560905827205e+01
3.329361686491461114e+01
3.236978614950265154e+01
3.575229425832701935e+01
2.954173440929319838e+01
3.261579976081556254e+01
2.879429920281869570e+01
3.261427966057378569e+01
3.552899788965819994e+01
3.052342957674349933e+01
3.404967193418357851e+01
2.922234319104018496e+01
3.286883870501277016e+01
3.584516869288377450e+01
3.271070476320537779e+01
3.675146022426795867e+01
3.064539669021709756e+01
3.455179064560439883e+01
2.840068898698930866e+01
3.254355359704282336e+01
3.552540912470951895e+01
3.184875896210733615e+01
3.505430536479670423e+01
2.782866620968579241e+01
3.330506290776066436e+01
3.603943120081738272e+01
3.510132119825863839e+01
3.292181739664439988e+01
3.560081664407880453e+01
3.084712318069913195e+01
3.229286787870496056e+01
3.550740658219641688e+01
3.759197126595923777e+01
3.095362954619750084e+01
3.564906975808701617e+01
3.092905304087557994e+01
3.406773658047954711e+01
3.620840415711348470e+01
3.745697700434885036e+01
3.364450891537784116e+01
3.535225182234392349e+01
3.196583225651677651e+01
3.408284052889744231e+01
3.616104921467852762e+01
3.865529105122969611e+01
3.266268658588426632e+01
3.663641857728135420e+01
3.078880009179254529e+01
3.472383538470528919e+01
3.670917589351956423e+01
3.825367708856462912e+01
3.505525611427048460e+01
3.751901480640905362e+01
3.246587389614948194e+01
3.542314219471359849e+01
3.732312361586894411e+01
3.890978312718931420e+01
3.609920745163172739e+01
3.803015652647999900e+01
3.366056981952235816e+01
3.596082388600225954e+01
3.793780053630852223e+01
3.943120138916603423e+01
3.725203338099121453e+01
3.881056198804641610e+01
3.390361503138540655e+01
3.663745264559627657e+01
3.902072211260559698e+01
4.000752690694289271e+01
3.788452994323390044e+01
3.924585526748614939e+01
4.201568826224083608e+01
4.236109553613042067e+01
4.059208791274082984e+01
4.137718657121335752e+01
3.772086860125003938e+01
3.928308940003202565e+01
4.237955442755222180e+01
4.290001401643917234e+01
4.037741363814298978e+01
4.089005648040809859e+01
4.163345715477048259e+01
3.859832630403297316e+01
4.245841117650430618e+01
4.368338757174405629e+01
4.203554051320662666e+01
4.203976169802928808e+01
4.006609081028183539e+01
4.407148243029822510e+01
4.292435321611549881e+01
4.686208419284505311e+01
4.030972499981272250e+01
4.477200142924904469e+01
4.769162268561404261e+01
4.553702942497675821e+01
4.601181637423764670e+01
4.480779211583720922e+01
4.368755032537548999e+01
4.273418808898220789e+01
4.673457019977226423e+01
4.862661843629000913e+01
4.337440006459848263e+01
4.793906912870536985e+01
4.078817119193703888e+01
4.585218417028855953e+01
4.913804393921532210e+01
4.505760294620466766e+01
4.748541246285383011e+01
4.388779862362984119e+01
4.776726096107434927e+01
5.063771878075547761e+01
4.793390239584113033e+01
4.978164710669079795e+01
4.374831877041399508e+01
4.767418874579040988e+01
5.057052232218880050e+01
5.218003622985588663e+01
4.688742298167954203e+01
5.087262998962040683e+01
4.515570055531302529e+01
4.882014444467490222e+01
5.150554541786775786e+01
5.125203593558702408e+01
4.820037700558194160e+01
5.009288682889850008e+01
4.676818069562030900e+01
4.885020699213858109e+01
5.114131902671530838e+01
5.231769041849873503e+01
4.843474065446034871e+01
5.045099328255905391e+01
5.318429524571384093e+01
5.416594068815795993e+01
5.001953788218797570e+01
5.247708020189952549e+01
4.831898923439165827e+01
5.110365654885806919e+01
5.233642975943290310e+01
5.441655704404195149e+01
5.074551579946712820e+01
5.294609659812702063e+01
5.456115384387918965e+01
5.618594556583084199e+01
5.230664510379914844e+01
5.493833675308876252e+01
5.029599327239393602e+01
5.277770624050215531e+01
5.510041198016848796e+01
5.653666314957884254e+01
5.153162108822937171e+01
5.432070450246216353e+01
4.938252563442409127e+01
5.240669212809228128e+01
5.462346848612848049e+01
5.555844956905090726e+01
5.313022293046584110e+01
5.483153587363444359e+01
5.761848909877355851e+01
5.785724406360662186e+01
5.415980641206644464e+01
5.581937169302639745e+01
5.359839260205429667e+01
5.561049671273531203e+01
5.658841678772817119e+01
5.870613596923620037e+01
5.567196948367821818e+01
5.783356111606828875e+01
6.072381905946868841e+01
5.794905473510275584e+01
6.017009848023526075e+01
5.455320277790612238e+01
5.876730081556004137e+01
6.137008093343449389e+01
5.866666213024706877e+01
5.999423313194473195e+01
5.783189588636593470e+01
5.629295826421453341e+01
6.028523571559109229e+01
5.821289704023714506e+01
6.187297553841213471e+01
5.460559288977211878e+01
5.965641665972299990e+01
6.288673654783433875e+01
6.013159043208675314e+01
6.025887238857995243e+01
5.845773929307699035e+01
5.840571173118488701e+01
6.237784919172404585e+01
5.941834918211467453e+01
6.256506881406996001e+01
5.496119615401033087e+01
6.048824722099320184e+01
6.332326710617617493e+01
5.983341555620505403e+01
6.304763421943064827e+01
5.525411589105156196e+01
6.072571004592651889e+01
6.246199451880197984e+01
6.519383707210815260e+01
5.710768471468398388e+01
6.188093009492859409e+01
5.805408785807391325e+01
6.091711721596714568e+01
6.166792603839409992e+01
6.141256603385928514e+01
6.074575518693313114e+01
5.775464838513105548e+01
5.959833432029634537e+01
6.176094378698857668e+01
6.266843425122696232e+01
5.867379038829416515e+01
6.104063236911093071e+01
6.279361419851444737e+01
6.384103937005784957e+01
5.963046269059190507e+01
6.226932161357396467e+01
5.555028342143161524e+01
5.948014604668436789e+01
6.054455375231065517e+01
6.264887690653172569e+01
5.660779022435495733e+01
5.999389545569699322e+01
6.131421656051615798e+01
6.293656438505301765e+01
5.958237417034779071e+01
6.130522898580810676e+01
6.291453208045297885e+01
6.416772139194148394e+01
5.961221750956312349e+01
6.173685910122570419e+01
5.838944136206048796e+01
5.961052574420422445e+01
6.156287120103895916e+01
6.222603892405876991e+01
5.923640986770656269e+01
6.076302119819089143e+01
6.320020001185274339e+01
6.329639227007022839e+01
6.187143562035402766e+01
6.182778382595191857e+01
5.763716370745783024e+01
5.896330049252687644e+01
6.156787512544413943e+01
6.118042643632270483e+01
5.827316451184160684e+01
5.881818899199542727e+01
6.161063247042097402e+01
6.104779296667482669e+01
6.085654666640219546e+01
5.997651102786996091e+01
5.707905954375035407e+01
5.784507397186316524e+01
6.088939663556111270e+01
5.927996863071066258e+01
5.994760033134816268e+01
6.302060464429579412e+01
6.066009609951631631e+01
6.296500731356801595e+01
5.876740982938567726e+01
6.167026371940119134e+01
6.427081679496207300e+01
6.001330980406397941e+01
6.307776441142888046e+01
5.669504441976337716e+01
6.003862585550108122e+01
6.268147866138592406e+01
5.934990462622088359e+01
5.943016435792003449e+01
5.685838424805979940e+01
5.808500384757600443e+01
6.128610534069887450e+01
5.839499774889836203e+01
5.885409329431838188e+01
5.583971012192476735e+01
5.921504602915982218e+01
5.980942733605668593e+01
6.093128892562683774e+01
5.478360437088906565e+01
5.771848843447979505e+01
5.991185932321003804e+01
6.191877955470990003e+01
5.593206135550572355e+01
5.869772079191969993e+01
5.338147611618298782e+01
5.616369847465395537e+01
5.768661861031713300e+01
5.872426591604122592e+01
5.431335136396036489e+01
5.656727486171999431e+01
5.764952156688114115e+01
5.895169608048547616e+01
5.299247592241627558e+01
5.611169161057572552e+01
5.746811547541317111e+01
5.858196065526117025e+01
5.404165538465516505e+01
5.608098874602511330e+01
5.729981083180950918e+01
5.850541943543890255e+01
5.485638667774298227e+01
5.634014715213265134e+01
5.165338305188381440e+01
5.364479789555853273e+01
5.455869647317737758e+01
5.622150677180415101e+01
5.341341261054949285e+01
5.515251926078654066e+01
5.560329998845028143e+01
5.744460899881833171e+01
5.295958962091891919e+01
5.486286550911199811e+01
5.639682021878114426e+01
5.586650910201504416e+01
5.300417977066491204e+01
5.340001299819819280e+01
5.083043376071194075e+01
5.140741961902439527e+01
5.381499822505292485e+01
5.313093708695912909e+01
5.199486735411512939e+01
5.264420694928267608e+01
5.514690966747145495e+01
5.383544649442701058e+01
5.136068741442073105e+01
5.080610642499962637e+01
5.374545500948389076e+01
5.299936358049856722e+01
5.175209601059417963e+01
5.048399129557382992e+01
5.353873889855125157e+01
5.466429280391388090e+01
5.142764491393422333e+01
5.260764893737022163e+01
4.935697690000449711e+01
5.247287443452428590e+01
5.455587929154204119e+01
4.747191362839613760e+01
5.152413344903669667e+01
5.399526990975527241e+01
5.126069500549334634e+01
5.163665101936052793e+01
4.906086213056528322e+01
4.848428088688954318e+01
5.184851133946362722e+01
4.946995445944074277e+01
5.169244827604670434e+01
4.735215206169728219e+01
4.810570395045644432e+01
5.034153935538299152e+01
5.231434349433560271e+01
4.490735992473021554e+01
4.926947287610774140e+01
5.129991694182558604e+01
5.153263984265868203e+01
4.740683614238570698e+01
4.825197131228770786e+01
4.469453602367537570e+01
4.698183888832059552e+01
4.715819958129989686e+01
4.915459174293931000e+01
4.350018393566532637e+01
4.650284666717865889e+01
4.700768600051981849e+01
4.872109233719820054e+01
4.453285758363016100e+01
4.676403364398414197e+01
4.775083935102313148e+01
4.906404323281572033e+01
4.530974092982072676e+01
4.670614263286744006e+01
4.804002561892915679e+01
4.941222831199581123e+01
4.444981113386402427e+01
4.607489868945195610e+01
4.729604399521129920e+01
4.819900070113263979e+01
4.805551240329120333e+01
4.432973411067033709e+01
4.707275224275455372e+01
4.756600456510245323e+01
4.940917855591381880e+01
4.412942499125249896e+01
4.621849614050197630e+01
4.828814652258228080e+01
4.786982255266476471e+01
4.614314712981490629e+01
4.640796789982120174e+01
4.883671721134397359e+01
4.821741509098303169e+01
4.542197327274845264e+01
4.551705777073700432e+01
4.421274142532644191e+01
4.452245050003138260e+01
4.736331701037539688e+01
4.601550545180089813e+01
4.424583210056847804e+01
4.721317973287342795e+01
4.537932758976586456e+01
4.855031899175625654e+01
4.017829828033865169e+01
4.578346585637085298e+01
4.826536250948795015e+01
4.587989820120926510e+01
4.699188068739326241e+01
4.381190401574152560e+01
4.730419351986127907e+01
4.897990354849866890e+01
4.337037053402173115e+01
4.683662006983806947e+01
4.948265774380174520e+01
4.499686379818924564e+01
4.847973030525837856e+01
4.207612425740933304e+01
4.573922321226463339e+01
4.817778900513696527e+01
4.599059896552013527e+01
4.818749557664779104e+01
4.186103973345779394e+01
4.586200005816971981e+01
4.786067513723480005e+01
4.693350697357343648e+01
4.374321065364057404e+01
4.628391624052401454e+01
4.694618652362557043e+01
4.902825665206396621e+01
4.081932687705198504e+01
4.593183470511372235e+01
4.788191638437600517e+01
4.827455050706787176e+01
4.415199585594265841e+01
4.655424620912635447e+01
4.814052977575813941e+01
4.880422173540173958e+01
4.532501171322562072e+01
4.733475679909612666e+01
4.881602527760374954e+01
5.004816671522706883e+01
4.546985609196292444e+01
4.776872643559780585e+01
4.871627620754758681e+01
5.029457487037705476e+01
4.732335512893649820e+01
4.951817766592414927e+01
4.368874836067206502e+01
4.617189939238816976e+01
4.732872446713890469e+01
4.896626645593704552e+01
4.527509404979610963e+01
4.796099082332944619e+01
4.858497182155372940e+01
5.035752346659462120e+01
4.440140695263200143e+01
4.778891083424162645e+01
4.801368214604004692e+01
5.045028021619400960e+01
4.824843375860960748e+01
5.119948119873563996e+01
5.064866680886149197e+01
4.904257496910366854e+01
4.899703534888192280e+01
4.576932055092296991e+01
4.652859875821931013e+01
4.933644085529864043e+01
4.842659296350588960e+01
5.034699354283902295e+01
5.315242064765986640e+01
5.103832317689084164e+01
4.996203487336382665e+01
4.891344089287210295e+01
5.232258484851178082e+01
5.329474996647155649e+01
4.701665429967865606e+01
5.211537835918478123e+01
5.481201146540994529e+01
5.166816936761976109e+01
5.146913014235345685e+01
4.942828255487184208e+01
4.954463933353913774e+01
5.308163382849243561e+01
5.011485131331023979e+01
5.265693447687488060e+01
4.593047988361155376e+01
5.084653479994219794e+01
5.332215875661179894e+01
4.891454601677732228e+01
5.189306098992903316e+01
5.429859555729663612e+01
5.628348826511670211e+01
4.950752308120808465e+01
5.319346587192472953e+01
5.538972066218219936e+01
5.554618708636795077e+01
5.173336240141205877e+01
5.321838263483608245e+01
4.935205836573394578e+01
5.179507132377966627e+01
5.195630337185201597e+01
5.425382421656522780e+01
4.734745634937968362e+01
5.153914147076086039e+01
5.305852889809168715e+01
5.439249179665254275e+01
4.805173303945854002e+01
5.156615920154884947e+01
5.251160550606446975e+01
5.432929711105099813e+01
4.845652250394945071e+01
5.178937881128155851e+01
5.312966482834406889e+01
5.416449245466934315e+01
5.312630267680980722e+01
5.447614791895794895e+01
5.619743332145338854e+01
5.643264071289009109e+01
5.101237856011870520e+01
5.388239943605328364e+01
5.436953366428900836e+01
5.646778422368610961e+01
5.410152168013599550e+01
5.692801107954813489e+01
5.695793566247821360e+01
5.461520416665906197e+01
5.510020472790451862e+01
5.755994996183796530e+01
5.713105283881185414e+01
5.613555340792661497e+01
5.577075044828417560e+01
5.195031623344284100e+01
5.279587923065483324e+01
5.564703989935488693e+01
5.450060695623633222e+01
5.570763700466919488e+01
5.861549820705602087e+01
5.663017727500047727e+01
5.728017627693622416e+01
5.552557823950169791e+01
5.884059645102791336e+01
5.818588995742216952e+01
5.523980238807754972e+01
5.466226536364877830e+01
5.793199398173781844e+01
6.018660132328444234e+01
5.358045459430046975e+01
5.743302535215454441e+01
6.002772916093243794e+01
5.687599362694923855e+01
5.701057027627664553e+01
5.439744204419799445e+01
5.770636792300280149e+01
5.892027964641451376e+01
5.544313650556305362e+01
5.726671562673345051e+01
5.402491667606174985e+01
5.741145515935914290e+01
5.726004517059116239e+01
5.488014700041967586e+01
5.622925173474571636e+01
5.828851431714065257e+01
6.007598119517724911e+01
5.391883604289584042e+01
5.699223477950916816e+01
5.885866326850175057e+01
5.948096293321530226e+01
5.511165222612837766e+01
5.675431508338586895e+01
5.854224097316426167e+01
5.936791874567324356e+01
5.489144759007405128e+01
5.703843002917343341e+01
5.805366832858829440e+01
5.921702665006107935e+01
5.559716749054282303e+01
5.763063361034006249e+01
5.845611897130526557e+01
5.998373052052202326e+01
5.522911926403445904e+01
5.664176809060357698e+01
5.814906996917827087e+01
5.883433593827444241e+01
5.692977193149948789e+01
5.757130703385264070e+01
5.977700698966145865e+01
5.964414002585352392e+01
5.532416123349765513e+01
5.643875859184858257e+01
5.873309351672090628e+01
5.840277861102900658e+01
5.443695957844781930e+01
5.528536216257998603e+01
5.780578970576379305e+01
5.711166669612732250e+01
5.908448179939132672e+01
5.406772633159400954e+01
5.716239060335299627e+01
5.712626292097432668e+01
5.945967873012392602e+01
5.408773958734401077e+01
5.636556314400543499e+01
5.845219694107056796e+01
5.672452041119910149e+01
5.634275554308636202e+01
5.929942508260650413e+01
5.698588995661097556e+01
5.990922622432755418e+01
5.333777787068664367e+01
5.648961390709640540e+01
5.891731420697636423e+01
5.605353879104284687e+01
5.657040500218683832e+01
5.956059991993377878e+01
5.662148742657726075e+01
5.817250465986344210e+01
5.493307140152874268e+01
5.449267692637457827e+01
5.764035837145796393e+01
5.506177141595359359e+01
5.755837759883702631e+01
5.999677672598008371e+01
5.623298385231000651e+01
5.933861007300377821e+01
5.204988711062168250e+01
5.631089991539918316e+01
5.751236910133767566e+01
5.895157530214749642e+01
5.184301750727325953e+01
5.582721225225208883e+01
5.760592288453214138e+01
5.804987060905377660e+01
5.353117296450908924e+01
5.552748107830845470e+01
5.686642682094639412e+01
5.772142524321888146e+01
5.340952920104070500e+01
5.483041503797127802e+01
5.637943070295580128e+01
5.709423537174011187e+01
5.502776121493960915e+01
5.518967274440378645e+01
5.677124419191366655e+01
5.725370681750524682e+01
5.394669124810455685e+01
5.505305954960991954e+01
5.662021054806422882e+01
5.737019543180495162e+01
5.253231268727748215e+01
5.390293012785416238e+01
5.553334784447989847e+01
5.594469067528382311e+01
5.570048066076818571e+01
5.165127483394366692e+01
5.474006115717097032e+01
5.473180890520023922e+01
5.676313168088420724e+01
5.135577689266867907e+01
5.430837015646725519e+01
5.385966547943149862e+01
5.632389849793955250e+01
5.270373353310010600e+01
5.564818924358824148e+01
5.516696565651815121e+01
5.609991237829337507e+01
5.716445748775601743e+01
5.738669879005850305e+01
5.691738012073287933e+01
5.326412684916486739e+01
5.682996795740290707e+01
5.921361446040989307e+01
5.378044568184946428e+01
5.766513359857407295e+01
6.010501614939722970e+01
5.641890744267451652e+01
5.772005954246199622e+01
5.402972042158782529e+01
5.390421883674576264e+01
5.721183895201191660e+01
5.409420779803965473e+01
5.692322097838190587e+01
5.924248134521444342e+01
5.581450444427039770e+01
5.794110209514132492e+01
5.373081333584580932e+01
5.729939449675439533e+01
5.644596038989580933e+01
5.519770181294404665e+01
5.708415772176600456e+01
4.907498342570430339e+01
5.380306694256554323e+01
5.586701054732315441e+01
5.665561167735953774e+01
5.840677362943433337e+01
5.931383514994300299e+01
5.488683557528786849e+01
5.590959064371291021e+01
5.765952216837629152e+01
5.904716437134398177e+01
5.308426300983492752e+01
5.600132185904703874e+01
5.772046089191929497e+01
5.828023673129639093e+01
5.552055349733547729e+01
5.705895712015905019e+01
5.815143120176032454e+01
5.963504294880581114e+01
5.380669845843129195e+01
5.554780583062989763e+01
5.719326857598435510e+01
5.787472777280211744e+01
5.711201450838121474e+01
5.327303892817292308e+01
5.589623018167642243e+01
5.626427917996353045e+01
5.825243656443095830e+01
5.237246009668388069e+01
5.540592921650409863e+01
5.542969688816086915e+01
5.776088184718869201e+01
5.580732006299108861e+01
5.833399259069891940e+01
5.756107603522666238e+01
5.584036672121999345e+01
5.564666779005897013e+01
5.845131436715135465e+01
5.731436185438732878e+01
5.538186662790023718e+01
5.476634542775384773e+01
5.767362866371531993e+01
5.885638751383697098e+01
5.577281102669068957e+01
5.668221715014347950e+01
5.956917094256225198e+01
5.705817946712920019e+01
5.843276239466201361e+01
6.133413463137299004e+01
5.838607207362289131e+01
5.867596558073122992e+01
5.628449324516925856e+01
5.536821076862705127e+01
5.887844469591478713e+01
5.566129361511011098e+01
5.893171184975497567e+01
6.126978032437205002e+01
5.817658573262784927e+01
6.041307361131286058e+01
5.462714001949756693e+01
5.881830332632891611e+01
6.063073651308861400e+01
5.357710537604166490e+01
5.747358043578692843e+01
5.957220403777447615e+01
6.160595407444687766e+01
5.515975538114606991e+01
5.818178352954809895e+01
5.993826295480529609e+01
6.062226378708623287e+01
5.653290304871133998e+01
5.859926551221600732e+01
5.967294804086504456e+01
6.064103778609877082e+01
5.602137687592335880e+01
5.817281359445706812e+01
5.932564149383568264e+01
6.045357083277279742e+01
5.662739433141900491e+01
5.877634154893887342e+01
5.954580935067625802e+01
6.118430571265906082e+01
5.586474994873005784e+01
5.782366580367149567e+01
5.833131614467961157e+01
5.992607935573377631e+01
5.910543001822924225e+01
6.129423473506099640e+01
6.157949272902024518e+01
5.726884958746051524e+01
5.842317272260263650e+01
6.045439998926148206e+01
6.042358757786094969e+01
6.015977313168770024e+01
5.864244907690500241e+01
6.133508860539509300e+01
6.055615507412014153e+01
5.704489510011099185e+01
5.720937998752250309e+01
5.975925282046559772e+01
5.932931071049763716e+01
6.142977412603094933e+01
5.527513040531039934e+01
5.845460445950197226e+01
5.853675025217854255e+01
6.038727739989857213e+01
5.406301067680293926e+01
5.760121518869251389e+01
5.998584031985075171e+01
5.739205070939005537e+01
5.877557808006863382e+01
6.150377191523368481e+01
5.849480781968173915e+01
5.908114339799889336e+01
5.645368959148088805e+01
5.952766962462005296e+01
6.028797506074027268e+01
5.685269113634936389e+01
5.993227589776438435e+01
5.941892047105559271e+01
5.996524283541502598e+01
5.490468680457774298e+01
5.871406823743514281e+01
6.077428845168598315e+01
5.520370709412544130e+01
5.937624891812496486e+01
6.127007043782093376e+01
5.872296009086586110e+01
5.764941750774785589e+01
5.909446889665800029e+01
6.067100342806404711e+01
6.166014689737426835e+01
5.588648618933412848e+01
5.837478135237668653e+01
5.966512088075710807e+01
6.060716343188375532e+01
5.598753887149815256e+01
5.751011513549041609e+01
5.861296594657323311e+01
5.969724501225935853e+01
5.623760453197698439e+01
5.794558442761499606e+01
5.865014279940628228e+01
6.003410033851474026e+01
5.535774425203412363e+01
5.682315383575475920e+01
5.788377239021916409e+01
5.834830359516922726e+01
5.667667226315614926e+01
5.736621678340883079e+01
5.937721004214105847e+01
5.877085275878148707e+01
5.407787257907165923e+01
5.515625596703386435e+01
5.738779311680568895e+01
5.688563817540018874e+01
5.667851591341387518e+01
5.746570304701294418e+01
5.935350456615800852e+01
5.621201890466333850e+01
5.776148908336781318e+01
5.951936097448274410e+01
5.764814201444629305e+01
5.579967865746511535e+01
5.490493658135096666e+01
5.751258966102894732e+01
5.774343910775002087e+01
5.563073267798361599e+01
5.841255894388488201e+01
5.780822270676917896e+01
5.947665186052342534e+01
5.304819817304380791e+01
5.629518982582877840e+01
5.854831014475305295e+01
5.553021854138236790e+01
5.617578756422717134e+01
5.897330251996575612e+01
5.574943966166182463e+01
5.701945847274447488e+01
5.396979056960241650e+01
5.665275109367817663e+01
5.579173098130484476e+01
5.582659650666207085e+01
5.227604349529710248e+01
5.666810710037103860e+01
5.722111281190830567e+01
5.370248281817281821e+01
5.365501834794353897e+01
5.568210169835966639e+01
5.756752450903817220e+01
5.275661713413677489e+01
5.522678749379838337e+01
5.569108145569971668e+01
5.724738757031154535e+01
5.156042384557557057e+01
5.428042238489614846e+01
5.503889674899787821e+01
5.631742890322711759e+01
5.149262435992225306e+01
5.396069754661102991e+01
5.497065694281822346e+01
5.630412450600414331e+01
5.734283048649218983e+01
5.842721424425825916e+01
5.325894742791261649e+01
5.470594492674243980e+01
5.581356345113842821e+01
5.646656572032187427e+01
5.707823092168961665e+01
5.220961557917115670e+01
5.355586696169817884e+01
5.524665336915435887e+01
5.517358982667602874e+01
5.300161976324699253e+01
5.357384209262818331e+01
5.560212671874155177e+01
5.526696177360752671e+01
5.192385645140753070e+01
5.261276407734973759e+01
5.489765719927983412e+01
5.410994578530267063e+01
5.428747385555525540e+01
5.392575230409344300e+01
5.643204330016249770e+01
5.476716880574177537e+01
5.176834762236319420e+01
5.391378479571488924e+01
5.293830487145496022e+01
5.586721548719883401e+01
5.838023326083765596e+01
5.591131308482667350e+01
5.707500179600832979e+01
5.338237151819649995e+01
5.669217688683720269e+01
5.842430361441667230e+01
4.966642936988183266e+01
5.513882178690365521e+01
5.755179300492520156e+01
5.450072783236532814e+01
5.532812583430260389e+01
5.817175479025583940e+01
5.730950657394984660e+01
5.621944207992306275e+01
5.307295733146801098e+01
5.639027482079900011e+01
5.602825628910086664e+01
5.553164217862848773e+01
5.607002567946580740e+01
5.793546804640073589e+01
5.846770941932448551e+01
5.443835940030911047e+01
5.540017480417851203e+01
5.722277934714082903e+01
5.867818476102821990e+01
5.162105646161914052e+01
5.524923361875789851e+01
5.675319994966857706e+01
5.768026764803301631e+01
5.281226567273728278e+01
5.463220142876985364e+01
5.605501546115797140e+01
5.688622172651315623e+01
5.520113129946000896e+01
5.683700905138746862e+01
5.805845658677880294e+01
5.636930442002262964e+01
5.375460133342076574e+01
5.598154508683845876e+01
5.631031232061224756e+01
5.797337722189625708e+01
5.231033473916549070e+01
5.482313904983514163e+01
5.520848871976553340e+01
5.629971613474565828e+01
5.495963465927246716e+01
5.751832170750837037e+01
5.734028390939642605e+01
5.355468230629038118e+01
5.458993217368459483e+01
5.700132853426669755e+01
5.622809317958925845e+01
5.787686954969875330e+01
5.804021398461317460e+01
6.034018924908905745e+01
5.624972617967741684e+01
5.876476937092423469e+01
6.056322787794358220e+01
5.732491205964723946e+01
5.866741356000111551e+01
6.128935466071809657e+01
5.893680184200838568e+01
5.930428171644317814e+01
5.718803652943596916e+01
6.037682023130577136e+01
6.086219404691898660e+01
5.764500767165249329e+01
5.661570332979265174e+01
6.009124536782487525e+01
5.694573294235732419e+01
6.018165869518804811e+01
5.250294989162502191e+01
5.693105149457185377e+01
5.929734871974198995e+01
5.643593368016098566e+01
5.997387511366189727e+01
5.935931329030726999e+01
5.996391948507559277e+01
5.508622098914283782e+01
5.817902564075376404e+01
6.006162868381360909e+01
6.036917635715965957e+01
5.635131384406871291e+01
5.846975734152023563e+01
5.927655242786834577e+01
6.070351153430271296e+01
5.399025543228029989e+01
5.742642165787998465e+01
5.888930962481466480e+01
5.977564676448054826e+01
5.518079183083418826e+01
5.706720839998025951e+01
5.849413664362024434e+01
5.932829727297055200e+01
6.064855303866526270e+01
6.163223711404456395e+01
5.948565898599586177e+01
5.911515638508249282e+01
6.128560282990083152e+01
6.173840199894158332e+01
5.806943736311236393e+01
5.917305406550350000e+01
6.094872391410137880e+01
6.123121981194835683e+01
5.859424711073510394e+01
6.129011034647790268e+01
6.109741947134279627e+01
6.295717043028101756e+01
5.699579884106958616e+01
5.957236154207456025e+01
5.924300388413391971e+01
6.152599110660785442e+01
5.944446817931715543e+01
6.223072933978985333e+01
6.171797330001579951e+01
5.942536452959808457e+01
6.056303198115796249e+01
6.314409843180341397e+01
6.107497410583134467e+01
5.987786882293922019e+01
6.230124035942945682e+01
5.977147742086383175e+01
6.297741288019015826e+01
5.788250868642548852e+01
6.079232747021086425e+01
6.316057967903968517e+01
5.982818969635413708e+01
5.927720314141492963e+01
6.243216021961656281e+01
5.919305125528740774e+01
6.229572823323704256e+01
6.453600743910612891e+01
6.021467194155323455e+01
6.448482876640916572e+01
5.772929952383778840e+01
6.095212910053450628e+01
6.320163471816643153e+01
5.884536382603754134e+01
6.067583485850209257e+01
6.282164814831813260e+01
6.192319151473123640e+01
5.857043389486084095e+01
6.069093197226277425e+01
6.227910370906332815e+01
6.284698837710774200e+01
5.841096001150394557e+01
6.027737273359224446e+01
6.099251203111038677e+01
6.244763273612572618e+01
5.762712716705381411e+01
5.922320647383383374e+01
6.012344407118234813e+01
6.126216087006474709e+01
5.795149399370632892e+01
5.962779812114666811e+01
6.048568567694525200e+01
6.177421540106730902e+01
6.290009653118929833e+01
6.311198037453996790e+01
5.976687999107579685e+01
6.056728524921612689e+01
6.251917890619257889e+01
6.243660829080631203e+01
5.952702125127981247e+01
6.036601781351104279e+01
6.253487682001872372e+01
6.170057870851982784e+01
5.761861229251687178e+01
5.806939765585147484e+01
6.056800216471317810e+01
5.958540834150818455e+01
6.105406895605420203e+01
6.304388999859425269e+01
6.139200016390773840e+01
6.060269599707284272e+01
5.946483488892767610e+01
6.209850422741616427e+01
6.098977128092822397e+01
5.867037813237435984e+01
5.741340832085555945e+01
6.028938457982618360e+01
6.056342013510455047e+01
5.876598451950585655e+01
6.195292096877223287e+01
6.363492631143670764e+01
5.703951864964115970e+01
6.017269258110263763e+01
6.249990238201316828e+01
5.926643526100883719e+01
5.987223463609375784e+01
5.681224515792973051e+01
5.969495757933761126e+01
5.963915655286871953e+01
5.784778001015964577e+01
6.081485015723514920e+01
6.026397558599464332e+01
5.879231910933901162e+01
5.966127410654863894e+01
6.214316635123567778e+01
5.809262371952586079e+01
6.008082669128270936e+01
5.548473312702888194e+01
5.749927623684259714e+01
5.882964945897487041e+01
5.886256946408115454e+01
5.462395410352615954e+01
5.642069440368231170e+01
5.733770586520843437e+01
5.849089319347545057e+01
5.442399986909560994e+01
5.707640432703943389e+01
5.758990336443444846e+01
5.873748739442091704e+01
5.972645421877501093e+01
6.065961911988119937e+01
5.420830992949063898e+01
5.684541172269781839e+01
5.797262733986138983e+01
5.877602010384703846e+01
5.596258687808751375e+01
5.758243745935445901e+01
5.883339897611620728e+01
5.851377142254452224e+01
5.435722296178359159e+01
5.515026584549930533e+01
5.701926293109175958e+01
5.680253380242071160e+01
5.835068216868235424e+01
5.823543369689451765e+01
6.041733405444427518e+01
5.634356354431211145e+01
5.915206653452789709e+01
5.828875447719902070e+01
6.031680145694205919e+01
5.472811515269808069e+01
5.790201001215197607e+01
5.838716241762841008e+01
5.782044080243316131e+01
5.486552433818049934e+01
5.819113813534197988e+01
5.587918595852594450e+01
5.886188402370558492e+01
6.127587900758617678e+01
5.841997508503251879e+01
6.053567256891460602e+01
5.308517054749222552e+01
5.765071535150495663e+01
5.997936992581291094e+01
5.653910109081224533e+01
5.659766289079480117e+01
5.957181425214878345e+01
5.784412734227299779e+01
5.828172884223138794e+01
6.130102659672100174e+01
5.756315406246516631e+01
6.009267571314172329e+01
5.156975704002616823e+01
5.678143527920316558e+01
5.795100934204519660e+01
5.960711445181091506e+01
5.250033982503235563e+01
5.652221489225153306e+01
5.826968999393051973e+01
5.893405454774123342e+01
5.426208442017313871e+01
5.619666310582100266e+01
5.699433696469502308e+01
5.828419733800392777e+01
5.986982735435648095e+01
6.071468733641095383e+01
5.626854377119044415e+01
5.801939968442121653e+01
5.924627004931863894e+01
6.039912105998787695e+01
5.665416315255210833e+01
5.856662618697153988e+01
5.980407057298695861e+01
6.031668498765203168e+01
5.514597496662846510e+01
5.784760765164185869e+01
5.819925690537206719e+01
5.996472069310573261e+01
5.386239190493297002e+01
5.658574499389042245e+01
5.668068922081353378e+01
5.881425714522582382e+01
5.806001615289706308e+01
6.053847132491781480e+01
5.965918957270540801e+01
5.632256905744367970e+01
5.761430923368104828e+01
5.995181196778452204e+01
5.849542264862673591e+01
6.021226420966253556e+01
5.953179199510914543e+01
6.215956105503842366e+01
5.811997132363050866e+01
6.049022172282770526e+01
6.287422959297020952e+01
5.984037448831035277e+01
5.884064011467654609e+01
6.225437537834216073e+01
5.927016334329766067e+01
6.247443826424417068e+01
5.487966983272604438e+01
5.925178297183217069e+01
6.166109998513689305e+01
5.816862919876669480e+01
5.885428555511862214e+01
6.177834842765077639e+01
5.929177587442389097e+01
5.962927850230754956e+01
6.284147284295149660e+01
5.938289714173966161e+01
6.244900823046877036e+01
5.399537994545877950e+01
5.895498469628897453e+01
6.014437352659226121e+01
6.190584881874605827e+01
5.494172076237765623e+01
5.864162562842376758e+01
6.040601666552723259e+01
6.122173449952412483e+01
6.281968905564884409e+01
6.399519546971484374e+01
5.810876417890523271e+01
6.078622470221514362e+01
6.186257733994695229e+01
6.293985632341131264e+01
5.872395064177324997e+01
6.108574306031349721e+01
6.217275001879018959e+01
6.288294255198108118e+01
5.810555062151535566e+01
6.019518703344228072e+01
6.074673052172952481e+01
6.211081663618352877e+01
5.663301033691094943e+01
5.890756753829388970e+01
5.911049289653347927e+01
6.088666016869748887e+01
6.083466411252156547e+01
6.288768238914188657e+01
6.262644634683166345e+01
5.905185761002756806e+01
6.088168202363296189e+01
6.125171088471122971e+01
6.303065543511419833e+01
5.706568721409593792e+01
5.983357802079395071e+01
6.139404205724433439e+01
5.969883099432949081e+01
6.229988703613403089e+01
6.485098728377555233e+01
6.225942722390514206e+01
5.993665406924580452e+01
6.168028436125160852e+01
6.184459291013273230e+01
6.169163247910106662e+01
5.903710618353184714e+01
6.320367390152306797e+01
6.184461361719820616e+01
6.337856257349277911e+01
6.595900122713950964e+01
6.228555739701877769e+01
6.222395923758988090e+01
5.931329245181404275e+01
6.231685410948153248e+01
6.400615459582664357e+01
5.828174025502440259e+01
6.176387674598834820e+01
6.382292695660765958e+01
6.250723991723393169e+01
6.068170774313110627e+01
6.314360604244101438e+01
6.368918385369325108e+01
6.042725833029134463e+01
6.109087547563026277e+01
6.292324755068113262e+01
6.454506883564350517e+01
5.961846269559181621e+01
6.140119941486863553e+01
6.274295855073305006e+01
6.345709734152533343e+01
5.808072904161983274e+01
6.032502839612484991e+01
6.143532232526074210e+01
6.252725064318357084e+01
5.851903299743972298e+01
6.000815044607971060e+01
6.113630377390134640e+01
6.186399905954637291e+01
5.844112771958541686e+01
6.046249637824408296e+01
6.071087704127588580e+01
6.207386021290485445e+01
6.238717955979808494e+01
6.436660834804992248e+01
5.926817347647956069e+01
6.078787633342277275e+01
6.228247324550846997e+01
6.189998303052037443e+01
5.831343450486494362e+01
5.874512209184196365e+01
6.129932276186433882e+01
6.025409969076662264e+01
6.193247472706505619e+01
6.246216566429723116e+01
6.241239944577716159e+01
5.997221991782537032e+01
5.927691924224960474e+01
6.179205994299903892e+01
6.368233127667924265e+01
5.723537596963657847e+01
5.996868826761532034e+01
6.233073304020665262e+01
5.980077761591144991e+01
6.149460851905288195e+01
6.393417291787067569e+01
6.085509818943025806e+01
6.023849226763147158e+01
5.776350903874554632e+01
6.063401355924299452e+01
6.262250377936517509e+01
5.579657485331740929e+01
5.929173371634216494e+01
6.146436235051528030e+01
5.879045601611846905e+01
5.881137782286392479e+01
6.171249198048835183e+01
5.867810988719353560e+01
6.140659974845679159e+01
6.319753441074976763e+01
6.002853262529448131e+01
6.025891981435069056e+01
5.832295452413328718e+01
6.031479148773964027e+01
6.147612694279705892e+01
5.864428286639633114e+01
5.713766955632962663e+01
5.904570886073694425e+01
6.022855040029747187e+01
5.766029519156256811e+01
5.903660969129482794e+01
6.057534323831659862e+01
5.990208996432028954e+01
5.661851306516283699e+01
5.809782861865993198e+01
5.929229015659471003e+01
5.996865957955762383e+01
5.502836545851762651e+01
5.652554206395421232e+01
5.740855693002048099e+01
5.864482713904478572e+01
5.906689358680464608e+01
6.071051549443851059e+01
6.056648192956534871e+01
5.518470795012617458e+01
5.704969626161480534e+01
5.733783209141063963e+01
5.889146924413940809e+01
6.036672349221567657e+01
5.956923976754782046e+01
6.153079358962613554e+01
5.569564419446560066e+01
5.864222663702206262e+01
5.761472673229715724e+01
6.012181620501008439e+01
5.685775759044467037e+01
5.950086160629787457e+01
5.989868262901526208e+01
5.766031495996890044e+01
6.042785845137646561e+01
6.142691860418556615e+01
5.788357178993422281e+01
5.884995087032058336e+01
6.165801391101191342e+01
5.875322287675214028e+01
6.001657911224728537e+01
6.264163298138168301e+01
5.946608608427214193e+01
5.947812402600703763e+01
5.676226216773173405e+01
5.958736985366317640e+01
6.015181002667498689e+01
5.747986843857627548e+01
5.705578619861499590e+01
6.015831105526652323e+01
5.896494694177410878e+01
6.035498529028887305e+01
5.259508179363159996e+01
5.769828159670551315e+01
5.878666232041166495e+01
5.987044422986720349e+01
6.127365378078339830e+01
6.180047599955316429e+01
5.737554726773188918e+01
5.868639057675525805e+01
5.996848271994734603e+01
6.135144513153643686e+01
5.608456352689712787e+01
5.736127538231628620e+01
5.901922244960333330e+01
5.986612443261419259e+01
5.562082882193656275e+01
5.719320976760808861e+01
5.854548715724749997e+01
5.966239259506961190e+01
5.563212126607102448e+01
5.757965692719839979e+01
5.810215136305703965e+01
5.969088772797520193e+01
5.998189300527072731e+01
6.186215894903166657e+01
5.929286994087692619e+01
5.843212716633340875e+01
5.911551271250750261e+01
6.121100361288111458e+01
5.941256108848002526e+01
6.212078916014906582e+01
6.128189833484714910e+01
5.821351049655611121e+01
5.811867337511031195e+01
6.075607372714156895e+01
5.965564295603023481e+01
6.081603156928508014e+01
5.839847475729531112e+01
6.125989607444610385e+01
6.136785572941099787e+01
5.641300228500438152e+01
6.060913158471774409e+01
5.894929178728114039e+01
6.212137123947638173e+01
5.735100374762440367e+01
6.061600687148493449e+01
6.299485965323412984e+01
5.788321017084849274e+01
6.129093780021221249e+01
6.358676934276129344e+01
5.750605855925801535e+01
6.148392240480168880e+01
6.368880533927469401e+01
6.018818435776733367e+01
6.314058184130665552e+01
6.521433094985920320e+01
5.874220096625338527e+01
6.319781486019999051e+01
5.628992583072668054e+01
6.014851816154914133e+01
6.128983005265624229e+01
6.324492459124543586e+01
5.576357190527114227e+01
5.934931081583363977e+01
6.108596839218534313e+01
6.194867071517458612e+01
6.348332535647138997e+01
6.463554661323648531e+01
5.882872434063557421e+01
6.140835204512489298e+01
6.239054912061288860e+01
6.349117306104059821e+01
5.925116941498121292e+01
6.151667381049905714e+01
6.243307167120623546e+01
6.382486586572690612e+01
5.827600583349075691e+01
6.000026788330536931e+01
6.061719167449815160e+01
6.203109820608180058e+01
5.931245396332754893e+01
6.192868687009127626e+01
6.189571481756276938e+01
6.311397893809152038e+01
5.761439442493793450e+01
5.991476584295271124e+01
5.986625325794350516e+01
6.165885587967680692e+01
6.277532410471647495e+01
6.198380214160545165e+01
6.365212333265480993e+01
5.791089326137661430e+01
6.065311040476774451e+01
6.041466210326667863e+01
6.278501070783094207e+01
6.479565060924943509e+01
6.250475947729754012e+01
6.286946552171295366e+01
6.091089356546615363e+01
6.383891720794717628e+01
6.416002292701476506e+01
5.849772813044111075e+01
6.166160539737884960e+01
6.405062316902392183e+01
6.096405325292045063e+01
6.164559545816464947e+01
6.445536492642958137e+01
6.122852188860773026e+01
6.306607598558028371e+01
5.883981832059649975e+01
6.190593782850626070e+01
6.251880907932102360e+01
5.979425399237855032e+01
6.265056260993426207e+01
6.195667751893235931e+01
6.309025646832827050e+01
5.889280393801882241e+01
6.174241663585171835e+01
6.106700986334968206e+01
6.269712266696490133e+01
5.847604434718157052e+01
6.016471449237204183e+01
6.087427190178714653e+01
6.214571000628878039e+01
6.366723706699174556e+01
6.348014679324828791e+01
5.922540596360400400e+01
6.047430463032097947e+01
6.168127856672847997e+01
6.301490297173150879e+01
5.795568907833271766e+01
5.955192230075663673e+01
6.044655624681173123e+01
6.141467140796335400e+01
5.666457700394449404e+01
5.886527830685854923e+01
5.991173679693508092e+01
6.038307114409181509e+01
6.031065098326785545e+01
6.217319362545931227e+01
6.199265292279235950e+01
5.885725354607620829e+01
5.940342292368734434e+01
6.154336488140580741e+01
6.077773920988762768e+01
6.330071225518511113e+01
6.208665888594500615e+01
6.059314340715098268e+01
6.002871447651430259e+01
6.266253006661256819e+01
6.118069679097602886e+01
6.140656215201614998e+01
5.974741641043858209e+01
6.231760028070045365e+01
6.259356901049100941e+01
5.704746695302269899e+01
6.020350748461034840e+01
6.249862002075209233e+01
5.992732585151262015e+01
6.078012817343303453e+01
6.330057154930649688e+01
6.032482771401731725e+01
6.119144621102179116e+01
5.818495269788777335e+01
6.102199923984370855e+01
6.121325836855037750e+01
5.801708383000747205e+01
6.080905919503324242e+01
6.036130155641879469e+01
5.972162994805989911e+01
5.907386213776798201e+01
6.179173080230101789e+01
6.003004289620091782e+01
6.074821132900371623e+01
6.307203122300300180e+01
5.945449332635559614e+01
6.194346951744567775e+01
5.373850091127979312e+01
5.734295172099366766e+01
5.903362533222232145e+01
6.028308815195205739e+01
5.399100309225448058e+01
5.707744683641365668e+01
5.830730409004227965e+01
5.911792322489528573e+01
6.062324930358266784e+01
6.134209209815627162e+01
5.703505283746518018e+01
5.826208875705165724e+01
5.930599288520643597e+01
6.046672124338102350e+01
5.708590186927899168e+01
5.888387576024577896e+01
5.961296757162593707e+01
6.007551088000190731e+01
5.558607173634727872e+01
5.766303277236259817e+01
5.799213756366805939e+01
5.947519630987966366e+01
5.607740692311680419e+01
5.842911708343538635e+01
5.816873592917590230e+01
5.951955156107248257e+01
5.932201007809400295e+01
6.145064181060925534e+01
5.760042619279523279e+01
5.947922446988543044e+01
6.000924239174071317e+01
6.008609729038452940e+01
5.532028627714832680e+01
5.884007765764769715e+01
5.743575865006899761e+01
6.029006241995683268e+01
5.610340379960713619e+01
5.918579234821199719e+01
6.017169354958461014e+01
5.744509100072892238e+01
6.045710024370767854e+01
6.208379631426918621e+01
5.499157516663127865e+01
5.926928012107128296e+01
6.156197990743967807e+01
5.831032156291401236e+01
5.825092172459960693e+01
5.552362477105346272e+01
5.833963403903305078e+01
5.902593043284131369e+01
5.618095154107961520e+01
5.915376236113849728e+01
5.798581041432325378e+01
5.969293886243306702e+01
5.592869952334251593e+01
5.793829050415411785e+01
5.821755166641144541e+01
5.930458538273936142e+01
6.089770493686037867e+01
6.164202684298383161e+01
5.723495870176304123e+01
5.867636050848578577e+01
5.987884908147150753e+01
6.104092945522974389e+01
5.601245770442695715e+01
5.735702851905049471e+01
5.898693529976647909e+01
5.974575771992805784e+01
5.680185238186322039e+01
5.856969557155830586e+01
5.985711073344228339e+01
5.874979544138087562e+01
5.795372091843535145e+01
5.976632753794014263e+01
6.029965115520087693e+01
5.698240038268448160e+01
6.019716128228187557e+01
6.039584552613075630e+01
6.151298850775667404e+01
5.485722345864146376e+01
5.749325517532154350e+01
5.752366935510400481e+01
5.960594495566849105e+01
5.799572010831496272e+01
6.062970636228100574e+01
5.972573260988333743e+01
5.662643291576976168e+01
5.771064728586373604e+01
6.007593057191895980e+01
5.855807756488506044e+01
6.143596380436979842e+01
6.116813540159697737e+01
6.298483692271376100e+01
5.571477945238564899e+01
5.954194304427274886e+01
6.120431295009754535e+01
5.864460468568016438e+01
6.044267218961793731e+01
6.326151876309270250e+01
5.996359882640557259e+01
5.947282814228794479e+01
6.271888076708629711e+01
5.973408269652967562e+01
6.276648470157525139e+01
5.508092339809893190e+01
5.929358998427536420e+01
6.158056005659017274e+01
5.858996816946264374e+01
6.160852589435999960e+01
6.132698270292561205e+01
6.229131222728084794e+01
5.674637124565170154e+01
6.047491251183087968e+01
6.183112034373758092e+01
6.054842520303756004e+01
5.973235724770835020e+01
6.129477890342776902e+01
6.201797582530627295e+01
5.867405171470475977e+01
6.048119862401649272e+01
6.134304480759186617e+01
6.265654802782172084e+01
5.688232675074362987e+01
5.943982667135681908e+01
6.043043094289429007e+01
6.189368617763641112e+01
6.285816875133163251e+01
6.371668874516502257e+01
6.142785833792250827e+01
6.057917870193340804e+01
6.147551651470119793e+01
6.299000277971858708e+01
6.031414534392609283e+01
6.290380518736989757e+01
6.289064264765055157e+01
6.434931373999988580e+01
5.880241629021313798e+01
6.110813830729932050e+01
6.106566007212974512e+01
6.284119010431550834e+01
5.825167617209081072e+01
6.107315031731788935e+01
6.080312030057229578e+01
6.300515095252433184e+01
6.485752919523996241e+01
6.299221500687155384e+01
6.127578100830764640e+01
6.045065246832643879e+01
6.332973932807028916e+01
6.236893790888475309e+01
6.337293621718678338e+01
6.579712263032705266e+01
6.305278724052743655e+01
6.289867355960650741e+01
6.068487545472421374e+01
6.377204484347495139e+01
6.546775901688805277e+01
5.866094325807356569e+01
6.198830264802118961e+01
6.434036861728469603e+01
6.098978165255317663e+01
6.180180100980200564e+01
6.450494821561522940e+01
6.303549975817664119e+01
6.387053027159154084e+01
6.009566449840501434e+01
6.283792421788376714e+01
6.204613043054957444e+01
6.043203721926005301e+01
6.347098494649449663e+01
6.426698179642876596e+01
6.014323827455245919e+01
6.063444376613814768e+01
6.242994530456899582e+01
6.405955173067576425e+01
5.961217485694250229e+01
6.175612267385003662e+01
6.261053828023207046e+01
6.377142772481718680e+01
5.819188700878825671e+01
6.033525998927781586e+01
6.144770392478682908e+01
6.262358457224437558e+01
6.345886327191129794e+01
6.464062498383896127e+01
5.883355589238638572e+01
6.084225525744525953e+01
6.205267091135652890e+01
6.252149438726132047e+01
6.283592829888353037e+01
5.847170005564503015e+01
5.914490810793637365e+01
6.097837961838511944e+01
6.083732062739272806e+01
6.295560394266816218e+01
6.248798114810297477e+01
6.378744812288680066e+01
5.636183288365464961e+01
6.002421656670299654e+01
5.919192584967860427e+01
6.173597006839731449e+01
6.315869224493319933e+01
6.158423210728818020e+01
6.350443429056549860e+01
5.811392258988509241e+01
6.110267040371201830e+01
6.122399843787326290e+01
6.149361223532931575e+01
5.669413361830707032e+01
6.024411903976308480e+01
6.183577283805722402e+01
5.910958022881369089e+01
6.189651690288698660e+01
6.399145345910208249e+01
5.766055193773453169e+01
6.072735482438553589e+01
6.298467585137244384e+01
5.988951839384830578e+01
6.001319157132309101e+01
6.276577832711019056e+01
6.110091332981292567e+01
6.219204158450478559e+01
5.834944900333893969e+01
6.130646033545554729e+01
6.045800555750343364e+01
5.857044129739535521e+01
6.149905064602531013e+01
6.237723851921858653e+01
5.880141860681712984e+01
5.909686748273028201e+01
6.084595244268660252e+01
6.244387810461277155e+01
5.665139193242303151e+01
5.963918047755022656e+01
6.096187284725350963e+01
6.142798231279824961e+01
5.680294927454167464e+01
5.937877389874066125e+01
6.002903664709258891e+01
6.102737018980486994e+01
6.200025751520220751e+01
6.298610780413225996e+01
5.793259867372865557e+01
5.911894720599757846e+01
6.033406873794188385e+01
6.098380352794935533e+01
5.798566362537458474e+01
5.963932776830106519e+01
6.114638928912927440e+01
6.123226095191313334e+01
5.669421348373806779e+01
5.735005454976462858e+01
5.924018015068173071e+01
5.898059356873852010e+01
5.962210795837670929e+01
6.135919679836851515e+01
6.042465874822508454e+01
5.861094275199485537e+01
5.861874913137953769e+01
6.108803794762246753e+01
5.969724595096918307e+01
5.799128055773268642e+01
5.889915582552863071e+01
6.093017148618103107e+01
5.862060044696416128e+01
5.788474171925130207e+01
6.043035846504971431e+01
5.806394370151728168e+01
6.072505763536705103e+01
6.320925914174814153e+01
6.000690050947625309e+01
5.953870189615460617e+01
5.722764597909256423e+01
6.007371458300703182e+01
6.170346376279004375e+01
5.447615334020871813e+01
5.885497881295480482e+01
6.102536474796337274e+01
5.768536614032400678e+01
6.167888177916430692e+01
6.182075300047369382e+01
5.883157028644452424e+01
5.937290845557839702e+01
6.208064007756817659e+01
6.180280585017844430e+01
5.898843663283834360e+01
6.044440755646481023e+01
6.189927434236899728e+01
6.237012685114979149e+01
5.794591694012091665e+01
5.940816854844315031e+01
6.058827752287507451e+01
6.156210090810983360e+01
5.654115527153739151e+01
5.843348754241693399e+01
5.961482610486966394e+01
6.021163138268202886e+01
5.690045801906332912e+01
5.861829250086966425e+01
5.981038594026037458e+01
5.953412989279566858e+01
6.057444305571246446e+01
6.193680349929987727e+01
6.172076457254960502e+01
5.605289650731717188e+01
5.833878334832074586e+01
5.865265987597210540e+01
6.041651930753766209e+01
6.053538659761067464e+01
6.260695381936784543e+01
6.157447174086271247e+01
5.722452450718058969e+01
5.785363315338742041e+01
6.021622343155309665e+01
5.933771808196961928e+01
6.192361797888358410e+01
6.136657414594119331e+01
6.358852490049760320e+01
5.684273258193183409e+01
6.025524660747739603e+01
5.995264473101223501e+01
6.234798959492351855e+01
6.466815836692313724e+01
6.222881550858745214e+01
6.358694124693913352e+01
5.966827302947399403e+01
6.283004071643807720e+01
6.477487211620130836e+01
5.707250138547981777e+01
6.134473023193081076e+01
6.374482940700519151e+01
6.031709133418086566e+01
6.150931733514091349e+01
6.421541872968307985e+01
6.253814743432108259e+01
6.309971898177565208e+01
5.959226921050407100e+01
6.243662675834217168e+01
6.154449958891755301e+01
5.957309140361446964e+01
6.288996178430283379e+01
6.375257152657870563e+01
5.993771885937795929e+01
6.046352610726474097e+01
6.235031425631903090e+01
6.405738265749185700e+01
5.859333125747677684e+01
6.172518493836598452e+01
6.278239775647844567e+01
6.383700138387658995e+01
5.800343392638389872e+01
6.048561058200593266e+01
6.199661065974372320e+01
6.264436905714487125e+01
5.872815497690847764e+01
6.059490802625358441e+01
6.171888584312237214e+01
6.199561883056764344e+01
6.271490861472364742e+01
6.407420465081972338e+01
5.983154234647541614e+01
6.213510996719698198e+01
6.252287940524112742e+01
6.429556736962133812e+01
6.163983611547468655e+01
6.425487988800466610e+01
6.404432313419417255e+01
6.380845924920820522e+01
6.424957764341110078e+01
6.638772781155245184e+01
6.371070468734584580e+01
6.133088439642315137e+01
6.184758284009667761e+01
6.418851483777113742e+01
6.270491421069878157e+01
6.103823667470639691e+01
6.147778526898802198e+01
6.399024173512658820e+01
6.181935382925964717e+01
6.478131769388907912e+01
6.559022649168726105e+01
6.169316341903354584e+01
6.395914916448613496e+01
6.641567987534531881e+01
6.310066195686075474e+01
6.243160386167453879e+01
5.989714297669265619e+01
6.293458164341662098e+01
6.505722913005877217e+01
5.899849968347615459e+01
6.191698966883837585e+01
6.411023506425033247e+01
6.130739772088464434e+01
6.432153887738301989e+01
6.417566618716061555e+01
6.359141557497811448e+01
6.161428560200990034e+01
6.432273066511089610e+01
6.517037470993173542e+01
6.102642951090560075e+01
6.332162077938095734e+01
6.509442241742220858e+01
6.146902779723868804e+01
6.380213237574786689e+01
6.515746259781401761e+01
6.586953461477726535e+01
6.100508992942404518e+01
6.268102059552057881e+01
6.346601547467149373e+01
6.448173125000147365e+01
6.034941978157772979e+01
6.186103808812222837e+01
6.283832538029594872e+01
6.349549758316238268e+01
6.003638034622181863e+01
6.208320556676704172e+01
6.241205308185830347e+01
6.304083139783395495e+01
5.817530078126227977e+01
6.005889538289518015e+01
6.001801212118453321e+01
6.191455468239885818e+01
6.171314434900872214e+01
6.386944990927537447e+01
6.231712626847980374e+01
6.492086092019692956e+01
6.361906210211383694e+01
6.028206206176196957e+01
6.019684898654279692e+01
6.281882041018202045e+01
6.136532715074360311e+01
6.343994689260090070e+01
5.801124979874255416e+01
6.095990078767407283e+01
6.130722998237605736e+01
6.079886721340047018e+01
6.322485812571044050e+01
6.486266876652385349e+01
5.849477866179494612e+01
6.139091560762607003e+01
6.369507762960912345e+01
6.075376233607990173e+01
6.226020501012685315e+01
6.473349639228898411e+01
6.140157885408521565e+01
6.113578223294568659e+01
5.819936478620693521e+01
6.102092271552822211e+01
6.270540070775051333e+01
5.647789348816500876e+01
6.034359654858643296e+01
6.229665099615362323e+01
5.985329452960239394e+01
6.039173797493189966e+01
6.277976477114440712e+01
6.152331068966775973e+01
5.825698220467553057e+01
6.079230216738106662e+01
6.112929345258574898e+01
6.211400281554353597e+01
5.599942862118833631e+01
5.896295735407131389e+01
6.006524854511431499e+01
6.120847636637454769e+01
5.631425404706659776e+01
5.724420175226376983e+01
5.870532790034534543e+01
5.944317565677927462e+01
6.049611450856902195e+01
6.155622063628238294e+01
6.042193141200613837e+01
5.635546358229468211e+01
5.757265505177095122e+01
5.890315238827005118e+01
5.929882068767641812e+01
6.078736098986085779e+01
6.101919476665778319e+01
5.888184761215306651e+01
5.929385457735957488e+01
6.120872760142873403e+01
6.082514217103304333e+01
5.737912833869926033e+01
5.773902927843183619e+01
5.991539996710387328e+01
5.910273313830882103e+01
6.006474141467687389e+01
5.932803485730038062e+01
6.177336064284651229e+01
5.880833782064088666e+01
5.827701648462274164e+01
5.932416295655013272e+01
5.956486941527250423e+01
5.891756145615291018e+01
6.157138920482808686e+01
6.146652055455446373e+01
5.630138995071769870e+01
6.048010550242554473e+01
6.077593477610729167e+01
5.941089507948854731e+01
5.829760143697644992e+01
6.158684369633857614e+01
5.828342846813292510e+01
6.121099459780822372e+01
5.404451230839739395e+01
5.836301997334997083e+01
6.052637060024913751e+01
5.628087191029405290e+01
5.951310590988977367e+01
5.955125901790832899e+01
6.070353124672599421e+01
5.346165261061454288e+01
5.840622288619886859e+01
5.946424679855007156e+01
6.076689839690252626e+01
6.217502333157825944e+01
6.295886175401130203e+01
5.845642382721235464e+01
5.922477053933003077e+01
6.071667112406522904e+01
6.202094878102911224e+01
5.638923424669265216e+01
5.930168552009091343e+01
5.991566183149160452e+01
6.120153651969106079e+01
5.537316374766126614e+01
5.749258527202847091e+01
5.840001105491052158e+01
5.960837696227005011e+01
6.103677339569683369e+01
6.140124727171088637e+01
6.175251755215348481e+01
5.722080566154519943e+01
5.809067185716725135e+01
5.986141631750092529e+01
5.997074648945636000e+01
5.856525210338963205e+01
6.102219063089597739e+01
6.064191697784116997e+01
5.831909210718724523e+01
5.850745031876121516e+01
6.090922879761525621e+01
5.999156414387206837e+01
5.820654523205575970e+01
5.801114723259787098e+01
6.069234024343256095e+01
5.919239144411763931e+01
6.201614331184595841e+01
6.364401925025912021e+01
5.703083106521034296e+01
6.049563681660313819e+01
6.318727070498223952e+01
6.074744762750088967e+01
6.253384736186020376e+01
6.506913722789421684e+01
6.176577444401164740e+01
6.127413782358519967e+01
5.888648791472002131e+01
6.202097195978311817e+01
6.396846674655417786e+01
5.655482086499496575e+01
6.073936082448822305e+01
6.304686855475848262e+01
6.037518082886393245e+01
6.043426386216953716e+01
6.370184380479462050e+01
5.981355220566941711e+01
6.293777632227396879e+01
6.453672533943317546e+01
6.398286859982761143e+01
6.015777878803279322e+01
6.215720319059843746e+01
6.355465252556344780e+01
6.440695698538020508e+01
6.000435349166797039e+01
6.133795923775490877e+01
6.279982034317519890e+01
6.404013095574777026e+01
5.881855583358604633e+01
6.026674942307251115e+01
6.157683854830757753e+01
6.305657150334048566e+01
5.764035230829563972e+01
5.970337524337053736e+01
6.063302910313250038e+01
6.158456513804253518e+01
6.303167722178133658e+01
6.400857864158817279e+01
6.095502889502158439e+01
6.203987620228127042e+01
6.412344358546793899e+01
6.399555952028568129e+01
6.043680108115600547e+01
6.114714111385793416e+01
6.321864173052865965e+01
6.303877943308420129e+01
6.170627150483912970e+01
6.306007218415678750e+01
6.466387698571476506e+01
6.018465694605299632e+01
6.265229690089017112e+01
6.484447715293256920e+01
6.308106217133970972e+01
6.052790196100635001e+01
6.093945673674415531e+01
6.381837186383091165e+01
6.175919582495061633e+01
6.488648519784281632e+01
6.713031545267413946e+01
6.184148093528253298e+01
6.471547831956272034e+01
6.721521375574363333e+01
6.369325999099544333e+01
6.312518897145844221e+01
6.054500899193842400e+01
6.384527136384649992e+01
6.605083332801363838e+01
5.955753136076619114e+01
6.270887150532241350e+01
6.514039901319171122e+01
6.158691947565591107e+01
6.187460296036324081e+01
6.493819345828494249e+01
6.364009021229923491e+01
6.491188977919284753e+01
6.734598413170165543e+01
6.117051515256407157e+01
6.511821469396338102e+01
5.935189798412882567e+01
6.257240343116137637e+01
6.233266226527010190e+01
6.421208971424267986e+01
6.590413363501438937e+01
6.714981412123498217e+01
6.199666880881105158e+01
6.334626645456540928e+01
6.477913492820169949e+01
6.634116396242697533e+01
6.065061220710308731e+01
6.268409451595754689e+01
6.379890630234871907e+01
6.505259940504002714e+01
5.980567005546584625e+01
6.130735123380134155e+01
6.249976553841166549e+01
6.322817829163574999e+01
6.308160479898899808e+01
6.528243835383597116e+01
6.517383548237329194e+01
6.055506874993697153e+01
6.175822717831020015e+01
6.424601761592130345e+01
6.382021432209572254e+01
6.220221880499377676e+01
6.458428376700783247e+01
6.349223214911116031e+01
6.093138895307760805e+01
6.321693188169803790e+01
6.197569447570516843e+01
6.489718454477578291e+01
6.248622138882970489e+01
6.560275757438087396e+01
6.575305222026464946e+01
5.988653169303547230e+01
6.445581453110413861e+01
6.371110454196686845e+01
6.659851160572739559e+01
6.012525258796174654e+01
6.385931609875498793e+01
6.571126884279992453e+01
6.214669006673184981e+01
6.552631568772635262e+01
6.709818474588307424e+01
6.178166482817673710e+01
6.524224080263390135e+01
6.771869423290355883e+01
6.112843106284027073e+01
6.545210974882726873e+01
6.791255747154426103e+01
6.361482054169761113e+01
6.742137710900875902e+01
5.971369840122480355e+01
6.395483766043104623e+01
6.617697332021678847e+01
5.961010800815802213e+01
6.387501166764783278e+01
6.542121891660184474e+01
6.581666943293589611e+01
6.077665568151359565e+01
6.249279691407512161e+01
6.426539651135709619e+01
6.598665556847855385e+01
6.764305371017826474e+01
6.695667693887236283e+01
6.510252903890446419e+01
6.340814495018950225e+01
6.547628058689909381e+01
6.684541663404601763e+01
6.400348707911760471e+01
6.508120059087386267e+01
6.674863120892995028e+01
6.717881539437699701e+01
6.147187001439942122e+01
6.424368876292723485e+01
6.474360425070368308e+01
6.671963488201926396e+01
6.084176182413118283e+01
6.354106050449971832e+01
6.386000062804891542e+01
6.612178869983053175e+01
6.632751961486339098e+01
6.895523985178604676e+01
6.423543933994459110e+01
6.670776589209893359e+01
6.863351302108263496e+01
6.674780281204790811e+01
6.377767536509276169e+01
6.495746543003700424e+01
6.784197643990452775e+01
6.609596107183935487e+01
6.429436080285307753e+01
6.627298807982430162e+01
6.618063894184109586e+01
6.817307555119262474e+01
7.094665171615132238e+01
6.679288054021722587e+01
6.866831484979063305e+01
6.470928206929940529e+01
6.824994599197300715e+01
6.940110047911075242e+01
6.572496864260830307e+01
6.508479424937502245e+01
6.893997559626517102e+01
6.517954467445890998e+01
6.829128906307010993e+01
7.084011001974666044e+01
6.359123822738993681e+01
6.909941749896499630e+01
7.177539058395640836e+01
6.663099396291532628e+01
7.002509848394136327e+01
6.124781072093877299e+01
6.698917266567751483e+01
6.919030572468697926e+01
6.559108829794293172e+01
6.976001311754379230e+01
7.068291297922631600e+01
6.922114480071681442e+01
6.554220361417984009e+01
6.865901516689139328e+01
7.049988144381562449e+01
6.780510675425662726e+01
6.953658883920202527e+01
7.125801161025525232e+01
6.710259214987146947e+01
6.970590704685106687e+01
7.169227983812587013e+01
7.242766927650464481e+01
6.685402754903471134e+01
7.029835689718441927e+01
7.071220698109847547e+01
7.317562000970522718e+01
6.672403106755763247e+01
7.004496544103177769e+01
7.042946008416637937e+01
7.237874583070670553e+01
6.628807118036861823e+01
7.000430220954520166e+01
7.004687579873910863e+01
7.299546964393826443e+01
6.591659993587101951e+01
6.996796591767352425e+01
6.934862047846600319e+01
7.234393621355086168e+01
7.516559789193239283e+01
7.195942190413045125e+01
7.257029754918148967e+01
7.388057238462158693e+01
7.529302675312008830e+01
6.981405980872139594e+01
7.429178070050360816e+01
7.746547213604512194e+01
7.215092511126100305e+01
7.613604547463641836e+01
6.740253709917560343e+01
7.284582622547652875e+01
7.509925710034899282e+01
6.960838236217750818e+01
7.409318967823897140e+01
7.673457021599097061e+01
6.891129829781954186e+01
7.423810102539920308e+01
7.729281770945752328e+01
7.055026445129379908e+01
7.562531682385814236e+01
7.815810462691740668e+01
7.138425155274353529e+01
7.706768233459291650e+01
6.969681288558668086e+01
7.455686942104229331e+01
7.640327738435770755e+01
7.250552007681382349e+01
7.552884548287254063e+01
7.651141879912442789e+01
7.724184856049684811e+01
7.148630350999970062e+01
7.451400387364378730e+01
7.651635085575179573e+01
7.778108759287736973e+01
7.986909141720049377e+01
8.020900214264378292e+01
7.462190034400616412e+01
7.743241383523164245e+01
7.876069094948199734e+01
8.104699512661493088e+01
7.461354920687340098e+01
7.730796798895765676e+01
7.926345891872071547e+01
7.943491208295861838e+01
7.379878148018480033e+01
7.631216076910624224e+01
7.991703733794740572e+01
7.935490750955221984e+01
8.336968774309926289e+01
8.019661757132770674e+01
7.835030870173545736e+01
7.880380588212652526e+01
8.307892770083158496e+01
8.127585418080366253e+01
7.735844676855094804e+01
7.826313795047744293e+01
8.206990471268481713e+01
8.076205056333513710e+01
7.812146998615597226e+01
7.875499451756274993e+01
8.268394888534794518e+01
7.994795506818218200e+01
8.427289841987190755e+01
8.438383768832915166e+01
8.133685530275351994e+01
8.083205731415512219e+01
8.122028804071196362e+01
8.535630656998000632e+01
8.038209834731178205e+01
8.195150863688475340e+01
8.518634128502370118e+01
8.055461073362570801e+01
8.196986455757425460e+01
8.627841326393458132e+01
8.139949102331644326e+01
8.386346408624852700e+01
7.924707255248038962e+01
8.372062716812854433e+01
8.435728566924444749e+01
7.971065749534722045e+01
8.418431445186192263e+01
8.516476463506893424e+01
8.197393609081214549e+01
8.514974026494685688e+01
8.842144333448099758e+01
8.236965548854388430e+01
8.587890901450860781e+01
8.780074186655203050e+01
8.706757521785775111e+01
8.362744030855114374e+01
8.706580318112311545e+01
8.956778054386634835e+01
8.319259297072028403e+01
8.663798012571665197e+01
8.897274058568918065e+01
9.020714135389904698e+01
8.363667478219245766e+01
8.762826428991967020e+01
8.880065204292232295e+01
8.916669076439089281e+01
8.516786763764093848e+01
9.016886809680634940e+01
9.055154590539918047e+01
8.507494699256584170e+01
8.678915181251637989e+01
9.096439458988334081e+01
8.933933831677491355e+01
8.554798754145215867e+01
8.694501531274622153e+01
9.151319204033447363e+01
8.942036152942914384e+01
8.618057603738466810e+01
8.686707190410852775e+01
9.169766697249615106e+01
8.764284873053514957e+01
9.318931907561622552e+01
8.970323787211468414e+01
9.131656020190207812e+01
8.972242682879748088e+01
9.464443644347491613e+01
8.831981645248747270e+01
9.348853017680767152e+01
8.534435989814370771e+01
9.127847499526919250e+01
9.213781172833836308e+01
8.953451844514796676e+01
9.411249533541398193e+01
9.436157915709017630e+01
9.033274677790153362e+01
9.171431673508777749e+01
9.429411309932372376e+01
9.151160897767890390e+01
9.391671286256917028e+01
9.774094464881055444e+01
9.233608824233857604e+01
9.630245485112823189e+01
8.885710708338280028e+01
9.399207979219434606e+01
9.713414216073520890e+01
9.084881754714463398e+01
9.525532428632544679e+01
9.742727136351309980e+01
9.163824922701361686e+01
9.555709622882598353e+01
9.850964614252040974e+01
9.236349216602131662e+01
9.678836319695358270e+01
9.952123678519785699e+01
9.709035814718380664e+01
9.925222217499042188e+01
9.241403424624539298e+01
9.683305825814690593e+01
9.896523218796608035e+01
9.255040604931409121e+01
9.662283105459746935e+01
1.002547933116116354e+02
9.938282565267503799e+01
9.378659336818259362e+01
9.879441799927170109e+01
9.967624798497203642e+01
9.811352523532656278e+01
1.032720786637749057e+02
1.011401272377862455e+02
9.828236325383808492e+01
9.996068594146822761e+01
1.054260110901687142e+02
9.908878501702807284e+01
1.027935078201902570e+02
9.469175045154769066e+01
1.011505939323243410e+02
1.002964587055078454e+02
9.989230771732289327e+01
1.041206781180590610e+02
1.026870301127335949e+02
1.026767379467452059e+02
1.012960499437599680e+02
1.070952875492689458e+02
1.004065897563124281e+02
1.060846923296628574e+02
1.091739962878301213e+02
1.022820240031085035e+02
1.071495553631171589e+02
1.012772171788676445e+02
1.070897398132164540e+02
1.047123103015924812e+02
1.063803567565637707e+02
1.069106580047167085e+02
1.108998548272534208e+02
1.037570699405871579e+02
1.083341926934011354e+02
1.122181258697558377e+02
1.053561902540040904e+02
1.101599880581168520e+02
1.037988449722405733e+02
1.088095238028093235e+02
1.119527955543201898e+02
1.059424021596533692e+02
1.099193301133026779e+02
1.117683399738362624e+02
1.049405261947628958e+02
1.098928852089267423e+02
1.138233446438005814e+02
1.074323707379716808e+02
1.117026665183219052e+02
1.161434326208940746e+02
1.094724464033831026e+02
1.139821813344649684e+02
1.074679630119130849e+02
1.125619949070502486e+02
1.148493105858119634e+02
1.087075299923850480e+02
1.129199281656866702e+02
1.178021576197807576e+02
1.109321031280391168e+02
1.150010318861680787e+02
1.202072621459946049e+02
1.125425981139515557e+02
1.177195263288589899e+02
1.205608864214723752e+02
1.145189504699477396e+02
1.207218039883936029e+02
1.121153393601126425e+02
1.192593296998583980e+02
1.189538848503014634e+02
1.167167208015542599e+02
1.184521233218678447e+02
1.248025774727983190e+02
1.161600961422407892e+02
1.208267892553556635e+02
1.260845452351846916e+02
1.184253107316640978e+02
1.243758708617376527e+02
1.280902424352388209e+02
1.199338218258190096e+02
1.269228890827915563e+02
1.183381198727606716e+02
1.257973403191869153e+02
1.230791087625483300e+02
1.245876027937416382e+02
1.263650013470528393e+02
1.303612094659689831e+02
1.223666901461651264e+02
1.290464019455089328e+02
1.315960557077832789e+02
1.223003380020228263e+02
1.303482650684427142e+02
1.346838904682599036e+02
1.258697719885234108e+02
1.333395642867457411e+02
1.266046944027687005e+02
1.324913113236128197e+02
1.297268434016729941e+02
1.340260716775720482e+02
1.380159108045777714e+02
1.305493947510588839e+02
1.361456447032527137e+02
1.293894897699615285e+02
1.352491619606220752e+02
1.350084590390689527e+02
1.306801905354633391e+02
1.359319914974331596e+02
1.401500371853150853e+02
1.329941793270124890e+02
1.397668445735305909e+02
1.407369544366098637e+02
1.359887122451909818e+02
1.395095614625695930e+02
1.336046671225612670e+02
1.410050007576924145e+02
1.399032208209144414e+02
1.364239759889624111e+02
1.397071445800775109e+02
1.460760483576029571e+02
1.373968178742307771e+02
1.440287411880086665e+02
1.446760693701782543e+02
1.419952302437974367e+02
1.438624656431544224e+02
1.505266555690577945e+02
