0.000000000000000000e+00
4.505111968669345401e+01
-1.808145077601420070e+01
1.883955725758243815e+01
-1.140781290693031025e+01
1.667661124589513477e+01
-8.400469675719945073e+00
8.958351069340158901e+00
-6.641795021972689561e+00
6.772906898010837118e+00
2.234899811912886280e-01
-2.176881957656643163e+00
3.440973673699820434e+00
-1.723550830903535891e+00
2.772621977320805176e+00
-1.655818478511323910e+00
2.409997129587289511e+00
-1.365650675223481159e+00
2.329769514189141244e+00
-1.046173220536525061e+00
2.354021149768124488e+00
-7.660461769104326413e-01
3.114873518952473219e+00
-5.877184318098113147e-01
3.403497108874995014e+00
-4.141012748389634734e-01
3.711823505913154797e+00
-2.047385253096674906e-01
4.023949856456656704e+00
3.536242022637187121e-01
4.248378248539803614e+00
5.000161116485443147e-01
4.454368091744903779e+00
7.046366148863496548e-01
4.793871386421716174e+00
9.565463284721386072e-01
5.139905562771560632e+00
1.237037468031942256e+00
5.503023057361362547e+00
1.538521871196938617e+00
5.883779159613105492e+00
1.857630943785434363e+00
6.277828820932997544e+00
2.191469414145926109e+00
6.794923518692653985e+00
9.033812754022044089e+00
1.069605813198111832e+01
8.104572721852957073e+00
1.174576550223052962e+01
8.676326391844714436e+00
1.219811692645604850e+01
9.077582970078822200e+00
1.262606184685464328e+01
9.459582653962803178e+00
1.303351712805441664e+01
9.825940263880674763e+00
1.343091547143477449e+01
1.018577908216485106e+01
1.382236952929099871e+01
1.054153804536209549e+01
1.421093166913440520e+01
1.089534181983314198e+01
1.459760041460470070e+01
1.124778172238736751e+01
1.498295166570136594e+01
1.159910864799804386e+01
1.536701163124868152e+01
1.194921080142479575e+01
1.574965787094136971e+01
1.229785119108545999e+01
1.613062962772020725e+01
1.264470385116116269e+01
1.650962019957150062e+01
1.298940582905098573e+01
1.688629149913007765e+01
1.333157338549627724e+01
1.742549322294756919e+01
1.988230736834504953e+01
2.286602683458738383e+01
1.910856165146305941e+01
2.381444142420932764e+01
1.952616737486174259e+01
2.417181289627566443e+01
1.987074437698221629e+01
2.451282597290562393e+01
2.020024426352199498e+01
2.483520529835585577e+01
2.051284273374792022e+01
2.514121143922352530e+01
2.081003623649156253e+01
2.479576641406098148e+01
2.112352497131778861e+01
2.511541065172362508e+01
2.142688703006084339e+01
2.540245070096175084e+01
2.170345695707709410e+01
2.566947443087494563e+01
2.196226869053907649e+01
2.607045270692358230e+01
2.893125664893601368e+01
3.029260566331317150e+01
2.988753948432739804e+01
2.922390781694034700e+01
3.132145169095641890e+01
2.909126477856826654e+01
3.121699425247458137e+01
2.929352213773091052e+01
3.162771889521683377e+01
2.950992682462160843e+01
3.173792999209361909e+01
2.895319310404778435e+01
3.178514475715935461e+01
2.912685001221328562e+01
3.183958026933173358e+01
2.929946264860341287e+01
3.188997309761007415e+01
2.947055201952195702e+01
3.244339446415447981e+01
3.629010230525414471e+01
3.898088970677211762e+01
3.589258352876890967e+01
3.906850473403632407e+01
3.601050627982824182e+01
3.900255349421396289e+01
3.573948487510225647e+01
3.891770887764874232e+01
3.588586862165763591e+01
3.892280617376441398e+01
3.562877902617286452e+01
3.896609900675607463e+01
3.583094063966894538e+01
3.894725662295321911e+01
4.193224486930020589e+01
4.378928114136029137e+01
4.130029575406653919e+01
4.375951418713341923e+01
4.110544215316920713e+01
4.252743124465006730e+01
4.081473167816358227e+01
4.460662742441181194e+01
3.974730292202581694e+01
4.519426567708430298e+01
3.921104801353290270e+01
4.399980311742724126e+01
3.893136720700572084e+01
4.418932622504829766e+01
3.873502709410873024e+01
4.409739356784035635e+01
4.441650526618696659e+01
4.912864031301832313e+01
4.262543516826211487e+01
4.950699898761303075e+01
4.198373035292571842e+01
4.983336600084819423e+01
4.128992885027800952e+01
4.930322804009175996e+01
4.051802674559957751e+01
4.886085550771068142e+01
4.194214001185563490e+01
4.584759106674011520e+01
4.132031152127849083e+01
4.845736586886115305e+01
4.926172211254912270e+01
5.085890025799699288e+01
4.992911864437185443e+01
4.918127785021896159e+01
4.932574228196553179e+01
4.853825689612225602e+01
4.871218740343854847e+01
4.807236716383325614e+01
4.822319796437962225e+01
4.752485609616800133e+01
4.766871273379290130e+01
5.258265596753798832e+01
5.256023641612973307e+01
5.233272844483752095e+01
5.196929290463236839e+01
5.159135543864193352e+01
5.136149785348200680e+01
5.095041555073550654e+01
5.089257647398090967e+01
5.043195728516186449e+01
5.017043667604702506e+01
4.971204217327198194e+01
4.952097786637891375e+01
5.446968023211518073e+01
5.262922915605837915e+01
5.598485468320043168e+01
5.113504580543481381e+01
5.632969819308825521e+01
4.949979230930723162e+01
5.528580323419588893e+01
4.907619222014449178e+01
5.460529649350238657e+01
4.865778177795147030e+01
5.395404709264258969e+01
5.745528945502201879e+01
5.362666135945333679e+01
5.745729439708749453e+01
5.143476241628911794e+01
5.685904452154655075e+01
5.039777899246311677e+01
5.582921569507924886e+01
5.067151721149453891e+01
5.532397465713787454e+01
4.888153969724823611e+01
5.421475609487367109e+01
5.776202632184398311e+01
5.342330983775074316e+01
5.796511414815962837e+01
5.169786179225256717e+01
5.682304569907383751e+01
5.066307968398972150e+01
5.576913549719917285e+01
5.068820371356624577e+01
5.513317405370970903e+01
4.827612677813499431e+01
5.394521502740191465e+01
5.732741205842189913e+01
5.220383872969590300e+01
5.764067144756400296e+01
5.183070770985314368e+01
5.652327879729470794e+01
5.112448137933932202e+01
5.551541387484745371e+01
4.910655361788928985e+01
5.427865489813552102e+01
5.732270557378420506e+01
5.476478304051951085e+01
5.789441516606824933e+01
5.179038206974622227e+01
5.735971414021384618e+01
5.105217037482263009e+01
5.581326821014172879e+01
5.004454689263783962e+01
5.453377221931280161e+01
5.702245441434856588e+01
5.614241288602486435e+01
5.513946681958355356e+01
5.701106815457252708e+01
5.363736768041037806e+01
5.526332848283166044e+01
5.199524392483611024e+01
5.392452470382121277e+01
5.066571641561540673e+01
5.228467532080223634e+01
5.538118201679155561e+01
5.658485239504462783e+01
5.310333283148101202e+01
5.507988113885110693e+01
5.172972608725790877e+01
5.383014255763577438e+01
5.034078061811516136e+01
5.232354759573865977e+01
4.873595780515099563e+01
5.177017419433841638e+01
5.306704862393469568e+01
5.501658542863922463e+01
5.094929647833053821e+01
5.377138289876585731e+01
4.931549526466027800e+01
5.210904030943095933e+01
4.769786369258344649e+01
5.025755014487809547e+01
5.265893364960103185e+01
5.432786163224012199e+01
5.150968514950928068e+01
5.398534915239167731e+01
4.835087983770836928e+01
5.198432951065817065e+01
4.690418134854773058e+01
4.997661606672798484e+01
5.176904803983045866e+01
5.359492420635302068e+01
4.878663706272656952e+01
5.163644872892358961e+01
4.688104871605940360e+01
4.991086807491674193e+01
4.576900833608765851e+01
4.836413483282857584e+01
5.047875063413381014e+01
5.182682733437835765e+01
4.947517805628985599e+01
5.115636593156067846e+01
4.579200796946673080e+01
4.871048367537119361e+01
4.553636204744859128e+01
4.729217402237635071e+01
4.976608516915510450e+01
5.049628269117058466e+01
4.866702452947733093e+01
4.956573894306124117e+01
4.599095646149884686e+01
4.737211738307094322e+01
4.500087137710794849e+01
4.608309166995403672e+01
4.912634937081246278e+01
4.900257767781665308e+01
4.692990072796107626e+01
4.727461296003819768e+01
4.607213815811045521e+01
4.627771996986952274e+01
4.365528777839096364e+01
4.405959844533444425e+01
4.758295485623413867e+01
4.679551902983742906e+01
4.613653156102717645e+01
4.581191862058840769e+01
4.409515880517654551e+01
4.380517460305286193e+01
4.347881974498099567e+01
4.295173874190012953e+01
4.669459735172869586e+01
4.600437161925668761e+01
4.434022871104717467e+01
4.353539168458066655e+01
4.471519838510992173e+01
4.301125164299384096e+01
4.145757393158320525e+01
4.057876959974944953e+01
4.454850272694163493e+01
4.493035875162287596e+01
4.172402700896974181e+01
4.102921383028543545e+01
4.300755974195306663e+01
3.977120671790061124e+01
4.074936802448488038e+01
4.375597810043753810e+01
4.261428644943428168e+01
4.255869931054754574e+01
4.071246789393959631e+01
4.159783521666963679e+01
3.955201644161751062e+01
3.891038134151139616e+01
4.226131005419721731e+01
4.060932241664279729e+01
4.421299487579614151e+01
3.683713395444933525e+01
4.123027220188622977e+01
3.743795518164296965e+01
3.965652222412670369e+01
4.244491535178535457e+01
4.089797516565663216e+01
4.235024549580828790e+01
3.868691266430829501e+01
3.919456177192339652e+01
3.673870676546422231e+01
3.756690680738088872e+01
3.495520744445396133e+01
3.845377367336712382e+01
3.770473808491941270e+01
4.003487475388846661e+01
3.381861609946676595e+01
3.864027169080814872e+01
3.062311265342118816e+01
3.609920692799610009e+01
3.857145925169439948e+01
3.799562516977506021e+01
3.596686673218732722e+01
3.811318291231512490e+01
3.307819618400658612e+01
3.634913862265342743e+01
3.836654755927567351e+01
3.851752249423356034e+01
3.576951229657679221e+01
3.788977254283139473e+01
3.330052691287929889e+01
3.477505112765858541e+01
3.128610198292934541e+01
3.364173529963240838e+01
3.558525640404288026e+01
3.677787634185095555e+01
3.312879141587920628e+01
3.483045918969851584e+01
3.119959910955681082e+01
3.325308128159306875e+01
3.527063163074021901e+01
3.642925209337804660e+01
3.353419553440129874e+01
3.618641034757787622e+01
3.105903038418781037e+01
3.299205549037704799e+01
2.931074773739321770e+01
3.146004252599961504e+01
3.330651578347310959e+01
3.493523859014684518e+01
3.118579438916860269e+01
3.337509033870102115e+01
2.848922186128546130e+01
3.103306449518535004e+01
3.249022809438507409e+01
3.448667262649987464e+01
3.278667738917538088e+01
3.296366154737517462e+01
2.979146032199381011e+01
3.263567942787828713e+01
3.323690012658813941e+01
3.550417746015087772e+01
3.024529089714425467e+01
3.372808634653441118e+01
2.835992789229775468e+01
3.188917552668420186e+01
3.210459848710948449e+01
3.500330724913456493e+01
3.093857429111908885e+01
3.467299668484606201e+01
2.796117640841513818e+01
3.224442912291323182e+01
3.230692729801076268e+01
3.550167818205902392e+01
3.013760730067466298e+01
3.442634921882347498e+01
2.751598880725229179e+01
3.232562846940975732e+01
2.676469060435031011e+01
3.142840097489513695e+01
3.089476377401977913e+01
3.445734426533523020e+01
2.651120624360047984e+01
3.230186371154218250e+01
2.643173424231630619e+01
3.143548336925980990e+01
3.313890465020192977e+01
3.226847859427347487e+01
3.106582504193427141e+01
3.034666261832484579e+01
3.048187648151442630e+01
3.355398711106884946e+01
3.259827305691643318e+01
3.511382892473307038e+01
2.970259883502066600e+01
3.297906597874311529e+01
2.839834059080611439e+01
3.174867636929289816e+01
3.477181829605024177e+01
3.222744710541817170e+01
3.225563020890967181e+01
3.076368840834647855e+01
3.144933670311000640e+01
3.476404679919598095e+01
3.427518223658893248e+01
3.476827159012976409e+01
3.238991132107913273e+01
3.231698628286414987e+01
3.013242758407906052e+01
3.398099345848403630e+01
3.430032304996217363e+01
3.426527423308284881e+01
3.369921397618210790e+01
3.136061473114496323e+01
3.202849634980371007e+01
3.566029616898187271e+01
3.582024243738433711e+01
3.321422818535585009e+01
3.448524472118325690e+01
3.009985672631212950e+01
3.410451474624713342e+01
3.676436010238911933e+01
3.537222632054239568e+01
3.465599879350349255e+01
3.667459613548609809e+01
2.959305009996116098e+01
3.418208317128648588e+01
3.653666106902116439e+01
3.752590662819110179e+01
3.368811662147348329e+01
3.580741802700436693e+01
3.192547599648253254e+01
3.371960813831282167e+01
3.591362763348763565e+01
3.809115214879911804e+01
3.353427547254939611e+01
3.729399276520810247e+01
3.125134325378778755e+01
3.512292091426204621e+01
3.718827784818748228e+01
3.852192587932805168e+01
3.413710530880981509e+01
3.706272062274624801e+01
3.228895017131856804e+01
3.529379753799542385e+01
3.719859811375615521e+01
3.877423610551527133e+01
3.629868288526134990e+01
3.822408586171567890e+01
3.375990067366193870e+01
3.606791805883518265e+01
3.805229968999114476e+01
3.953137662974095434e+01
3.596998358810849084e+01
3.851466550553150370e+01
3.371658592487914063e+01
3.644737402625909084e+01
3.881883072611145735e+01
3.982164134074907480e+01
3.830177622444463026e+01
3.952389136723297725e+01
4.231038314493454777e+01
4.259005827419085932e+01
4.007466737048724781e+01
4.096770775092688410e+01
3.898589222678943145e+01
3.953127470370859697e+01
4.262974920451276262e+01
4.306860204388868851e+01
4.038281425057714102e+01
4.089805564602298915e+01
4.139346459994744976e+01
3.941474036424124705e+01
4.293691585376139841e+01
4.405416735919166626e+01
4.025576249002854468e+01
4.122258594060919989e+01
4.137844521356743144e+01
4.517204097850636657e+01
4.394937810252138632e+01
4.607237509093057071e+01
4.093663777799345382e+01
4.543871868136854175e+01
4.827291989337075506e+01
4.464266631668154872e+01
4.719042877619389031e+01
4.201326972967410711e+01
4.672969555727468816e+01
3.984267165243701925e+01
4.466993553002884454e+01
4.778656235364422145e+01
4.510734689742732684e+01
4.567555249689279151e+01
4.412494729230101598e+01
4.350000152307577395e+01
4.802418900303838711e+01
4.516882518959597093e+01
4.879922034825550980e+01
4.184803573810881261e+01
4.572539419551105055e+01
4.871031133510386013e+01
5.207531388112401061e+01
4.515991294033266712e+01
4.895225785876198188e+01
4.440041688435282197e+01
4.844355224601864052e+01
5.015786089825863314e+01
5.026661024562473301e+01
4.637377887168067048e+01
5.017918068351559668e+01
4.426626674753969581e+01
4.816471099509006848e+01
5.087510048976435684e+01
4.904644142082911173e+01
4.781066827339149938e+01
4.942900581484064304e+01
5.276578414215700263e+01
5.094411530815325762e+01
5.315544675404790098e+01
4.806196853921929346e+01
5.142892975610463679e+01
5.284797106999201333e+01
5.484656598760138735e+01
4.809969004130844183e+01
5.287569057175144138e+01
4.599430773411231854e+01
5.079391464071373719e+01
5.220222628805709775e+01
5.421353653837444853e+01
5.023985100469946019e+01
5.285485571041643738e+01
4.788175249166376091e+01
5.082697307316635715e+01
5.262910560655771519e+01
5.420945339451019152e+01
5.078378329508088740e+01
5.334774416314309065e+01
5.559198348928424593e+01
5.697741863839257803e+01
5.195357762672712454e+01
5.470057346615655547e+01
4.935259329469425182e+01
5.230189744641033656e+01
5.457794248302999307e+01
5.552659551379372971e+01
5.362926666171004797e+01
5.515015730123497661e+01
5.796733258812877665e+01
5.814935967875019429e+01
5.415102564751914827e+01
5.591256748265072929e+01
5.344741684258261927e+01
5.555234607119477630e+01
5.614232345375525313e+01
5.910455738613925547e+01
5.490782828904993806e+01
5.766532921098736608e+01
6.079999217958852142e+01
5.965737619510322531e+01
5.696857024379303880e+01
5.727081111151287018e+01
5.517010618216704643e+01
5.649274815484108103e+01
5.980515751536777458e+01
5.858979637522858752e+01
5.856894736325848072e+01
5.761719610755412901e+01
6.096208624754748229e+01
6.208044220369460220e+01
5.760199306730419977e+01
6.113403369718309222e+01
5.377307686220615324e+01
5.886890444034702341e+01
6.203881768840000888e+01
5.925886529740633080e+01
5.944605526344968638e+01
5.761614833488397380e+01
6.142317722199550190e+01
6.197200510142648966e+01
5.963565526139986872e+01
5.938144572879139105e+01
5.722927081147218331e+01
6.103126506210794844e+01
6.162040687247699822e+01
6.257152133626993162e+01
5.532815378457360111e+01
6.100344293318562450e+01
6.367034579548376882e+01
5.960282467896173841e+01
6.291445925867736833e+01
5.753163386207469188e+01
6.129270223917985305e+01
6.430188220679282551e+01
5.976330892844792686e+01
6.259620061731946805e+01
5.867652789156713311e+01
6.049429398169861827e+01
6.273430739958124747e+01
6.460053323821738047e+01
5.780378008427955905e+01
6.220125282616369589e+01
5.671572690904433500e+01
6.008088817955007244e+01
6.135097977340227970e+01
6.331792077507328997e+01
5.677787076934254173e+01
6.079972037211202007e+01
6.194715544119691231e+01
6.402425764441782974e+01
5.836538067339643732e+01
6.153861581569312733e+01
5.556465536586827625e+01
5.900429375825940070e+01
6.033920026522528701e+01
6.192183491679920593e+01
5.758136099934434071e+01
6.100324065196033985e+01
6.198009434058558043e+01
6.365789585629743641e+01
6.066738075854108558e+01
6.214370895911616799e+01
5.694467860352209954e+01
5.953694476319489581e+01
6.037865593404266207e+01
6.258927648068874561e+01
5.893595917735574119e+01
6.161185260470642078e+01
6.185584471571403498e+01
6.416760438178393144e+01
5.837129367332564556e+01
6.113435738536874453e+01
6.231496013345944363e+01
6.287316368927599086e+01
5.969088316934184490e+01
6.031160305204172545e+01
5.800890957809776438e+01
5.846331240673686125e+01
6.126642812665205895e+01
6.049056483630160841e+01
5.904894191841788853e+01
5.845046872712416075e+01
6.161316302927850330e+01
6.220715051983502519e+01
5.723323974027991312e+01
5.756743592491119443e+01
6.078022708265675789e+01
6.350554560838477869e+01
6.066934520206122272e+01
5.981723863735844304e+01
5.812883916218026314e+01
6.162699126538804961e+01
6.401049898520101067e+01
5.727239904261158898e+01
6.133455985657811738e+01
5.710051224094834055e+01
6.043251478246334329e+01
6.291578277961768606e+01
5.678857673174018572e+01
6.035213554765114452e+01
6.289549934604581694e+01
6.039213589768095147e+01
6.087435273954225323e+01
5.777207369647562274e+01
6.043270349374842709e+01
6.294859227639501853e+01
5.690651153400530404e+01
6.014486410179049614e+01
5.728631486032328013e+01
5.786897362995745198e+01
6.021572407665799176e+01
6.181222240284005665e+01
5.658665688078281164e+01
5.923212253048230025e+01
5.311302034444087639e+01
5.626199873074030222e+01
5.817418877654699827e+01
5.887003489291460312e+01
5.453941152831883699e+01
5.666412596125485379e+01
5.753442930277508083e+01
5.944369697652455642e+01
5.366777968266332977e+01
5.647307127907413360e+01
5.737661784855033886e+01
5.894996900660171235e+01
5.405926991493956280e+01
5.643599164118883493e+01
5.770312450457714704e+01
5.896643912982000302e+01
5.463043169628632967e+01
5.647517993155020832e+01
5.244686728644695961e+01
5.380227310921925010e+01
5.527488034223107150e+01
5.601545820803451647e+01
5.508700337747491460e+01
5.708919027597868023e+01
5.737993306620368372e+01
5.582095149181208171e+01
5.631617148028635711e+01
5.149378669488368132e+01
5.287463314381408708e+01
5.522751364015373809e+01
5.489342228749775643e+01
5.330860105324821774e+01
5.350821237497379457e+01
5.594038296764158957e+01
5.526443339727246951e+01
5.218526994199761049e+01
5.212757150986963239e+01
5.471729126159187473e+01
5.455912679355197525e+01
5.629164170176466797e+01
5.023425709798021188e+01
5.298417848510272421e+01
5.510541851627682775e+01
5.318847657633511261e+01
5.370717621593747282e+01
5.174510681483685914e+01
5.482841268550198066e+01
5.590399305493735937e+01
4.909081867658537846e+01
5.290017035620052610e+01
4.912077563804230351e+01
5.225466759087796476e+01
5.459869694053072919e+01
4.786209668114985050e+01
5.188142949946581695e+01
5.433504945790228646e+01
5.170274326934303133e+01
5.175305332065519792e+01
4.924662527310359650e+01
4.938443354432519783e+01
5.259771137213488856e+01
5.004366964005825480e+01
5.134166038773761898e+01
4.804620093919769630e+01
4.772006832359171824e+01
5.008052286763233241e+01
5.218536434956468639e+01
4.802763550862102448e+01
4.877103477174000545e+01
5.100116901666925884e+01
5.266682560633694266e+01
4.484975899759427875e+01
4.937660546362876346e+01
5.116994596738975787e+01
5.164011601999902012e+01
4.772501798984861665e+01
4.925542338477865201e+01
4.468826980712062635e+01
4.588894150975793451e+01
4.761398870139875328e+01
4.850394148268262740e+01
4.577132000588802896e+01
4.754036379015850855e+01
4.868180644720745676e+01
4.977221302396273472e+01
4.505774217905771906e+01
4.681676819701799275e+01
4.818565436966897408e+01
4.905721615604502261e+01
4.753616361034305982e+01
4.528787969873332742e+01
4.690649555677761384e+01
4.864235873347879391e+01
4.706972708728483923e+01
4.800457494958465787e+01
4.211452856479686346e+01
4.477640038230723007e+01
4.536327273530998383e+01
4.724271949390227832e+01
4.578404627206013799e+01
4.815643821843791983e+01
4.802715703078486342e+01
4.609606728878105741e+01
4.641835339331506560e+01
4.883904665556326563e+01
4.822325627878829124e+01
4.567170619067383086e+01
4.570376659375224904e+01
4.387141190739217222e+01
4.436044334016315815e+01
4.718748840525294952e+01
4.588510349574796265e+01
4.514820065810062744e+01
4.702295312560216445e+01
4.641254861389113273e+01
4.852349323695954553e+01
4.334899902030622343e+01
4.752688812982897559e+01
4.841064141292206102e+01
4.650234003544883166e+01
4.609790990148403722e+01
4.442013968996363360e+01
4.764949512960389200e+01
4.867713837477015915e+01
4.398793154220503254e+01
4.684752757772491094e+01
4.978333242898670363e+01
4.507377047195654995e+01
4.855343874360695366e+01
4.178900972557919857e+01
4.537720105984809038e+01
4.782263364548811069e+01
4.676587176131555879e+01
4.605222253959073697e+01
4.325501041312883643e+01
4.575739565346344051e+01
4.765156314681168936e+01
4.299392550616064312e+01
4.745641451553709089e+01
4.943582280250157623e+01
4.650008978955288086e+01
4.922060956141994126e+01
4.105502724086691302e+01
4.607284786523231190e+01
4.798121893661203075e+01
4.820673243090939053e+01
4.404090840015472708e+01
4.658118130943766033e+01
4.803828407193712025e+01
4.868586375826858870e+01
4.517658416238717933e+01
4.763449612545431222e+01
4.869481109629446536e+01
4.978943603852167143e+01
4.543612000209921575e+01
4.773217591579263797e+01
4.867349528766278155e+01
5.024334495308432480e+01
4.666294925091460044e+01
4.907794120023110906e+01
4.325950800735806467e+01
4.571500370805154034e+01
4.690867516072442811e+01
4.853096724141953899e+01
4.546942200359517017e+01
4.813358666776604622e+01
4.871269101520432798e+01
4.965439881969667368e+01
4.588757390168002104e+01
4.890856966308282949e+01
4.898293834567873262e+01
5.098428078546572806e+01
4.540496269962223863e+01
4.883266916978239180e+01
4.849572759617920781e+01
5.122711363222779113e+01
4.733221550129398025e+01
5.021573963850444500e+01
5.085770608344068933e+01
5.138224327533608715e+01
4.841534368640520114e+01
4.926122914201898340e+01
5.229923036418110627e+01
5.033186407976965171e+01
5.117263005558987743e+01
4.900786905743425592e+01
5.249872938226921804e+01
5.249253419228619322e+01
4.777804911579536906e+01
5.259080812236441460e+01
5.519106158844451926e+01
4.987713883437723439e+01
5.372604873153634486e+01
4.560098586348244254e+01
5.071242061111477994e+01
5.338779157343877557e+01
5.017039015481388020e+01
5.052245942918149524e+01
4.804066708891312487e+01
5.159311271163785051e+01
5.092207471817229703e+01
5.212261446614028415e+01
4.675173284944028040e+01
4.936232443773339185e+01
5.182857289093161768e+01
5.406335580860952206e+01
4.698145002085091448e+01
5.125589496045002846e+01
5.347033940888226056e+01
5.406581306029390532e+01
5.012719466993242889e+01
5.094175788442695563e+01
5.335365046783182663e+01
5.509905343599453431e+01
4.787604452080000783e+01
5.220269639656772398e+01
5.374588920473019016e+01
5.459165210228595555e+01
5.142786467742151757e+01
5.352155215058054694e+01
5.482089889110001479e+01
5.561174683557241138e+01
5.126880789413127815e+01
5.359444834941803038e+01
5.492482767506913888e+01
5.563560931614603078e+01
5.200271444820877065e+01
5.366067913474079631e+01
5.527312858798728712e+01
5.617106076704835260e+01
5.241735159886967210e+01
5.428500330163540610e+01
5.617588217564541253e+01
5.661953005450948240e+01
5.336680474681161712e+01
5.440017148229113531e+01
5.656266319029886347e+01
5.656035507402951623e+01
5.310434822502536178e+01
5.405988067159140087e+01
5.648114535264786440e+01
5.610346190295468460e+01
5.674710858409248004e+01
5.554828022826639966e+01
5.171587547756352876e+01
5.258888070466973375e+01
5.542113209735897783e+01
5.422031513671065994e+01
5.401250874478014907e+01
5.655084579161893998e+01
5.461154195259299371e+01
5.750882267784226798e+01
5.133211381255548389e+01
5.515685443595293691e+01
5.757260310083617583e+01
5.501503986998367424e+01
5.456485874002814285e+01
5.795845887092626469e+01
5.515961050140693089e+01
5.847272500689242491e+01
5.218384118180743769e+01
5.554893917741730291e+01
5.813106877509837034e+01
5.484823184852277933e+01
5.504632256090190623e+01
5.830120350829399456e+01
5.761079120182123603e+01
5.810396317272648048e+01
5.475587988292612351e+01
5.495877537838179450e+01
5.820987692922608403e+01
5.484174139095936340e+01
5.606147507995836321e+01
5.259162261785362347e+01
5.497265979239417533e+01
5.561198182947423163e+01
5.753507073496072621e+01
5.186314446456234606e+01
5.475131505499330586e+01
5.651328395442754271e+01
5.711769046021423435e+01
5.282587178252556015e+01
5.505276706324536917e+01
5.576366206024628980e+01
5.762731794888289727e+01
5.203213856329427500e+01
5.459955315962944411e+01
5.540041708427198586e+01
5.693895922396927034e+01
5.299929758530765866e+01
5.559850150683167413e+01
5.646201943813613155e+01
5.796096603452978968e+01
5.321652627993359630e+01
5.490325005609818732e+01
5.580481923045763182e+01
5.740094612862602474e+01
5.371808269628603227e+01
5.631808673405937071e+01
5.650258268338215117e+01
5.829569987343848680e+01
5.368729967529414893e+01
5.644745422001617641e+01
5.625892074609998161e+01
5.867299298125902141e+01
5.371192166075571350e+01
5.681491005685274587e+01
5.613157419441665752e+01
5.863563074131278086e+01
5.476957480182576887e+01
5.737821156953644675e+01
5.666045475076504800e+01
5.879290617434813271e+01
5.405573944226479455e+01
5.703342734619366183e+01
5.790933051413087185e+01
5.676281938769506752e+01
5.472312794423842064e+01
5.803239474157737021e+01
5.579272803965519500e+01
5.893350029217760522e+01
5.476203174743724134e+01
5.708426275118139159e+01
5.950451399336037639e+01
5.564858915900640568e+01
5.723899461322045568e+01
5.230690964681736688e+01
5.587729003647328341e+01
5.820981493852094246e+01
5.180585798384414886e+01
5.579407663425886454e+01
5.810635562431323109e+01
5.551861039866462022e+01
5.569682173139243986e+01
5.899525122304051195e+01
5.748101721695048383e+01
5.751238765150648646e+01
5.416468087986892499e+01
5.609968145445699861e+01
5.797792263301122517e+01
5.802204978453433171e+01
5.430390698059107280e+01
5.606126466379182460e+01
5.749824347843245675e+01
5.796143715240883409e+01
5.345630439331408468e+01
5.553306149654130053e+01
5.686466012186626529e+01
5.767304256503179261e+01
5.341966918081654114e+01
5.490988247378365372e+01
5.627431709858066711e+01
5.722593884408218656e+01
5.386674765905626572e+01
5.578404613311008831e+01
5.735807020022822655e+01
5.726775615961869192e+01
5.403202827277436882e+01
5.514607937208660360e+01
5.672379138045570102e+01
5.750914099001516888e+01
5.263585702357606522e+01
5.404696756213783715e+01
5.568676861999716721e+01
5.610974517116545002e+01
5.581649721175660517e+01
5.187104256644363431e+01
5.497381714760307148e+01
5.497134370589355967e+01
5.697088822833229216e+01
5.151637761340142418e+01
5.447974069224580518e+01
5.404439621975330255e+01
5.652200821636722594e+01
5.297132219204209491e+01
5.593285197516603802e+01
5.545151504720459457e+01
5.617202226998352188e+01
5.732996009573437846e+01
5.745232143004633940e+01
5.783729108398156882e+01
5.265242624017086825e+01
5.637563637824825236e+01
5.879008574209898796e+01
5.622872943015872238e+01
5.499987856169309453e+01
5.850858141291145387e+01
5.577856993355550230e+01
5.892858724583894769e+01
5.005791479060923876e+01
5.577015412901081959e+01
5.826546150688192682e+01
5.506873592771650294e+01
5.575052756527852438e+01
5.873971214540762276e+01
5.766011422613934201e+01
5.833894659165746077e+01
5.467417438051675305e+01
5.792072910808457920e+01
5.685686324344002429e+01
5.546159944657424745e+01
5.696189498207521495e+01
5.334641992581896375e+01
5.547817464912420604e+01
5.581042640540076860e+01
5.544655992024481606e+01
5.463622126586246708e+01
5.676152416665429712e+01
5.744272845709190278e+01
5.328765412991922545e+01
5.537313402986209354e+01
5.603593821887340454e+01
5.765811130141507590e+01
5.278672637599556339e+01
5.541324506611008616e+01
5.707577108416796818e+01
5.756218602855916799e+01
5.460751195183210172e+01
5.595560511177210117e+01
5.718952032473004010e+01
5.821232241743356894e+01
5.371838077459719329e+01
5.500437610973477121e+01
5.665604977365406114e+01
5.724155580828903567e+01
5.564126908514666070e+01
5.726669505573006802e+01
5.902948124133855856e+01
5.421254140429896751e+01
5.713918481802588190e+01
5.746633960887209724e+01
5.975024658437456537e+01
5.712494508351688438e+01
5.648478192212839133e+01
5.682727389278572616e+01
5.936538490816010238e+01
5.750343152304882466e+01
5.462158513069982746e+01
5.548717372894257238e+01
5.819442096690680444e+01
5.684306016030495812e+01
5.598329200032993214e+01
5.671077446278560785e+01
5.954778548245796088e+01
5.756356996239872359e+01
5.596738639517473501e+01
5.921925184565697009e+01
5.680000270535062867e+01
5.988694618362016797e+01
5.244285512209351907e+01
5.707343059032992016e+01
5.953633969904252154e+01
5.651142752437826999e+01
5.701395996727514870e+01
6.019586412195646119e+01
5.706722779129697898e+01
5.886083606747849473e+01
6.171491354017405229e+01
5.992313675132611905e+01
6.015296079622705605e+01
5.699449102063812234e+01
6.021447428815571357e+01
5.931425583119270328e+01
5.879012600664923838e+01
5.958692387334212981e+01
6.173355088463156193e+01
6.004758182418711954e+01
6.031627673104774345e+01
5.330284987191093649e+01
5.739567891538496269e+01
5.931701478266766259e+01
6.103642839871788794e+01
5.556930928161378347e+01
5.775281177742248673e+01
5.867068450385840350e+01
6.032694550938163047e+01
5.439590504686635342e+01
5.742903542124916783e+01
5.860006328831223499e+01
5.974045065525547926e+01
5.674205045937911507e+01
5.819885274296422040e+01
5.970240518987399270e+01
6.049926539018772331e+01
5.525377797568621219e+01
5.694505809828068976e+01
5.848213932349270294e+01
5.922380174061411395e+01
6.098218583664225179e+01
6.139051586750704814e+01
6.183737446894878786e+01
5.708269157481476697e+01
5.967141674984370781e+01
5.975731222268900922e+01
6.192106575151807846e+01
5.808438725113661860e+01
6.052927527881552550e+01
5.995295019452801455e+01
6.189953646649497188e+01
5.826847035536138719e+01
6.086006926934048522e+01
6.015016048176710939e+01
6.092195965244250999e+01
5.933351271842864350e+01
6.229115809959419892e+01
6.161959942332562434e+01
5.873384782629184997e+01
5.781726060494498398e+01
6.083424967093695557e+01
6.248940861734264018e+01
5.707756006292473927e+01
5.994627629796018198e+01
6.244345267605187644e+01
5.949693217569775072e+01
5.970776523699223048e+01
5.719007198661635982e+01
6.029235970867354411e+01
6.181643414974786310e+01
5.652450619933233611e+01
5.978103737614731017e+01
6.201700223775487331e+01
5.881010346861924631e+01
6.172286901007625204e+01
6.373060829211019751e+01
5.789717851918412350e+01
6.169713367085202549e+01
5.579240099100289285e+01
5.913067157093538384e+01
6.074723575120489727e+01
5.909155140901270897e+01
5.690626073571760912e+01
5.916938902108706344e+01
6.027050686403852353e+01
6.021332655754374485e+01
5.455518678513566044e+01
5.780946595492751072e+01
5.930246519365601188e+01
6.006481006939498712e+01
5.554262385960930004e+01
5.712573298768433716e+01
5.823140382265791715e+01
5.924267207124825063e+01
5.636025990134771035e+01
5.746168773675199759e+01
5.885059983369839642e+01
5.942163993497891994e+01
6.111789456971106205e+01
6.146160692898418176e+01
5.732834639155291967e+01
5.864933022635617021e+01
6.055339801138638478e+01
6.049059669015142759e+01
5.886953342160294511e+01
5.882429935989419789e+01
6.124540924612856685e+01
6.041776280408519995e+01
5.628817386855339322e+01
5.687018695820489000e+01
5.937599506478299816e+01
5.840901903352069979e+01
5.999393500442936045e+01
5.494990139253915373e+01
5.793729484387259987e+01
5.684089569490451055e+01
5.936573940699252461e+01
5.436709235757997050e+01
5.714642027908929833e+01
5.770090753331013644e+01
5.687051563689991696e+01
5.970889476356767744e+01
6.143424975034432833e+01
5.495752803356776184e+01
5.807343271459739498e+01
6.047883859298570997e+01
5.761575982732764345e+01
5.888089955506655571e+01
5.571285297659163405e+01
5.848347195490829620e+01
5.930562082323422146e+01
5.586917087280736638e+01
5.550182237360539261e+01
5.843752927421206067e+01
5.701659877294913770e+01
5.806848589459689691e+01
6.070163772908860267e+01
5.708393289513478663e+01
5.799367773380024005e+01
5.459661371166806987e+01
5.473379512648793366e+01
5.761864076857029460e+01
5.695234576073408306e+01
5.588146367082396182e+01
5.782050760804232681e+01
5.920978347046440859e+01
5.335821804391360246e+01
5.659518515066955047e+01
5.793644327695034946e+01
5.876670135495877645e+01
5.411758097327088990e+01
5.586426688557330067e+01
5.707956164755826478e+01
5.768384974320657932e+01
5.451691528176662160e+01
5.609771598091880662e+01
5.708589074408831721e+01
5.804738406342640644e+01
5.168827581635110135e+01
5.435644087486000586e+01
5.551223095582749067e+01
5.608690935683247147e+01
5.604607568814939356e+01
5.775579748825455084e+01
5.792181468639459752e+01
5.348109944789042203e+01
5.427782358707772659e+01
5.623228353242923561e+01
5.603063104117296689e+01
5.744809681306045235e+01
5.172766438175186465e+01
5.455204204921941624e+01
5.396555152581326098e+01
5.633003322566479198e+01
5.384722730005577773e+01
5.645134751546273577e+01
5.547399954453592130e+01
5.429644098788898532e+01
5.684824721851966700e+01
5.484224034596043396e+01
5.775492419927111598e+01
5.145542048861366879e+01
5.537302435821678159e+01
5.757565064512583319e+01
5.495928684602725411e+01
5.457127296089458213e+01
5.772674022044770936e+01
5.488947772826472260e+01
5.769366255431440038e+01
4.864755215762215101e+01
5.418859772782679585e+01
5.657439716909289018e+01
5.330374942513653025e+01
5.397988065530615387e+01
5.695504151639753587e+01
5.503628078867922824e+01
5.482847214161606786e+01
5.809053186884335673e+01
5.455903766365830165e+01
5.765139625987080763e+01
4.876236065092121663e+01
5.333033464089341180e+01
5.537210169914790470e+01
5.712117716885260421e+01
4.989099901995098918e+01
5.409351943089670556e+01
5.588585724238056684e+01
5.651043538235224872e+01
5.187061399613490664e+01
5.391163428395254442e+01
5.468396654152837755e+01
5.606880175387984622e+01
5.119422012730088056e+01
5.391286297239991399e+01
5.506481958528657117e+01
5.643788512518032974e+01
5.754130153053841923e+01
5.835585487692235773e+01
5.542880228482957250e+01
5.719742407128605066e+01
5.778437043400444395e+01
5.938143115961057106e+01
5.344860554613883608e+01
5.578905552664987511e+01
5.609170279885384502e+01
5.804719888445929854e+01
5.668089177533141765e+01
5.920016486739366712e+01
5.890121828071502819e+01
5.534280210526176091e+01
5.592489843882958667e+01
5.839558320347702391e+01
5.763645294714800826e+01
5.885324860499571997e+01
5.559105347972079159e+01
5.857226476784805413e+01
5.733180741500019195e+01
5.743609931554711068e+01
5.611006756846710886e+01
5.898902458157409257e+01
5.977183189392571450e+01
5.274966008677785112e+01
5.726689470816290140e+01
5.971980925231638793e+01
5.733225152438096472e+01
5.843589387204717411e+01
6.131212474225673503e+01
5.829927600283290445e+01
5.903975472715396933e+01
5.641819691288691985e+01
5.956730448535176237e+01
5.928659433210012963e+01
5.653193179802978818e+01
5.648029585488416160e+01
5.966065604356882091e+01
5.834532964531307897e+01
6.074468293411529629e+01
6.285556078974934735e+01
5.538805312638992717e+01
6.054439439621388175e+01
5.455757222898358094e+01
5.749610819343203616e+01
5.936562172192330422e+01
5.972042093123413053e+01
5.576601586703201718e+01
5.789317544744925925e+01
5.867363462514116179e+01
6.027891339435729634e+01
5.378750617799414613e+01
5.717993265138048997e+01
5.846248996976198242e+01
5.968622522004726960e+01
6.091187461631603384e+01
6.215614235038849245e+01
5.778687140110640286e+01
5.953773807462123102e+01
6.050716501239155320e+01
6.206561169741638651e+01
5.782527011594388000e+01
6.003799036678642409e+01
6.046554703418315313e+01
6.206320725141851113e+01
5.800286512724230192e+01
6.028555020124222352e+01
6.042937635912506522e+01
6.220221896111168292e+01
5.729463152526841441e+01
5.983121112583406642e+01
5.982903986032221155e+01
6.186848995707976684e+01
5.803561226496239556e+01
6.043082003419461756e+01
5.979760633232866951e+01
6.176711584247487963e+01
5.800793718915787878e+01
6.054420322204226323e+01
5.971860863727765434e+01
6.110436117130384304e+01
5.855690714014239262e+01
6.159006863161638279e+01
6.103249789387498936e+01
5.819407217743751204e+01
6.151077253957951285e+01
5.900084420373134719e+01
6.222473851778784137e+01
5.820091869000557239e+01
6.111070881451030345e+01
6.336847759344014008e+01
5.821219625008210130e+01
6.108971617813397614e+01
6.343073413758659740e+01
5.943503344006098388e+01
6.029387172672043960e+01
6.310472069708291087e+01
6.189895148269671665e+01
6.212351463403935981e+01
5.869694255934942362e+01
6.156518832933803509e+01
6.089178612223631859e+01
6.013210198283069730e+01
6.004946040070997526e+01
6.256922362714129804e+01
6.087641497836263937e+01
5.833047716008786665e+01
6.037390168175539884e+01
6.201485378100437629e+01
6.236481965004088579e+01
5.787889283040736643e+01
5.973695919581943059e+01
6.043432093666637428e+01
6.184725491041566414e+01
5.703479660368250848e+01
5.855443597112800092e+01
5.948895487487187239e+01
6.058342908612941358e+01
5.738154163990384404e+01
5.900841190087027854e+01
5.976036148436003259e+01
6.108964105096836050e+01
5.598310575252688892e+01
5.747189985587346683e+01
5.800019915345443877e+01
5.922228464427214334e+01
6.050300659129364078e+01
6.074670063282221122e+01
6.171230174618315800e+01
5.585780945385828034e+01
5.797212737428217366e+01
5.774763582875744561e+01
5.996198101411118841e+01
5.791703957847112605e+01
6.059218988367739911e+01
5.956107147024693660e+01
5.801825023351592137e+01
5.923255252933981296e+01
5.981089405899376032e+01
5.957256979759290516e+01
5.815857666307808671e+01
6.064271988161666371e+01
5.868168115568323628e+01
6.116783626897396431e+01
5.515730346386672522e+01
5.819929030972336648e+01
5.999885090494079520e+01
5.742609395990884735e+01
6.027756715643126739e+01
6.248986132077533995e+01
5.640199918508379540e+01
5.962998968107526565e+01
6.192471709361397103e+01
5.879130189521600869e+01
5.853722488509772148e+01
5.565122626920862103e+01
5.861818878953985035e+01
6.036323232555146490e+01
5.378613634633548912e+01
5.834034324090334422e+01
6.036012931363320888e+01
5.706536734074507677e+01
5.959965467097048730e+01
6.196841417865410051e+01
5.618100038270993934e+01
5.950679469515873166e+01
5.534615326032936622e+01
5.754621714571491253e+01
5.833317326916091616e+01
5.921195220588460018e+01
5.269689186489014077e+01
5.581825561324812668e+01
5.720630171145848664e+01
5.805691364873008808e+01
5.974144677596467545e+01
6.029990936134534962e+01
5.659246794727768304e+01
5.821345731308006322e+01
5.926085049392002446e+01
6.026509999703107212e+01
5.519737814845098001e+01
5.642474631442000543e+01
5.755600859185733498e+01
5.837366562137219006e+01
5.541541871641527450e+01
5.701001640761035105e+01
5.835357612211750222e+01
5.846800019722757469e+01
5.395574493531184146e+01
5.480310716150260930e+01
5.672622086469053215e+01
5.650901859709589559e+01
5.794586086948041981e+01
5.798958035598668914e+01
6.004938038069526840e+01
5.566043031247582462e+01
5.869432864231681179e+01
5.791534522636018067e+01
6.001889746788160096e+01
5.441367500811711011e+01
5.760789511090190018e+01
5.801619499468750263e+01
5.785083196699912378e+01
5.459322159781584105e+01
5.829373658284962545e+01
5.622552222489795781e+01
5.900841957901588586e+01
5.230652466585645044e+01
5.652862337768712564e+01
5.880741827274134437e+01
5.575564489631264564e+01
5.867877128909701412e+01
6.013284597037970514e+01
5.381773860097580808e+01
5.819528267765790019e+01
6.037572586050855961e+01
5.724860107307407731e+01
5.928524499611150844e+01
5.300349887464001597e+01
5.745874067333674873e+01
5.924886428726486542e+01
5.115415986134408399e+01
5.635670063720671408e+01
5.752368133620525015e+01
5.913886212719177138e+01
5.270322065824728242e+01
5.662154717393835313e+01
5.835983244744794263e+01
5.887968268042549624e+01
5.422584881994526995e+01
5.621688648764306606e+01
5.696588460285554589e+01
5.828044421876380454e+01
5.949480634253885114e+01
6.079968174503493117e+01
5.612822370026281504e+01
5.785768580479355450e+01
5.907908190989165576e+01
6.024272622214088813e+01
5.682922315299606453e+01
5.902772374304069558e+01
5.958018525678561872e+01
6.094225048705382619e+01
5.464135112972015662e+01
5.709254528901870884e+01
5.749297227612912309e+01
5.937955181682847439e+01
5.830754424101891686e+01
6.070395078462868099e+01
6.035198288568851410e+01
5.654237471146465310e+01
5.707860953695465867e+01
5.950670947884558615e+01
5.872103767648954431e+01
6.026789487296601067e+01
5.929938561158480326e+01
6.203888395425677516e+01
5.883531083319095956e+01
5.949305446210164661e+01
6.025915998694634368e+01
6.145636420516309784e+01
5.837686073910293061e+01
5.857832354551848653e+01
6.144580079012975915e+01
5.890042719775873081e+01
6.121271447678560662e+01
6.399771753630817983e+01
6.033667939514777601e+01
6.056417331400266590e+01
5.808046467666494550e+01
6.121270776342100817e+01
6.211517977285524239e+01
5.844494196982643786e+01
5.791218127292921025e+01
6.113672070727599817e+01
5.973823764445474893e+01
6.233238010151433883e+01
6.433729705043234048e+01
5.705883763976961376e+01
6.204823763808286685e+01
5.589514207607486185e+01
5.960204983792959155e+01
6.092779785493802791e+01
6.090520373187170122e+01
6.259310776160668865e+01
6.415338166482614213e+01
5.891718094571818654e+01
6.023077652052427311e+01
6.195319343501942200e+01
6.338296205666525651e+01
5.844100961282614293e+01
6.096405382461787781e+01
6.214563373207266039e+01
6.338851674077979226e+01
5.850879968627366168e+01
6.010653558831288734e+01
6.092938185208168989e+01
6.246374696531248105e+01
5.868564478940781015e+01
6.107804131804186198e+01
6.164741827430202648e+01
6.236415084390727515e+01
5.766299795361608460e+01
5.918030844814980185e+01
6.078814440744058345e+01
6.083892905603261880e+01
6.279489662642610170e+01
6.268738932404707498e+01
6.419871472481699470e+01
5.848496045705547175e+01
6.108262641642714641e+01
6.065469215848716544e+01
6.285620901435544994e+01
5.995493753303068019e+01
6.284249918580810146e+01
6.216654669386286969e+01
6.236327392729736374e+01
6.417233267319700474e+01
6.206247487889714876e+01
6.292087525658931924e+01
6.078216696888555504e+01
6.370607716187312519e+01
6.545972068058151194e+01
5.874581312001771494e+01
6.211259421188395180e+01
6.449597085788266781e+01
6.139505352609926803e+01
6.203863331828678440e+01
6.490081475868183247e+01
6.159256818184667281e+01
6.353764385114165947e+01
5.938956972915922705e+01
6.210958114061777025e+01
6.376755130774788682e+01
5.816948685429204602e+01
6.169163644625241716e+01
6.373727574707712051e+01
6.204271006385758369e+01
6.154135802979143222e+01
6.401463101216239693e+01
6.330682767479592599e+01
5.988194831431636800e+01
6.255811836574802953e+01
6.358205172668408522e+01
6.347880629160417243e+01
5.811097330027271113e+01
6.102940232380250052e+01
6.244606366969999556e+01
6.321837855629528491e+01
5.858195789213917237e+01
6.011200377695544717e+01
6.119063782299804899e+01
6.209990102619188690e+01
5.825691984925776268e+01
6.051739932581482151e+01
6.147230435663487924e+01
6.214256747821730897e+01
5.739038395201254161e+01
5.887462553724596148e+01
5.939746834047327440e+01
6.078996598290292042e+01
6.169835523233322050e+01
6.194375651362630464e+01
6.291238752110116650e+01
5.716367104810382216e+01
5.930122140931173647e+01
5.889630750169477125e+01
6.122289970695389627e+01
6.068278123891896314e+01
6.307214086337180703e+01
6.152331661382692118e+01
5.777656955044848530e+01
5.835967142111193340e+01
6.072170042390126810e+01
5.934000533777690833e+01
6.086758137059366192e+01
6.182804481634271099e+01
6.046320328758827145e+01
5.934007015532688456e+01
6.218006934530100693e+01
5.975072321332883973e+01
6.262031097261354518e+01
5.722520976636835144e+01
6.019512486743840896e+01
6.212515320528856932e+01
5.880133255136923509e+01
5.835053773183825143e+01
6.128652392055829523e+01
5.804929192467169230e+01
6.087133546880708224e+01
6.298942866704666699e+01
5.842854278472188412e+01
6.272045473308068608e+01
5.525261875802011247e+01
5.899695768820775754e+01
6.101197808481359175e+01
5.683877975400835680e+01
5.786605308366818434e+01
6.022028356330793031e+01
6.064292025554809129e+01
5.602116731147048512e+01
5.815640372348224219e+01
5.887071497820495836e+01
6.017073939191961784e+01
5.429110504719556474e+01
5.725754328304950036e+01
5.861555497784478774e+01
5.945775913028425919e+01
6.099416264048772973e+01
6.164345457067609146e+01
5.727605563331916727e+01
5.869685623435802313e+01
5.964198151178323570e+01
6.076501981493780846e+01
5.622309728002750262e+01
5.795687551871624521e+01
5.864431135421077812e+01
5.992423466661325904e+01
5.882118937161885697e+01
6.078235504941234524e+01
6.091491164147740278e+01
5.583929688179637196e+01
5.673563564088716049e+01
5.857658978999374710e+01
5.835931248129207916e+01
6.002809744170633621e+01
5.460898898644794741e+01
5.729291289030703638e+01
5.664802069769400106e+01
5.893568520573090552e+01
5.953646196909271282e+01
5.944806739311903243e+01
6.016983233960316113e+01
6.230920554744595563e+01
6.007845743157807306e+01
5.892233602585182695e+01
5.746316060232526723e+01
6.035196127462227622e+01
6.138652986962297575e+01
5.649154330341536934e+01
5.992968895169562416e+01
6.238801434215264408e+01
5.797687976293401135e+01
6.033490253989091912e+01
5.265578567606672777e+01
5.726428050417992921e+01
5.955879445922224846e+01
5.612456326346801205e+01
5.897343788461014213e+01
5.956056270270177322e+01
5.743623463947918140e+01
5.713365715147148904e+01
6.027119169136415877e+01
5.695864764618030307e+01
5.987767691441059981e+01
6.086983237784091472e+01
6.206773509221021357e+01
5.776434318444526639e+01
5.805554715853347858e+01
5.994657516774683614e+01
6.158903316592765975e+01
5.471701167029296187e+01
5.830517486802018112e+01
5.953893161856306193e+01
6.082508263799430637e+01
5.562956116863923484e+01
5.692890239269861041e+01
5.857746437601409895e+01
5.941993925195688320e+01
5.551398419399229311e+01
5.715699552741693878e+01
5.848271431241629159e+01
5.950391287100691784e+01
5.500022947484165314e+01
5.704524740003878946e+01
5.739695172719660121e+01
5.901479769462475389e+01
5.936159167197006781e+01
6.122988082024514966e+01
5.969796629432985213e+01
5.559439692725018745e+01
5.644461132793379932e+01
5.849728550992184495e+01
5.816038317622080456e+01
6.049758983392791123e+01
5.977431736373662119e+01
6.154453401683159797e+01
5.672483950699482591e+01
5.990491146921307575e+01
5.882435563111705790e+01
6.126658006673181944e+01
5.561687766552617518e+01
5.900973609460731950e+01
5.939790630108441860e+01
5.938900296498150766e+01
6.218859892472714535e+01
6.161513418490867622e+01
5.917860220679855132e+01
5.778159194724488401e+01
6.075310492488158332e+01
6.310220081734839681e+01
5.603283145220968464e+01
6.027004475409021467e+01
6.265533642159453365e+01
5.914582593627009999e+01
5.927986517747640249e+01
6.231896254526402146e+01
6.090116624820169022e+01
6.308725662056594530e+01
6.520730526936719684e+01
5.786287409917232338e+01
6.280298416746934009e+01
5.685793772537611801e+01
6.047845518459117642e+01
6.124738606394482332e+01
6.231677826065975978e+01
5.540073036197338041e+01
5.910805292111109566e+01
6.086747450167409568e+01
6.194503157939232096e+01
6.338120738338614046e+01
6.466056767176468156e+01
5.943071011460899911e+01
6.075644866068587646e+01
6.211413011042168364e+01
6.322217903697486463e+01
5.963444072561119214e+01
6.189836932035091621e+01
6.295916029976243067e+01
6.365444455643516619e+01
5.856203570898731670e+01
6.037264816446637639e+01
6.097559963035041619e+01
6.245532057423444172e+01
5.745854691546387727e+01
5.981960167558266050e+01
5.994493756191067035e+01
6.171777725257305747e+01
6.061720108007313002e+01
6.296111998735381121e+01
6.268844044577225105e+01
5.929648392267101542e+01
6.155074058839565510e+01
6.082385762596465639e+01
6.306357769905998367e+01
5.910113966032288602e+01
6.209060943689951273e+01
6.175928539044969767e+01
6.335617026048671363e+01
6.511571372908953492e+01
6.274197533761854118e+01
6.121389634266639490e+01
5.991242962987134746e+01
6.283933680251163167e+01
6.464228441119678337e+01
5.858737049622912707e+01
6.209882832046032775e+01
6.447427574724220278e+01
6.133655686534279283e+01
6.106931813549205401e+01
6.409544046060646849e+01
6.086018118663592702e+01
6.383477414424253027e+01
5.756258929274132186e+01
6.046357181175287110e+01
6.268709676979879930e+01
5.953695115262961934e+01
6.251171976301072419e+01
6.232955311866845705e+01
6.333613914395481004e+01
5.825979194824350316e+01
6.141155235591549655e+01
6.221740830780179721e+01
6.266788785504397197e+01
6.426131665141605254e+01
6.487975001968780475e+01
6.028350597563632363e+01
6.103350163411802498e+01
6.265924520685453558e+01
6.400025440546802713e+01
5.920420798281882924e+01
6.143820924960103724e+01
6.250994629907765443e+01
6.362641467204802836e+01
5.903713259055719931e+01
6.021970342678473287e+01
6.142018650656620338e+01
6.237575141003100754e+01
5.956742876843536294e+01
6.150866536659570016e+01
6.172444750189186635e+01
6.291654592249653177e+01
5.758995347011246935e+01
5.941422158266122722e+01
5.948780004928411103e+01
6.069423410798959395e+01
6.212645342914440505e+01
6.177234786494672392e+01
6.078252110709721734e+01
6.044167065826453467e+01
6.305473150290615081e+01
6.185933933147656916e+01
5.928431051336978896e+01
5.982481873562058183e+01
6.208620281685992381e+01
6.060240899725447150e+01
6.065063266515626594e+01
6.153227099148561763e+01
6.163992354355553260e+01
6.099019351669545586e+01
5.614077248878720638e+01
6.008489170248616773e+01
5.985535929542257350e+01
6.072757508426947481e+01
6.331876365036760745e+01
6.074406582491452156e+01
5.988287829688322716e+01
5.747232628965512191e+01
6.032489582599581013e+01
6.242735250259242008e+01
5.616406804526430108e+01
5.941835354948162973e+01
6.155397078256297050e+01
5.941602671432507776e+01
5.911371333457393007e+01
6.206653404857154044e+01
5.851830876003933923e+01
6.111436871854824915e+01
6.268030925986001733e+01
6.185123917883664291e+01
5.843256075300057262e+01
6.057868315830898354e+01
6.132224442538465325e+01
6.272547882379144824e+01
5.760463810971188536e+01
5.854363311337635167e+01
6.000524732485172308e+01
6.126977868479927025e+01
5.653773427424797404e+01
5.916479203888276572e+01
5.977900597884125489e+01
6.086954503200649214e+01
5.431896356887062893e+01
5.707794280237666129e+01
5.790763758041764930e+01
5.900155745413284336e+01
6.009902998936372853e+01
6.087945540653553422e+01
5.772192088466312043e+01
6.012306923094482869e+01
6.043308718621712217e+01
6.194884487910955784e+01
5.650949892367083294e+01
5.853891016055271024e+01
5.863546666684614195e+01
6.053600285648868606e+01
5.868953507070590092e+01
6.115738460697512124e+01
6.036821683533683824e+01
5.804482952933415874e+01
5.773291385919230834e+01
6.015914876845998549e+01
5.904385311377473755e+01
5.867428830064233836e+01
6.077832520765098678e+01
5.875014669062887407e+01
6.123651241401225320e+01
5.471692317865010580e+01
5.848058425817788475e+01
6.048503654613062253e+01
5.793216180774575719e+01
5.820561931323364036e+01
6.105840463277086627e+01
5.814825339185785680e+01
5.979649448169289627e+01
6.243935711764852670e+01
5.883493004713150043e+01
5.922496949333788052e+01
5.641085247802119795e+01
5.919583368060813910e+01
5.887540875754437053e+01
5.714746129189315837e+01
6.032624804883234049e+01
6.003548509265385036e+01
5.809854696475317581e+01
5.982270090703418219e+01
6.192771875846473506e+01
5.658352024131353630e+01
5.991483277671655117e+01
5.592352591991427602e+01
5.761562099691312255e+01
5.821978428523001270e+01
5.945972210313397710e+01
6.081911416410328286e+01
6.173114101626854477e+01
5.679668048040159789e+01
5.871743614398615563e+01
5.995617145856432018e+01
6.057385591541610381e+01
5.729402422635878622e+01
5.922540942868327107e+01
6.025314778764326462e+01
5.979642278549614076e+01
5.844656832078732833e+01
6.041810188138605753e+01
6.095562450929552512e+01
5.856689632012788138e+01
6.104693257523369709e+01
6.122677790179123036e+01
6.196677754152939599e+01
5.572502323546031278e+01
5.844846480742498329e+01
5.835405771559256038e+01
6.051667263538238473e+01
5.895930087567314359e+01
6.163304129793255726e+01
6.067759476196308555e+01
5.748812106061802751e+01
5.777442004990752622e+01
6.043512883781691158e+01
5.900757080662668130e+01
6.185333934987583859e+01
6.262005648260229407e+01
6.079076370734327384e+01
5.846730670704703670e+01
6.184156553576049475e+01
5.936630790428309012e+01
6.237906036429242107e+01
5.851160526892316227e+01
6.165955648618346174e+01
6.389392579513121007e+01
5.638576241120672705e+01
6.066022917426463579e+01
6.305539720182552088e+01
5.960333012836071731e+01
6.037322746782959371e+01
6.321903522964949218e+01
6.162216441878616990e+01
6.289695062668718606e+01
6.535353481781224616e+01
6.020590451126267340e+01
6.397068809212638030e+01
5.553597476626301699e+01
6.035018169252780496e+01
6.151320949190859011e+01
6.318709271429140273e+01
5.622485830914715166e+01
5.979585289806847470e+01
6.152134062667832382e+01
6.232390775458073762e+01
6.385534174365803040e+01
6.498134307917634089e+01
5.910622625809354247e+01
6.165661360685721348e+01
6.267307450194833507e+01
6.373263793311252812e+01
5.992540086921629694e+01
6.169368097742829349e+01
6.257272236913136254e+01
6.401666691591464087e+01
5.844167103819408027e+01
6.009720999025288535e+01
6.070411341862384091e+01
6.217418824314625425e+01
6.043450188572597170e+01
6.295830639603892109e+01
6.285851690848040363e+01
6.109849558324507512e+01
6.180411945158202514e+01
6.378713690763211730e+01
6.335366266376004063e+01
5.846558698742389026e+01
6.132121499525674579e+01
6.070363070742146050e+01
6.271433795466892036e+01
6.455816741070086096e+01
6.289215404068801973e+01
6.413563915414775352e+01
6.148262188085212898e+01
6.453202017611688746e+01
6.295472831187518636e+01
6.052617694764315814e+01
6.380941424446091759e+01
6.124095838713734707e+01
6.429153833135298157e+01
6.115236120545890941e+01
6.428575005305904710e+01
6.592439235792042496e+01
5.921436451730870232e+01
6.255815522086416536e+01
6.490029043829429156e+01
6.149534304231966786e+01
6.196284038546027517e+01
6.474842136094535761e+01
6.319140601842197924e+01
6.494333704407085861e+01
5.893376465187933633e+01
6.210881235828906455e+01
6.409670726836239396e+01
5.848193399283341165e+01
6.176087202173160051e+01
6.349830042703879229e+01
6.245454918700153257e+01
5.897520674539899233e+01
6.108532596277357385e+01
6.267467986267423186e+01
6.252070672291806375e+01
6.399988753425265742e+01
6.518808960507962524e+01
6.043322782734147580e+01
6.152458936491002106e+01
6.279615451671705983e+01
6.420792453250074061e+01
5.910560657425135389e+01
6.073351951892610856e+01
6.163070881189661776e+01
6.258766622967065985e+01
5.834095088098889192e+01
6.042720297733971080e+01
6.147497089203724840e+01
6.196632244485621754e+01
6.126004691160679982e+01
6.314356230378503909e+01
6.300787094452599035e+01
6.062408484363959360e+01
6.105742426078163021e+01
6.321327176876186371e+01
6.236842490287033058e+01
6.491691918219976287e+01
6.366513294488900243e+01
6.061412139947881883e+01
6.053106520217423281e+01
6.317319828532075832e+01
6.172791805995018422e+01
6.372594365140367501e+01
5.833249999553022747e+01
6.130312572904701796e+01
6.166790060096537474e+01
6.116256068976837668e+01
5.906084607752536186e+01
6.224990520355779466e+01
5.981257167707435229e+01
6.258784877546377601e+01
6.486205185654345939e+01
6.170344287310149411e+01
6.093140570636369802e+01
5.847096404440015505e+01
6.130361421672294142e+01
6.333785338324265268e+01
5.661191916349279296e+01
6.005647434752754066e+01
6.219885631929018643e+01
5.961278492531345563e+01
5.957509358154286616e+01
6.244707038040910163e+01
5.907113627009367463e+01
6.187552588764050654e+01
6.357974213056463242e+01
6.141678366118620147e+01
5.884805024580835919e+01
6.124163508221722196e+01
6.206443049385492117e+01
6.254122965201648299e+01
5.657858227394782347e+01
5.961113512217445987e+01
6.096612986173069260e+01
6.182399965498102290e+01
5.711753138891908321e+01
5.870425870422285186e+01
5.965647020551145374e+01
6.055761858330090064e+01
5.486508039614005128e+01
5.742708617571253882e+01
5.823851916166389486e+01
5.930282473273938848e+01
6.052844995392264593e+01
6.116391587169283639e+01
5.849671400692221823e+01
5.944633235310941899e+01
6.095136144027944169e+01
6.105062409630754416e+01
5.671465490823941025e+01
5.732777726089757664e+01
5.919342362291937576e+01
5.893770117956896826e+01
6.013996149809486269e+01
6.024911502057035761e+01
6.227218123681065975e+01
5.708885984082431264e+01
5.997034764971298415e+01
5.938768735199565896e+01
6.178769550120559018e+01
5.724085192713212678e+01
6.031456343526549091e+01
5.987737270621324370e+01
6.186461961196883408e+01
6.387535377634684863e+01
6.134279812357087991e+01
6.007292032299700679e+01
5.833737409590006706e+01
6.118958286721038320e+01
6.284969126017296759e+01
5.494872121705773793e+01
5.942320597458077458e+01
6.174572664482130335e+01
5.857095818560683398e+01
5.976726870275529535e+01
6.231553237352020602e+01
6.086019147187192146e+01
6.081798962071444947e+01
5.767192561456761979e+01
6.035333700581232108e+01
5.937914289698765202e+01
5.785701740336552490e+01
6.054087018894390582e+01
6.140690675152245603e+01
5.837331579490080458e+01
5.889076603614502403e+01
6.075801742924924298e+01
6.239834948977880202e+01
5.591720069879168165e+01
5.925571905642423332e+01
6.023870037970873170e+01
6.129373538600905391e+01
5.604216185662662753e+01
5.901268625189029393e+01
5.947964781759777964e+01
6.087124845683073460e+01
6.185472171713109901e+01
6.284890997667459800e+01
5.793468613178973214e+01
5.945666718514475946e+01
6.081322277243785379e+01
6.114244750851857901e+01
6.172099575745466637e+01
5.597699259491882628e+01
5.821737073182239897e+01
5.852083594015098811e+01
6.029552312294258343e+01
6.040198459169656786e+01
6.246748876458964617e+01
6.137308976406376360e+01
5.704453046630927560e+01
5.765701904404057387e+01
6.001280432598494485e+01
5.912645954531542003e+01
6.170548732079743104e+01
6.117751986083350602e+01
6.345276633558604118e+01
5.613526936368402431e+01
5.994225336174302043e+01
5.984723239093794689e+01
6.188474341819038926e+01
6.416296156363372916e+01
6.175711545689980397e+01
6.330172148439724822e+01
5.886483083185857623e+01
6.206004780173540780e+01
6.432735064581878248e+01
5.736043776114090065e+01
6.152779169191988018e+01
6.388268870081200390e+01
6.031886442809563675e+01
6.040510550603175943e+01
6.341899266150439018e+01
6.180064382981602478e+01
6.414581282771187887e+01
5.607745088196222838e+01
6.057137181007536952e+01
6.279272629775157100e+01
5.817283680892264641e+01
6.118297829265569021e+01
6.075174496709565375e+01
6.261750983741457333e+01
5.894263428885917477e+01
6.120211467340863720e+01
6.139032357393121941e+01
6.275269816522268940e+01
6.410092540603892530e+01
6.502402602928340514e+01
5.999969244731629914e+01
6.194727121672308101e+01
6.287572366878288221e+01
6.399504365927509753e+01
5.986232889445735594e+01
6.155681957690275397e+01
6.279370517975485200e+01
6.358758995657179014e+01
5.939717026409873313e+01
6.163442752748080267e+01
6.198576106600457081e+01
6.344872387842252692e+01
6.435786006761142630e+01
6.468394716837185854e+01
6.264235965978195964e+01
6.242564161293122993e+01
6.438792878269813968e+01
6.431498529378468731e+01
6.082942648541915531e+01
6.102387328593724902e+01
6.317998546236935198e+01
6.256448926329557025e+01
6.407912419306504148e+01
6.465205356631251732e+01
6.480802712148248190e+01
6.003929989721781624e+01
6.061913491723154834e+01
6.312230680263770921e+01
6.497896775333930464e+01
6.004098696301731763e+01
6.248230216368444445e+01
6.478026878912939424e+01
6.216426179988133782e+01
6.119962591740568314e+01
6.431682429883507268e+01
6.123663366317074264e+01
6.436230245727222155e+01
6.666859557199680353e+01
6.305277097328424674e+01
6.288818594068790446e+01
5.993182114780239544e+01
6.287463239618017496e+01
6.464676348098947756e+01
5.870620841648252508e+01
6.207095988740865522e+01
6.410167251203884575e+01
6.327790911181373446e+01
5.968308092829075662e+01
6.306283253501209174e+01
6.293398496586156199e+01
6.266546028878254049e+01
5.871353026818358245e+01
6.115906116850435126e+01
6.269956293557478233e+01
6.107236800979653424e+01
6.267282401121233448e+01
6.357051006853611597e+01
6.266136368833949888e+01
5.944530642901410999e+01
6.141617136541204047e+01
6.268991792240662875e+01
6.114347140082263365e+01
6.254072726533289028e+01
6.372338962865953249e+01
6.013274028107973379e+01
6.134012464939917209e+01
6.261853547854534696e+01
6.299093260736077582e+01
6.230407055875858191e+01
5.818982974507440531e+01
5.882646264180871754e+01
6.063295629292860411e+01
6.047040838761632386e+01
6.256122668743958570e+01
6.191759846816048452e+01
6.101052110412221907e+01
6.060522784787473682e+01
6.319798385637867710e+01
6.196917536438824214e+01
5.941551022925852976e+01
5.984326510367875329e+01
6.209842427804030507e+01
6.059569332933105557e+01
6.084412711571126664e+01
6.168109131534898637e+01
6.161064341444012626e+01
6.115480307528357429e+01
6.363131948512487668e+01
6.188245513650938534e+01
6.044124522563782875e+01
5.852596567324136601e+01
6.135637408997215658e+01
6.326880130438773620e+01
5.810820036663439936e+01
6.107779031261537739e+01
6.325588773956118160e+01
5.914423509249751731e+01
6.068119703086025396e+01
6.302523285599379932e+01
5.978832452745717063e+01
6.090826240496972588e+01
6.368413574375596653e+01
6.003867115194827164e+01
6.215874577882563301e+01
5.455549635976680634e+01
5.864841648868679158e+01
6.044171327325650367e+01
6.024183760272450883e+01
6.179497558065277474e+01
6.317663154030547901e+01
5.746300147016681592e+01
6.049690737572122856e+01
6.180380133404491971e+01
6.255582942127830393e+01
5.781609601291417277e+01
5.938786153625279951e+01
6.039608251051356547e+01
6.110361574008040719e+01
5.721356620056756981e+01
5.850247608039510538e+01
5.961488333107172366e+01
6.055384100094362765e+01
5.631172599655447897e+01
5.782033555182032813e+01
5.851902278855148865e+01
5.971212101260427119e+01
6.011549829408902923e+01
6.175604544597802459e+01
6.079544556654468579e+01
5.519450397668686747e+01
5.778697834917648635e+01
5.766161358897309697e+01
5.950935591554981841e+01
5.937390512347266025e+01
6.145707192910932548e+01
6.032598860648554506e+01
5.611058078426175655e+01
5.789159837100714157e+01
5.781766409650025906e+01
5.990644462169795759e+01
6.175494872094503052e+01
5.976207799548785715e+01
6.195551763805475787e+01
5.535992957505010281e+01
5.912121920427755839e+01
5.959493668523079890e+01
5.827492312434130639e+01
6.133436270720859795e+01
6.327935767211024398e+01
5.553607724310383276e+01
5.993375980885446097e+01
6.225595206620028677e+01
5.905122679202341374e+01
5.964242933895457810e+01
5.670577645137645817e+01
5.946493379574516780e+01
5.862303430431552442e+01
5.744220534601985406e+01
6.058015851285081510e+01
6.135385601763012886e+01
5.770927416191430837e+01
5.753892917737418600e+01
6.034664858271572285e+01
6.105566203963853411e+01
5.577627513907211210e+01
5.896666785475317596e+01
6.003933915315036529e+01
6.080047991863433765e+01
5.450279810063283747e+01
5.770284728729178170e+01
5.914135203503855820e+01
6.007234848863792820e+01
6.168589977497738630e+01
6.239847489603646125e+01
5.772290649974250698e+01
5.926662291180431907e+01
6.046279124958150675e+01
6.164592566011066310e+01
5.811527418070989626e+01
6.050408720562332121e+01
6.113354968078666474e+01
6.058232972312441689e+01
5.933880807382107037e+01
6.158784330656936845e+01
6.175416110282719728e+01
5.771928409760811007e+01
6.179733021305848695e+01
6.154935944983477469e+01
6.089443690526226050e+01
6.056024648137100286e+01
6.303386208367957977e+01
6.205535236943659072e+01
5.851313773893163983e+01
5.844166450061431561e+01
6.113910423176328379e+01
5.989906342271680728e+01
6.071736696351581486e+01
6.261715873539053234e+01
6.047617267819006059e+01
6.182030747760841649e+01
5.913870132431755877e+01
6.228085222162451373e+01
6.395321238743432701e+01
5.625683328393583338e+01
6.054595862458297262e+01
6.325927964308928608e+01
6.010528492643996401e+01
6.059921095148128245e+01
6.372705572005818198e+01
6.031531206819261826e+01
6.207844765817818455e+01
6.475288333806631158e+01
6.257581501598789941e+01
6.344204553098769139e+01
5.981729844898633530e+01
6.279306338264509435e+01
6.187432312806967616e+01
5.972435968659321759e+01
6.325034681396437719e+01
6.360570014771855085e+01
6.038892792706758428e+01
6.154587746006336602e+01
6.359066325194721969e+01
6.532684509062706013e+01
5.982892309155420918e+01
6.212258301130248128e+01
6.359087908816345447e+01
6.384526576744873694e+01
5.878325850801276431e+01
6.124558392984943112e+01
6.254482843120986502e+01
6.385746274999412009e+01
5.872201796745188318e+01
6.042798711213156082e+01
6.183270813406164024e+01
6.287620758848408542e+01
6.365811265900734384e+01
6.518759581538546399e+01
5.950873316663243173e+01
6.173839128248098973e+01
6.225104854195706849e+01
6.421979952164498684e+01
6.386432401318459284e+01
6.614631157967211550e+01
6.591111603080217662e+01
6.159644074238238431e+01
6.212954941077823179e+01
6.454225722386657083e+01
6.404649365672499073e+01
6.399355671380476451e+01
6.408507271147571771e+01
6.670679470671677791e+01
6.372618557058856936e+01
6.172572275458940538e+01
6.180383471192199352e+01
6.478988648301786668e+01
6.271010627157690465e+01
6.595071266140971034e+01
6.831718544033417118e+01
6.135803601525965689e+01
6.511458094468628133e+01
6.770799511756709421e+01
6.437272436900479988e+01
6.392974142720112241e+01
6.130703590781336487e+01
6.480572659403208036e+01
6.699589843895290642e+01
6.035337483729116315e+01
6.371206482204470944e+01
6.629394269106477111e+01
6.215498537931396328e+01
6.281000281977007660e+01
6.596299857320522619e+01
6.476744446933471977e+01
6.462458586879802169e+01
6.779767120941792768e+01
6.361333846620629373e+01
6.529614590816154873e+01
6.104258421088218256e+01
6.402023066501045889e+01
6.383294856649088445e+01
6.572675619526603441e+01
6.748694387838786213e+01
6.838678199092093735e+01
6.321215130948941407e+01
6.486358284971078092e+01
6.630305109349204429e+01
6.791940398089207065e+01
6.247851982934601978e+01
6.397543063021056042e+01
6.561760483637991115e+01
6.628445511458961903e+01
6.261917519160505208e+01
6.507016588417209846e+01
6.550573031156194759e+01
6.711412798275770797e+01
6.111145287436303875e+01
6.349139688792892855e+01
6.380284091361421162e+01
6.555590513010358222e+01
6.725630802930868413e+01
6.688438582359707141e+01
6.462673801431634502e+01
6.486259979568649214e+01
6.776316680712240270e+01
6.625575706710658608e+01
6.259773606658745848e+01
6.319421071721374972e+01
6.628184668744536623e+01
6.478968595301533639e+01
6.411815795310506871e+01
6.445299858238084312e+01
6.741340681233464238e+01
6.525555296287819829e+01
6.851869407682040958e+01
6.857658805536277669e+01
6.260119217844835759e+01
6.651335366127293014e+01
6.928880448443732121e+01
6.610910717949541038e+01
6.544504007176571747e+01
6.908338799196468472e+01
6.562833460860480272e+01
6.897268630600551376e+01
6.178806854078484889e+01
6.564263327518158064e+01
6.836406354998358381e+01
6.421945698551890302e+01
6.494160297690875439e+01
6.812143604206018210e+01
6.488456965175780056e+01
6.566686581112645626e+01
6.903418691950288633e+01
6.492278386065856921e+01
6.704105664308170276e+01
6.973794436384085316e+01
6.800142671809081207e+01
6.842532978593165183e+01
6.232906992489053977e+01
6.552811692401782295e+01
6.763588163407725062e+01
6.619652045574268584e+01
6.816877968220532580e+01
6.967676544476026379e+01
6.644140974418668577e+01
6.844475598832832475e+01
6.997630572030926999e+01
6.598223363168514766e+01
6.831425339008924880e+01
7.011551702324784685e+01
7.083098918490588858e+01
6.578963357640310505e+01
6.843626801216470312e+01
6.919308018652695580e+01
7.140324416051525702e+01
6.527832077168346814e+01
6.763491762490133397e+01
6.938568845049066169e+01
6.926161136606408775e+01
6.487682240659898980e+01
6.580495086219703182e+01
6.859544596502628622e+01
6.813863710593813039e+01
6.482678051435745203e+01
6.521138283960118542e+01
6.835053357712372701e+01
6.737979076466216100e+01
7.064765846605800448e+01
7.088087760686850913e+01
6.709936087029778662e+01
6.666546503557196957e+01
7.004858384559020124e+01
7.285406377862828720e+01
6.483279518062697377e+01
6.928495654847390028e+01
7.243636792000539515e+01
6.922105027215808093e+01
6.839459956699515431e+01
7.236274739895226560e+01
6.905347671999842873e+01
7.237118027028660094e+01
7.544029933767198770e+01
6.699316201764244738e+01
7.238992983032713369e+01
6.654230483967802456e+01
7.088418828235126057e+01
7.251100244248564763e+01
6.815839905022654932e+01
6.862606385159568845e+01
7.224504517959768179e+01
7.096694293907773954e+01
7.117387934752989054e+01
7.462371391520316877e+01
6.883023756599476428e+01
7.273076696566772625e+01
7.408021314093345211e+01
7.525231318761915134e+01
6.838282727215536738e+01
7.323736179766871146e+01
7.438392563192144280e+01
7.476378598923872687e+01
6.971765906387385314e+01
7.239400404814696799e+01
7.461912677885911194e+01
7.099066154968356557e+01
7.386943666201230485e+01
7.606919849522084576e+01
7.606962136414502140e+01
7.015678722382185128e+01
7.376430578653742032e+01
7.434540010629152107e+01
7.696760958609107206e+01
7.031991300765076858e+01
7.382748423443197794e+01
7.438175106188207053e+01
7.679928106780931785e+01
6.960850879256074109e+01
7.340872682116615522e+01
7.351376366402001850e+01
7.676088599214133978e+01
6.969507428556318018e+01
7.395944333029876816e+01
7.354220785422656093e+01
7.692685383528592524e+01
7.973652246724522286e+01
7.367543849447949356e+01
7.812160699570364386e+01
7.076187689312546070e+01
7.567339570538416638e+01
7.550254814142311943e+01
7.792942679554944618e+01
7.912845110813674410e+01
7.844627262160798864e+01
7.483419514440369369e+01
8.046631050797432749e+01
7.683802836777648793e+01
8.042444953137679420e+01
7.499625860669027588e+01
7.955779994391352261e+01
8.094550967179037571e+01
7.658709413404315569e+01
7.723381563632230495e+01
8.161049789588822989e+01
7.665485200788442910e+01
7.886193987232338998e+01
8.271192038380893052e+01
7.800862207632413003e+01
7.994001447454478182e+01
7.505520698460664164e+01
7.910368721343894549e+01
8.024374400534520646e+01
7.727492581640740354e+01
8.039982133974152134e+01
8.356789977542911174e+01
7.549229558538407048e+01
8.069122482732208823e+01
8.290283016146335626e+01
8.106422150781155267e+01
8.298944074535866378e+01
8.543681160816939268e+01
7.839967267323206102e+01
8.270507658503709081e+01
7.555190736111850924e+01
7.965425550648429009e+01
8.190638602067538443e+01
8.334035741708366629e+01
8.683217309838383358e+01
8.508431935129262058e+01
8.197482633589541479e+01
8.323442109789239396e+01
8.715342234572636926e+01
8.325655280713034756e+01
8.574501024459786436e+01
8.581102653209524078e+01
8.839085478896555514e+01
8.303570683362306681e+01
8.670682120465487230e+01
8.900565680897793186e+01
8.191956600864291715e+01
8.657961538918279132e+01
8.139052257892116415e+01
8.726249684729738476e+01
8.551120410474590017e+01
8.309062515978249053e+01
8.431895080475668180e+01
8.848256421487954526e+01
8.564120920575373930e+01
9.026939744058871895e+01
8.955749968807737105e+01
8.680627628571170362e+01
8.660606240087680874e+01
8.655955285758376760e+01
9.124299207788648403e+01
8.541301995954279391e+01
8.992471372058381007e+01
9.263221681608544600e+01
8.430591156262896391e+01
9.008808317633709351e+01
9.393867843726863498e+01
8.738672405369243279e+01
9.227383816057849231e+01
8.418221247539699448e+01
8.971477744183737002e+01
9.310990555453105344e+01
8.585255572416910752e+01
9.064931121064844888e+01
9.389965231289829717e+01
8.670803500115999896e+01
9.148000306639018220e+01
9.443965295020396411e+01
8.809494801417682197e+01
9.267632261289095652e+01
9.496466624515845467e+01
9.329654731343079277e+01
9.337371392607080622e+01
8.825256179982184790e+01
9.223892760746886665e+01
9.510970023753854719e+01
8.850096299037585368e+01
9.234331709886691897e+01
9.518323929909720960e+01
9.600364444832385402e+01
9.011778261729276096e+01
9.397543362150072710e+01
9.544219248708233749e+01
9.362849036386289470e+01
9.415070678178653907e+01
9.851944107365653736e+01
9.187397453505828082e+01
9.746711129326565981e+01
9.772816143308743619e+01
9.594325940942198372e+01
9.695290265977645561e+01
9.228597009454044553e+01
9.412196528914789440e+01
9.917487133789208542e+01
9.402719706413381573e+01
1.004298451409708264e+02
9.818156738865076250e+01
9.617997305070159086e+01
9.652671317155835595e+01
1.019934881444115007e+02
9.585695375422582742e+01
1.021064606279984872e+02
1.036388331589867278e+02
9.675549533301864358e+01
1.022049124652920824e+02
9.580490535748128877e+01
1.016156459203247380e+02
1.000216665188261373e+02
1.003082697729852839e+02
1.002833704239225625e+02
1.056494857330785351e+02
9.842692172054692890e+01
1.031796247870397423e+02
1.068251606987490590e+02
1.002451025340884598e+02
1.047055160815211536e+02
1.086008961381006515e+02
1.008141647824821661e+02
1.064706635829111434e+02
1.001609906214260093e+02
1.051538899995332343e+02
1.071217506240534334e+02
1.010415693394335790e+02
1.052276929603555686e+02
1.087371589005886250e+02
1.022183402002006005e+02
1.067299165978879927e+02
1.101784653373518950e+02
1.039092714512522093e+02
1.084579292609603840e+02
1.114867193080689418e+02
1.053539459863670658e+02
1.095139659844627289e+02
1.033765103995147854e+02
1.072094696710315986e+02
1.118104573617797683e+02
1.040473640077535862e+02
1.081511744566132052e+02
1.125198021994649480e+02
1.064131578376089919e+02
1.122412693866943272e+02
1.135732376067844456e+02
1.089400710361202584e+02
1.117493502276681170e+02
1.171731031393634339e+02
1.103264516562212521e+02
1.154726526362913859e+02
1.072643165751688770e+02
1.141546370002530892e+02
1.140122351144273978e+02
1.109348496766692449e+02
1.120844733295265314e+02
1.175027948084401288e+02
1.124639205384910667e+02
1.186577771960921268e+02
1.168545488280215068e+02
1.157878735553372422e+02
1.152699939713027817e+02
1.140217943320045748e+02
1.137243733432370334e+02
1.200016089795946783e+02
1.114979461280582456e+02
1.187450357280538356e+02
1.208985029543831331e+02
1.135668580648562909e+02
1.204014371625642070e+02
1.247767473842543211e+02
1.167812881976505253e+02
1.228275255835692974e+02
1.270980579379092035e+02
1.192157506337093338e+02
1.250746709613471239e+02
1.174555011042158554e+02
1.241569324402793484e+02
1.227073722788471599e+02
1.226909587257896703e+02
1.176108242535667046e+02
1.237548213854765038e+02
1.237672159019019915e+02
1.230343840395073300e+02
1.283299690849368631e+02
1.224402413488632106e+02
1.284620283457799701e+02
1.320180711013828159e+02
1.258517541685837671e+02
1.307256275600776689e+02
1.244650099526248113e+02
1.293644987813169678e+02
1.336649569396953154e+02
1.258153276877375788e+02
1.320329380500655247e+02
1.327962544824460451e+02
1.284625590112130737e+02
1.321001172461058957e+02
1.390521463786450340e+02
1.299927157087500120e+02
1.359850885818144945e+02
1.280949706855772376e+02
1.359151759952027589e+02
1.349302975785305136e+02
1.313356227921570962e+02
1.339371001385750333e+02
1.407732851932432538e+02
1.321477521624624671e+02
1.383879971668069970e+02
1.398231446890369511e+02
1.371059996216552861e+02
1.383607333596185072e+02
1.454166143704705121e+02
1.366247644925997804e+02
1.444514137599329047e+02
1.354898542519630951e+02
1.436129603656688971e+02
1.414264042903424468e+02
1.410050516819338497e+02
1.424601686600065591e+02
1.493815414702832527e+02
1.403156584191151808e+02
1.479018327801463784e+02
1.470632079431086652e+02
1.478985225822455334e+02
1.455127694549854027e+02
1.505873500603532875e+02
