0.000000000000000000e+00
-1.349790189532172349e+02
4.508862305692263561e+01
-4.471436658487528604e+01
1.552556797164897695e+00
-1.100793441588060340e+01
6.700228168347345914e+00
-6.016918479881844917e+00
5.119001795197377191e+00
-4.558074160675657183e+00
3.694271559453301101e+00
-3.550959607256265915e+00
3.317210154611478501e+00
-2.815903912947546495e+00
3.048288112218760393e+00
-2.230620011485082266e+00
2.732415980692653346e+00
-1.722322434701283767e+00
2.647960490510703035e+00
-1.268298280523635579e+00
2.666600129989247669e+00
-8.525172305335765310e-01
2.744714572297428212e+00
-5.202142109192211539e-01
3.576107156709829482e+00
-2.752497285392553339e-01
3.908251256644393656e+00
2.697889270597174094e-01
4.144507180584827921e+00
4.096045054519805717e-01
4.344256032929676437e+00
6.101752806684728192e-01
4.681566158346227802e+00
8.588071718140348754e-01
5.026091481532448668e+00
1.136741521793678489e+00
5.387183694285394786e+00
1.435955912175751914e+00
5.766459557267571867e+00
1.753133875636335937e+00
6.159159694938634466e+00
2.085302898282553219e+00
5.433072583138113920e+00
2.448608095928447526e+00
7.120454444264028737e+00
9.339084299832309810e+00
1.084646112440519516e+01
8.334909309144354239e+00
1.209124542451883499e+01
8.965905943711277359e+00
1.251109113566856834e+01
9.342691825462418720e+00
1.294634054540898660e+01
9.735350570069430276e+00
1.335611587796015165e+01
1.010348395249159026e+01
1.375888469588963758e+01
1.046869236420320881e+01
1.415507336174910691e+01
1.082925901653622169e+01
1.454924399932795964e+01
1.118816972523468678e+01
1.494114366764893731e+01
1.154533043270095405e+01
1.533160508186241167e+01
1.190105388948772713e+01
1.572040785825277887e+01
1.225511444289806029e+01
1.610746683242886235e+01
1.260727040999934800e+01
1.649247913862663495e+01
1.295717500712976822e+01
1.687514673805462095e+01
1.330446038809155063e+01
1.725513016340623906e+01
1.364873666292833576e+01
1.780081214529215572e+01
2.022469074299419844e+01
2.318828952198142446e+01
1.941553454246081500e+01
2.413530004137292551e+01
1.983682188803161850e+01
2.449584789231277782e+01
2.018441689125950944e+01
2.483960387100119860e+01
2.051613181897966598e+01
2.516414595197107573e+01
2.083040618918552767e+01
2.483522397147956084e+01
2.116083504531710346e+01
2.517224998633618682e+01
2.147932838088338414e+01
2.547463906485004870e+01
2.176934730082147595e+01
2.575544930939761201e+01
2.204039733192677986e+01
2.601452897654204222e+01
2.229268729138913940e+01
2.641199729471810542e+01
2.925340503550314963e+01
3.062479071007515685e+01
3.016294781925969914e+01
2.963460530270056736e+01
3.169645018300664319e+01
2.946894111081414991e+01
3.155945856067221555e+01
2.964537338749861917e+01
3.194835519099101617e+01
2.917869305961622928e+01
3.208829997757784014e+01
2.932499631959064956e+01
3.212215244137259162e+01
2.948911204275515274e+01
3.216524782908363278e+01
2.964447257687248083e+01
3.219730561610521136e+01
2.980609300762162661e+01
3.279243347048410584e+01
3.661294818924869077e+01
3.928293296903299137e+01
3.624233707400478011e+01
3.936170970292246807e+01
3.635232618422273276e+01
3.928402258967257410e+01
3.609504757801207830e+01
3.840905520035856568e+01
3.293842507532504271e+01
3.844562291752477989e+01
3.555957219251278190e+01
3.852759320321664660e+01
3.541314728682963420e+01
3.855341571736516215e+01
4.141964620721903145e+01
4.256429638389953141e+01
4.143593402422027339e+01
4.287452839774833535e+01
4.148010112068142519e+01
4.288100236570132040e+01
4.126518324824833428e+01
4.274855361609037629e+01
4.101298142320211326e+01
4.256238922652414658e+01
4.074796352384656473e+01
4.235094000828179617e+01
4.046498056593489423e+01
4.198944294757071560e+01
4.068222352378326434e+01
4.474501968188806700e+01
4.555477317597788556e+01
4.997262743494627557e+01
4.334510694847940471e+01
5.053422078240740234e+01
4.265354534472290737e+01
5.012643611445339786e+01
4.187446453467882890e+01
4.987775159296092653e+01
4.324136951460234712e+01
4.520260181236510988e+01
4.601231696537128357e+01
4.563788848222555572e+01
4.451141391806839920e+01
5.050460566350587044e+01
4.881107394580898529e+01
5.315359029429814797e+01
4.649303719639679144e+01
5.346333476017087349e+01
4.551680739218492278e+01
5.245756543819373263e+01
4.527055953489706752e+01
5.175390880225320700e+01
4.434898421958589410e+01
5.100179140934233857e+01
4.377979487213366383e+01
4.984963735664823758e+01
5.265849583259044664e+01
5.122933023899066285e+01
5.349881261527796283e+01
5.134605976508495218e+01
5.148995192294632517e+01
5.104292541062856259e+01
5.074579015575063323e+01
5.031260241566585734e+01
5.025130562339199969e+01
4.976425753151651321e+01
4.950637196556301944e+01
5.443993667418708782e+01
5.262008065683837543e+01
5.617937398007271810e+01
5.061796316105511551e+01
5.615543098470793382e+01
4.939027328880914069e+01
5.519385922218773999e+01
4.960147997613766790e+01
5.474142025574058579e+01
4.801949175223259658e+01
5.367511657189950114e+01
5.737747515822502464e+01
5.387027636689064991e+01
5.637717014530062443e+01
5.374677482305211385e+01
5.597859873617687043e+01
5.315739864842771567e+01
5.399693379106507507e+01
5.246213915786983506e+01
5.336675651346094895e+01
5.172223113737485534e+01
5.217622865562977807e+01
5.658708275007713695e+01
5.440607080109114690e+01
5.642263992642680392e+01
5.431594695906647274e+01
5.506538275455514508e+01
5.312186585926549753e+01
5.435096527518225429e+01
5.221184607115550591e+01
5.339394012940974221e+01
5.121950830202736427e+01
5.552794696753158377e+01
5.544663708620648634e+01
5.649630967456688069e+01
5.359344809557665457e+01
5.735490642345300216e+01
5.076334321759483714e+01
5.678333312581078474e+01
5.007688414568307422e+01
5.533763778542903822e+01
4.814405580313683686e+01
5.439049468429144696e+01
5.725129788708262168e+01
5.209197660749092762e+01
5.692433855282999389e+01
5.181987556206500045e+01
5.580936968284942878e+01
4.953816187054417952e+01
5.439376549335474209e+01
4.755242096771983995e+01
5.331325033342530162e+01
5.473343285766068078e+01
5.784545322073876150e+01
5.216212690916117367e+01
5.622515604155432101e+01
5.066464466476772799e+01
5.473368986241224832e+01
4.949271849995676575e+01
5.330107581203728273e+01
4.770767748313267731e+01
5.177124273109151886e+01
5.402724671037276494e+01
5.533933658163494584e+01
5.243392791778271800e+01
5.449096564435645718e+01
5.087636757010664468e+01
5.297088948600625002e+01
4.951604052906638032e+01
5.144252084325669472e+01
5.358327176556674942e+01
5.641330728405699091e+01
5.129295314248754067e+01
5.386423812778911469e+01
5.074147420276175779e+01
5.320874536430551416e+01
4.857728926767321553e+01
5.110486518659032384e+01
4.703990567278217583e+01
4.973750943148286296e+01
5.205017164830005072e+01
5.359622126829924582e+01
5.033627941198619737e+01
5.258975682762830672e+01
4.768618690014434236e+01
5.091996128772107966e+01
4.578812512075489138e+01
4.889254311078667570e+01
5.065661299079381763e+01
5.253329674437843977e+01
4.751162411706441446e+01
5.057335149995159895e+01
4.655830351692419100e+01
4.920784693750912453e+01
4.440316628808816546e+01
4.730561413011139393e+01
4.937446627991062797e+01
5.071593788458435625e+01
4.883194066919842413e+01
5.031241135049118895e+01
4.523091221257598704e+01
4.795886122700839138e+01
4.427084169370677103e+01
4.629691324690862331e+01
4.874988747767459074e+01
4.948936275437403509e+01
4.797544248815933088e+01
4.880368294492627967e+01
4.528919888355052592e+01
4.654657699733640897e+01
4.395079533811385630e+01
4.553302227244072498e+01
4.848184588944428697e+01
4.828787098607237738e+01
4.639542310564851846e+01
4.670668077821661512e+01
4.507423014775088888e+01
4.535466041713782204e+01
4.267458232218073988e+01
4.562661914010506337e+01
4.578030771355687989e+01
4.908814247992028612e+01
4.347353954575253709e+01
4.716306322593479194e+01
4.226412849181708964e+01
4.605218718539916978e+01
3.977873138038885514e+01
4.377982702275519244e+01
4.469784863852531487e+01
4.665851515634612667e+01
4.283916158198280044e+01
4.670145937486056908e+01
3.998156472428625108e+01
4.436289698118950753e+01
4.720074846820337200e+01
4.427011741544234980e+01
4.454543113131629894e+01
4.320899587508313999e+01
4.232616949425926833e+01
4.101872131402740962e+01
4.172572381151253040e+01
4.012931432464281301e+01
4.321664543840790884e+01
4.584117070040515785e+01
3.937121450058300809e+01
4.319549073209355328e+01
3.942394836195956742e+01
4.269440019173847389e+01
3.554059339044571431e+01
3.975030769894423344e+01
4.272411157581951358e+01
4.122865119863547534e+01
4.105323862546207891e+01
3.875178301124212510e+01
4.029826333192603727e+01
3.787995562057347598e+01
3.741897347428130871e+01
4.089876090508421669e+01
3.976962750485056119e+01
4.074838702975357307e+01
3.783570364011669795e+01
3.860465253421799048e+01
3.610789006201198248e+01
3.746514203072594995e+01
4.092405288624829751e+01
3.699778688233732993e+01
4.098385679294436557e+01
3.281395000052005173e+01
3.843280145648670043e+01
3.119075387782438469e+01
3.649248473208750454e+01
3.891682899787645766e+01
3.834024985142316666e+01
3.578346429842304133e+01
3.868127837292372817e+01
3.146445191335878633e+01
3.607947923144628533e+01
3.832261984201598182e+01
3.883898616635200085e+01
3.582515912391492208e+01
3.813686187769973657e+01
3.168790003010217404e+01
3.558885512432653542e+01
3.022454292780517804e+01
3.409888960713923467e+01
3.571160270574204532e+01
3.741899312379948128e+01
3.325315614928880592e+01
3.644277296279885547e+01
3.086185477742653305e+01
3.390860753063464728e+01
3.555779431034810045e+01
3.705579544612640319e+01
3.285862490068122810e+01
3.524235852509732325e+01
3.089350539767635695e+01
3.331788974110658330e+01
2.905025197048247065e+01
3.148871407632443820e+01
3.289217911791708815e+01
3.464555051288682819e+01
3.189093750077280376e+01
3.415607818097949178e+01
2.950645592911879689e+01
3.165779149318597874e+01
3.354599115984220958e+01
3.477602918322882886e+01
3.178389873641224739e+01
3.368763371343126067e+01
2.938739209568937483e+01
3.125511684598725637e+01
3.353827840770162538e+01
3.428853892967559602e+01
3.369242983686643100e+01
3.412450002455718590e+01
3.006821657559783745e+01
3.150990417672052502e+01
3.435272576707275505e+01
3.436237544095052243e+01
3.281225095782163947e+01
3.327718287176120526e+01
3.018285193477464645e+01
3.104052803799633509e+01
3.042925409393428993e+01
3.376284111906164753e+01
3.310823446776490186e+01
3.542196473742301777e+01
2.843495243928279237e+01
3.326534542667894812e+01
2.693972137357670249e+01
3.175031532779082255e+01
3.117673056817086774e+01
3.477337184568281714e+01
2.764607572686222525e+01
3.314438956749304310e+01
2.659382556307559042e+01
3.179183255940615993e+01
3.352663033306062346e+01
3.277806586984003445e+01
3.213768295923114948e+01
3.138503793044783663e+01
3.048248518530885320e+01
3.362939014486645561e+01
3.273147242173429561e+01
3.567493829639289515e+01
3.053414906849869226e+01
3.367587585720685439e+01
2.947823428376439381e+01
3.262898812050579522e+01
3.564386077627957405e+01
3.242475516144751424e+01
3.364338087595867677e+01
3.197765481236626428e+01
3.135817624833343231e+01
2.986093610353169581e+01
3.307894903018511457e+01
3.508348248511818213e+01
3.115219820530341721e+01
3.561767144519613026e+01
2.920213755198408734e+01
3.323446660503891792e+01
3.616758241901033699e+01
3.205225778224865252e+01
3.563299393213103627e+01
3.016992222882279506e+01
3.440697947870150131e+01
3.626293330347179023e+01
3.686758198251687446e+01
3.397580813801585720e+01
3.484908366728997464e+01
3.212786188332512438e+01
3.346010347580933342e+01
3.657210627190750074e+01
3.892933366223123670e+01
3.141384397973555664e+01
3.610037200545512093e+01
3.211225210893276483e+01
3.468402222575297600e+01
3.714277190745990254e+01
3.776865410458407979e+01
3.436951162251671121e+01
3.649543450459411531e+01
3.261996128071771750e+01
3.441945930522223307e+01
3.661107111263601155e+01
3.879833909382941926e+01
3.412353357495611306e+01
3.790064523375608019e+01
3.184451589960052331e+01
3.572977254875802799e+01
3.778499610263741459e+01
3.914926604919616437e+01
3.480639948276790818e+01
3.772352418316502565e+01
3.293520030546392263e+01
3.592243711213490798e+01
3.781951428362823009e+01
3.939220473327612382e+01
3.692924720605362410e+01
3.885165769726500429e+01
3.437551292863755492e+01
3.668040219091162157e+01
3.865879037535169971e+01
4.013237857330081937e+01
3.651249350012276551e+01
3.907826673363781111e+01
3.429099006900526092e+01
3.701114061444140191e+01
3.937582074611920291e+01
4.037375483200238335e+01
3.888941222982071366e+01
4.009159869788153685e+01
4.287205912165968158e+01
4.314222680252560593e+01
4.059225132430807292e+01
4.148043575941242267e+01
3.950635719832886394e+01
4.004776184767673186e+01
4.314437619136197810e+01
4.357088262255501832e+01
4.087223699980928870e+01
4.137677183796557756e+01
4.188162367905139405e+01
3.978457229584927290e+01
4.331971728508306541e+01
4.444703768442416703e+01
4.071565877807420009e+01
4.166775264208017404e+01
4.173674824126594984e+01
4.542114196928338288e+01
4.418019908838623877e+01
4.644436533279908730e+01
4.120663209388294490e+01
4.567821126724250291e+01
4.856771021454743220e+01
4.560379688644452045e+01
4.698500800204673311e+01
4.430903208023006101e+01
4.448111683089621238e+01
4.337456554070448078e+01
4.734035355399029044e+01
4.756693289567658667e+01
4.606904515919561760e+01
4.542583273809573541e+01
4.404900398170874354e+01
4.490312091591081867e+01
4.924162334865731339e+01
4.605169983349372842e+01
4.712460620895126340e+01
4.585254708520641742e+01
4.566930733354547556e+01
4.883981871866298263e+01
4.948425429444379375e+01
4.597871970464755265e+01
4.956889017033382316e+01
4.513340429866417480e+01
4.839550202028249259e+01
5.100658610614047461e+01
4.831126572312530243e+01
4.828792724919378543e+01
4.948017981218852412e+01
4.615638182490346253e+01
4.888525414736744068e+01
4.976403492208329027e+01
5.030702597348625460e+01
4.651861732714356634e+01
5.080041985773682001e+01
5.310290464980028702e+01
4.999672933323848412e+01
5.370451492462032661e+01
4.796112880742619922e+01
5.164890597196622934e+01
5.309125817354418331e+01
5.486337841093644130e+01
5.026700597446303931e+01
5.302173340281711234e+01
4.617421950618354032e+01
5.081040533427766093e+01
5.280834234491739920e+01
5.412669108802880658e+01
5.024015307600802771e+01
5.281289651350495262e+01
4.788156050461666524e+01
5.072230792988720793e+01
5.254787256861205691e+01
5.410929095230527963e+01
5.061733649453204009e+01
5.333989472957591715e+01
5.548573766885214553e+01
5.685381184676920441e+01
5.182606923176873437e+01
5.455265628831370606e+01
4.916478073108338265e+01
5.211604818049058707e+01
5.437982533971028687e+01
5.531147156782006391e+01
5.350185926536866532e+01
5.497119433568666125e+01
5.777580525505295128e+01
5.794500607905567335e+01
5.393264517228800514e+01
5.568184975794939362e+01
5.322162807289696218e+01
5.530122603714545448e+01
5.587773230951842862e+01
5.883103797562340276e+01
5.468518567350538007e+01
5.788381638593989464e+01
6.033339263433276756e+01
5.720193974652224966e+01
6.039721394372747199e+01
5.341233057360610559e+01
5.796344182250854260e+01
6.090763266328750802e+01
5.904206532061893142e+01
5.869745595723851750e+01
5.786960556019048596e+01
5.586740038655482721e+01
5.993925920355156478e+01
5.786820703796164622e+01
6.152806942897893094e+01
5.432411294438088589e+01
5.935299807809561656e+01
6.258339514759014577e+01
5.982371888477518951e+01
5.993163642836707083e+01
5.813124453350174292e+01
5.811533560889979100e+01
6.207378315228442744e+01
5.911293666074053732e+01
6.222473723330627848e+01
5.465832374293840701e+01
6.016949811608767362e+01
6.299936754838362418e+01
5.950632688775524315e+01
6.278319848108254320e+01
5.494725604884958869e+01
6.043289986288183258e+01
6.216271472761233241e+01
6.486695077353978434e+01
5.677800479199676431e+01
6.154998659353687884e+01
5.772227573819314017e+01
6.058197077995037461e+01
6.132165264554087258e+01
6.113718777814724348e+01
6.011014345366002942e+01
5.759751259340053053e+01
5.938365541396043312e+01
6.165906955247261578e+01
6.241048856925545607e+01
5.840648348562585568e+01
6.079084004095174976e+01
6.252523868457696921e+01
6.353356795350311614e+01
5.933430434269906328e+01
6.193812078964700873e+01
5.522917800771559627e+01
5.916842149702154074e+01
6.020216340320207138e+01
6.230761763583141288e+01
5.626091918850176654e+01
5.964944592431592696e+01
6.096815641914963635e+01
6.258479895630573964e+01
5.924994895981957654e+01
6.097533092967784540e+01
6.258652316207500377e+01
6.381881926094989410e+01
5.931609953450564632e+01
6.141379571981129715e+01
5.804628504338688089e+01
5.924865981951326432e+01
6.120891293805109967e+01
6.186725981620956105e+01
5.931387456585215290e+01
6.047201199286840279e+01
6.291154195578189245e+01
6.299772032064046101e+01
6.143678174859373797e+01
6.144450377174405276e+01
5.723922050539153616e+01
5.856068186618324489e+01
6.115588443474872093e+01
6.077905640901609274e+01
5.805015236593649774e+01
5.854144564245480353e+01
6.132895266223619757e+01
6.078049511818466044e+01
6.027975349705273800e+01
5.947349655714992167e+01
5.679913005178024576e+01
5.741682446865941358e+01
6.054635109827079020e+01
5.894153658440800569e+01
5.963196783708257698e+01
6.270716114973126309e+01
6.034842777347672893e+01
6.261247515004316710e+01
5.849563613088930936e+01
6.133278089073291284e+01
6.394179016070502541e+01
5.969027373015158133e+01
6.274801237850197566e+01
5.636992025347239377e+01
5.971229991919236824e+01
6.235474380920332749e+01
5.902425482494791709e+01
5.910596885276088130e+01
5.653945518299583739e+01
5.774786438836228797e+01
6.095526230006051804e+01
5.809461218509964908e+01
5.855254471374502145e+01
5.553631930143631479e+01
5.891553836714803083e+01
5.949990772398256667e+01
6.062738509511228813e+01
5.445918794507087313e+01
5.740635263189852822e+01
5.960028016788687211e+01
6.161323954067983522e+01
5.560330455699495644e+01
5.838660808368553745e+01
5.308630527349495765e+01
5.587402632725360974e+01
5.735531870872158322e+01
5.851507113664263215e+01
5.405015457527165523e+01
5.594135876745655622e+01
5.743363074682685010e+01
5.823969125197266550e+01
5.405887959760796946e+01
5.627395002024604054e+01
5.747930878686403844e+01
5.848280998872006364e+01
5.472917831601509420e+01
5.683616521369562236e+01
5.806824305072694870e+01
5.864540959260614272e+01
5.427187512199930097e+01
5.569513246023672792e+01
5.207139776858726776e+01
5.370950257409600681e+01
5.545504277236284452e+01
5.592328496059187870e+01
5.265918643014093448e+01
5.402769837197086389e+01
5.611395913410615321e+01
5.609485922495623100e+01
5.310829588018782488e+01
5.386748500714557508e+01
5.618372593432586370e+01
5.580304471571815128e+01
5.273551647589154356e+01
5.314981277333041731e+01
5.062687260449632731e+01
5.159747095879145462e+01
5.397964465950325064e+01
5.324411804374243928e+01
5.108183165097823775e+01
5.186810824340965809e+01
5.439882085130328448e+01
5.315500849987832055e+01
5.235518583585208319e+01
5.141139902077850365e+01
5.434079985877236396e+01
5.330307141331933707e+01
5.110543453338659248e+01
4.994797970541514331e+01
5.301045290786380093e+01
5.421641125276745043e+01
5.190701378653137255e+01
5.063294600558011638e+01
4.885465852709059220e+01
5.200744573383612135e+01
5.425861029506360467e+01
4.723021943360378572e+01
5.129282479569079811e+01
5.376360336670608575e+01
5.102885037874484198e+01
5.137753040146224492e+01
4.881273240574044081e+01
4.828223883729032906e+01
5.164339793886321672e+01
4.927105129977419296e+01
5.140554238758274153e+01
4.758011259466665877e+01
4.761107942091486933e+01
4.991082177239201911e+01
5.193862077905815511e+01
4.605617428774623079e+01
4.940434205825748393e+01
5.118623295674767348e+01
5.116673184356131543e+01
4.710823886406599570e+01
4.889680056420595378e+01
5.073567877473493581e+01
5.133807648428142301e+01
4.729592593969915981e+01
4.837292891167222564e+01
4.454529512590607254e+01
4.605616404772621308e+01
4.767671589546023370e+01
4.849023672544463182e+01
4.481379395563457280e+01
4.687993052096509672e+01
4.834399022242499200e+01
4.883256255652803191e+01
4.432839478316854098e+01
4.667142393397629263e+01
4.825679370566592041e+01
4.878045030202427057e+01
4.624122264457912479e+01
4.742818683038090199e+01
4.896507435885263959e+01
4.966998784239019926e+01
4.451857450634805957e+01
4.607758321924496414e+01
4.781403627120727862e+01
4.822316957587778319e+01
4.862748367517092163e+01
4.557394097080663187e+01
4.663816893944682818e+01
4.872987598394984587e+01
4.813811406304763096e+01
4.448724998370232697e+01
4.524227281358106723e+01
4.762807568878009334e+01
4.712583804617356265e+01
4.798645465518051623e+01
4.521509107734782162e+01
4.487701007857953783e+01
4.500962964319521120e+01
4.784300487968946669e+01
4.588727690493524847e+01
4.362941839660985011e+01
4.676511390250684741e+01
4.494038851103611876e+01
4.813173618948813726e+01
4.117616916060414667e+01
4.597929876799629056e+01
4.839397059473152751e+01
4.590906893604041983e+01
4.573250995972110644e+01
4.402134347120172464e+01
4.723085098684634175e+01
4.775240495406134045e+01
4.515610102321363684e+01
4.434986627655850810e+01
4.821112493584454484e+01
4.502734753298322090e+01
4.838134136245858485e+01
4.160310823674586800e+01
4.521342796963563160e+01
4.766597439093866484e+01
4.646988514340274889e+01
4.621001320446188032e+01
4.328771108817488766e+01
4.579265089855005044e+01
4.694261526771060744e+01
4.828866311311806214e+01
4.273026979738853015e+01
4.550048084649306190e+01
4.767116496392807079e+01
4.764698989842813859e+01
4.361159807233481445e+01
4.510101869124429896e+01
4.754186417323482772e+01
4.825105600613038348e+01
4.432429536907207535e+01
4.562384294611160129e+01
4.784363587281323049e+01
4.926918217307521530e+01
4.388512514438059497e+01
4.657519795456198608e+01
4.815529336970782737e+01
4.913668315635234052e+01
4.651170870698432225e+01
4.799681932198799217e+01
4.931483308421924505e+01
5.047646053538665001e+01
4.619070614515483442e+01
4.773620641544923870e+01
4.381848370322710906e+01
4.584077128817150282e+01
4.777520759073046008e+01
4.799959688199803765e+01
4.360965232832111127e+01
4.534397805152023864e+01
4.718460049409971901e+01
4.773972384614421571e+01
4.789983558200624714e+01
4.830636711821222207e+01
5.069867075681923296e+01
4.992101099487203442e+01
4.585960900249004624e+01
4.697171769811783548e+01
4.958670767760262521e+01
4.904504670231141716e+01
4.873196375711839323e+01
4.833967228343960443e+01
5.111489703932603135e+01
5.063132391142577404e+01
4.767197525703933536e+01
4.752258206370460414e+01
5.065371320705243363e+01
5.131386923972254976e+01
4.852008239635747344e+01
4.828059402307567183e+01
5.166856485309378400e+01
5.366207807461717749e+01
4.585049632277070231e+01
5.085614470899989925e+01
5.361199000754371724e+01
5.096095627016689633e+01
5.220172261123884283e+01
4.962508335111078139e+01
4.861718755469608766e+01
5.236637911962723280e+01
4.958955184572292296e+01
5.304463511736388170e+01
4.490666350596128353e+01
5.024235614660217664e+01
5.278955197065104699e+01
5.013135540178402749e+01
5.155167016965866367e+01
5.397370695211710512e+01
5.584217699130647361e+01
4.863233016252479501e+01
5.294445781013608610e+01
5.518440240387526075e+01
5.578796590440065728e+01
5.183025011703026763e+01
5.260252185268885228e+01
4.883641906725588200e+01
5.131530134711961466e+01
5.174585279438721841e+01
5.411201472685436897e+01
4.822700192909898220e+01
5.155932471324516086e+01
5.222061101197314059e+01
5.457944992028550502e+01
4.776512766831069001e+01
5.146590361954173432e+01
5.245123172529435607e+01
5.400382707677145788e+01
5.133229204416880975e+01
5.328069808908158933e+01
5.447710292397633935e+01
5.574138402065128872e+01
5.032083171374657127e+01
5.298077184164609577e+01
5.375762757693391336e+01
5.533142407888946224e+01
5.463221396546992992e+01
5.696580918616714229e+01
5.738546205283208224e+01
5.346264003176848689e+01
5.498472705233883318e+01
5.711930016838893209e+01
5.732766526529627527e+01
5.511179369754624702e+01
5.550814342771170118e+01
5.795476063047713211e+01
5.762552893451226055e+01
5.421641132876825964e+01
5.465622335605277726e+01
5.472863529178187747e+01
5.440936340561137996e+01
5.728926712627079354e+01
5.579267934068908374e+01
5.297650003497150806e+01
5.507631820187319249e+01
5.616918513903983268e+01
5.504283900478466762e+01
5.492201208239800536e+01
5.813960809728622081e+01
5.577748706811939172e+01
5.905445090600179014e+01
5.237320085249112367e+01
5.624164977535983923e+01
5.878086249485736658e+01
5.580042431154335958e+01
5.600990897068876961e+01
5.931041664386929568e+01
5.624051049481878550e+01
5.901970139548991767e+01
5.305150882032526738e+01
5.647968622150622053e+01
5.891549221548505955e+01
5.557114339417201165e+01
5.740325728680004858e+01
5.408020548867585831e+01
5.733762259819619089e+01
5.635343632124208568e+01
5.768136591514304001e+01
5.949597337572772204e+01
6.124975458078994706e+01
5.524130750685728941e+01
5.830722638127915758e+01
5.343096804158806634e+01
5.600638226102677208e+01
5.688822278525321963e+01
5.856009540132922098e+01
5.239255667141028994e+01
5.545013573077820013e+01
5.697053772883477052e+01
5.783918532204177154e+01
5.365937923014354283e+01
5.552065376249144180e+01
5.674663973874204004e+01
5.809156149266103597e+01
5.262043892596403083e+01
5.528211117703755662e+01
5.678605113898531442e+01
5.754657790486374580e+01
5.470606059879087013e+01
5.601247175528968114e+01
5.750214431484978661e+01
5.819607035101581261e+01
5.375649380893420215e+01
5.639937615759178158e+01
5.690570436918736874e+01
5.860585944110324874e+01
5.302861876648852757e+01
5.550712908241390409e+01
5.553673527805685950e+01
5.791850072050701215e+01
5.689143088919391289e+01
5.957168928473684133e+01
5.872928234631917377e+01
5.552907799640920672e+01
5.584586680594739505e+01
5.842965241919764452e+01
5.839692120865827718e+01
5.936925094365974331e+01
5.532955569245333294e+01
5.732937389461683608e+01
5.943146291327276032e+01
5.750622959634541331e+01
5.554921018359590335e+01
5.883896867552416410e+01
5.658973471522961063e+01
5.971082863383153949e+01
5.471628150979312721e+01
5.770280748834704809e+01
6.006569920021402709e+01
5.659418117326421083e+01
5.715521073070281943e+01
6.010389401594226655e+01
5.714204333184357409e+01
5.799063769680360991e+01
5.504157265307672020e+01
5.454243656228108250e+01
5.774368004771001495e+01
5.534221274960209769e+01
5.829333188716871206e+01
6.059245226213864299e+01
5.623401155845290589e+01
5.923224288952123828e+01
5.340942217755229393e+01
5.692521320362720161e+01
5.819483930111946535e+01
5.749825567040070950e+01
5.424541683098878764e+01
5.673232733837259190e+01
5.749567124579508715e+01
5.877917820384827507e+01
5.179953455072090662e+01
5.569007655092870124e+01
5.704912827976706069e+01
5.807491758040571028e+01
5.375860798773202021e+01
5.524980479357333962e+01
5.637826421299427437e+01
5.756964861218803975e+01
5.427428734490760576e+01
5.616266439016817458e+01
5.688685764865274308e+01
5.830547567876958936e+01
5.368978921189519582e+01
5.563704674822968599e+01
5.618592019426976947e+01
5.783151020622424454e+01
5.446280936115942239e+01
5.643775775488731483e+01
5.684169828407642910e+01
5.769848829580369909e+01
5.556688206849631229e+01
5.368548377850914477e+01
5.500977389365859693e+01
5.708480965899359916e+01
5.637052339799900125e+01
5.184964319788527831e+01
5.304986800647509426e+01
5.538442353261388007e+01
5.470505497190427491e+01
5.547833597833675157e+01
5.542583552363360155e+01
5.792158120758292483e+01
5.527695383603476387e+01
5.398356740455911051e+01
5.568704293739313016e+01
5.562928038571197931e+01
5.769318574153341928e+01
5.997093816429328683e+01
5.756353798067136296e+01
5.629863077165262553e+01
5.474593593873836284e+01
5.513667750261669198e+01
5.812905609527987849e+01
5.531886076884020298e+01
5.685717684036367103e+01
5.200171408431943831e+01
5.582310316331763289e+01
5.807832649400008762e+01
5.204256735363271247e+01
5.514855560997042971e+01
5.764765369505316528e+01
5.578484586730315442e+01
5.682963600792967185e+01
5.965557806614192771e+01
5.530446967840341443e+01
5.810908238356205402e+01
5.281314367375797758e+01
5.494010785186723211e+01
5.692476205591178484e+01
5.738409779390521237e+01
5.351295125738307235e+01
5.566124223130853466e+01
5.628528149512214185e+01
5.806395118614389617e+01
5.114330964249515432e+01
5.524596567038202011e+01
5.630251630437464172e+01
5.776314749740335230e+01
5.223536052038004840e+01
5.504838457734528845e+01
5.632345764238162644e+01
5.772153165827786836e+01
5.293248228750729112e+01
5.478270044993820420e+01
5.574244471996632200e+01
5.689294172177876874e+01
5.602400150349350838e+01
5.723598634648347883e+01
5.898672396240321802e+01
5.703609716001571428e+01
5.579653101431568984e+01
5.819180287159894505e+01
5.840098333837119782e+01
5.782877529548429862e+01
5.385141116105226189e+01
5.686256759619759293e+01
5.692450390238946056e+01
5.831720099714486594e+01
5.486942501489917845e+01
5.767908539121921052e+01
5.705165132801900540e+01
5.856805614351020495e+01
5.483595291076971989e+01
5.784846622485829926e+01
5.712011274353179857e+01
5.802145341249267574e+01
5.646082877928776611e+01
5.926584809362718431e+01
5.978533687040594202e+01
5.276958607967056736e+01
5.772066284097132183e+01
6.014637727753405727e+01
5.760800139532222630e+01
5.908224666866003361e+01
6.190193693147346465e+01
5.890483881939896804e+01
5.905767357912926485e+01
5.669510683787959948e+01
5.594811145909400096e+01
5.942809688298785176e+01
5.615377387361262151e+01
5.938934617364640900e+01
6.172381415103400570e+01
5.828518257492074639e+01
6.067155458595855322e+01
5.543729407950099386e+01
5.951215389640982067e+01
6.010494673277251110e+01
5.752500244176150801e+01
5.804125478944886396e+01
6.029679397786487272e+01
6.200664891233191867e+01
5.698590550009834033e+01
5.891519601435721398e+01
6.066829482477743340e+01
6.200377752648984853e+01
5.542730903974826617e+01
5.888739748454047174e+01
6.029731101007884320e+01
6.137365018031621133e+01
5.643926071794368227e+01
5.832875309890478377e+01
5.958425436448488455e+01
6.085590968341597318e+01
5.644753342910872362e+01
5.824192440793663650e+01
5.923433671408203338e+01
6.081123958665343565e+01
5.685088453721055402e+01
5.909905383923396727e+01
5.961057012514548603e+01
6.118565189738708199e+01
5.676331805363043514e+01
5.900038126003334327e+01
5.933138409204881469e+01
6.116328655342880438e+01
5.679379220921211413e+01
5.952286905158236863e+01
5.951208205513010796e+01
6.152457104417553779e+01
5.598644680762676984e+01
5.873282930424903725e+01
5.826108731300626431e+01
6.071624667340184800e+01
5.807093306901335694e+01
6.096277336361721666e+01
6.044487142708534577e+01
5.988438319414105138e+01
5.857566509905708330e+01
6.148624157894854392e+01
6.108135894107329733e+01
5.727837110529996778e+01
5.664637429794210277e+01
5.960180121278809651e+01
6.198774353576236962e+01
5.749289119176626883e+01
6.029486317086131208e+01
6.267804132326601518e+01
5.859814513515107137e+01
5.991177692858842363e+01
5.685650772267329955e+01
5.994513331708171222e+01
5.986772386573901628e+01
5.698495529772515056e+01
5.999929611846848587e+01
6.005496818451011620e+01
5.972391884794098615e+01
5.627246537163581763e+01
6.040551738706344764e+01
6.096856340108582373e+01
5.788978451261470326e+01
5.831468072041545270e+01
6.120613707705377493e+01
5.848641828602490023e+01
6.014634308178339950e+01
5.584222201803020624e+01
5.770943125954428865e+01
5.827555842030550082e+01
5.993376058686169472e+01
5.478849777608621707e+01
5.692866441589337967e+01
5.776594307884944612e+01
5.912016024933575409e+01
5.361784814187234360e+01
5.610745421453821535e+01
5.724406771676840577e+01
5.819019937524926434e+01
5.478056438443475429e+01
5.705687060555553103e+01
5.801827177966342930e+01
5.866442373412323974e+01
5.386996702799514480e+01
5.544422405546665544e+01
5.598494928495345846e+01
5.742081919424822445e+01
5.787090681676652792e+01
5.952498852498392523e+01
5.905607574377303592e+01
5.442932007229597247e+01
5.547053306934352435e+01
5.771811958092703065e+01
5.718859172463051266e+01
5.574471633554975369e+01
5.703198523600748615e+01
5.809240794091461169e+01
5.727725587596268042e+01
5.357162897828406756e+01
5.463844970770955456e+01
5.703510966858535625e+01
5.570843771100994246e+01
5.716009036611269067e+01
5.924825516247013724e+01
5.711451960968601327e+01
5.630709529553006831e+01
5.914852841868457034e+01
5.673670038953307682e+01
5.962270691979841786e+01
5.321578404468762358e+01
5.648227847315585137e+01
5.866692316486889780e+01
5.563303448169443044e+01
5.614542831045618954e+01
5.897994141084048181e+01
5.576239916525321405e+01
5.724505492286810693e+01
5.379647161921952403e+01
5.661206944438496436e+01
5.646191987652965594e+01
5.519771097654628988e+01
5.817252866948275880e+01
5.767445091239016364e+01
5.554721413548998044e+01
5.757100199367081927e+01
5.966356188233844904e+01
5.410734489175051465e+01
5.751707433942947745e+01
5.329454596418278811e+01
5.514356650537175142e+01
5.637125089624286289e+01
5.734063546561792890e+01
5.079080793890361889e+01
5.398624709262945487e+01
5.540039460873709487e+01
5.625282985088954746e+01
5.187273991789194838e+01
5.376237895077181150e+01
5.469341208295239198e+01
5.581045862972089111e+01
5.671039710098663278e+01
5.790341275378282404e+01
5.388022905357038184e+01
5.523972095133935767e+01
5.639983999123686687e+01
5.703397205375655687e+01
5.706302623452923228e+01
5.261488736109875219e+01
5.371358454884077815e+01
5.527616997340170002e+01
5.549863916424592247e+01
5.265270034304905522e+01
5.356929020291894972e+01
5.553001189081751221e+01
5.520779284864760683e+01
5.228510174372777186e+01
5.276030907835853867e+01
5.506454685684748540e+01
5.426641151677979735e+01
5.382782487261454918e+01
5.370578872774938617e+01
5.620312919816606012e+01
5.469668923849485509e+01
5.732603805126362317e+01
5.923239818880332308e+01
5.137591400346984472e+01
5.555417869892891503e+01
5.808677266835520214e+01
5.564917237876155554e+01
5.791113595987353335e+01
4.956186022487335663e+01
5.480391377905516492e+01
5.692525904893787470e+01
5.396920545645462397e+01
5.482938252145570601e+01
5.767851328064713101e+01
5.460303547152835790e+01
5.514795191830017274e+01
5.807853411172367686e+01
5.727774470589539391e+01
5.656384284459799261e+01
5.334112348173803753e+01
5.660175032948571072e+01
5.561823383044131219e+01
5.605062040715184679e+01
5.273042597505288143e+01
5.540025719171303820e+01
5.646451548886470562e+01
5.528525802531110855e+01
5.475474367400936160e+01
5.695635774736138757e+01
5.858405684586254125e+01
5.167618298313078640e+01
5.550846151909039605e+01
5.647452565408585912e+01
5.794503223744047915e+01
5.231179677508380621e+01
5.489168255855362588e+01
5.612639112870592584e+01
5.747817285551271027e+01
5.269007163950189465e+01
5.427679191199585063e+01
5.579861766791647426e+01
5.680164055438451953e+01
5.518055039311403220e+01
5.731183541136622495e+01
5.787217813320755511e+01
5.659658285488619356e+01
5.445540942214938696e+01
5.541113290960196025e+01
5.734418173878668767e+01
5.730352732695362050e+01
5.949523210439093646e+01
5.917653292940724441e+01
5.527383353039748215e+01
5.592370606012004686e+01
5.839183660085656413e+01
5.765270973068111715e+01
5.895775171715196450e+01
5.560607211918987502e+01
5.859318901421248427e+01
5.739577366616931187e+01
5.782479142564900343e+01
5.632407510079143265e+01
5.923552464839132625e+01
5.999777760211276245e+01
5.291093201148850511e+01
5.742652508702304459e+01
5.989192255086719285e+01
5.751227058611679155e+01
5.859144088691081720e+01
6.148631925075454063e+01
5.848432656087589265e+01
5.928980261148358011e+01
5.664347694287756241e+01
5.980034606535662078e+01
5.941854100091200763e+01
5.669832280659850454e+01
5.686915280749894919e+01
6.000365378163439090e+01
5.862797333601513827e+01
6.087731236602233764e+01
6.319448228624691666e+01
5.526138862408672736e+01
6.043736465856734696e+01
5.542860667091586890e+01
5.770399007808767777e+01
5.989885555108785553e+01
5.922238677059588241e+01
5.573194364155606451e+01
5.797914567051488177e+01
5.935574511435667944e+01
6.034050957323311337e+01
5.354738195535840362e+01
5.715038386402772375e+01
5.869257177753618748e+01
5.953005954066433958e+01
5.519834945070331145e+01
5.716912036253859242e+01
5.868761884216503688e+01
5.932965298817174471e+01
6.065469368764981795e+01
6.163007047606288324e+01
5.904974708295271313e+01
5.998169856368261321e+01
6.184071651162749106e+01
6.217646514346260034e+01
5.757803953957778020e+01
5.873323161187117591e+01
6.049124805039789976e+01
6.079834155622671688e+01
6.019394827631957412e+01
5.674055685368112023e+01
5.947444571931145418e+01
5.959658321546360327e+01
6.120362145375045060e+01
6.183034737542131865e+01
6.275119481508171759e+01
5.938970053089763468e+01
6.145799961206288486e+01
6.339312737996061031e+01
6.109984248036523269e+01
5.893626991506917534e+01
6.014208809744419426e+01
6.266895853847464792e+01
6.061822997851427886e+01
6.095091194111726196e+01
6.282417301207608062e+01
6.032166868394189407e+01
6.261287685883902299e+01
5.786215463602918874e+01
6.074777511338368896e+01
6.312162447074738481e+01
5.949839527173860887e+01
5.936239683907671605e+01
6.244196749116726153e+01
5.924194025652086282e+01
6.215557247812143515e+01
6.440420848942621035e+01
6.134120143292223304e+01
6.410975641562754390e+01
5.723413066579059461e+01
6.048050812122440334e+01
6.274479962936565158e+01
5.835203339197955330e+01
5.956106061576248578e+01
6.214987005088774907e+01
6.304791199729381646e+01
5.763201568592817381e+01
5.983512213023210080e+01
6.125723946013176402e+01
6.203985691333627273e+01
5.794346531953632962e+01
5.969846317473052011e+01
6.064586985992750812e+01
6.200144676720849191e+01
5.647848432740004654e+01
5.891379116215933465e+01
6.032490224033207937e+01
6.123579507440141612e+01
5.617812197071296509e+01
5.780574400429480164e+01
5.897545500747278879e+01
5.993715346894439477e+01
5.947530203600241805e+01
6.098166262796472381e+01
6.123729337623225888e+01
5.843049079732753626e+01
5.923795732937428937e+01
6.119046794881202800e+01
6.102731444534862959e+01
5.675729165290114508e+01
5.982162337448774281e+01
5.936060847899737070e+01
6.127796075363159645e+01
5.809744437159760366e+01
6.112131450361108165e+01
6.007008211719356439e+01
6.039163095637542966e+01
6.001182625084044986e+01
6.240660167736756847e+01
6.038955769553816566e+01
5.726493828727943480e+01
5.833537290215802784e+01
6.076897150084613486e+01
5.887619900855936805e+01
5.992561547110821607e+01
6.191333359130673131e+01
5.938477927296300152e+01
5.948536716083697939e+01
6.233590414202308949e+01
5.953019479542824399e+01
6.202073448270317613e+01
5.552371516036362920e+01
5.875847730471461006e+01
6.106826385919340794e+01
5.766925913811471816e+01
5.780787372708052629e+01
6.064333350801236122e+01
5.903305815677455115e+01
6.006601068188723502e+01
6.271194386909475327e+01
5.910477915435937035e+01
6.012475445717215905e+01
5.660581852972580208e+01
5.899802127400115381e+01
5.822871852305424056e+01
6.006676945292004888e+01
5.582368358983943324e+01
5.804591046560334888e+01
5.879012239086786451e+01
5.949868997108119828e+01
5.325417242307026555e+01
5.636507738635826570e+01
5.775814729602220865e+01
5.861930361357717345e+01
6.030230719825623709e+01
6.080023606518386714e+01
5.705088921102109367e+01
5.867424730163575219e+01
5.970906766966360379e+01
6.074410228808962842e+01
5.559334775915970539e+01
5.687019760021037484e+01
5.799788443621957157e+01
5.882389826866822347e+01
5.591951597097400395e+01
5.716624698436897489e+01
5.867382438934876632e+01
5.886432345351007456e+01
5.444849571338253469e+01
5.528497688870962179e+01
5.720656849864320748e+01
5.699608367474579751e+01
5.836380613805588524e+01
5.850441831379590241e+01
6.058895838439181603e+01
5.525408637003458523e+01
5.824030116571930193e+01
5.774284421250494148e+01
6.019123032489360980e+01
5.614205496448656163e+01
5.904847424900381014e+01
5.889939471562428963e+01
5.994597866698990885e+01
5.248495676357509865e+01
5.649797489907779635e+01
5.885809307704206361e+01
5.639096774578855786e+01
5.855110601124564340e+01
6.105259541572294779e+01
5.750506850981978602e+01
5.774865407112884697e+01
6.073599169224099370e+01
5.769697267489773651e+01
5.946757223614552856e+01
5.378667663356104356e+01
5.767484982345877853e+01
5.977388583764835062e+01
5.275084202367853692e+01
5.789673340025295545e+01
5.999909104749858102e+01
5.641767703484615737e+01
6.048335781782495246e+01
6.053966459904764719e+01
5.903371858284823759e+01
5.932561268913844543e+01
5.535030532740388054e+01
5.738994333022976235e+01
5.895773506456843904e+01
5.754668620402286905e+01
5.775304315176300918e+01
5.938942180059288489e+01
6.063743195264781605e+01
5.469033158737804001e+01
5.718736196358102575e+01
5.877520097810621991e+01
5.946506001873384406e+01
5.520553381183835739e+01
5.689912503382105058e+01
5.818565175824405600e+01
5.922131173441134422e+01
5.497904028213261540e+01
5.705488724748580154e+01
5.769181853935137383e+01
5.860814501751130479e+01
6.042980245555073537e+01
6.061821653277605293e+01
5.997587727654632062e+01
5.455627594556915483e+01
5.729664537584572770e+01
5.749196445555483592e+01
5.962568233680219976e+01
5.775415543256000461e+01
6.053173985459461903e+01
5.968062710289070338e+01
5.678077221354512005e+01
5.777612296736275965e+01
6.032004652139860212e+01
5.886813546732081193e+01
6.001323832384276358e+01
5.947763755480217895e+01
6.215870325631198057e+01
5.902187901913504930e+01
5.843559258543671575e+01
6.096504050252057283e+01
5.850840404790971405e+01
6.136648477516452260e+01
6.396516532858644410e+01
6.023037626603841943e+01
6.080314174685079109e+01
5.823575127225360859e+01
6.134326143478161697e+01
6.143830683341648324e+01
5.854492571574605364e+01
5.792548255558062209e+01
6.115790795431566806e+01
5.992062939124797794e+01
6.173018158549671597e+01
6.457942804839983353e+01
5.677230221355981854e+01
6.178722947216701300e+01
5.677749375152544786e+01
5.898172868423248616e+01
6.113491846543175967e+01
6.034897655487100110e+01
5.680684584602591514e+01
5.899156155414828362e+01
6.037373077468785709e+01
6.133316208967997341e+01
6.242902842306919808e+01
6.374878933813298687e+01
5.806853520858671658e+01
6.071771423308057081e+01
6.190489385868238514e+01
6.315429455222105304e+01
5.863939707326751005e+01
6.033864578092441633e+01
6.120034503078692723e+01
6.276746986125579042e+01
5.800400288607072952e+01
6.004929901329846587e+01
6.068674963010175816e+01
6.206544721646406515e+01
5.678960570796665763e+01
5.910977988398311567e+01
5.929795003022022115e+01
6.107833077050472070e+01
6.096141781746316468e+01
6.301587423845953850e+01
6.274310182381331913e+01
5.902001774345423257e+01
6.081957768654905294e+01
6.126076496537277194e+01
6.278126331916056557e+01
5.676992189838654923e+01
5.948015700753303037e+01
6.164474742099633175e+01
5.989704098386631159e+01
6.275933206668587161e+01
6.412490210519338518e+01
6.051854630595389040e+01
6.275866278777364471e+01
6.534155558766521210e+01
6.273272371722303831e+01
6.111886229463772224e+01
5.938114873110014003e+01
6.252685101166161274e+01
6.441121637742206474e+01
5.908395229844446561e+01
6.186009856920819772e+01
6.418371030499619678e+01
6.063589291644434809e+01
6.050937414482655186e+01
6.346478551825818926e+01
6.220204800831255199e+01
6.427170832652537058e+01
6.630467280572050015e+01
6.074559665590266633e+01
6.436650429184905420e+01
5.838964202105531598e+01
6.157579435231787812e+01
6.328440415422600296e+01
6.025527649705460931e+01
6.051582551796921194e+01
6.233109698193575099e+01
6.393301063116513205e+01
5.865898235949530459e+01
6.048903444891982417e+01
6.177539902230405744e+01
6.284484267725715512e+01
5.918971119887884669e+01
6.120694294436976435e+01
6.229111607532599493e+01
6.327390542157527875e+01
5.696056969405962889e+01
5.959145611238926676e+01
6.090661203711362504e+01
6.174239226671654990e+01
6.215794667385315364e+01
6.383920307052274978e+01
6.195980238715888788e+01
5.909247563368860767e+01
5.996125435485734556e+01
6.186418545300416838e+01
6.169914119447739864e+01
5.792183414371255878e+01
6.085228368623029382e+01
6.032221262888003821e+01
6.201564633525391912e+01
5.862444235939791781e+01
6.165351004903791221e+01
6.056140490953080757e+01
6.124209921306412241e+01
6.076995668055978683e+01
6.313132372332088948e+01
6.053919686228896069e+01
5.807417261656035379e+01
5.867123068099287764e+01
6.117477492440772124e+01
5.927268931036834942e+01
6.193178195720045665e+01
6.395666235260755883e+01
5.865287304073736152e+01
6.152306830255355408e+01
6.378949091345532452e+01
6.066494858000871204e+01
5.994696919872562546e+01
5.749052992908995918e+01
6.036122384147144970e+01
6.239433551577239001e+01
5.560628420281996398e+01
5.910871921631780168e+01
6.127558290259332097e+01
5.877529119210156949e+01
5.873163802897172303e+01
6.164645627821590779e+01
5.859281716435344833e+01
6.119183631023042835e+01
6.270659272344141044e+01
6.098849831664843180e+01
5.808057671995838689e+01
5.988521013037315299e+01
6.111265488273224378e+01
6.179592692098670170e+01
5.727086110148042764e+01
5.867088505756129990e+01
5.998069329343095291e+01
6.146848059136524967e+01
5.502312447766127690e+01
5.807579779410460219e+01
5.837924904716725649e+01
5.982349405563972766e+01
5.561074917661333927e+01
5.707281255230254402e+01
5.803996537826168378e+01
5.921540364670838841e+01
5.640883401676546782e+01
5.830270338942127495e+01
5.905131292829138090e+01
5.771591393217688193e+01
5.848611487699396605e+01
6.007011206586334850e+01
6.006612570643050475e+01
5.536151209082329672e+01
5.608740224966619081e+01
5.800746264270602381e+01
5.772694603305721728e+01
5.990935707591955151e+01
5.922949077820234010e+01
6.134555262491978311e+01
5.555292748716789930e+01
5.850432725757298158e+01
5.748027607675900441e+01
5.998496354047388479e+01
5.667180335639455535e+01
5.929052198640982851e+01
5.972715539654348760e+01
5.761647249150111350e+01
6.032889470692251876e+01
6.202037957891459286e+01
5.493500893787315675e+01
5.890082388768876598e+01
6.145754090520772905e+01
5.856113426597241300e+01
5.994813841874785965e+01
6.253272038574947089e+01
5.933166769774491911e+01
5.926847100215424291e+01
5.657250173507817692e+01
5.940698892709069412e+01
6.012947976567113528e+01
5.795780197453486693e+01
5.744771753662272573e+01
6.052003660301275545e+01
5.796293360439162257e+01
6.046922636075041879e+01
6.192110392926070261e+01
5.998148599777540113e+01
6.051191276302644440e+01
5.339178950738682516e+01
5.748746711281149402e+01
5.913890557993939723e+01
5.965423584080470221e+01
5.527827125843195688e+01
5.703079830274546680e+01
5.771386200164398872e+01
5.902629963316069706e+01
6.022661950968226563e+01
6.143774115218128884e+01
5.724916408620555330e+01
5.887580267358880093e+01
6.014222213746867141e+01
6.115415499421605006e+01
5.692773567841445015e+01
5.873765809535859006e+01
6.001854144198172492e+01
6.047736931125249527e+01
5.646186793904693957e+01
5.899811439588106055e+01
5.927358667838697670e+01
6.073086753703847052e+01
6.220937236281234561e+01
6.176485982961285970e+01
5.875387885382095021e+01
5.909454514210521836e+01
6.149608141744764112e+01
6.066808166114028467e+01
6.093081128100043031e+01
5.953933435876567870e+01
6.235086167152650205e+01
6.081308361772787663e+01
5.790431537170867671e+01
5.729059222178536714e+01
6.014033952475047329e+01
6.004824666726369742e+01
6.048030338081478874e+01
6.334523134170736824e+01
6.089033033012871243e+01
6.016283425865093193e+01
5.828710133393717285e+01
6.122196415330852659e+01
6.344641087276229285e+01
5.573654024239363736e+01
6.004469337882476054e+01
6.244912196907866786e+01
5.902467964171552950e+01
5.991262362968276278e+01
6.273079920130228970e+01
6.124591622710294558e+01
6.208038728072708778e+01
5.843275173614512141e+01
6.127348287700755236e+01
6.031997723004946721e+01
5.854162859759797755e+01
6.184436148013912060e+01
6.260081353067570831e+01
5.880802051011381337e+01
5.936675789761878264e+01
6.126876204619869526e+01
6.298401842369874970e+01
5.744314954253525229e+01
6.063010433844587510e+01
6.192805839536042356e+01
6.260489037761104925e+01
5.719973119721981902e+01
5.956782138153976547e+01
6.073703093351783622e+01
6.189563393415804882e+01
5.760687718659125522e+01
5.930276285368648104e+01
6.052710503238331796e+01
6.138866080269799852e+01
6.206571393597289443e+01
6.330981551065580248e+01
5.861198759072937037e+01
6.022703801153814851e+01
6.190623704580530529e+01
6.216030392559474649e+01
6.254134541627066568e+01
6.242815772819949416e+01
6.446652733745689545e+01
6.202764228830618976e+01
5.974611062250227178e+01
5.997095502967963654e+01
6.219053812768587619e+01
6.126719329944507564e+01
5.843445206770538647e+01
5.842316235401717250e+01
6.096481799542726776e+01
5.966869916163626897e+01
6.248286970011041319e+01
6.423600840077325813e+01
6.079142342677221222e+01
6.172575906582947169e+01
6.429879204245850133e+01
6.159963655148001038e+01
6.278529292848678267e+01
6.548070347085415221e+01
6.238545105747327568e+01
6.356152981228255072e+01
6.054482055656452388e+01
6.354778796645484107e+01
6.373617303362046016e+01
6.058150089114941039e+01
5.994565158237585933e+01
6.292819476783407850e+01
6.037839719839990238e+01
6.328658875382548388e+01
6.534177451918647250e+01
6.024512441732778001e+01
6.415489270771131203e+01
5.761527577230335595e+01
6.076338994822067718e+01
6.261147336288461673e+01
5.823711361567376343e+01
6.150605495195549821e+01
6.299015015133347362e+01
6.345263111696606018e+01
5.892291549674651208e+01
6.068512198996648266e+01
6.135913574546351157e+01
6.267145714049192406e+01
5.794643340143498023e+01
5.931160435033535805e+01
6.032426480000657421e+01
6.160710275220522902e+01
6.246310610841925381e+01
6.364104261574205879e+01
5.813535874103460088e+01
5.978402765253930795e+01
6.096767503315493286e+01
6.141692224306128622e+01
6.226117467638531622e+01
6.395979287360085408e+01
6.379235964555391547e+01
5.952906328710952977e+01
6.041942169851355260e+01
6.247350236276805191e+01
6.199639536126941408e+01
6.175340419631309885e+01
5.875472481490819376e+01
6.160197960358037506e+01
6.051714339045855695e+01
6.066253931490644646e+01
6.119871972055034348e+01
6.284934411650545627e+01
6.003508071234676180e+01
5.994950648413835381e+01
6.113991345039443104e+01
6.014739247295869973e+01
6.189608643761069828e+01
6.415208306234094948e+01
6.158629566079898154e+01
6.171808761855836423e+01
5.945648949667806704e+01
6.226085362703183534e+01
6.322939244845976248e+01
5.698641284390306794e+01
6.006865240321671706e+01
6.232205236383618541e+01
5.906124168410391206e+01
5.913666369282979218e+01
6.189912130851021743e+01
6.067978449921258743e+01
6.193589071770096410e+01
5.565646927934680122e+01
5.926389063106392285e+01
6.119407154005823912e+01
5.518541788043631158e+01
5.887646013092012964e+01
6.051870222399095667e+01
5.973392094835777044e+01
5.634564205835460626e+01
5.815716950433829169e+01
5.961493905882643674e+01
5.997068416036096039e+01
6.119183074182114268e+01
6.198163829635780075e+01
5.790162079537881823e+01
5.963957683414938060e+01
6.080564561841370619e+01
6.131331812726385522e+01
5.768409694289247369e+01
5.914513630978240144e+01
6.016510780064452746e+01
6.109598030047646233e+01
5.597158156185007272e+01
5.707858302843490605e+01
5.843554483360222918e+01
5.891386100008897841e+01
5.583160124298412796e+01
5.706186114667121956e+01
5.850274866364334514e+01
5.862777084618515033e+01
6.052541513795257799e+01
6.025099578554322477e+01
6.024408650552055633e+01
5.750852750014312420e+01
5.985515889009006685e+01
5.909731457017524292e+01
6.033227753503167179e+01
5.535324159681386647e+01
5.831955009868222106e+01
5.723876342837198905e+01
5.966305230459435194e+01
6.203144860666743199e+01
5.992982187127388727e+01
5.880669192836485593e+01
5.728967288013578951e+01
6.019895838786230513e+01
5.977644675632113547e+01
5.705639656254853520e+01
6.076624662163773394e+01
5.801281269425425080e+01
6.095569721554036846e+01
5.299106475591784715e+01
5.759276689643951386e+01
5.990638073165024480e+01
5.666134184731760115e+01
5.741926992651809769e+01
6.012385780212254360e+01
5.894836848199886958e+01
5.904171784473144413e+01
6.187909985222646725e+01
5.808091103305376635e+01
5.917924087267920186e+01
5.521887546577699624e+01
5.738320972907232687e+01
5.774086523183760988e+01
5.943334651851434813e+01
6.106374928489994858e+01
6.167067404811008657e+01
5.729795977590440259e+01
5.910090515974667369e+01
6.010141631952791386e+01
6.094845035622411444e+01
5.617625549223846093e+01
5.818595185623594546e+01
5.939105788344166115e+01
6.000298372337248054e+01
5.674244991650143533e+01
5.848580689625001128e+01
5.969350255920304704e+01
5.928206588210935735e+01
5.776055473915334915e+01
5.977814386056187601e+01
6.030912148995241040e+01
5.837650898232165986e+01
6.075085686415840058e+01
6.090939160283132736e+01
6.071007778804579402e+01
5.628080475608327760e+01
5.910151984852579687e+01
5.889627052686866193e+01
6.092714249281099370e+01
5.598306287222963817e+01
5.890535923370303095e+01
5.815593982941476270e+01
6.058935564965396026e+01
6.067164758567890459e+01
6.275930506841524448e+01
5.716479261062265493e+01
6.036090202665118198e+01
6.218566854166527236e+01
5.971422908669714502e+01
5.855884700605940907e+01
6.160560152998439776e+01
5.927609150124413873e+01
6.226215756794747591e+01
5.693285467310949599e+01
6.023123339846868163e+01
6.259094385849492426e+01
5.872255815911221077e+01
6.192544985766965482e+01
6.384351364891368519e+01
5.661354380292139155e+01
6.075927285674968914e+01
6.303296448190188528e+01
6.135785737693908715e+01
6.159572124649572089e+01
6.444484480490544343e+01
6.085778802512026431e+01
6.197884795642348621e+01
5.824175504783246993e+01
6.032832737979271798e+01
6.081148513936608424e+01
6.243530770608301594e+01
5.676655944283523070e+01
5.949314263845555928e+01
6.100266887666217741e+01
6.161613665475186252e+01
6.325248955850115351e+01
6.452590167193024229e+01
5.851167760303191301e+01
6.103672621220701444e+01
6.219786828747086105e+01
6.339356638164822044e+01
5.890224944110376271e+01
6.051032024684513289e+01
6.183105491704451140e+01
6.281581292509958558e+01
5.897912568082940510e+01
6.125903391347339522e+01
6.153306541539038932e+01
6.304878089294928145e+01
5.790517652733380061e+01
5.996001854764892869e+01
6.033073884537431297e+01
6.170442779491033747e+01
6.312516587676390145e+01
6.282137921453563223e+01
6.410666785459662265e+01
5.790707549690154110e+01
6.032485907561773075e+01
5.993157903506309481e+01
6.212579183060142185e+01
6.408259186518758099e+01
6.231999949453057042e+01
6.413145249210627696e+01
5.995469170802000747e+01
6.323896087399779731e+01
6.218227835906457557e+01
6.394863813286311682e+01
6.648634911072063858e+01
6.379663290648761631e+01
6.213340843008701597e+01
6.037216527668571331e+01
6.351701954990911503e+01
6.495329707701681343e+01
5.862285308805330430e+01
6.212314637619883229e+01
6.445643879748014626e+01
6.124137961131923902e+01
6.133521930007897538e+01
6.421656722739679424e+01
6.280996798556820693e+01
6.492057347833275571e+01
5.826253601338621024e+01
6.139787986365752204e+01
6.358101025801238393e+01
5.903363630217830860e+01
6.199282916663259613e+01
6.144764693075324402e+01
6.398703025049432824e+01
5.844928045277550410e+01
6.063339573555162332e+01
6.209654539056688094e+01
6.299923056372212926e+01
6.398130963892076295e+01
6.487576869529102908e+01
6.061124677856684428e+01
6.225089454416733048e+01
6.321493786179733831e+01
6.429989275946968519e+01
6.005621086806329600e+01
6.152068489649505523e+01
6.255299968166544033e+01
6.334233217927599924e+01
6.014567092706452200e+01
6.221870126175804927e+01
6.258270770727425969e+01
6.308975001279210915e+01
5.835560357507917217e+01
5.936998138786525914e+01
6.091494953944928170e+01
6.103067735497384660e+01
6.314885869726043666e+01
6.268248071337063720e+01
6.402572790043311102e+01
5.660031438722435126e+01
6.027784135439755886e+01
5.939087587886719888e+01
6.195312648225122842e+01
6.333825473071121337e+01
6.177091135992992577e+01
6.365508384156625254e+01
5.833709315523052652e+01
6.132979833511562617e+01
6.151662298447151045e+01
6.155729552690092277e+01
5.658466355595137287e+01
6.064835421329654253e+01
6.084264061135465340e+01
6.021432519106497239e+01
6.283467570874767461e+01
6.445280056042756200e+01
5.788079980888130649e+01
6.090371384434981650e+01
6.318403751224049358e+01
5.994337265859103070e+01
6.083223996213514795e+01
6.339313592638686146e+01
6.166584905684921125e+01
6.126579466846487776e+01
5.774604606227140380e+01
6.083771863540873426e+01
6.253366899778465893e+01
5.569151707669138318e+01
5.941548835491299485e+01
6.122291860497971072e+01
6.131883958169135695e+01
5.746933913908112146e+01
5.900578365362982680e+01
5.932910475669898887e+01
6.093151912546392879e+01
5.626639848047013004e+01
5.833854438697109401e+01
5.891746538982397396e+01
6.069670568996740911e+01
6.137307667564624580e+01
6.251333831782305595e+01
5.712325061949071880e+01
5.886929943856394232e+01
5.972894005320694788e+01
6.079252767632625165e+01
5.728961515046199793e+01
5.849599829317246247e+01
5.987414509852510491e+01
6.030381422576369488e+01
6.181428117239001097e+01
6.207557221565595995e+01
5.935099057977738113e+01
5.995529266970547866e+01
6.185568862852398553e+01
6.153294685722664781e+01
5.894360702579876232e+01
5.908825151481747184e+01
6.129110794154976105e+01
6.047914661193071595e+01
5.952876726635771121e+01
5.925530183947905982e+01
6.172960265393454193e+01
6.026813623920013185e+01
5.740344201153204295e+01
5.883693040193175960e+01
5.931264852005948285e+01
5.860998788053523612e+01
6.142804627985833577e+01
6.304345925521575822e+01
5.762625360130431318e+01
6.100436284355289018e+01
6.349089007835601706e+01
6.027996121241437777e+01
5.981590064364067416e+01
5.749858572549975122e+01
6.034535525496684016e+01
6.196715685102311966e+01
5.476192202140271093e+01
5.911549011798464903e+01
6.128595003169687061e+01
5.762406295695695491e+01
6.175204581457963826e+01
6.190950714437517632e+01
5.918819626708214088e+01
5.964386193991286689e+01
6.239493823977419851e+01
6.134734999022236934e+01
6.123226012385831751e+01
5.728477778304750956e+01
5.889210871224490518e+01
5.974384200109769694e+01
6.085725469153987177e+01
5.425596911824325019e+01
5.756209546806411481e+01
5.895997317273044303e+01
5.983035061243244712e+01
6.145417710731292971e+01
6.225744058401390646e+01
5.753090113959786578e+01
5.897945490769002674e+01
6.021857099877865949e+01
6.138701831992366209e+01
5.852355987323993958e+01
6.095872860249347269e+01
6.126463575932337591e+01
6.161902508142151191e+01
5.708024117609507186e+01
5.795080646540867519e+01
5.971175557071654083e+01
5.981644939093650493e+01
6.184177208767074774e+01
6.155291900445659792e+01
6.142889154654653083e+01
6.055775074907203503e+01
6.309698848608508115e+01
6.209420485711734017e+01
5.855848033202661895e+01
5.888506845201940365e+01
6.153538109056252381e+01
6.011828133622282166e+01
6.185876684079919841e+01
6.133013668569240195e+01
6.393472111455294993e+01
5.992815082064178256e+01
6.198805767596139304e+01
6.403363548959157470e+01
6.067668049901507743e+01
6.085589703864869193e+01
6.378216298971732101e+01
6.097552436365992179e+01
6.353350653393700753e+01
5.610286769425466957e+01
6.034062890179254168e+01
6.269397530086366288e+01
5.915269546281724899e+01
6.217408857509164477e+01
6.312128516726136240e+01
5.989401557920436403e+01
6.327292502369825655e+01
6.258270545417054365e+01
6.360991629904270894e+01
5.941546910879912957e+01
6.236047296043736310e+01
6.178507159253871350e+01
6.345525917362259349e+01
5.931289027763637023e+01
6.109835040054959876e+01
6.176251753170556924e+01
6.315186759129296945e+01
6.443676555453909316e+01
6.547789940208416226e+01
6.038451794688444352e+01
6.198949514496126056e+01
6.316817908156188111e+01
6.456912858534003874e+01
5.940547703909010835e+01
6.089334435496488140e+01
6.209903933318798153e+01
6.312534369553053892e+01
6.240801563386057893e+01
6.399663867161231678e+01
6.416456336775814862e+01
6.173882387485851098e+01
6.239804053898745195e+01
6.414385226665245909e+01
6.424163121575502089e+01
5.909197201458353277e+01
6.183580777445290977e+01
6.172770099702383817e+01
6.347750560931713437e+01
5.981631049434710690e+01
6.257370420636356556e+01
6.223100621897391704e+01
6.425070591977451784e+01
6.605663479445139785e+01
6.401023941469740919e+01
6.155953021159285043e+01
6.086559394770726783e+01
6.374697082419807970e+01
6.273244886539414722e+01
6.456615144059158240e+01
5.844226700326132828e+01
6.162783464180267146e+01
6.323779816311576951e+01
6.042749164418296459e+01
6.346175158028141539e+01
6.566706450890923463e+01
5.925381683135104538e+01
6.266280179770787129e+01
6.497006688095083859e+01
6.168083558287241885e+01
6.160249885020500216e+01
6.449070918296010291e+01
6.306738131340748055e+01
6.525907138083027803e+01
6.723018439636689436e+01
6.161359559005200026e+01
6.495743719659201076e+01
5.930077710585504036e+01
6.239803650023301884e+01
6.361827022131382137e+01
6.292456691270107427e+01
6.001680181533095038e+01
6.200442121133056617e+01
6.303152283298224745e+01
6.327069644670537940e+01
6.480042362845918547e+01
6.590048107033017288e+01
6.015718852513318637e+01
6.221276868309663399e+01
6.328627656693485193e+01
6.435175706861237188e+01
6.005181261771452483e+01
6.145241195595910000e+01
6.240251394938888296e+01
6.335796125183681227e+01
5.981914829925145227e+01
6.183597956255974282e+01
6.215664405115030178e+01
6.283664491331141022e+01
5.793264742396113576e+01
5.990085233923994679e+01
6.007913072959430423e+01
6.155329945824895788e+01
6.201059245722387914e+01
6.330974358453048723e+01
5.979811663263555488e+01
6.242720794647537730e+01
6.209389583150346681e+01
6.406532707503208712e+01
5.937665388930664534e+01
6.205299919877350590e+01
6.069483131075610771e+01
6.314901554390588245e+01
5.785776763696435410e+01
6.083038193477813849e+01
6.136362558300626802e+01
6.016692053921486405e+01
6.279025585534990483e+01
6.496943267970914349e+01
5.877175703780672933e+01
6.161216049689696206e+01
6.385713261763843462e+01
6.087101471958112597e+01
6.139654563163088596e+01
6.406582480229650400e+01
6.083484894089323092e+01
6.238323779705345373e+01
5.853711843054001207e+01
6.114308736201855510e+01
6.168597442984274437e+01
5.878977074620618026e+01
6.165805951068646351e+01
6.070841530239605532e+01
6.202136223485434385e+01
5.830092383754340091e+01
6.066748962878483553e+01
5.991678072922753273e+01
6.138753310750955450e+01
5.688061101386703911e+01
5.920714429392899092e+01
5.908969344374398958e+01
6.045715383095824791e+01
6.180767495157818558e+01
6.268117769031076136e+01
5.791711396909131793e+01
5.926624001042195999e+01
6.049883864545692091e+01
6.107622611514967303e+01
5.783995807127165278e+01
5.939426546340352076e+01
6.026964758050315396e+01
6.105480376823321365e+01
5.480127615672909513e+01
5.716936294041666855e+01
5.827561292423345662e+01
5.889793663984646344e+01
6.037500903782711958e+01
6.062037863262974469e+01
5.887908911635398823e+01
6.006116613353506040e+01
6.184676644717189475e+01
6.122870619745324205e+01
5.675433879489733613e+01
5.759358953511916468e+01
5.967434874308209203e+01
5.883909223040362946e+01
6.002750278529414629e+01
5.959334873440240443e+01
6.188613806004909179e+01
5.789846868528313450e+01
6.002285947933174270e+01
6.079053798317438151e+01
5.951098501484317893e+01
5.696636044725339332e+01
6.011428623542514060e+01
5.776836296229570422e+01
6.061740456016561041e+01
5.645715407905275640e+01
5.966433881275482776e+01
6.147178508651342810e+01
5.389716614628947866e+01
5.827973889527369522e+01
6.058102808031861741e+01
5.739622854855167589e+01
5.766578320218054898e+01
6.051533435394640037e+01
5.962200123547361841e+01
5.892710796162318587e+01
6.203090601341779831e+01
5.960102976447815593e+01
6.060721542647538485e+01
5.666441911326085545e+01
5.854395653152309364e+01
5.872510445739372642e+01
5.996770127304397846e+01
6.159515881510489521e+01
6.232304155101250132e+01
5.784521722641957098e+01
5.936565616183307981e+01
6.055523117224438323e+01
6.163285034031100906e+01
5.656265681519892752e+01
5.813429810165454370e+01
5.969013025612193246e+01
6.044545773818880718e+01
5.660698675273869895e+01
5.846614797554841658e+01
5.955392498437471005e+01
6.068484423701881525e+01
5.529631106004542573e+01
5.717546195776714768e+01
5.819058494214651489e+01
5.959820813836969933e+01
6.001032698865369497e+01
6.145312491794791043e+01
6.064692013626450517e+01
6.303546172810213477e+01
6.269745305710775085e+01
5.857118856760798309e+01
5.905013184479448540e+01
6.152228971226665521e+01
6.077103605237285677e+01
6.118414430881573907e+01
5.967629138312917547e+01
6.262445041405337065e+01
6.111281999407701448e+01
5.809502768237823744e+01
6.122098510006336625e+01
5.907150897077134033e+01
6.217975289723288768e+01
5.861558197790262881e+01
6.198586343897060402e+01
6.371662651022544566e+01
5.561736651592048730e+01
6.006177244689613559e+01
6.292431442255583818e+01
5.981794130280439958e+01
6.152644735892423000e+01
6.440651537707648799e+01
6.072024713306532107e+01
6.080141903745006005e+01
6.412860768355051277e+01
6.183543631473343538e+01
6.299903333068809275e+01
5.943467302112992456e+01
6.267659660793604814e+01
6.290664860987801177e+01
5.955386073979682493e+01
6.051462081658598890e+01
6.351291264524567737e+01
6.220904616263554487e+01
6.156401021243496530e+01
6.389795097049957917e+01
6.567027546484273159e+01
5.879887050245402236e+01
6.224654352828559212e+01
6.388978989679998932e+01
6.481612583272189454e+01
5.952713949391930015e+01
6.205870317937991842e+01
6.294192777990230070e+01
6.438873503012288779e+01
5.852553997043625600e+01
6.074608951325767947e+01
6.178760399592763264e+01
6.271418177578770070e+01
6.464286295860372888e+01
6.523393112504003000e+01
6.277982203730075383e+01
6.345796080547755480e+01
6.579692434945769719e+01
6.541386043654242144e+01
6.110254085099382593e+01
6.200276083786836523e+01
6.422072427368371450e+01
6.414002747941819393e+01
6.241454621652406587e+01
6.387783831358920139e+01
6.591653298780293824e+01
6.191503959495788223e+01
6.516745240484854662e+01
6.618192028656514481e+01
6.440249519220013497e+01
6.154921697688843096e+01
6.270053906442357317e+01
6.560342475103053062e+01
6.350637267673132413e+01
6.684059074035685910e+01
6.744606319310848619e+01
6.311437842671120535e+01
6.660236899554875833e+01
6.915340572195560753e+01
6.504960056786846678e+01
6.560433883512774855e+01
6.283471156950557912e+01
6.626334164354834400e+01
6.718318761514278492e+01
6.306530914202204485e+01
6.648165988352909039e+01
6.637132921831748433e+01
6.336905285621548956e+01
6.416503602767208747e+01
6.722735216324799978e+01
6.449736521534319422e+01
6.573710474761134037e+01
6.874196120924212039e+01
6.457245137727866791e+01
6.623702132652506691e+01
6.207595348628967002e+01
6.473443626720835198e+01
6.472633265379680267e+01
6.658170085417417283e+01
6.829564051899282617e+01
6.937916027536600438e+01
6.431228795617806782e+01
6.591445103700102948e+01
6.729802285722996658e+01
6.881751895870905855e+01
6.345881836214903160e+01
6.486574379347915453e+01
6.652710501102875185e+01
6.733636069729324447e+01
6.346810295411648184e+01
6.576664494692948892e+01
6.619161964460928971e+01
6.790410705325280105e+01
6.222013310543736253e+01
6.451434456224947667e+01
6.476792549777839270e+01
6.583366907443094362e+01
6.828073274198297327e+01
6.787303077563095144e+01
6.550660056899008055e+01
6.839978316133606029e+01
6.791534212482756061e+01
6.953681034378509196e+01
6.292203591734177337e+01
6.602133689092217139e+01
6.521549232552096953e+01
6.810267772413058651e+01
6.368807436684184609e+01
6.654888860601033684e+01
6.658285376079172124e+01
6.777487584497370676e+01
7.025665071371926729e+01
6.772712140142456860e+01
6.616577287741242230e+01
6.439296277825870618e+01
6.749279003360437912e+01
6.972437124573346523e+01
6.315909277779952191e+01
6.669574654717982298e+01
6.929865750254862178e+01
6.577308408394782191e+01
6.564409029117233274e+01
6.887344584492325339e+01
6.539250385838876412e+01
6.824802568786572010e+01
7.056979827949209039e+01
6.553388004876001105e+01
6.981371517900379331e+01
6.345873230555267952e+01
6.709650437469093731e+01
6.905924255350331009e+01
6.200682867404455578e+01
6.602004213125357523e+01
6.794529509107576359e+01
6.769951546689057409e+01
6.379114890264794724e+01
6.570205847338381488e+01
6.683045557039757512e+01
6.821292416507388623e+01
6.218136766239182123e+01
6.496820630464620194e+01
6.629768247116115276e+01
6.773570717271196884e+01
6.891430162411981541e+01
7.028979815174494661e+01
6.407170161274329701e+01
6.627805404533775402e+01
6.775421292831757114e+01
6.834116738935493629e+01
6.561383448098992233e+01
6.809003876988933257e+01
6.843630214867683037e+01
6.921945529535757657e+01
6.968335756428236039e+01
7.185116462481450128e+01
6.607385026741495437e+01
6.814844881010687061e+01
6.999197563774464470e+01
6.922221998616717542e+01
6.564770307637436986e+01
6.584526673661217444e+01
6.862128795305349627e+01
6.758913774489103332e+01
6.880196658310475755e+01
6.870805704440968498e+01
7.146469247346242071e+01
6.668409551350463005e+01
6.944173246997890203e+01
7.176457264590814589e+01
6.796078189990660690e+01
6.948272927630128493e+01
7.207173832966856253e+01
6.895839094698331451e+01
6.814026634006910399e+01
6.610830199699039156e+01
6.919619665587117652e+01
7.171604825890902646e+01
6.354261564188600886e+01
6.836876393613320602e+01
7.101963538134542375e+01
6.710482299834342257e+01
6.766903856801015138e+01
7.083181864718031306e+01
6.809467502395153815e+01
6.891871165877236649e+01
6.523102884846640848e+01
6.841800951367714845e+01
6.893612208543527231e+01
6.576016593644618524e+01
6.875992934631253206e+01
6.870153765588803196e+01
7.011129125794084871e+01
6.538134770910396298e+01
6.754773099031190497e+01
6.875720122403755852e+01
6.995831230158515268e+01
7.199309490179689419e+01
6.911780315084375559e+01
7.139413610980420799e+01
6.474924205760743234e+01
6.780803615236594339e+01
6.905513339777090209e+01
7.049806976389918134e+01
7.236559746764677925e+01
7.275757201186770828e+01
6.706527002924576664e+01
7.003949438927099891e+01
7.034213611639394514e+01
7.262433160559349687e+01
6.676277793330021382e+01
6.989988493364626265e+01
7.011604348400842923e+01
7.185214339724792865e+01
6.649096264861644556e+01
6.963788003081189970e+01
6.953167564008315082e+01
7.224683074336226696e+01
6.549300600381033632e+01
6.923077577107103764e+01
6.845855698870570905e+01
7.147166790768388012e+01
7.419081049544544726e+01
7.168552872577784285e+01
6.961562841533337576e+01
7.102528030906022138e+01
7.376089318002757977e+01
7.072857901110815249e+01
6.996133845848787303e+01
7.295106545254724040e+01
6.976556848728496618e+01
7.326629406565716351e+01
6.645629587490969925e+01
7.087948839809540402e+01
7.398110927889501909e+01
6.890163066724197449e+01
7.289826732507918905e+01
7.471729984066637087e+01
6.918235864271720459e+01
7.293862180951474272e+01
7.529315396128970406e+01
6.797708785624486438e+01
7.320533943437155244e+01
7.576288307253425103e+01
7.226680486212005405e+01
7.546156159585878243e+01
7.746047423321715542e+01
7.042532263487497346e+01
7.530172535915686183e+01
6.722061583415354846e+01
7.207309597025847836e+01
7.329498173112412474e+01
7.534327336051774182e+01
6.985276331149756857e+01
7.157232990199706535e+01
7.337677301403245167e+01
7.527021350090699059e+01
7.690828003410487668e+01
7.626508180720641406e+01
7.119533411694708036e+01
7.382062854271185870e+01
7.624286738467390023e+01
7.670985720233933591e+01
7.088472905326459284e+01
7.402268577536334249e+01
7.441637300627127161e+01
7.679831627269420835e+01
7.049848955927861027e+01
7.446166744136220927e+01
7.444114047419697044e+01
7.692102954191580011e+01
7.675448488410808068e+01
7.943248803887661325e+01
7.233964450378458366e+01
7.578768138095502138e+01
7.755032195646030857e+01
7.574555445647463614e+01
7.477377668958918377e+01
7.617085425761369777e+01
7.905632402994086760e+01
7.487109455221032306e+01
7.651468581628091670e+01
7.619968855968880916e+01
7.953883841437668423e+01
7.419339933944247889e+01
7.731091286430597620e+01
8.010300562941736757e+01
7.474541515111307888e+01
7.849378313874360913e+01
8.161777628737219459e+01
7.546632222768150200e+01
7.918509131238762677e+01
7.279595768104145748e+01
7.673353898272529250e+01
7.956835713644373698e+01
7.344915813691747530e+01
7.740500934352566276e+01
8.027413958340864042e+01
7.310955616605920682e+01
7.738434745917355428e+01
8.021639496380204548e+01
7.447616196793256904e+01
7.893023826865234582e+01
8.133136978721829280e+01
7.532793851281185482e+01
7.967697511906796137e+01
7.305927538855624448e+01
7.704343653752019350e+01
7.793524867262134137e+01
7.869205868012878113e+01
8.130155414136127945e+01
7.762792586166673914e+01
8.100677171631615181e+01
7.433085381276973180e+01
7.762455258956089210e+01
7.916761642359365680e+01
7.996266025666164978e+01
7.393637416398384232e+01
7.686892435944621127e+01
7.828726836270104172e+01
7.990521178251272261e+01
8.171550746885189653e+01
7.678480973443278401e+01
7.910759415899650548e+01
7.443851788958492932e+01
7.646079056641306693e+01
7.984039338969481037e+01
7.953857194991189772e+01
8.326568740785268119e+01
8.051444613595467104e+01
7.781989284929707651e+01
7.854356316483747946e+01
8.256355300584401391e+01
8.113897694689028128e+01
7.729544986090040481e+01
7.869794123732349078e+01
8.284098648125051056e+01
8.009594789865883513e+01
8.473839913947493585e+01
8.086175348000864460e+01
8.417660118932688817e+01
7.683400482539668985e+01
8.178710238505428265e+01
8.183140073579205875e+01
8.192361044699786987e+01
7.838234892732123171e+01
8.274216628225403269e+01
8.280005456989188417e+01
7.960308921617544797e+01
8.379621429231264074e+01
8.407154695023164948e+01
8.036099924720491572e+01
8.164962377539096394e+01
8.565961317580074308e+01
8.099119026186262715e+01
8.263358618516119236e+01
8.653257726014611251e+01
8.152197865316588832e+01
8.339657534922655202e+01
7.877770615443606061e+01
8.278934963838408123e+01
8.363355861002378333e+01
7.983348709087434258e+01
8.380611693100397019e+01
8.514056027803367499e+01
8.123466336735856430e+01
8.476562344758342249e+01
8.716459916242808958e+01
8.040447029922871991e+01
8.461909459946652134e+01
8.659415739569588766e+01
8.764624295590033398e+01
8.157854304608748919e+01
8.512913917277813880e+01
8.737324705765887245e+01
8.354288114531354381e+01
8.674326874739961113e+01
7.946304381942995576e+01
8.368599398949788792e+01
8.485715971422648352e+01
8.545329604858079620e+01
8.945991597412016461e+01
8.550872800152440334e+01
8.862154536456287701e+01
8.848097313578865908e+01
8.765396566774180087e+01
8.801886658336040625e+01
8.240366721563115959e+01
8.450758664214407645e+01
8.910348127147683783e+01
8.514106314980102752e+01
8.712433655889756778e+01
8.632678923998885523e+01
9.018818339367614101e+01
8.301889009904772365e+01
8.839374813645180495e+01
8.776500672288739224e+01
8.873542510283306228e+01
8.637975504273831007e+01
9.088996479020963193e+01
8.786196459845425011e+01
9.027089595299446501e+01
9.369519503755704193e+01
8.771799618190223669e+01
9.209571893358520356e+01
8.442197766986816987e+01
8.956293581003400561e+01
9.316554388991519886e+01
8.548783730816053605e+01
9.068574756500993317e+01
9.445825587462768169e+01
8.750046428043246749e+01
9.260278728600046350e+01
9.564579296010234088e+01
8.833366155253283125e+01
9.349764512687524132e+01
9.656053943174683241e+01
8.941105666152513720e+01
9.469517401531980738e+01
8.643121736507268338e+01
9.224690166758779242e+01
9.517976013243132627e+01
8.804858525305240846e+01
9.289088269160866673e+01
9.552800639531344018e+01
9.035541376167326177e+01
9.408279049834980867e+01
9.715085321333003776e+01
9.165186122915072531e+01
9.625581872482034385e+01
8.903021459461675136e+01
9.319487530588500590e+01
9.566637572293248581e+01
8.897729013414560484e+01
9.362849997073797681e+01
9.747717209906329572e+01
9.644868341591778460e+01
9.066478419053787263e+01
9.603088219299978334e+01
9.673322372012570725e+01
9.614926636814983851e+01
9.941705397923472276e+01
9.764835227353958658e+01
9.838535873341143656e+01
9.445451974615289714e+01
1.001683361349809758e+02
9.920529737653379243e+01
9.595849866233810133e+01
9.697919399330240253e+01
1.027729248875940158e+02
9.601566056965421581e+01
1.007556646267402556e+02
1.042100102205355654e+02
9.699043361692285714e+01
1.022856450901799263e+02
1.064507647044622445e+02
9.963598507313635366e+01
1.047546521324052406e+02
9.687354168824155920e+01
1.027852836224581239e+02
1.030626060682576366e+02
1.006473523284587941e+02
1.062237229110596815e+02
1.026268752076242237e+02
1.049098204148324101e+02
1.005639669850811089e+02
1.062000804303963406e+02
1.052824349824964116e+02
1.014827060749200882e+02
1.056767643576255011e+02
1.093449486622410944e+02
1.012670544853098562e+02
1.070334392104739436e+02
1.111306722909582305e+02
1.037002127787661721e+02
1.094641958847287668e+02
1.023953511887219037e+02
1.077963071497630949e+02
1.106489598084072981e+02
1.041070571451121936e+02
1.089016503628018597e+02
1.116990106144208568e+02
1.045672966820474699e+02
1.098194683406808849e+02
1.134813243004115861e+02
1.066394596012366947e+02
1.122022237656039891e+02
1.144623289019942689e+02
1.083861040499498642e+02
1.127586051190192649e+02
1.063918968087304933e+02
1.106105867195122272e+02
1.148935301136770875e+02
1.074243335680471034e+02
1.138738885714951863e+02
1.154053095801191802e+02
1.103781547595489627e+02
1.135289117662689051e+02
1.192172047816128639e+02
1.130597194889463424e+02
1.185969394743901546e+02
1.192984843549888012e+02
1.162258334774915625e+02
1.173315001780552933e+02
1.124087571474590845e+02
1.189839057692459789e+02
1.185833532449318710e+02
1.156634619458777848e+02
1.173746748681401755e+02
1.238712868169928214e+02
1.156948411213092669e+02
1.206405520289797551e+02
1.255914175634997889e+02
1.178551831823668010e+02
1.231848809446362765e+02
1.274030268798213399e+02
1.198406580073595364e+02
1.253498752640563936e+02
1.182744294814517048e+02
1.250179680011547418e+02
1.224952518677274611e+02
1.248294163344928336e+02
1.240133737151800801e+02
1.297015104992793795e+02
1.214337225152565196e+02
1.277516001231455363e+02
1.317191074888098399e+02
1.237322919079270633e+02
1.300654344070188131e+02
1.333447688454466800e+02
1.258928182407630629e+02
1.320510484857830136e+02
1.246995330839647522e+02
1.309189433982971593e+02
1.309461288831038530e+02
1.267950152114236460e+02
1.317631104590352322e+02
1.342513286711094622e+02
1.288245612460248424e+02
1.333371935342715346e+02
1.388436009318375000e+02
1.297814404575068181e+02
1.377890657748839658e+02
1.382551503273207629e+02
1.331619152969288677e+02
1.372209364833968266e+02
1.316208629287655754e+02
1.357541014483300330e+02
1.424483281195252005e+02
1.320773998457328560e+02
1.398950753094834738e+02
1.408782755131485658e+02
1.373995865272575543e+02
1.398262272534358317e+02
1.463991874357062954e+02
1.365667534881235099e+02
1.450858548588486201e+02
1.353155441939299806e+02
1.442563191790223982e+02
1.437139003457085096e+02
1.415915580651505934e+02
1.431136091206679168e+02
1.497488727954839192e+02
1.396873477680653082e+02
1.481285302734898721e+02
1.469836644916255750e+02
1.465717854699036025e+02
1.459433100750756296e+02
1.522252834204315093e+02
