0.000000000000000000e+00
-4.523320777685049876e+01
1.974778317940290862e+01
-2.622893912996774546e+01
1.391341763479912341e+00
-7.437041800809598868e+00
3.988562284184489215e+00
-1.157699498193635002e+01
3.095690050353973266e+00
-3.559736274285724811e+00
3.035165018273106696e+00
-2.878797259686819654e+00
2.823475302068018333e+00
-2.340761017738832273e+00
2.487009295559458710e+00
-1.863538222557131974e+00
2.384954560996438655e+00
-1.432357171530081796e+00
2.396759685996320499e+00
-1.036704979917123293e+00
2.469230147018298016e+00
-7.045176905412499080e-01
3.266310916417916932e+00
-4.990272788331369114e-01
3.580873388839626248e+00
-2.988428505835579729e-01
3.911207892247874796e+00
2.571351755356563462e-01
4.137946771921478195e+00
4.052392354865676505e-01
4.344028090330102287e+00
6.085635012870503902e-01
4.682236987903973358e+00
8.587404358510026814e-01
5.026625889218924392e+00
1.137336668969608944e+00
5.388571397754208014e+00
1.437080308555704011e+00
5.768109307956520659e+00
1.754588009852434460e+00
6.161106806309282646e+00
2.087003442777565443e+00
5.435099384613284457e+00
2.450484300780609193e+00
7.122641749955455737e+00
9.341124368496160457e+00
1.084883617315775695e+01
8.336759031776768580e+00
1.209326767901456101e+01
8.967748402011325837e+00
1.251329339203596192e+01
9.344698095852381314e+00
1.294866855509234504e+01
9.737442198029647500e+00
1.335851661703185123e+01
1.010564585118827630e+01
1.376134687690033864e+01
1.047090353944364338e+01
1.415757666187622021e+01
1.083150498242205195e+01
1.455177757401687977e+01
1.119044017926074375e+01
1.494369896423413557e+01
1.154761807707040155e+01
1.533417610406386800e+01
1.190335308185185426e+01
1.572298981730576450e+01
1.225742050952758433e+01
1.611005581504284123e+01
1.260957945998789320e+01
1.649507193516624781e+01
1.295948330575435392e+01
1.687774019012102755e+01
1.330676464768107081e+01
1.725772164793226082e+01
1.365103360895625428e+01
1.780341568588578127e+01
2.022706304049933124e+01
2.319070252137808552e+01
1.941785277269872978e+01
2.413768172354786046e+01
1.983912049605250871e+01
2.449820669783093052e+01
2.018669697303954180e+01
2.484193760840139120e+01
2.051838730077335526e+01
2.516645507632187773e+01
2.083263714173660830e+01
2.483749916957329873e+01
2.116303597358727728e+01
2.517449462775826063e+01
2.148150089404090934e+01
2.547685272756400821e+01
2.177149109938880756e+01
2.575763200439753930e+01
2.204251158814474465e+01
2.601667918222352682e+01
2.229477103372700597e+01
2.641412349293636197e+01
2.925535767739506809e+01
3.062745733572390705e+01
3.016267056576961636e+01
2.964095143265946319e+01
3.170135649494950414e+01
2.947349119266463191e+01
3.156294997870102748e+01
2.964877758694710508e+01
3.195105808221724430e+01
2.918161539157889095e+01
3.209079859696397108e+01
2.932768945049730647e+01
3.212442016572344983e+01
2.949164179399377161e+01
3.216734079920242806e+01
2.964681758368949005e+01
3.219920661171277487e+01
2.980830218635715312e+01
3.279483489895729065e+01
3.661514764598684479e+01
3.928466936091332684e+01
3.624464257106563281e+01
3.936340675697351799e+01
3.635454113174279200e+01
3.928560022739462454e+01
3.609738667977518389e+01
3.841045670006611346e+01
3.293438170834365764e+01
3.844576174403952962e+01
3.555901003055127063e+01
3.852781897763571095e+01
3.541279801886349077e+01
3.855343011383352092e+01
4.141973442500916036e+01
4.256781537655470515e+01
4.143599174531924234e+01
4.287526690957165698e+01
4.148104079510819275e+01
4.288224356882853527e+01
4.126583167272507779e+01
4.274949306881638478e+01
4.101381157834427427e+01
4.256335163212093420e+01
4.074876576750228452e+01
4.235186792783918719e+01
4.046574454485035943e+01
4.199032053061048941e+01
4.068300686216124262e+01
4.474705510552909971e+01
4.555549340289829985e+01
4.997447301079581905e+01
4.334528711753029029e+01
5.053671122043881070e+01
4.265361266126350159e+01
5.012732638066120217e+01
4.187442055767785831e+01
4.987845105602194451e+01
4.324145445827325318e+01
4.520326962492911349e+01
4.601285207924155429e+01
4.563788151422999562e+01
4.451157195304922709e+01
5.050464169063420883e+01
4.881123030580271660e+01
5.315384332421058389e+01
4.649294545563186176e+01
5.346251858078721142e+01
4.551657492929599869e+01
5.245681589445008797e+01
4.527105924546772542e+01
5.175439806345656990e+01
4.434938308003122387e+01
5.100164508977000821e+01
4.378014250758143788e+01
4.984971575938961053e+01
5.266075428087596322e+01
5.122579469437628319e+01
5.350536164856215748e+01
5.132393199947751583e+01
5.150927107679736139e+01
5.105657031590017425e+01
5.074829215091595813e+01
5.031545510450497716e+01
5.024727781835211715e+01
4.976116083925420241e+01
4.950841787641802227e+01
5.444115693189408489e+01
5.262118467463583471e+01
5.616899763406011203e+01
5.064884685750056548e+01
5.616350740935145325e+01
4.939556885956690024e+01
5.519619974757048197e+01
4.958435782141114601e+01
5.473419150102719044e+01
4.802180117486024358e+01
5.368164838836681696e+01
5.738346052663485608e+01
5.385768138627065582e+01
5.642760122224154173e+01
5.361821412979094248e+01
5.599447235115094657e+01
5.251697484161169882e+01
5.592837986938402395e+01
5.010063130136871479e+01
5.541041512995034424e+01
4.901933306388898615e+01
5.433343082541887981e+01
5.784477342846344783e+01
5.334709613307782661e+01
5.790950604894068476e+01
5.163436668494528448e+01
5.674547242345583697e+01
5.081322873264319639e+01
5.575141196056033976e+01
5.056690823364578335e+01
5.504703857263457678e+01
4.832787974428148203e+01
5.390081054312805975e+01
5.727578578872371651e+01
5.214127989167457145e+01
5.756942655217142146e+01
5.177738793108744630e+01
5.644988158803902678e+01
5.104246102796569318e+01
5.543108014381309090e+01
4.904362023873601117e+01
5.419465695676166206e+01
5.723490982079562173e+01
5.469630997020906449e+01
5.775565502101355975e+01
5.174000162271359216e+01
5.726402871161877783e+01
5.096112857253665140e+01
5.570774551271774300e+01
4.984241196759246151e+01
5.438536474754593542e+01
5.709128064522827373e+01
5.512926094621344930e+01
5.755564351507417342e+01
5.197233637318043264e+01
5.669041476129720536e+01
5.107427133919841822e+01
5.504050387969456892e+01
4.944392420025390322e+01
5.349652455813989604e+01
4.826797954709290650e+01
5.201989104971229949e+01
5.431187265728819114e+01
5.576128405652291775e+01
5.154392364784760616e+01
5.442172311203770363e+01
5.000713525648785662e+01
5.275725990953864653e+01
4.890971867255461092e+01
5.170060344325015222e+01
5.360066584804043543e+01
5.622034353498087000e+01
5.083854368417681258e+01
5.443367352113421020e+01
4.808731380990684556e+01
5.261000072703961905e+01
4.742263321261199849e+01
5.091242838916063107e+01
5.256426972459895097e+01
5.480522065739335602e+01
4.975454746995626465e+01
5.327129286851428702e+01
4.812918832640651345e+01
5.165571124109536072e+01
4.679329555649273686e+01
5.009140906445446007e+01
4.505090850058172691e+01
4.843524690521789466e+01
5.016953966480393490e+01
5.209062005383694327e+01
4.844623013877659901e+01
5.113845168912384054e+01
4.600572693846581984e+01
4.898912492465615287e+01
4.504738307790486829e+01
4.762529294030651528e+01
4.974646967131653952e+01
5.108396085291882827e+01
4.836323858598223779e+01
5.012616480410990505e+01
4.494455052032590459e+01
4.781326863350977874e+01
4.492795274622115187e+01
4.659743528756195019e+01
4.908041789150230017e+01
4.979861061263493838e+01
4.761236126783243350e+01
4.856440949070560720e+01
4.543537150345856190e+01
4.667105460355120528e+01
4.401029133894417100e+01
4.553350393605088442e+01
4.850115404105181938e+01
4.832169653097175654e+01
4.660900273110222258e+01
4.690727600180894541e+01
4.501751659809472983e+01
4.533337920256521159e+01
4.300597227434047198e+01
4.574201137038998866e+01
4.720714501760487991e+01
4.675602173225013303e+01
4.518725048251607745e+01
4.493746387629937544e+01
4.517150100856854067e+01
4.450296542016570100e+01
4.204277329545004704e+01
4.600878027387649638e+01
4.428845235623006715e+01
4.817630573621668333e+01
4.196418540172071943e+01
4.601455470149772253e+01
4.064281388732994316e+01
4.442822401641777930e+01
4.721967057836041448e+01
4.454639349251262104e+01
4.435643845554830023e+01
4.305656914169120597e+01
4.262240397591188668e+01
4.130303669160825564e+01
4.130778258820929949e+01
3.986788251903067959e+01
4.296573772812899961e+01
4.663301962622348640e+01
3.922836280012946020e+01
4.330028564914455558e+01
3.962902502035493058e+01
4.259568857371076689e+01
3.578937402871443396e+01
3.999760014686425791e+01
4.296473274995846481e+01
4.145306698431107151e+01
4.129566231130218057e+01
3.899296087630122543e+01
4.052246550025430594e+01
3.811847687069526813e+01
3.763062385924760633e+01
4.111028827286457954e+01
3.993248108124988960e+01
4.095008016245024862e+01
3.804425288570340769e+01
3.877976160835184771e+01
3.629539402812041970e+01
3.773676605575113285e+01
4.117086408746768456e+01
3.688741522711517007e+01
4.106941475366662075e+01
3.288584804462453803e+01
3.855616817236103344e+01
3.216508799952561759e+01
3.688128149208190365e+01
3.851029108739065521e+01
3.957176849077681169e+01
3.635855928441754514e+01
3.720034676069877833e+01
3.433658067272707370e+01
3.589383084315780792e+01
3.841091976731428304e+01
3.952955432105529354e+01
3.562752281528948828e+01
3.725145671154448479e+01
3.370374591261018082e+01
3.573423348661157206e+01
3.182601467430259845e+01
3.410449466276681108e+01
3.584325072987837757e+01
3.711962291820439219e+01
3.423721070415424350e+01
3.618879892855547808e+01
3.207965578304408893e+01
3.369742012738586112e+01
3.601547007693321234e+01
3.720060773162254719e+01
3.403720580762248460e+01
3.647390595711324579e+01
3.136190188113920740e+01
3.392603393081313357e+01
2.933430893575024712e+01
3.130400656238237289e+01
3.325975357328117354e+01
3.485650315735991001e+01
3.432745431541658832e+01
3.080103358763450672e+01
3.321766139138547658e+01
3.500245076721230930e+01
3.619385915305893064e+01
3.227277254900485559e+01
3.400631188566877228e+01
3.136326297586827749e+01
3.272891611300143211e+01
2.823826244769637484e+01
3.037193650252653399e+01
3.261321077676155511e+01
3.335833700345141040e+01
3.302363292780972159e+01
3.313315817654851259e+01
2.881995431427087340e+01
3.195677020715603689e+01
3.327183950776459653e+01
3.355472491174284499e+01
3.172456476079152310e+01
3.215756540640069261e+01
3.066689658747406355e+01
3.105176971556302234e+01
3.426664518312575325e+01
3.372244101295599705e+01
3.187669517863169233e+01
3.198030030686023295e+01
3.087071576323833355e+01
3.085237589245999601e+01
3.431203798761682577e+01
3.432468009307848433e+01
3.169011197244438449e+01
3.166813506991647387e+01
3.331900252444200561e+01
2.747180286544676164e+01
3.261971479489740489e+01
3.318776477513443979e+01
3.532811899828118385e+01
3.010811310722093026e+01
3.298383968403235400e+01
2.904667265571582035e+01
3.278887012867740935e+01
3.576331816982574452e+01
3.121562442341680210e+01
3.516264731322129222e+01
2.982894224924532978e+01
3.286488987941752526e+01
3.583422396208577254e+01
3.438560386020904502e+01
3.380110598879150530e+01
3.225567884565126064e+01
3.331777673560196718e+01
3.129732916848897872e+01
3.055348551933063561e+01
3.400742695333489962e+01
3.305053773807269124e+01
3.573894846710911111e+01
3.110561044081698512e+01
3.430958376868348836e+01
3.728902240617965447e+01
3.163239785973915019e+01
3.671774116019467016e+01
3.089041668269520002e+01
3.514131554496416499e+01
2.904445723840884597e+01
3.299822419000494733e+01
3.576339662292115662e+01
3.463053055936516245e+01
3.426214185911178589e+01
3.408411562241865056e+01
3.113152130110716342e+01
3.477922291376048491e+01
3.459078481925896398e+01
3.728388535887037136e+01
3.269722113687904397e+01
3.621292673321877231e+01
2.908726387595138974e+01
3.342668912188329955e+01
3.581428237156858074e+01
3.674224147739900559e+01
3.315151533883200585e+01
3.525190065450169641e+01
3.142743466070701430e+01
3.419677282216032665e+01
3.573250125400521426e+01
3.725225170893937587e+01
3.393501832741257829e+01
3.609581140186200798e+01
3.184261805039319171e+01
3.500935007015945644e+01
3.669643617010635239e+01
3.788445440900095207e+01
3.496574854761192341e+01
3.734148091809684900e+01
3.228520986796923609e+01
3.551649635349409095e+01
3.724802370794161988e+01
3.927450595650910259e+01
3.369535997035953301e+01
3.689879084196075354e+01
3.861492398650204905e+01
4.075697472317707337e+01
3.951036582020116583e+01
3.836146024247330644e+01
3.903016872545772031e+01
3.443383179747793577e+01
3.706725844896016042e+01
3.943966522035418620e+01
4.038760349859499144e+01
3.747610415749162627e+01
3.893261544872426327e+01
4.166060359366439769e+01
4.214716653544675040e+01
4.048910634226854910e+01
4.126060491670468622e+01
3.806888736457403155e+01
3.952782255807058220e+01
4.261138313046685511e+01
4.316972202274349257e+01
4.047375706946738205e+01
4.098285823724159371e+01
4.173205696140747278e+01
3.848290839492285187e+01
4.238422070823106225e+01
4.373019272688480186e+01
4.174225669743891132e+01
4.208424918159543182e+01
4.010624938113721782e+01
4.409201637548181907e+01
4.293356061459797957e+01
4.685774610192703449e+01
4.031832418619020331e+01
4.475267654168480647e+01
4.765829630120038019e+01
4.550303128745310488e+01
4.600054317966166906e+01
4.477604470350097898e+01
4.364225492796142447e+01
4.267873215560053524e+01
4.666713716731132422e+01
4.855976188826529238e+01
4.326240809338725768e+01
4.783809829762449084e+01
4.069486335210814332e+01
4.573822721517962719e+01
4.901462232740188085e+01
4.500645642056528573e+01
4.729928309640174433e+01
4.463698944665297574e+01
4.792551730129208920e+01
4.998981213810829871e+01
4.811057981079400747e+01
4.732649230303351118e+01
4.750041750922353856e+01
4.494896731422044667e+01
4.811689708494476037e+01
4.907383163354477063e+01
5.154053578254006140e+01
4.523544936666251459e+01
4.878009233791920707e+01
4.422134264879764487e+01
4.824829705365540633e+01
4.887584316590932332e+01
5.201125350028701888e+01
4.585304974462807337e+01
4.983097979242459985e+01
5.231535720380627197e+01
5.213357366057491760e+01
4.864849006841374290e+01
5.112119774947303341e+01
4.648531683522151070e+01
5.028688581000717761e+01
5.094459060134942519e+01
5.357367860756112066e+01
4.879005999790943804e+01
5.179710194213841135e+01
5.283034251847320917e+01
5.494307146419676258e+01
5.151143728341308048e+01
5.365182647201829980e+01
4.885305171921403655e+01
5.139471837988035219e+01
5.309686848472598797e+01
5.479326024544255347e+01
5.186859817628057101e+01
5.417528787292440740e+01
4.927328425891541741e+01
5.181326894836006147e+01
5.412957836418964774e+01
5.552531633610352202e+01
5.047937153536587118e+01
5.322755125215906702e+01
5.554435559457512994e+01
5.648665091399811899e+01
5.428850274377104768e+01
5.537922026487077432e+01
5.031631529048625140e+01
5.289153566554684716e+01
5.558680806524030515e+01
5.592795945970294724e+01
5.459751727321686587e+01
5.542737742791553757e+01
5.849223292657969608e+01
5.816896474788078564e+01
5.499637806893591829e+01
5.593826132374454119e+01
5.433184304528408859e+01
5.510155881368027053e+01
5.836679542216734262e+01
5.751753636821318594e+01
5.529960884063174120e+01
5.548484119940331283e+01
5.881899646176845664e+01
6.038470520190925583e+01
5.670585351542074193e+01
6.005783162377937145e+01
5.347274787206761459e+01
5.772801888148057259e+01
6.093503324995180748e+01
5.886165219014803540e+01
5.834038344314983959e+01
5.709862412265640330e+01
6.073701846018754225e+01
6.294183023275402178e+01
5.530223629412441966e+01
6.092097496118348232e+01
5.522070880455919450e+01
5.973548096662358375e+01
6.261747076261293898e+01
5.732099179449052428e+01
6.166660165389365034e+01
5.357458254887038152e+01
5.919374984120192806e+01
6.202749928783426014e+01
5.859095568697600243e+01
6.137189359110057296e+01
5.414860542209578398e+01
5.949513913319979963e+01
6.119235527863632029e+01
6.348549308527961443e+01
5.674898847103180088e+01
6.079823705477384266e+01
6.325130787734261162e+01
6.316606331961340004e+01
5.967660458655097955e+01
6.112913843105484091e+01
5.758932580089443576e+01
6.000770919940241299e+01
6.099295789549660896e+01
6.306886394679037267e+01
5.712173377080851111e+01
6.069942674360697765e+01
6.283511524446481644e+01
6.299779190176988664e+01
6.036121024605444063e+01
6.228447877906790353e+01
5.596761154641539804e+01
5.999864004525720418e+01
6.105164361159809516e+01
6.305999491013992042e+01
5.698547152690701978e+01
6.036197379548593744e+01
6.183179444943180414e+01
6.335013504523926997e+01
5.811927381354028910e+01
6.063698902950294922e+01
6.216712908399841808e+01
6.346844953628703223e+01
6.061888463902143087e+01
6.237360979256276039e+01
5.701260570161765173e+01
5.993414704535565107e+01
6.059629965247521710e+01
6.280696792117102945e+01
6.125092903405762712e+01
5.777495027460125243e+01
5.927265732367311557e+01
6.173207738196438754e+01
6.182891212296690497e+01
6.129179134221728731e+01
5.800257256297980035e+01
6.077541424407156256e+01
6.214788790937953422e+01
6.187715995583307205e+01
5.834353838344454601e+01
5.897979386526462520e+01
6.175096201598079659e+01
6.177965380610115176e+01
6.133600402072666213e+01
6.040851836076767256e+01
5.726024368582241664e+01
5.813627211895260416e+01
6.118452616526171539e+01
5.953909274626828818e+01
5.913625484029774526e+01
6.249461565695806087e+01
6.017558476778255994e+01
6.346288173283215173e+01
5.804318961209033745e+01
6.067181571201003010e+01
6.327641379900288854e+01
6.040193053962894254e+01
5.995628068868635552e+01
5.781756447825664935e+01
5.912534430917876449e+01
6.237714946606462973e+01
5.919872516938647067e+01
5.970738752881792522e+01
5.705744432860451099e+01
5.747100950862822799e+01
6.079220471269054826e+01
5.813787695145758505e+01
5.991045768508546132e+01
5.658306527560333166e+01
5.981082832188334208e+01
5.904182332394992727e+01
6.060377378514158409e+01
5.675300464514727850e+01
5.802770348055372551e+01
6.011563334646574219e+01
6.207686221878355326e+01
5.599326770348459803e+01
5.879112160230340578e+01
5.372183732264124956e+01
5.641920407074811550e+01
5.779858236963694651e+01
5.901156731958148072e+01
5.238151503010393384e+01
5.592883610433222685e+01
5.749169892530425585e+01
5.841490250430847198e+01
5.435928214776046730e+01
5.658760997510476187e+01
5.792605396992725275e+01
5.882210276962321416e+01
5.513863976088462238e+01
5.728187490937007453e+01
5.851123287100498516e+01
5.903787036485121575e+01
5.461257965176604046e+01
5.605928235856141839e+01
5.238615317686466710e+01
5.402537377828727472e+01
5.577230981322598780e+01
5.625318055813865925e+01
5.310843222522979801e+01
5.444967912665854470e+01
5.654631851188736391e+01
5.650900469749281996e+01
5.337998731682875331e+01
5.415962014358765941e+01
5.647605977089516927e+01
5.610613666623603990e+01
5.319235332320523213e+01
5.359722431981819568e+01
5.073761956104595328e+01
5.189480742980079953e+01
5.424029832060011103e+01
5.351258859186452099e+01
5.189279511869917627e+01
5.252829797200865158e+01
5.509215394688708045e+01
5.382034567565477090e+01
5.167539252060391419e+01
5.102863149347516014e+01
5.397132548206611347e+01
5.309728042369475531e+01
5.183655165920589525e+01
5.057442043077303140e+01
5.362162478569037205e+01
5.546643813225975350e+01
4.922082461374648688e+01
5.280911532785707863e+01
4.872261354740454919e+01
5.180371795282390224e+01
5.419645818516311664e+01
4.841641052790647848e+01
5.211532612055188451e+01
5.453254603313299498e+01
5.091115503255559815e+01
5.242901937423003034e+01
4.912920082014520062e+01
4.872731451550082937e+01
5.209697509873794274e+01
4.947758872184556367e+01
5.231107322961558737e+01
4.386304571186719414e+01
4.911313000137690921e+01
5.043257967568071365e+01
5.238088290310041373e+01
4.479982480764143560e+01
4.921706432828360533e+01
5.126781796958818660e+01
5.186088728268892112e+01
4.770612532593138866e+01
4.837823667851957765e+01
5.056938400247326371e+01
5.217360356836276480e+01
4.527231148287454943e+01
4.904079035546166665e+01
4.274693796003655422e+01
4.649123417192343766e+01
4.716893667287879310e+01
4.881607059176688068e+01
4.476223385133394572e+01
4.697246152027413046e+01
4.793039412383411246e+01
4.924141029096907118e+01
4.528112610628798507e+01
4.708322946798502784e+01
4.808384638212705653e+01
4.901106902744363936e+01
4.656191243163779347e+01
4.764311962040686410e+01
4.918803417059279326e+01
4.982574013130984270e+01
4.498084374741228686e+01
4.645405733762717659e+01
4.822152451447143306e+01
4.863455213584913395e+01
4.884582023794490624e+01
4.453452217811111069e+01
4.729513849204725062e+01
4.717374597812946035e+01
4.934122625494867975e+01
4.494848998742707380e+01
4.790755054190479001e+01
4.819040086804834289e+01
5.008589611944773878e+01
4.553207386307541782e+01
4.867603776115233671e+01
4.039841012858815361e+01
4.504771661836092278e+01
4.470172501696141154e+01
4.757774684130636444e+01
4.383285797124995042e+01
4.731234899571317953e+01
4.805795118799147048e+01
4.511822257810106152e+01
4.794781762440569395e+01
5.034645229407621514e+01
4.745002155940736088e+01
4.711942252152865507e+01
4.545514861435306386e+01
4.393923753407642607e+01
4.765677431239723916e+01
4.495497780908182506e+01
4.824435028086455901e+01
4.162591017211244804e+01
4.517529751480981304e+01
4.785996293626214992e+01
4.473799716806392723e+01
4.542170357177128182e+01
4.319816085416957208e+01
4.557231896029487217e+01
4.622077149252267958e+01
4.759774360069446431e+01
4.158625625645903057e+01
4.418387266452386797e+01
4.653447725069129604e+01
4.832869608100708092e+01
4.279195833937372839e+01
4.550469112917475911e+01
4.769055948291428848e+01
4.786110482953961309e+01
4.388439764854265945e+01
4.523715714770797547e+01
4.759602961678134392e+01
4.889212595739947176e+01
4.214318442542457888e+01
4.649765564276351171e+01
4.728200924013726336e+01
4.919120796794126704e+01
4.382871438492622218e+01
4.660902670563884698e+01
4.759054625702404451e+01
4.920611414767839165e+01
4.664616993647965870e+01
4.813150878525265597e+01
4.990784261889550066e+01
5.023847481697595185e+01
4.671360966515972279e+01
4.820465901183408164e+01
4.348771489563112880e+01
4.548255785058091050e+01
4.742231321949304146e+01
4.782496578016618827e+01
4.391358552151486094e+01
4.560049825833889514e+01
4.745937525699156367e+01
4.799038298713959705e+01
4.729594614316160772e+01
4.788501631878904163e+01
5.025596676911298744e+01
4.996875340947970301e+01
4.579592086967819853e+01
4.692215071660984194e+01
4.952555469319828063e+01
4.899405568820896661e+01
4.914507235815732855e+01
4.849949120142883885e+01
5.128877230229838347e+01
5.076226397691985426e+01
4.779725047110421343e+01
4.764377004431371176e+01
5.077308003574883344e+01
5.132945456293938946e+01
4.868587763401689017e+01
4.786284002450900488e+01
5.122485372447906116e+01
5.370505125762814913e+01
4.728080165973436522e+01
5.170993439422429105e+01
5.441899878057216711e+01
5.144448446252906137e+01
5.115353757290872494e+01
4.914540775865605582e+01
4.946804981276324042e+01
5.294458094878415011e+01
5.007552634778313205e+01
5.177800578308305290e+01
4.896785243108048746e+01
5.241014258855828700e+01
5.211548928804320724e+01
5.169096719389136751e+01
5.142159971843152277e+01
5.389821739488357366e+01
5.588743727194032829e+01
4.852114900664768982e+01
5.287086233380833988e+01
5.511354714117834419e+01
5.589112422314201467e+01
5.183313901873514595e+01
5.253434707238225343e+01
4.879352285930588096e+01
5.125833110950808447e+01
5.180334029734940771e+01
5.399999169290708068e+01
4.768869103131200404e+01
5.138061328838299602e+01
5.222035004324843754e+01
5.443422561487135880e+01
4.768190123365529587e+01
5.127071434058065336e+01
5.238145369275719077e+01
5.415184405905664278e+01
4.932758763508418554e+01
5.113896608152724355e+01
5.280273521077299392e+01
5.414635155565490265e+01
5.419418649035446123e+01
5.604797615490060991e+01
5.674959939103087692e+01
5.272433712759062274e+01
5.423368184942194858e+01
5.623128698038370032e+01
5.668420095314807128e+01
5.582152162582260502e+01
5.442263583875475064e+01
5.705079468705802270e+01
5.714504267077373356e+01
5.305470450127850057e+01
5.412215797807424877e+01
5.651636997786557259e+01
5.630139748945139644e+01
5.732914704526215388e+01
5.564909951039747682e+01
5.214973569652463681e+01
5.290241908132875892e+01
5.575266176529473938e+01
5.457542731872997166e+01
5.457504293587526689e+01
5.713953079784405986e+01
5.520189344095541628e+01
5.800960518248307096e+01
5.184642513051283430e+01
5.567502606257613706e+01
5.805937912412088053e+01
5.549282984868346347e+01
5.501652450222895396e+01
5.842138895619994798e+01
5.562921634676412452e+01
5.896112359200645159e+01
5.268308103057864145e+01
5.606535971143411956e+01
5.865350985906555081e+01
5.536590458437237317e+01
5.555455647572431843e+01
5.881511294175004423e+01
5.805982249151346508e+01
5.878630376721402939e+01
5.510916001264763509e+01
5.603216127910359035e+01
5.910005188622375982e+01
5.494507666472448904e+01
5.671865381115052429e+01
5.358506366954627254e+01
5.579247281417044491e+01
5.645090231274588177e+01
5.820513851395519822e+01
5.237651815350875495e+01
5.525113758261519337e+01
5.707638542006541371e+01
5.769303354688480567e+01
5.337751280205871751e+01
5.557412465582200412e+01
5.630621929954570248e+01
5.817717155502997883e+01
5.255217355010859137e+01
5.512826107704086809e+01
5.602365997017361821e+01
5.747720718958819219e+01
5.343482379223550538e+01
5.605431249022920071e+01
5.686332192485085102e+01
5.843201157588285355e+01
5.371367233010649755e+01
5.542414849674027977e+01
5.633282393200857285e+01
5.792375317922941491e+01
5.416057224702051087e+01
5.676173682301811851e+01
5.694849607276134407e+01
5.874238898201329562e+01
5.425303676343289538e+01
5.704602701440384749e+01
5.684588504087319194e+01
5.924834693507794015e+01
5.435095602414274651e+01
5.713485857748082708e+01
5.646351521808776397e+01
5.915214901490571719e+01
5.511992774781524673e+01
5.773166311102222892e+01
5.698813417492569044e+01
5.945611211720213163e+01
5.419126862589617843e+01
5.667051507453267334e+01
5.884566038582916292e+01
5.690462474152966621e+01
5.616632208988387731e+01
5.922180604072386956e+01
5.693238018526391642e+01
5.996595847196982021e+01
5.350488801443902531e+01
5.669048675684104666e+01
5.912527506868757143e+01
5.626563930192430263e+01
5.665409483376163990e+01
5.418335085571622756e+01
5.728152734616593023e+01
5.788225726596928666e+01
5.519896027304770314e+01
5.450797825798452578e+01
5.769870238408213226e+01
5.541845804582611379e+01
5.809519230281920699e+01
6.048970110512528464e+01
5.602478183111214349e+01
5.908356274821645826e+01
5.241458894181503325e+01
5.645354900291436451e+01
5.757028068966844359e+01
5.895302122126417288e+01
5.427685015046862560e+01
5.508944900998166361e+01
5.713617840926431768e+01
5.887320016534506095e+01
5.181913278429981062e+01
5.570711693625274563e+01
5.709044351059312561e+01
5.807683760412955820e+01
5.374544082855856431e+01
5.540431156557365000e+01
5.639332013220522555e+01
5.756990181042957744e+01
5.425820551319485219e+01
5.615447353118893403e+01
5.688210657952846816e+01
5.830038857287717491e+01
5.368775264888346754e+01
5.564888528586621419e+01
5.619892400815614764e+01
5.784939683617919570e+01
5.447097051770101217e+01
5.645791331026450166e+01
5.687225017129822646e+01
5.771005966920760955e+01
5.563617575975111862e+01
5.356193538515496044e+01
5.486986498487383557e+01
5.697221141773118802e+01
5.643058661199625448e+01
5.187536331544297497e+01
5.310321258760715324e+01
5.543938377062126222e+01
5.476687714082401470e+01
5.558572402918379396e+01
5.552745797389332694e+01
5.802994146506839002e+01
5.529330896431224573e+01
5.436542931593140793e+01
5.595240583980093163e+01
5.601735798922322118e+01
5.707752521774919074e+01
5.026568948652543156e+01
5.454844973811765385e+01
5.713128031656455619e+01
5.467780891650898667e+01
5.497631986130913617e+01
5.806838867033313534e+01
5.529172080322710059e+01
5.719535231174692314e+01
5.056665014646031153e+01
5.520787145704767340e+01
5.762317269443467893e+01
5.287484476159194458e+01
5.654926207219124024e+01
5.841252440035741955e+01
5.491577753738551593e+01
5.711037297173650273e+01
5.291920803430672038e+01
5.649752495111442130e+01
5.559935075022916351e+01
5.438789450074845888e+01
5.628532107350797276e+01
5.816376403115006610e+01
5.792470740874623658e+01
5.412007862794657598e+01
5.626565019047559701e+01
5.696940069611567736e+01
5.836131807868865451e+01
5.138688707814326762e+01
5.549236772573568999e+01
5.707796489283747832e+01
5.782647073817219052e+01
5.291526844357967718e+01
5.563777420895501535e+01
5.691184800710393432e+01
5.831915276105873858e+01
5.325348653674815580e+01
5.505221903943219530e+01
5.602600820345556798e+01
5.719627901145801019e+01
5.624649967765655134e+01
5.769620796113315464e+01
5.942188777853996839e+01
5.355687862513364195e+01
5.605244561877920262e+01
5.660708915587634493e+01
5.862424915390545976e+01
5.853447045106564417e+01
5.382285490370840364e+01
5.504514690831041435e+01
5.725564131115986299e+01
5.706305213662417941e+01
5.572699455237809474e+01
5.593804218819848018e+01
5.852763372796785291e+01
5.763185027897155521e+01
5.420940123081278728e+01
5.497433852604491022e+01
5.772349660863140741e+01
5.643688031241863712e+01
5.783804464262325240e+01
5.803138100560901336e+01
6.078950869076133756e+01
5.665461592664930635e+01
5.931410958242619103e+01
6.153678491816908291e+01
5.771680181169100621e+01
5.966507820318404498e+01
5.447664778773603445e+01
5.815256763130417283e+01
6.045829768177226526e+01
5.607592269593699541e+01
5.877227409742373965e+01
6.141816195798996603e+01
5.657714170370216067e+01
5.999807912052103376e+01
6.229651650461678969e+01
5.885065849020271855e+01
6.088292834076478499e+01
5.711156559238600749e+01
6.043545934843591283e+01
5.947972158913690066e+01
5.810660404641463117e+01
5.991797641832474142e+01
6.167196772187034526e+01
6.268749251516555887e+01
5.525422046019355804e+01
5.921169768071910511e+01
6.111318059730253793e+01
6.240468797676128787e+01
5.794231297714328122e+01
5.873785951582217280e+01
6.059024922932947987e+01
6.200306224895280849e+01
5.598912986231312772e+01
5.891064502182921814e+01
6.009183187119770508e+01
6.168845243777863629e+01
5.652820627763980355e+01
5.800561369587558147e+01
5.912555951995953052e+01
6.071068242343232413e+01
5.745966541809043804e+01
5.989953551355124972e+01
6.057869970144234628e+01
6.208537179335633738e+01
5.705806232325156202e+01
5.853684882424290947e+01
6.031572415701233325e+01
6.060551919093013851e+01
5.794564643101446677e+01
5.918232533105023663e+01
6.124063472374327688e+01
6.100229131078496891e+01
5.666146702568551063e+01
5.976703033791038422e+01
5.913441347081802490e+01
6.163665058169339517e+01
5.866080637035080514e+01
6.164980579283930950e+01
6.056556208289212861e+01
5.900502741554150532e+01
5.811069913110606677e+01
6.102877798132563925e+01
6.088254786908498772e+01
5.986893762654477769e+01
5.839165875726917676e+01
6.133791732652799311e+01
6.336109062867414821e+01
5.638566336000650381e+01
5.991298846504431452e+01
6.238462435205417478e+01
5.936526010289476574e+01
6.022598009823624210e+01
5.749848585298443737e+01
6.057684416379117209e+01
6.092390709730175047e+01
5.784247551637450613e+01
6.083600725926781649e+01
6.023676694674314547e+01
6.062385642791495854e+01
5.601734683386603564e+01
5.976286011400630116e+01
6.191712036365660765e+01
5.557874798580866127e+01
5.958216186681059412e+01
6.152859374519714208e+01
6.126331639449986000e+01
5.738815036419102000e+01
5.831207314631448924e+01
6.013250884529028895e+01
6.177366154933845621e+01
5.594019500463675598e+01
5.895169977863059785e+01
6.036037506627461369e+01
6.117049962783047334e+01
5.670809428409541653e+01
5.863407482307945884e+01
5.943599389029432700e+01
6.057705385808517917e+01
5.665893023183345889e+01
5.829798365364879231e+01
5.898821331619627273e+01
6.043884740896564267e+01
5.613532091561735626e+01
5.778749604279356333e+01
5.852070237632771210e+01
5.979595588006156959e+01
5.441582510278385598e+01
5.644916906375739529e+01
5.665244460816111882e+01
5.829095331443193828e+01
5.822446335392002226e+01
6.046913698879862409e+01
5.975336886316954832e+01
5.565070966706345956e+01
5.624002640745176507e+01
5.872399899596570805e+01
5.777612727385170643e+01
5.965809720374240044e+01
5.466893491448317377e+01
5.729445925987869259e+01
5.622927357039188934e+01
5.877234956403871280e+01
5.460520496492429032e+01
5.713908321262488244e+01
5.773029746137487450e+01
5.654945816505352241e+01
5.942382002120235285e+01
6.123358456554672102e+01
5.468758539691907572e+01
5.777179357385598735e+01
6.016305232842792350e+01
5.727247721004948033e+01
5.843669061345492111e+01
5.557652596662347122e+01
5.822811392734433866e+01
5.845274240292425105e+01
5.538406348809893842e+01
5.467689299352109344e+01
5.769450219324038898e+01
5.660362655704894053e+01
5.819815965909613453e+01
5.193917726330769113e+01
5.580504703504657726e+01
5.777901562350511711e+01
5.087043293891472473e+01
5.541704021891825249e+01
5.653552527907248759e+01
5.833862178227014539e+01
5.104455595151784308e+01
5.467032174301668590e+01
5.632263026177341914e+01
5.681300628668889630e+01
5.253301795382009232e+01
5.451577963838790453e+01
5.520311440757823362e+01
5.652340133508485565e+01
5.212247682167816976e+01
5.450549768321256039e+01
5.568854923739383622e+01
5.668251861881988418e+01
5.773108061310053074e+01
5.885072938537194176e+01
5.356717741918304654e+01
5.502438467225137231e+01
5.612581236199277157e+01
5.676474653004683546e+01
5.743845687902764752e+01
5.219374491990282650e+01
5.444368215873128491e+01
5.481412162705198909e+01
5.653839776809967077e+01
5.463299701262586439e+01
5.712166220336153089e+01
5.683213051976828467e+01
5.395708179602855381e+01
5.439390803976182553e+01
5.664536319081648941e+01
5.603657494613401724e+01
5.320776392761486306e+01
5.312046486901827791e+01
5.557385943937715922e+01
5.502987625736682276e+01
5.492185227054331165e+01
5.612948195088018366e+01
5.609097863263824735e+01
5.730872277398074033e+01
5.073554871823235146e+01
5.478674136107836290e+01
5.723996556511916367e+01
5.469919363862932471e+01
5.472923231799391175e+01
5.777122873437876649e+01
5.492175717267362955e+01
5.723759495210734372e+01
4.867862959477530183e+01
5.415029064440166451e+01
5.652624210953437967e+01
5.322647934531261171e+01
5.352143451979571154e+01
5.661247204658163668e+01
5.481967694143725822e+01
5.480902704842284834e+01
5.802491676969357570e+01
5.448794050280204715e+01
5.751377641976574751e+01
4.862271843514866987e+01
5.319373291354231981e+01
5.523446705445929439e+01
5.695194566898678090e+01
4.976618237326503902e+01
5.397938836194398959e+01
5.577134864625123356e+01
5.637235314637790395e+01
5.174189784711563078e+01
5.380546259450722602e+01
5.456412187074696618e+01
5.596269383492920468e+01
5.105694707103969421e+01
5.378371421823469234e+01
5.500343010365332219e+01
5.590287193787632702e+01
5.728003572044109148e+01
5.806904731835420819e+01
5.614832244572033915e+01
5.628584191985247287e+01
5.803304988595620273e+01
5.860519587596987634e+01
5.349450400660138172e+01
5.622327202990858552e+01
5.654818522954100501e+01
5.852055365916171326e+01
5.520490710115508648e+01
5.795877303789365698e+01
5.777917128439580807e+01
5.896197650385367695e+01
5.479191985158286116e+01
5.786947611304543670e+01
5.715799192861889111e+01
5.937659480794066980e+01
5.368434268458588576e+01
5.704303666182977395e+01
5.596284062398169112e+01
5.877918008704239128e+01
5.425997764150766756e+01
5.731217605050486696e+01
5.824685795835827662e+01
5.656947814884427572e+01
5.977626724244851175e+01
6.189857323566093328e+01
5.436579769258239736e+01
5.871226306529386818e+01
6.141928740691843558e+01
5.840426186961337862e+01
5.921264957377297833e+01
5.655635614009940326e+01
5.971553018327499274e+01
5.931977284199042089e+01
5.657302441460809206e+01
5.677514784947526749e+01
5.990037028068962854e+01
5.840711077283153685e+01
6.071135575699789655e+01
6.300669076066785834e+01
5.510838957984351083e+01
6.029751823228290419e+01
5.528608314826735892e+01
5.755691037558872836e+01
5.974509622255602892e+01
5.905751102416880371e+01
5.557206537261124168e+01
5.781770484151151379e+01
5.917626198972147478e+01
6.019469240585546999e+01
5.339065531172637691e+01
5.698971357980761354e+01
5.853028293623064116e+01
5.936377803396690211e+01
5.504262486038231117e+01
5.701166785917862256e+01
5.852470118943990229e+01
5.916915533086896062e+01
6.049410269281776920e+01
6.146714624987501452e+01
5.891136397359350951e+01
5.979830984393545634e+01
6.166263511231489503e+01
6.200149455555045108e+01
5.741484242910547664e+01
5.856868834400693657e+01
6.032561918135641577e+01
6.063244071786179745e+01
6.007452127169307232e+01
5.650674194090080249e+01
5.922468571786977520e+01
5.935432316922265272e+01
6.108672041604950209e+01
6.172460411303275407e+01
6.268552912607822947e+01
5.788239718781602505e+01
6.088115257872655661e+01
6.303564236034388557e+01
6.114143717699356273e+01
5.866598227262778664e+01
5.945330888663541202e+01
6.218279883704445865e+01
6.020535474504943352e+01
6.151287222329116844e+01
6.322493046243936021e+01
6.065157466715162826e+01
6.151688979637479093e+01
5.911931333667111943e+01
6.220484929841420296e+01
6.320993934961641969e+01
5.921622827803841460e+01
6.124362816574572577e+01
6.377149331152217826e+01
5.931671761669061738e+01
6.145221908913394060e+01
5.688685765788744675e+01
5.968644680178948647e+01
6.179753506921667849e+01
5.600796986301375568e+01
5.978475560933712529e+01
6.200430769037564716e+01
5.809975489144601113e+01
6.226572277932818622e+01
6.262550235108122365e+01
6.169913881866737881e+01
6.047346938172233877e+01
6.272911898717520529e+01
6.434631092005470521e+01
5.871547268450932933e+01
6.111720324917851599e+01
6.249656614021532874e+01
6.333888113166464251e+01
5.875103111228669661e+01
6.064019354102183712e+01
6.148039464480532246e+01
6.254011514698645868e+01
5.877721271418604942e+01
6.045633598165616007e+01
6.150438861277562808e+01
6.243527536649389020e+01
5.734234904415057343e+01
5.872731477968369518e+01
5.932499951368413349e+01
6.076635177096460438e+01
6.057202621469728143e+01
6.257051257862627125e+01
6.241026565766058098e+01
5.795425523394853684e+01
5.909379213275784792e+01
6.120273004769124015e+01
6.074590181440721892e+01
6.053284611588542674e+01
5.750908022789937490e+01
6.040631052812013735e+01
5.940576816678256478e+01
5.965188769435300742e+01
6.047938398608994248e+01
6.106161594546752980e+01
6.031695283339964675e+01
5.691377237067479200e+01
5.962190747488642018e+01
5.783435345428794250e+01
6.050544413158036150e+01
5.703055978262882064e+01
5.979902559670863127e+01
6.173981619323830472e+01
5.646831111699430039e+01
5.940581841366276450e+01
6.171032205999470932e+01
5.857558043297053274e+01
5.784961259609712414e+01
6.086215006756167867e+01
5.784343233501693504e+01
6.078097293124978506e+01
5.385280372212572786e+01
5.744758381159468286e+01
5.964063826409848446e+01
5.664433854471567997e+01
5.973130571635662989e+01
5.920523800422498084e+01
6.026639028282987454e+01
5.535530229697690174e+01
5.854380672993939783e+01
5.854044673345596550e+01
5.992584503160720288e+01
5.457151078221475871e+01
5.708715253349565444e+01
5.846522832211552156e+01
5.891546022900691781e+01
5.290439305174025719e+01
5.604238845846413852e+01
5.736028143336534413e+01
5.816583667219564546e+01
5.986401219514247884e+01
6.040993987789196495e+01
5.644990253401122970e+01
5.802380275345729643e+01
5.890283829697238360e+01
5.999114065568178944e+01
5.378753757631169208e+01
5.636186190165525289e+01
5.747640871985380073e+01
5.823036284320417622e+01
5.602480430661059785e+01
5.710690551820508887e+01
5.865280034844258239e+01
5.878201666653468749e+01
5.414217726260473285e+01
5.494153425980780980e+01
5.687345345297344323e+01
5.664071152340808624e+01
5.783395372526554468e+01
5.812699211776786257e+01
6.007332469921730933e+01
5.396911350335150814e+01
5.692074339348482681e+01
5.720079160767830473e+01
5.831325329261866131e+01
5.655270416462774818e+01
5.903314056366944129e+01
6.126437418939658386e+01
5.408032589815081081e+01
5.791734494541081091e+01
6.009538607074739502e+01
5.764370288089813954e+01
5.909228431213364274e+01
5.316318150146323518e+01
5.724962294298910592e+01
5.920503812833808155e+01
5.503674516757703117e+01
5.824665884012367911e+01
6.035756092830877861e+01
5.198015280064720400e+01
5.735532479335494571e+01
5.961106664686202095e+01
5.859126254909800480e+01
5.704216008668971227e+01
6.045675563769533767e+01
5.794844023586723836e+01
5.977076332497095024e+01
5.579276414476050405e+01
5.781607239034932633e+01
5.816935460162877547e+01
5.896945905745198502e+01
5.425167421820537328e+01
5.620698328748277106e+01
5.785640014464488701e+01
5.837939819641400163e+01
5.404759969330865488e+01
5.586625403831040160e+01
5.655332947047986636e+01
5.791858382949759942e+01
5.914350392836057324e+01
6.039957315806850602e+01
5.628961432634990558e+01
5.797588350671283308e+01
5.930154580747520754e+01
6.033504784721304759e+01
5.601950033079563696e+01
5.793586942324458988e+01
5.917555109652990808e+01
5.971781669894044597e+01
5.570915352212660565e+01
5.836451244071634648e+01
5.866602671498714017e+01
6.036308039289496463e+01
5.364554201862033977e+01
5.635473708070333032e+01
5.648793832921248281e+01
5.862130230595371216e+01
5.785426662714598223e+01
6.033825938172373071e+01
5.945524319984703254e+01
5.611956080326201857e+01
5.741403697167494613e+01
5.974954081170422882e+01
5.829538207213828116e+01
6.001332397170476440e+01
5.933486544344413005e+01
6.196129851988685999e+01
5.793432945536902423e+01
6.028678441748690631e+01
6.267800969021273971e+01
5.966339859110370014e+01
5.863332925739580048e+01
6.205660003185633400e+01
5.907382035734644177e+01
6.228291100784068135e+01
5.470933619746249832e+01
5.908139818384285036e+01
6.149229961904458719e+01
5.800051400260551304e+01
5.865523134519777670e+01
6.159055039806170839e+01
5.915716866758690884e+01
5.949959697245748913e+01
6.271237940486016527e+01
5.919463671307694597e+01
6.226326771941553062e+01
5.380596001171203824e+01
5.877336304188769844e+01
5.996308462545502493e+01
6.172621008807735166e+01
5.477835395860424939e+01
5.849033198248451981e+01
6.025615887912378099e+01
6.107060976152876464e+01
6.267455393949675369e+01
6.385599135368465085e+01
5.796613802763820900e+01
6.065357165682203799e+01
6.174777990088928448e+01
6.281251348695600001e+01
5.867481071981845275e+01
6.097343071324696950e+01
6.210679171311161895e+01
6.277066426350706507e+01
5.724942974739066415e+01
5.983913191479947358e+01
6.103601582868117248e+01
6.128191339381501734e+01
5.949877256107935608e+01
6.024582397357782781e+01
6.203126235900585783e+01
6.210690489971727146e+01
5.669991483931902110e+01
5.951112698620353569e+01
5.941806179178001202e+01
6.129344567764924534e+01
6.197127565792001747e+01
6.238682054353805029e+01
6.296807726583127618e+01
5.746986877556520312e+01
6.025139307298823610e+01
6.218693589568497515e+01
6.036246377020628273e+01
6.321081408388481293e+01
6.507460823879225131e+01
6.023267806830764926e+01
6.282381238162968629e+01
6.520022590230439619e+01
6.262760203314489615e+01
6.149658699949091556e+01
5.949380441740795078e+01
6.265013818987443983e+01
6.430214595152800428e+01
5.785927357002574212e+01
6.138918245682889108e+01
6.375830302886125622e+01
6.048641429826953697e+01
6.065814790632507680e+01
6.356302100970911795e+01
6.229653684560092586e+01
6.413533326040582949e+01
6.626628918615584496e+01
6.077451313698006885e+01
6.439013311594480626e+01
5.827526281679115527e+01
6.147255831040990159e+01
6.326792822746129730e+01
6.029930778417501358e+01
6.041069439626505755e+01
6.223577103690633550e+01
6.382115178301744862e+01
5.868366760749895406e+01
6.041426243529607376e+01
6.203106985372742344e+01
6.264217634778029975e+01
5.911375432272042474e+01
6.068507806720961639e+01
6.178012120381744410e+01
6.300868828237453556e+01
5.668695957014347897e+01
5.916246316615561796e+01
6.052139188260232316e+01
6.153909309020265539e+01
5.848224905176063970e+01
6.035553121117587949e+01
6.091535329917427077e+01
6.159319863668054751e+01
6.351398807163694471e+01
6.337901690424279622e+01
5.958325013025255146e+01
6.039022996082493222e+01
6.248894825948669052e+01
6.199153324051241754e+01
6.089992367350530600e+01
6.117332205636509457e+01
6.357851165060679222e+01
6.188908023739995201e+01
5.811136096983537414e+01
5.879787853247493956e+01
6.117972726355748136e+01
5.979499730225568044e+01
6.117112477997763165e+01
6.207597735885567403e+01
6.083068018248656017e+01
5.971491902313147193e+01
6.251639426683023970e+01
6.008970443862793331e+01
6.297396564368898453e+01
5.767928706248535775e+01
6.068927336189632626e+01
6.261591612762330072e+01
5.915729868737378183e+01
5.882696074353342652e+01
6.175527462354811803e+01
5.852156165718550795e+01
6.131303330863284629e+01
6.343924367038083290e+01
6.037057976876636189e+01
6.294302033964383725e+01
5.552935809710778869e+01
5.926416024354544021e+01
6.129334687187120778e+01
5.728704184762853657e+01
5.821487186540586833e+01
6.063017862497185462e+01
6.133979853699062090e+01
5.643952655180370215e+01
5.839076524787220990e+01
5.890329361345823145e+01
6.049435913721585933e+01
5.487479008751345333e+01
5.791313364290873267e+01
5.905159519179809280e+01
5.984803583963537932e+01
5.497154020106557937e+01
5.758795315835524065e+01
5.826674189883086541e+01
5.930640897281714530e+01
6.028011805772408849e+01
6.130858984321704952e+01
5.630360056999921170e+01
5.755306641722210514e+01
5.889573922480472845e+01
5.944064811195153908e+01
5.754582832296983241e+01
5.840614691194824104e+01
5.998438421801268561e+01
6.007999403145894490e+01
5.527301748412629223e+01
5.607447015581597327e+01
5.796995961020032695e+01
5.772139513526101950e+01
5.989216141775344937e+01
5.925180547202415227e+01
6.148612501858289647e+01
5.607323349577718830e+01
5.903110525325989499e+01
5.802040875087444505e+01
6.051893930304294855e+01
5.594394685799046130e+01
5.902488484083216491e+01
5.949221260921648025e+01
5.838559148075521676e+01
6.130322161093798172e+01
6.273789966370271287e+01
5.484777645051357098e+01
5.900919320930439937e+01
6.158728791842477790e+01
5.871289072606693793e+01
6.054851253582918247e+01
5.389741760953874916e+01
5.815585147342292061e+01
6.042706805506396961e+01
5.663255022930613336e+01
5.944288732664246311e+01
6.025762083377072997e+01
5.970770315359056468e+01
5.382018632370055400e+01
5.869836998327031097e+01
6.075558317963788113e+01
5.526391452101951529e+01
5.878427802995663143e+01
5.910153081726085844e+01
6.063034782220027097e+01
5.431676798243308468e+01
5.821340969578151459e+01
5.978957205530169006e+01
6.026712408964929324e+01
5.587003229546432692e+01
5.761716570225715373e+01
5.830927776293176379e+01
5.960385363281842785e+01
6.080905484611355405e+01
6.202886836738354503e+01
5.750613576689661244e+01
5.911548442231694622e+01
6.036600922851794593e+01
6.142960553179499072e+01
5.763166955955512094e+01
5.973525828761962231e+01
6.035776640599498677e+01
6.109133640118763964e+01
5.693823273035911825e+01
5.803304149811007306e+01
5.983623150970330329e+01
5.996276586125649999e+01
5.747204309825898605e+01
6.055236735522863967e+01
6.017962046717111235e+01
5.945483884709057776e+01
5.927854200442057930e+01
6.171803893043962574e+01
6.071118327367473455e+01
5.718654062741719457e+01
5.759936445915984393e+01
6.026922052032931987e+01
5.884962861514747345e+01
6.171884048029644987e+01
6.237640246762383356e+01
6.075712646629411751e+01
5.839434512911834219e+01
6.153003211319580146e+01
5.910040436205150627e+01
6.213122353178042800e+01
5.841443224340586227e+01
6.155297500736705274e+01
6.387566059695513587e+01
5.628887137792912654e+01
6.059913734618349679e+01
6.301014388015828871e+01
5.958397093592765970e+01
6.035739082083370732e+01
6.322179455334583764e+01
6.170688305588228673e+01
6.288831589566392921e+01
6.540440894119312532e+01
6.039415849741377684e+01
6.385616156762556272e+01
5.561555577676468687e+01
6.046302305565775015e+01
6.163216658983549223e+01
6.330339105444522119e+01
5.635560230741177179e+01
5.995281872041913118e+01
6.169083949921432719e+01
6.248704617647977244e+01
6.404122837819406300e+01
6.519634461380391599e+01
5.928065942497102014e+01
6.187439710738277654e+01
6.299829277510862369e+01
6.398616559306324092e+01
5.987028038546366560e+01
6.200240717573169036e+01
6.298913763231800544e+01
6.378771382822105807e+01
5.893221287552858456e+01
6.102960145066317210e+01
6.154644591669331533e+01
6.302408017432462373e+01
5.749739069030280092e+01
5.966434726741255901e+01
5.982985257129359269e+01
6.158832913471981385e+01
6.148704384122987676e+01
6.351037315771581149e+01
6.322080571077432154e+01
5.958465065247992953e+01
6.117524353922809155e+01
6.205929508809575879e+01
6.170626717739455103e+01
6.106379593862640576e+01
6.129023413037563017e+01
6.360552736935247964e+01
6.197900354124141842e+01
6.467163600664594014e+01
6.518960295087264001e+01
5.965726794607218153e+01
6.261085750500158298e+01
6.496599748871375368e+01
6.242203578797730046e+01
6.321500704021570982e+01
6.595347480462167766e+01
6.283967118941094299e+01
6.483820196735499053e+01
6.050087313921523702e+01
6.334527077839597808e+01
6.549367151632009154e+01
5.950826363699984967e+01
6.247600242077527355e+01
6.468644893870300905e+01
6.148994950243519497e+01
6.178850493780803532e+01
6.460021680790963217e+01
6.304535500717520335e+01
6.455697813091474302e+01
5.887913370347835240e+01
6.195265205338667158e+01
6.369111492714689149e+01
5.782805374985726843e+01
6.145581493217236613e+01
6.243554202562999222e+01
6.407037844970076890e+01
5.843274811812361946e+01
6.036907309528935173e+01
6.178993292824769412e+01
6.282096717347798176e+01
6.394420042526012082e+01
6.466323016708501825e+01
6.161192719738939161e+01
6.308747917723987086e+01
6.426195941749885776e+01
6.354874635285505491e+01
6.340444983755961772e+01
5.858074461397530541e+01
6.001623694143248855e+01
6.054225039770234673e+01
6.178744382807757773e+01
6.295128307001231605e+01
6.303220415338533655e+01
6.395901820340733934e+01
5.817831866486504566e+01
6.031025388128307441e+01
5.999128892026391924e+01
6.173673803736261334e+01
5.969736810654972459e+01
6.234598909012890999e+01
6.123990514867700341e+01
5.966911895166748536e+01
6.074500417006220232e+01
6.156530115558857119e+01
6.051774873417161160e+01
5.899228816709915435e+01
6.110420395122891790e+01
5.916341255741957639e+01
6.179569328079642787e+01
5.814571805009033767e+01
6.085653863236254324e+01
6.245096273845734203e+01
5.722606035783025646e+01
6.018322770261362109e+01
6.245657407800513994e+01
5.934573646122638735e+01
5.861191041384272182e+01
6.155262652281921021e+01
5.851641666994318314e+01
6.138913644348030374e+01
6.349542169943899239e+01
5.930299943574225097e+01
6.338047023553987458e+01
5.595184461852007018e+01
5.960686462289736198e+01
6.158979875041208629e+01
5.728193804387250054e+01
5.864000374410684913e+01
6.084115221310057819e+01
6.026264138502018852e+01
5.675394302365419463e+01
5.852915173038298491e+01
5.973019451838329275e+01
6.069944203483788669e+01
5.435048517172938176e+01
5.738269362695555031e+01
5.871810117187015976e+01
5.952832563003376265e+01
6.105469370375937643e+01
6.179092116337744045e+01
5.747207694767359953e+01
5.870809460186802653e+01
5.980408053707242999e+01
6.090209201253454552e+01
5.769331741374944045e+01
5.952726754888956151e+01
6.024345595733267800e+01
6.013628580730016182e+01
5.724331276339965768e+01
5.947175779977547450e+01
5.971971966630400175e+01
5.862248254228051536e+01
5.892393957775954050e+01
6.087541389161983574e+01
6.040888420895391420e+01
5.598310149992925489e+01
5.678007466120349278e+01
5.890159282581274169e+01
5.809104116491386804e+01
5.938819938932121545e+01
5.917692049297103551e+01
6.139986361221976807e+01
5.729498479477828710e+01
6.013777389799042794e+01
6.027266066529234934e+01
6.009684069585136967e+01
5.337812365065627063e+01
5.807249584621575167e+01
5.997083335275170413e+01
5.746916610488731436e+01
5.882376732846017120e+01
6.135017955164600778e+01
5.833926507486125246e+01
5.810868039949015440e+01
6.112635030727840757e+01
5.813700393570232450e+01
6.069177471568168158e+01
6.287791644506754807e+01
5.965667964673487944e+01
6.237225847018120817e+01
5.337481450377761405e+01
5.882538002060867655e+01
6.091220339363227509e+01
5.663501935495286688e+01
5.770841143853689204e+01
6.025281737373124002e+01
6.077894082276233689e+01
5.631669142678670426e+01
5.906647539122774049e+01
5.961939017328388246e+01
6.084110217615918259e+01
5.448472548664105375e+01
5.783402259070594198e+01
5.871053399741045808e+01
5.988239496361849490e+01
5.476921408957673520e+01
5.782625166261546923e+01
5.825880098485125558e+01
5.963864697167151263e+01
6.055528215552263305e+01
6.164175140913053497e+01
5.532854489107296558e+01
5.805832630474608891e+01
5.922318976281359681e+01
5.977585240093047503e+01
6.012830415868676681e+01
6.191269585353758487e+01
6.200203112864068800e+01
5.858109541878184956e+01
5.925866408524974105e+01
6.131458386812067829e+01
6.093889689790782427e+01
5.754181660939146781e+01
5.797013588852571786e+01
6.034960462817127791e+01
5.950653772346417014e+01
6.062054181389587626e+01
5.961859892274910067e+01
6.231544948798144645e+01
6.011376138663358404e+01
5.819041390429680405e+01
6.054884818591942519e+01
5.851055066061246634e+01
6.125146948187030915e+01
6.385991690918814356e+01
6.137260394807290709e+01
6.054002682296130189e+01
5.867905135657819926e+01
6.161174317147218460e+01
6.380891853773235312e+01
5.611827293197301003e+01
6.040786732127266134e+01
6.280469158333460200e+01
5.936289529754363059e+01
6.030932467250008244e+01
6.309776516684063807e+01
6.150946456721280242e+01
6.237447439771261060e+01
6.499230582387613708e+01
6.144888321505463580e+01
6.297926219230420486e+01
5.845517357539506520e+01
6.055199515515420217e+01
6.100131101711086501e+01
6.265717203114987655e+01
5.710900897274328969e+01
5.978992344257618896e+01
6.120524127438222450e+01
6.198148250715915708e+01
6.353788275179349654e+01
6.471072886329436358e+01
5.877573003863876977e+01
6.134460406624504003e+01
6.262825158307643392e+01
6.341924991845124993e+01
5.932892791014027978e+01
6.179009550905156090e+01
6.279410811719582597e+01
6.350369374416149526e+01
5.853484002245571105e+01
6.035536691758275651e+01
6.093274017644320395e+01
6.246373659275585055e+01
6.291196649839565680e+01
6.444800732413484923e+01
6.249233740054723540e+01
5.968471618784974453e+01
6.023880866447770899e+01
6.221436887200857058e+01
6.196820684290229764e+01
6.120232225108065194e+01
6.339637713072051639e+01
6.249260373774301058e+01
6.066133208158674250e+01
6.056849051012395790e+01
6.294875829857574701e+01
6.155465556043561293e+01
6.140435365201975060e+01
6.168379408599071922e+01
6.406204171330578845e+01
6.175194927346889529e+01
6.469913845600130742e+01
6.604615105703003053e+01
5.910163504288646408e+01
6.243510265589165442e+01
6.486336480699853269e+01
6.181938491565098559e+01
6.369109676048825008e+01
5.966515727152406612e+01
6.240769310042262674e+01
6.450463078888604684e+01
5.837802851834611317e+01
6.129324157273461537e+01
6.349763403558371522e+01
6.109819154886212544e+01
6.409907973172424533e+01
6.401787223945140681e+01
6.211885534996623193e+01
6.257100549424110625e+01
6.530845668673494231e+01
6.134375114232982185e+01
6.360618944366125049e+01
5.794434479880616351e+01
6.009666751467054269e+01
6.160197934429870514e+01
6.213373155114206270e+01
6.370494271973159073e+01
6.501080942012103492e+01
5.985627025123817191e+01
6.212174615078387774e+01
6.320239634843139243e+01
6.429070433447309085e+01
5.989294637110140229e+01
6.126723958377407087e+01
6.230178689571359030e+01
6.315149904074920784e+01
6.016785741551216660e+01
6.223379270525413887e+01
6.259097404156884181e+01
6.297519741782988945e+01
5.836117223414142785e+01
5.917765343359300090e+01
6.101271675555096863e+01
6.087363239218319677e+01
6.298572889359307680e+01
6.251365871034120403e+01
6.380832302124280631e+01
5.637955885165217751e+01
6.003918011199261429e+01
5.918243879136577590e+01
6.172794712823002072e+01
6.313896542858945793e+01
6.156163460487466921e+01
6.348057394676983023e+01
5.808697402273897836e+01
6.106930797449900439e+01
6.119388573249057828e+01
6.143200966923692619e+01
5.667606941682277721e+01
6.026904795205165755e+01
6.170116903040472778e+01
5.893209855679365461e+01
6.171873194195391221e+01
6.382420195363481241e+01
5.754121171269891022e+01
6.061598599294471512e+01
6.286455983406315795e+01
5.985684533041440147e+01
5.988825195218002762e+01
6.265935105082574808e+01
6.083984942393574613e+01
6.247273686409774029e+01
5.869647775307586102e+01
6.126377219117109263e+01
6.034234616617077762e+01
5.847963986429425631e+01
6.140722354340843481e+01
6.237334243380004750e+01
5.862868481780208896e+01
5.908561040538437226e+01
6.078123895314236336e+01
6.234222414149665070e+01
5.628465382094310598e+01
5.941362885742972111e+01
6.069590157441483314e+01
6.146720651992632867e+01
5.682778861356307942e+01
5.860117963614526104e+01
5.912658864215681831e+01
6.039776168120172173e+01
6.130964112867474114e+01
6.229030466035014513e+01
5.813372740828836527e+01
5.922481330788303922e+01
6.032840123915789121e+01
6.103227540903600357e+01
5.780153874533229441e+01
5.882920413405224735e+01
6.030754742833579485e+01
6.044319450718098352e+01
5.642141368248903888e+01
5.702293171118233062e+01
5.889288560876563139e+01
5.863999784506643920e+01
5.981665105686217032e+01
6.034667158712485246e+01
6.079283130910071264e+01
5.763908007450487503e+01
6.089168537078158039e+01
5.984164785829946709e+01
6.159931229312863366e+01
5.629538216708666454e+01
5.935975708902123671e+01
5.963549215267673986e+01
5.953184777089176549e+01
5.536662162028409995e+01
5.913046139253388134e+01
5.714976646422195472e+01
6.009195773590468548e+01
6.259490452902626600e+01
5.964588893541734649e+01
5.949923842941920782e+01
5.711602464117281386e+01
5.993591729706385962e+01
6.093950826661166786e+01
5.643183242633826069e+01
5.976486657606145769e+01
6.081395791200841217e+01
5.765460000801988372e+01
6.172879146699499842e+01
6.139232224596462828e+01
5.844416557568903414e+01
6.016389410706317165e+01
6.244505381491336493e+01
6.044573197259011010e+01
6.092046176690505632e+01
5.536539825493294842e+01
5.827040655069153274e+01
5.960796921471816745e+01
6.018435738399241330e+01
5.398899076448095258e+01
5.714651071021302187e+01
5.856444348365337049e+01
5.948159469977323255e+01
6.106667909146088391e+01
6.180202092887297738e+01
5.724339302906921034e+01
5.878489898037405936e+01
5.991057473280017120e+01
6.113739268912211600e+01
5.744677677276590089e+01
5.950461759706774245e+01
6.036422725827494418e+01
6.075517859072549243e+01
5.665900562535429685e+01
5.913164724518102844e+01
5.938869655609108378e+01
5.985305839526449745e+01
6.183570606190274077e+01
6.151186665158542155e+01
5.867536358040769073e+01
5.893018428158092803e+01
6.128471013055215622e+01
6.044180336775642814e+01
6.060491878133073840e+01
6.003486091438072947e+01
6.269869500554568731e+01
6.093065272213202377e+01
5.798439166948960377e+01
5.948186534053123609e+01
6.034746250520058197e+01
5.889182289521772873e+01
6.175964495731005854e+01
6.430982635601723985e+01
6.043758877249071304e+01
6.181075533853653781e+01
6.443618595642629998e+01
6.127975322104078515e+01
6.135654165017426465e+01
5.882282630268482393e+01
6.189449393817060496e+01
6.299510723354702435e+01
5.845649642013907510e+01
6.167081018862926101e+01
6.310766748500655154e+01
5.954218121290847421e+01
6.249268606929244640e+01
6.446800079327211108e+01
5.748335809072303704e+01
6.233973078791997580e+01
6.426655175023661570e+01
6.299170516160912570e+01
6.208900442664406683e+01
6.030843937389972353e+01
6.223902540053369847e+01
6.375494572359180268e+01
5.810012193358083010e+01
6.135363225805230769e+01
6.278015996552307598e+01
6.354034757587122328e+01
5.854800606310288913e+01
6.028598941668630573e+01
6.145306634793757183e+01
6.233144378634809613e+01
5.840384667800410767e+01
6.075245157773598947e+01
6.180550604986942886e+01
6.246430687276269111e+01
6.389552716770534602e+01
6.394098281668303940e+01
6.099636872040954216e+01
6.175505726282495544e+01
6.348546554767719385e+01
6.362696150396436678e+01
5.920700685795737428e+01
6.184812607658657413e+01
6.165041870629387688e+01
6.350050914288015491e+01
6.016818482204556773e+01
6.295478844836640775e+01
6.238724959954160454e+01
6.407107435912152482e+01
6.591284160968692163e+01
6.377708393527176867e+01
6.129668529909299934e+01
6.061134068307612921e+01
6.348926649471810180e+01
6.248551444191405579e+01
6.428635875463949390e+01
6.680011251210629553e+01
6.409185025746398878e+01
6.242024443324521599e+01
6.064262083991270913e+01
6.377557277725458817e+01
6.461286447380436471e+01
6.075775144670007677e+01
6.408071657820018174e+01
6.607936483292711216e+01
5.997863018038453475e+01
6.288118385205358152e+01
6.508726996040410029e+01
6.346319956235858228e+01
6.330115300209528328e+01
5.986076935385376174e+01
6.267949098148613274e+01
6.299307688012344641e+01
6.001831039284085989e+01
6.281455866778434682e+01
6.219464021165271106e+01
6.381113666191460965e+01
5.960746175212781850e+01
6.127251409511631408e+01
6.199707894146506248e+01
6.320195134023664707e+01
6.469887808168176946e+01
6.463461487123787208e+01
5.990485634542137205e+01
6.097116231459053637e+01
6.220169802093603550e+01
6.359255792585720002e+01
5.887197302673364874e+01
6.044837524903963555e+01
6.134596832689378232e+01
6.225686287361333626e+01
5.759684001000984210e+01
5.972562044753964727e+01
6.075851616247231846e+01
6.124293454059201736e+01
6.108984847925343331e+01
6.293224509848483450e+01
6.273951885162516362e+01
5.952303745088015319e+01
6.002526204817988287e+01
6.213906968212807413e+01
6.136856794843158980e+01
6.387283708760290324e+01
6.265184468756964975e+01
6.148916266655061236e+01
6.083443957021219006e+01
6.346919951766197698e+01
6.192455610403865762e+01
6.136597249069165372e+01
6.008775454572863595e+01
6.261881853355726690e+01
6.276417860699064022e+01
5.758685315990188514e+01
6.124203917766752170e+01
6.222560795887923035e+01
6.021121010658168160e+01
6.015494463734660258e+01
6.293620804000631352e+01
6.001721910137873550e+01
6.261093547879335119e+01
6.482092862300638103e+01
6.092400786258787093e+01
6.225403599979932068e+01
5.837647925767793566e+01
6.099776079888650315e+01
6.160554061311146512e+01
5.865699298616311808e+01
6.155302712709931257e+01
6.060283861626872692e+01
6.193535604696083396e+01
5.822102258503699090e+01
6.058917091179202430e+01
5.983848306107028492e+01
6.130670770648448098e+01
5.679557980389713379e+01
5.912921116335481031e+01
5.900195461225986548e+01
6.038094912148372373e+01
6.173547623567355913e+01
6.261883322578692912e+01
5.785087126087522336e+01
5.917607937390364015e+01
6.043280561174334053e+01
6.101657588077740968e+01
5.776954974575655655e+01
5.932784571910919169e+01
6.020620989775976994e+01
6.102631446384624070e+01
5.475050798028063781e+01
5.714021986238321205e+01
5.823338790571457224e+01
5.884114995565678186e+01
6.031896742715768056e+01
6.056993310707198930e+01
5.900372288966068623e+01
5.982187424065234183e+01
6.171083963776529657e+01
6.119948151141855419e+01
5.680702871459860859e+01
5.750204523511190047e+01
5.959499266657413585e+01
5.877520770239544134e+01
6.001330007732921246e+01
5.977979382105252171e+01
6.198999756277826378e+01
5.798432617874128425e+01
5.989270841522228750e+01
6.155474117643893806e+01
5.895898961904661917e+01
5.841185704608177787e+01
6.117565710659373224e+01
5.894477551618975042e+01
6.147456644803805403e+01
5.366232362115527366e+01
5.801680485015629785e+01
5.999290848429627232e+01
5.700134433895261310e+01
5.985387332950323724e+01
6.191750902636574239e+01
5.363140963588246990e+01
5.875736507761067173e+01
6.094722031877149959e+01
5.970321290965006966e+01
5.870431979049589444e+01
6.186669004866732990e+01
5.860109609843259904e+01
6.086361986782158340e+01
5.416921576072365951e+01
5.830076002803090773e+01
5.927177720979122455e+01
5.928834530031781469e+01
6.064342041998454391e+01
6.170599580952449514e+01
5.743053254266451546e+01
5.820457733101625308e+01
5.974222211755770928e+01
6.109868946404979795e+01
5.762616821109656229e+01
6.015736673683441182e+01
6.097742443059577511e+01
6.061304584904408443e+01
5.499014117077269503e+01
5.771378126648344420e+01
5.865611121193204269e+01
5.977499380794818507e+01
6.122539804917796857e+01
6.154258639198024383e+01
6.160079967815671154e+01
5.707890811684408305e+01
5.793126478060279538e+01
5.969578520533645616e+01
5.979923467604823628e+01
5.836249169600473863e+01
6.085367328186999458e+01
6.048112436689451243e+01
5.807589234999637284e+01
5.827684967477546252e+01
6.066772950340414639e+01
5.975219708608719316e+01
5.819271332869908520e+01
5.793710185456890827e+01
6.061358397707666512e+01
5.910078826596139123e+01
6.191817560268259513e+01
6.362359673717021735e+01
5.686505140957948612e+01
6.033498293260190337e+01
6.301981070809738128e+01
6.057889303893912114e+01
6.241831407175828872e+01
6.507861591653333733e+01
6.169329276214168090e+01
6.116334661380085436e+01
5.877847763434292006e+01
6.191488899011914526e+01
6.384677882158132434e+01
5.643661223474965283e+01
6.061852937252086804e+01
6.292514844834752807e+01
6.013996427965348346e+01
6.023946927388018935e+01
6.349932801266156446e+01
5.979571986382210014e+01
6.289582853712774835e+01
6.447259614991230592e+01
6.378056191081596182e+01
6.001640590648305817e+01
6.189891328188799946e+01
6.335082380685115311e+01
6.441504653421976911e+01
5.994354784831300975e+01
6.088037044692754307e+01
6.252370243660335092e+01
6.383054013516212422e+01
5.806906819385962137e+01
6.061675115789637402e+01
6.215444639945453531e+01
6.301226294672404293e+01
5.806745416159289874e+01
5.946047437915046885e+01
6.091630635277051198e+01
6.207560658573948587e+01
6.273656113438619997e+01
6.412003460987361336e+01
5.988311072160167470e+01
6.233787444370069153e+01
6.272261904095543628e+01
6.459683509246984556e+01
6.123264771992788269e+01
6.404345768651585047e+01
6.392158600996608442e+01
6.495501411280874038e+01
5.875775749710977891e+01
6.132909133481592079e+01
6.101612092120089414e+01
6.334826828034686486e+01
6.123890252773497878e+01
6.411866035563748767e+01
6.333586600018678325e+01
6.075726927010160949e+01
6.226979094622303279e+01
6.451711439221703870e+01
6.209036064463304427e+01
6.519075497298291566e+01
6.749508911534499589e+01
6.049964088856759759e+01
6.407913116443990020e+01
6.659172608188288223e+01
6.337177941676625892e+01
6.355230356823783922e+01
6.083718912488886588e+01
6.409824088300334211e+01
6.561805214651784013e+01
5.973333184151946540e+01
6.339919499275395509e+01
6.570536814755385535e+01
5.976052712915842591e+01
6.343344526102097802e+01
6.565500911831018982e+01
6.233034897267152274e+01
6.374563200478974778e+01
6.608356932403043515e+01
6.517080188694968967e+01
6.133657314143413686e+01
6.381246735940558779e+01
6.568217845344125294e+01
6.311272429753989854e+01
6.328305314638944878e+01
6.504807485085196106e+01
6.621479966129896866e+01
6.151885263466475351e+01
6.308114417742221747e+01
6.441758770843289028e+01
6.595451033409227648e+01
6.040315696516111643e+01
6.226429140339294577e+01
6.334428126571975781e+01
6.470183462103706518e+01
5.948043355888261630e+01
6.097045535980787179e+01
6.241558058990649727e+01
6.291214817244321011e+01
6.294284245301464153e+01
6.510151891437828908e+01
6.494507851607802706e+01
6.032393612465881461e+01
6.149146758735401619e+01
6.394131890313398259e+01
6.350501224833607239e+01
6.211753442556480564e+01
6.460195587364043490e+01
6.353217084160647232e+01
6.042672753325023649e+01
6.105459900170906451e+01
6.395051660111113989e+01
6.245742092892955100e+01
6.395759815392623437e+01
6.436490999010271707e+01
6.561642493670520082e+01
6.165585398707573006e+01
6.461413316170350640e+01
6.724788574015465770e+01
6.218471375647450827e+01
6.507116823637446146e+01
6.758965054842433062e+01
6.356210127575332791e+01
6.524615531560532133e+01
6.803457947917179638e+01
6.437404423935431907e+01
6.465176995659965087e+01
6.154546780665716454e+01
6.473812491148362369e+01
6.434349058621121742e+01
6.136591059160440409e+01
6.464829469712050525e+01
6.487570773786943334e+01
6.410032120440820336e+01
6.288974381775697964e+01
6.636425242286838966e+01
6.316598109665471839e+01
6.433591655758186789e+01
6.025973391674888546e+01
6.309120931137769617e+01
6.297252045256859532e+01
6.431345517677519297e+01
6.610822407692791103e+01
6.719816380193120153e+01
6.193748250327924865e+01
6.344276561612721821e+01
6.546362373972638693e+01
6.513097617326039313e+01
6.152275467058986891e+01
6.357872182015464091e+01
6.518527348657680420e+01
6.343558391352836878e+01
6.447128044778258982e+01
6.644409217794775202e+01
6.651182294020027541e+01
6.099079169143499968e+01
6.374687922105593429e+01
6.402920506566641734e+01
6.613673631714006262e+01
6.066893544134346428e+01
6.350786197416006473e+01
6.373799137018361449e+01
6.564506629085741451e+01
6.550312599345497233e+01
6.808028376272109483e+01
6.444177079518129858e+01
6.521826893127504832e+01
6.809580869529536074e+01
6.661679676182363607e+01
6.312279134974133399e+01
6.433183970091170067e+01
6.720802767399790412e+01
6.544238490247415996e+01
6.341880028309558526e+01
6.537021744639545773e+01
6.528829834393205545e+01
6.686641892708058776e+01
5.988452264915401457e+01
6.451459463296376384e+01
6.747697488265589527e+01
6.380634100923613516e+01
6.747477154211316019e+01
6.828920901065610849e+01
6.493230549954392927e+01
6.414989592166209320e+01
6.802314657322014568e+01
6.431662644949686580e+01
6.750384033155984298e+01
7.002616918012581948e+01
6.334489579826677641e+01
6.867104657063127604e+01
7.133845536494138173e+01
6.335356487962135219e+01
6.902982952348422430e+01
6.034924817204728953e+01
6.609604864258614043e+01
6.824412663566160120e+01
6.589713940292577377e+01
6.965673011731645659e+01
7.093840903805751452e+01
6.482134188646773509e+01
6.740232324804075859e+01
6.895199335292376475e+01
7.090552060028130654e+01
6.558049014153839096e+01
6.768371284308706493e+01
6.955915325849740327e+01
7.019569708515211914e+01
6.637324363642331093e+01
6.913323775300418106e+01
6.965158172656795443e+01
7.161315063517596968e+01
6.495276223639537250e+01
6.787716218603566176e+01
6.872972144989891774e+01
7.090833826612470148e+01
7.283916992867116846e+01
7.238139803635151281e+01
6.809910952075435375e+01
6.915488566033238271e+01
7.225288037369229244e+01
7.187464155755252193e+01
6.829903301481328981e+01
6.962435033663824413e+01
7.295291231223683326e+01
7.163791464473605686e+01
6.837458872018117972e+01
6.880406054638760338e+01
7.240883496394972951e+01
7.062728752260362342e+01
7.449484752979589075e+01
7.531511911172617602e+01
6.890726398590409474e+01
7.341897791458403333e+01
7.695843432121318983e+01
7.208272645931060651e+01
7.539658492357030184e+01
7.798754978668678461e+01
7.056283170014411610e+01
7.543702360520373418e+01
6.968186759832077826e+01
7.419537095956147255e+01
7.701728050327105279e+01
6.872229800766292840e+01
7.409104659132103166e+01
7.719596639619621214e+01
7.023913317903318898e+01
7.530639866864460430e+01
7.751836901063749963e+01
7.382360611977149745e+01
7.757412243239409122e+01
6.863365314535514017e+01
7.453371402555585234e+01
7.690108892058974277e+01
6.881948629759992286e+01
7.432204431171440717e+01
7.639837884319707939e+01
7.551984157310597823e+01
7.417126234831955855e+01
7.628842762702585389e+01
7.904843489932375178e+01
7.174591740790870631e+01
7.581194353020201504e+01
7.760280967840238020e+01
7.812440964236652974e+01
7.243256228430294641e+01
7.589177694066651725e+01
7.693037691932198641e+01
7.928098716391582457e+01
8.016183399366879314e+01
8.100706664053893746e+01
7.677512335786704512e+01
7.956756127964503378e+01
8.170629627458778543e+01
7.766452119692456790e+01
8.134736346593554401e+01
8.098386783451027782e+01
7.989484077515376725e+01
8.001033158446134053e+01
7.579810424665491553e+01
7.675862851915148610e+01
8.100516684626688857e+01
7.955803197632353374e+01
7.607710855456356569e+01
7.663667640273141046e+01
8.045457837438138426e+01
7.920173078339558970e+01
8.298230508698695473e+01
8.334732403162394121e+01
8.016536126680213670e+01
8.454196926910032062e+01
8.374539342279506116e+01
8.089757768911222513e+01
8.043490208177631473e+01
8.114336410478254891e+01
8.516534412464024228e+01
8.079421608709549218e+01
8.124427299585053674e+01
8.232977675411892449e+01
8.527153174605737718e+01
7.900224941720193783e+01
8.359207748083655076e+01
8.673483823662715508e+01
7.953094076860067219e+01
8.396553964871479536e+01
8.718120634271348024e+01
8.011543443779812890e+01
8.486179690771645312e+01
8.773332663251498786e+01
8.178553561843440889e+01
8.633179666128245344e+01
8.016685565059630392e+01
8.400644335313299393e+01
8.533311546218097021e+01
8.348103013681692630e+01
8.681302029190223379e+01
8.834238262008929610e+01
8.235313252141797591e+01
8.595579345348926381e+01
8.800520889596302254e+01
8.770695253085213494e+01
8.252327129372416437e+01
8.533913690267452523e+01
8.840478361518584904e+01
8.708561058088126572e+01
8.264801982303394823e+01
8.557462672646713031e+01
8.900183900612776711e+01
8.675447082205060667e+01
8.447712680571065391e+01
8.934389585517227772e+01
8.932533585926933029e+01
8.447908675150159752e+01
8.624348038351021728e+01
9.043025196539912258e+01
8.882086376125080562e+01
9.349630108959077290e+01
8.878413293625659719e+01
9.318052727337287422e+01
8.489531704456175021e+01
9.054253732325875603e+01
8.913260479787427926e+01
9.127285973503077798e+01
8.909237168541730512e+01
9.379827760175000151e+01
8.722051499734227775e+01
9.194800733204156984e+01
9.517742514385354013e+01
8.991487225051756127e+01
9.451507192429636461e+01
8.643200456481639549e+01
9.216568879691537575e+01
9.019775981981489110e+01
9.261326720111405564e+01
9.625548940532772235e+01
9.170128964019799866e+01
9.328520044114009124e+01
8.929001065752353838e+01
9.406821275945799243e+01
9.502203589605693423e+01
9.045384314368411083e+01
9.440246571827425726e+01
9.675546775308532688e+01
9.111737329544808972e+01
9.377820666885044432e+01
9.741819803887604223e+01
9.224716838292779642e+01
9.527034606606700606e+01
9.857882612470528727e+01
9.297724347018697699e+01
9.633544273291974491e+01
9.094196772145728858e+01
9.427039339973667609e+01
9.714441393153813920e+01
9.120021128154043311e+01
9.525271001222046152e+01
9.773923567905023901e+01
9.624190674115460808e+01
9.454937355323760073e+01
9.782724793949381592e+01
1.002704903446050793e+02
9.310650598745715456e+01
9.643438344282736807e+01
9.968698926731185850e+01
9.897440601128427318e+01
9.377415083480929070e+01
9.682186317938170816e+01
1.005791575457686804e+02
9.817010467028389087e+01
9.608142143906607657e+01
1.011445935707758679e+02
1.007383045445585452e+02
9.548622933598019813e+01
9.979371648971360287e+01
9.999666870054770129e+01
1.022452852240520684e+02
9.719129439416576588e+01
1.025689478851700613e+02
1.009456345307251297e+02
9.855904202038486517e+01
9.877274892049423727e+01
1.040863069277411199e+02
9.909715773205017797e+01
1.039883738392678225e+02
1.052489732822788682e+02
9.940276220563339393e+01
1.030749971198298027e+02
1.076920947584883521e+02
1.023802638558866391e+02
1.072362229635723168e+02
9.781507452866389940e+01
1.050523568613174916e+02
1.048157639650394799e+02
1.033842754197333846e+02
1.087176533140378041e+02
1.042329041042282114e+02
1.065386167792853769e+02
1.021141910329041593e+02
1.067567502391379151e+02
1.092967446237278182e+02
1.040372947103508636e+02
1.086117196008153485e+02
1.103104787443468098e+02
1.048344143298363917e+02
1.084850504114896239e+02
1.112559944107732548e+02
1.062258754635803086e+02
1.102815763658714587e+02
1.128083538162961617e+02
1.074553721848131858e+02
1.119262952955966171e+02
1.054306503787695419e+02
1.095347866663365863e+02
1.133065221427572027e+02
1.068023531393945973e+02
1.106016046269763535e+02
1.145243445293860560e+02
1.075708900798840091e+02
1.117100538276173722e+02
1.140001485337963203e+02
1.119487334090163415e+02
1.139843350434690734e+02
1.081534526660892226e+02
1.115274034811425707e+02
1.160888698941159447e+02
1.088590555762069982e+02
1.148702027649087114e+02
1.152836591830062645e+02
1.123928944752644128e+02
1.134941500771755045e+02
1.190023476750744749e+02
1.135942805597801026e+02
1.195479761133610594e+02
1.182641252471519664e+02
1.171784566433322112e+02
1.166038902917890141e+02
1.222338804805000336e+02
1.145090973226071895e+02
1.205532959813828029e+02
1.137355747762705107e+02
1.206908613606041598e+02
1.188538879929625693e+02
1.188042981656634254e+02
1.171005172033004698e+02
1.229154340037451192e+02
1.166223819806250503e+02
1.226752259799502980e+02
1.267763310589623131e+02
1.177886478586312080e+02
1.252441945967699581e+02
1.181006016003851045e+02
1.245529241525628095e+02
1.212611574707510584e+02
1.240536833879390315e+02
1.269385965132232457e+02
1.231533919933156511e+02
1.263254469519210659e+02
1.201861457704878973e+02
1.256906388455625176e+02
1.244042260032664160e+02
1.279876157784614605e+02
1.311264245903440724e+02
1.250173327950511322e+02
1.296499540583486692e+02
1.236954690824055945e+02
1.282756064268853322e+02
1.315142719207549362e+02
1.244416604764478507e+02
1.302534716773280650e+02
1.322428922814723364e+02
1.266623870956246378e+02
1.312157604551230463e+02
1.359936760369569413e+02
1.281804577894092176e+02
1.343566107427465113e+02
1.351808914083779598e+02
1.314621341243923780e+02
1.343446629217901318e+02
1.292186237224633203e+02
1.337851612276859328e+02
1.355318819794956937e+02
1.314500207301769876e+02
1.338873642312674690e+02
1.395948224913551030e+02
1.316093037493610041e+02
1.383456346234152647e+02
1.382254728278281561e+02
1.361496756580648935e+02
1.371464509958941846e+02
1.346074641045076135e+02
1.358513063786193129e+02
1.420119286327201849e+02
1.341418983567483281e+02
1.411590415197971140e+02
1.399233837740275419e+02
1.393473875390322689e+02
1.386194583345095452e+02
1.449239870363431635e+02
1.379892703018763882e+02
1.437012306125513703e+02
1.488733526506035503e+02
1.424179879626850891e+02
1.463945828794746262e+02
1.398436498351584873e+02
1.453765163046315649e+02
1.496708957041631152e+02
1.418089168402973144e+02
1.486680195589203493e+02
1.492492464806658177e+02
1.450915326848486586e+02
1.503394548721178978e+02
