0.000000000000000000e+00
-1.349943658995195506e+02
4.510352716972429477e+01
-4.472283305001455034e+01
1.551963326602719295e+00
-1.100850574998997899e+01
6.701953570233178503e+00
-6.017017885180522718e+00
5.119659482691626629e+00
-4.558235279659496264e+00
3.694508643941500470e+00
-3.551077961310431075e+00
3.317461060414339080e+00
-2.815997978853998163e+00
3.048544158277181282e+00
-2.230701131369337453e+00
2.732563708176799278e+00
-1.722391903453690309e+00
2.648060641847487684e+00
-1.268357224369776493e+00
2.666673990670303862e+00
-8.525673523387898856e-01
2.744771614008338467e+00
-5.200018636129818406e-01
3.576041064743575415e+00
-2.752697748456152671e-01
3.908190408325593612e+00
2.697644231924604119e-01
4.144480129959679182e+00
4.095896489064128621e-01
4.344255022383512355e+00
6.101656877851321381e-01
4.681563842096416295e+00
8.588013044281290753e-01
5.026083466087134077e+00
1.136735945395473735e+00
5.387178398044186522e+00
1.435951068739299785e+00
5.766453966312044876e+00
1.753129296725395303e+00
6.159154642150643788e+00
2.085298521922463788e+00
5.433067623730088336e+00
2.448603907974723271e+00
7.120449363143860566e+00
9.339079473002627196e+00
1.084645895225967571e+01
8.334905157929549446e+00
1.209123928373512058e+01
8.965900809381293968e+00
1.251108601600549797e+01
9.342687410736722597e+00
1.294633538443371634e+01
9.735346090649114714e+00
1.335611078701746379e+01
1.010347950347887824e+01
1.375887964171093003e+01
1.046868794472757003e+01
1.415506823138433390e+01
1.082925454572320056e+01
1.454923874238029136e+01
1.118816520764560352e+01
1.494113836303994347e+01
1.154532588096732049e+01
1.533159981042869013e+01
1.190104927797821333e+01
1.572040254969228990e+01
1.225510977786500177e+01
1.610746141750993843e+01
1.260726571530118001e+01
1.649247368626996391e+01
1.295717029825960864e+01
1.687514112732464255e+01
1.330445564045350793e+01
1.725512468030517965e+01
1.364873190046786355e+01
1.780080661984717594e+01
2.022468559277854183e+01
2.318828477251553011e+01
1.941552995719889196e+01
2.413529531083201718e+01
1.983681733893384802e+01
2.449584300820323790e+01
2.018441234095167758e+01
2.483959903124566537e+01
2.051612711985866966e+01
2.516414126461321743e+01
2.083040162548842744e+01
2.483521918712074239e+01
2.116083023502556770e+01
2.517224506901183645e+01
2.147932366639038548e+01
2.547463436175073781e+01
2.176934282206024562e+01
2.575544427201291953e+01
2.204039262875782512e+01
2.601452415637065840e+01
2.229268279414809939e+01
2.641199255495862630e+01
2.925340052016068171e+01
3.062478525734019996e+01
3.016294619756333617e+01
2.963459493444613813e+01
3.169644182574895197e+01
2.946893327534980855e+01
3.155945200065610123e+01
2.964536684371676856e+01
3.194834971060175022e+01
2.917868724719147977e+01
3.208829477319504520e+01
2.932499080283224657e+01
3.212214753145972423e+01
2.948910672593644122e+01
3.216524315607661322e+01
2.964446749139177228e+01
3.219730120314957844e+01
2.980608808767095042e+01
3.279242829281756855e+01
3.661294346132739008e+01
3.928292862306177824e+01
3.624233194632200394e+01
3.936170554949485734e+01
3.635232116587535955e+01
3.928401861407863294e+01
3.609504235227119295e+01
3.840905151278423091e+01
3.293842985048427607e+01
3.844562121822769285e+01
3.555957157158153592e+01
3.852759130040212909e+01
3.541314630600178504e+01
3.855341415809927241e+01
4.141964463755758885e+01
4.256428929002151307e+01
4.143593256103032019e+01
4.287452580625822662e+01
4.148009824961450676e+01
4.288099897269433569e+01
4.126518082989712610e+01
4.274855072050171856e+01
4.101297872885162121e+01
4.256238630044442317e+01
4.074796088036487163e+01
4.235093713874554311e+01
4.046497799855319499e+01
4.198944016189879136e+01
4.068222090783886813e+01
4.474501407616114790e+01
4.555477071945828271e+01
4.997262234851025653e+01
4.334510544989285563e+01
5.053421539085669423e+01
4.265354412217305935e+01
5.012643360666847059e+01
4.187446316429379323e+01
4.987774883057910813e+01
4.324136816927916982e+01
4.520259944374684835e+01
4.601231487868161452e+01
4.563788724411100617e+01
4.451141242884634153e+01
5.050460239603365409e+01
4.881107248867719761e+01
5.315358867623558581e+01
4.649303586879963035e+01
5.346333643721644080e+01
4.551680611178711899e+01
5.245756565704841279e+01
4.527055691314691188e+01
5.175390852880860848e+01
4.434898233409254686e+01
5.100179192963421571e+01
4.377979119172570677e+01
4.984963448049869328e+01
5.265848886480686986e+01
5.122933790919882568e+01
5.349879253482277619e+01
5.134611594588891847e+01
5.148990109515018077e+01
5.104288898950343878e+01
5.074578310711959972e+01
5.031259433841422890e+01
5.025131377324974125e+01
4.976426348859110504e+01
4.950636626298084053e+01
5.443993269023238213e+01
5.262007709279409085e+01
5.617939691242401068e+01
5.061789102741896329e+01
5.615541137547721462e+01
4.939026029364600134e+01
5.519385331531451300e+01
4.960151606385613121e+01
5.474143560947962328e+01
4.801948505489649222e+01
5.367510099175814986e+01
5.737746206707335261e+01
5.387030122359996653e+01
5.637706706561243664e+01
5.374702744734032223e+01
5.597776926433893863e+01
5.315917608767364300e+01
5.399572637702350875e+01
5.246135284244761010e+01
5.336851588209080433e+01
5.172335823094662288e+01
5.217536298589286048e+01
5.658656124363380258e+01
5.440571080156345118e+01
5.642467106175316616e+01
5.431566428860386964e+01
5.506512785268964194e+01
5.312178311972559897e+01
5.435010593610035556e+01
5.221124987695631603e+01
5.339430626026678794e+01
5.121965092883556281e+01
5.552794219714387225e+01
5.544652236071998885e+01
5.649790227550101918e+01
5.358538396927013281e+01
5.736329199178656779e+01
5.077722522035985975e+01
5.679220981307031479e+01
5.008559548441395037e+01
5.534440826009435455e+01
4.813657590878892734e+01
5.439261856696348474e+01
5.726918673340648525e+01
5.204413024944089017e+01
5.688136479740671092e+01
5.180157325004128666e+01
5.578213360060159687e+01
4.951235924604446836e+01
5.436331421259458807e+01
4.755003076024840425e+01
5.329475867370771880e+01
5.467994358634850016e+01
5.794040220284892939e+01
5.215053542890158411e+01
5.620329687822749776e+01
5.059702666246288061e+01
5.470840927380621821e+01
4.951513154520221605e+01
5.329220564047962938e+01
4.770207654610121040e+01
5.175414931689752507e+01
5.409416600217405602e+01
5.555284884785483257e+01
5.187060307815843885e+01
5.411610399454411180e+01
5.055886282214920158e+01
5.275646675583443823e+01
4.913946957759026901e+01
5.139644618258012798e+01
5.333487346014972275e+01
5.537014077163580339e+01
5.233282258726531921e+01
5.462765027661745165e+01
5.019464467336451463e+01
5.303534711007040414e+01
4.844202829374989250e+01
5.109427533294159218e+01
4.691582055523886652e+01
4.958798839705678319e+01
5.192151164976765187e+01
5.356542815686298553e+01
5.039088693035617439e+01
5.267480881584271657e+01
4.772397997431983896e+01
5.098225383595583793e+01
4.585308898011382439e+01
4.895569210631533252e+01
5.072476614002030004e+01
5.259784400840588603e+01
4.753166832909894168e+01
5.059599739986293088e+01
4.658396053772265333e+01
4.923960666827724708e+01
4.443066834204390148e+01
4.733236269097202609e+01
4.940317326837925549e+01
5.074641084775745981e+01
4.886930093923043472e+01
5.035062604784190654e+01
4.525820049320934402e+01
4.799367592646714797e+01
4.431016778634626263e+01
4.633041741172309713e+01
4.878490335211787965e+01
4.952579288590506223e+01
4.802252795394082341e+01
4.885068584569839345e+01
4.532205121941916559e+01
4.658818012401948039e+01
4.398700561378827700e+01
4.556536311698118169e+01
4.851664495478848949e+01
4.832473926813656817e+01
4.644310775774194155e+01
4.675498656872886016e+01
4.510733313679826040e+01
4.539102762749920572e+01
4.272995500037488625e+01
4.566605438848442589e+01
4.598566277579022454e+01
4.916635291470556268e+01
4.353351610320060416e+01
4.720325478657217388e+01
4.228083689430501835e+01
4.607602293563861195e+01
3.982468741533588741e+01
4.383417318611166991e+01
4.472907873935045586e+01
4.672722005390210143e+01
4.298575704473734049e+01
4.676808854646291991e+01
4.006611542712623475e+01
4.444334490742505039e+01
4.726228079502032386e+01
4.428317159339256648e+01
4.467192977781361662e+01
4.331700854653244903e+01
4.237997705809346627e+01
4.107214305797504039e+01
4.175323238784503843e+01
4.016841401270945511e+01
4.325507376012401295e+01
4.592961717434010183e+01
3.939480461655159615e+01
4.322172871349090428e+01
3.954767205789570284e+01
4.246769390219554907e+01
3.571449267309561293e+01
3.992268808801086521e+01
4.288538083211247454e+01
4.124719430480670468e+01
4.112180401380273764e+01
3.881997289507795301e+01
4.034432003102767794e+01
3.794904791134222677e+01
3.747880670504034839e+01
4.095608499391632051e+01
3.984489397022901613e+01
4.080366890392235035e+01
3.789190334227880186e+01
3.868777736098596165e+01
3.618771383118512119e+01
3.746720513428932975e+01
4.095240010426363853e+01
3.722938197429279938e+01
4.112430919813718333e+01
3.295102893242922448e+01
3.855406171857693920e+01
3.083214690860954121e+01
3.641561236625619102e+01
3.887452386776423907e+01
3.840982811855691637e+01
3.664978303232768297e+01
3.914343116023124480e+01
3.222340706509505281e+01
3.688860092709564498e+01
3.945902853471807248e+01
3.693009065850709760e+01
3.937050324692538794e+01
3.440051640041583170e+01
3.698407959973311421e+01
3.217181705344638942e+01
3.513557974581366494e+01
3.678897683168278121e+01
3.811307024651947017e+01
3.469461834314899562e+01
3.692282749680498455e+01
3.256765028823532759e+01
3.407398811398834226e+01
3.128532277654483096e+01
3.349113860499829087e+01
3.543001741390593651e+01
3.635893017736611910e+01
3.252291609872158062e+01
3.516860165721087839e+01
3.009922276527986540e+01
3.200780984914118932e+01
3.396334991246634161e+01
3.551396104488474492e+01
3.535505904667056143e+01
3.121772061724610836e+01
3.343295717531275102e+01
2.901280594541336555e+01
3.124297923875542438e+01
3.308560929574873199e+01
3.435275367915938460e+01
3.330749723876883195e+01
3.416966302464291516e+01
2.967826403669997859e+01
3.159863445430097784e+01
3.389218412345815779e+01
3.459500926913433716e+01
3.250071946160691283e+01
3.341398765881263699e+01
2.954737698648343525e+01
3.103001556383818738e+01
3.384537857127441640e+01
3.389807635441501077e+01
3.372116837313827631e+01
3.370061608191137736e+01
3.037241087181375931e+01
3.123384659639383187e+01
2.927736238178311012e+01
3.172556464530256193e+01
3.175593733170045496e+01
3.507529515394546138e+01
2.801320068390624485e+01
3.281725936357349838e+01
2.722880565272067699e+01
3.187367798958934983e+01
3.162051905682110231e+01
3.501233494885582331e+01
2.732722521950119798e+01
3.301757047025217418e+01
2.702384205214453061e+01
3.206134271780336320e+01
3.394188702393128665e+01
3.200115936567709696e+01
3.404396549037934250e+01
2.894850030245385852e+01
3.195197594708460187e+01
3.496768333098382442e+01
3.418178000184627763e+01
3.318012151219578243e+01
3.200616439272419456e+01
3.271437744313465146e+01
3.115220365223927956e+01
3.419900923995533049e+01
3.574203242641005573e+01
3.218331334681732869e+01
3.289155379933002621e+01
3.140137821020538667e+01
3.106910950025490692e+01
2.959323266334614999e+01
3.279998340585297711e+01
3.540797409284483166e+01
2.949269780894421089e+01
3.334904942444750731e+01
2.859132794396886723e+01
3.281577903845124666e+01
3.577954731695461987e+01
3.258687987561490473e+01
3.547396805506440387e+01
3.076651847753122127e+01
3.475842059875436973e+01
3.671906949263241415e+01
3.580612216753034716e+01
3.359499791954093695e+01
3.468586179033356132e+01
3.187557941631852998e+01
3.308953016294795901e+01
3.621005393672354700e+01
3.857381588253231541e+01
3.122359152969514184e+01
3.584575662328161627e+01
3.157675567636723102e+01
3.509097937352355956e+01
3.663723051547351162e+01
3.790669151350763144e+01
3.349588959057043525e+01
3.695495308209032714e+01
3.106352850088973838e+01
3.507334620810313908e+01
3.724130695291723470e+01
3.908718085794857444e+01
3.316813998483439718e+01
3.698310242171523043e+01
3.112525752665557732e+01
3.505489846903251561e+01
3.705971325250565940e+01
3.857119647643654758e+01
3.492660519312043022e+01
3.783581310993574220e+01
3.279161770466354398e+01
3.572071360408693863e+01
3.761716189770305618e+01
3.918644445528575915e+01
3.639888202692319652e+01
3.830922963321514629e+01
3.391896620540837404e+01
3.621433344565580370e+01
3.818032674030090590e+01
3.966766835520741807e+01
3.749683689202286274e+01
3.904705000175948726e+01
3.412946939172065441e+01
3.685485209325197786e+01
3.922803859975519458e+01
4.020790828689938223e+01
3.808256371301685306e+01
3.943378720454322917e+01
4.219315454747449934e+01
4.253360616205848288e+01
4.076760458634263529e+01
4.154192336643446026e+01
3.785827038513979659e+01
3.941975658988719289e+01
4.250585712033471708e+01
4.302472665245901595e+01
4.049933945158088733e+01
4.100164307031112543e+01
4.176501876666363700e+01
3.859700769079636729e+01
4.248042672728650615e+01
4.371285187200385280e+01
4.223238621738443754e+01
4.220977398029790351e+01
4.015195351544502245e+01
4.415239896398471586e+01
4.300013833164427979e+01
4.692367633400370153e+01
4.036499163314691430e+01
4.480270494563810502e+01
4.771605245871358392e+01
4.556062297009668782e+01
4.602100004689916091e+01
4.481102444988349731e+01
4.368600738885704970e+01
4.272286298977676466e+01
4.671241696567205537e+01
4.862323257968594703e+01
4.320084315663108043e+01
4.785291289930691505e+01
4.071444199632039584e+01
4.576573743375418957e+01
4.904635716511869958e+01
4.513237465975824847e+01
4.725609110136524293e+01
4.446370191397689808e+01
4.561358142376209202e+01
4.867053166293229083e+01
5.005604526547092803e+01
4.487306474513002996e+01
4.889355615689719770e+01
4.338118477811995177e+01
4.738713413101190497e+01
5.020563201612211657e+01
4.996591300086123510e+01
4.715536414367034723e+01
4.835982373261531109e+01
4.549385481919428997e+01
4.860409072077742110e+01
4.917836778293951028e+01
5.220529648500551900e+01
4.602561496384790729e+01
4.991323081457725408e+01
5.249136676536139845e+01
5.183345201306622130e+01
4.884089381266903018e+01
5.136555604760007299e+01
4.650182039996057881e+01
5.040489666955244985e+01
5.123054081233973989e+01
5.359028919989691531e+01
4.876061499281737355e+01
5.180432825809921127e+01
5.288432352947634030e+01
5.500199729525279935e+01
5.167321288750886765e+01
5.379324762746069410e+01
4.901174890330531042e+01
5.155587576287206986e+01
5.326807693782382103e+01
5.495905157097524096e+01
5.179227694841914342e+01
5.418118186035566453e+01
4.932678263213141179e+01
5.185403496006656354e+01
5.417329432961125235e+01
5.558031177053729266e+01
5.054801516299602326e+01
5.330405244601206505e+01
5.561642100389281751e+01
5.656952046702285486e+01
5.451640812799575997e+01
5.560009786162381573e+01
5.048821513534772265e+01
5.307271596915636280e+01
5.577550403857242145e+01
5.611081684055005780e+01
5.452694490264980942e+01
5.544823308953131402e+01
5.851123282972825734e+01
5.821970459737253378e+01
5.511856039390298179e+01
5.604725147911607763e+01
5.459108322981537498e+01
5.531227039255060873e+01
5.858254817755649668e+01
5.771883370746809305e+01
5.541139926472516919e+01
5.562447745488869799e+01
5.896400477206932322e+01
6.051699020075218982e+01
5.683420407454422474e+01
6.020389542063362853e+01
5.362707877059401795e+01
5.788285745573123364e+01
6.108203659287379139e+01
5.900821481541010627e+01
5.849481484292813604e+01
5.725324803261027284e+01
6.089292386573131921e+01
6.308864885483222906e+01
5.545674539446311968e+01
6.107533067171032570e+01
5.536656282695537357e+01
5.988520532495115134e+01
6.276835083987401731e+01
5.748750145591542093e+01
6.183247670189446410e+01
5.374347881886197342e+01
5.936039165219631286e+01
6.219424807450711512e+01
5.872297815480363425e+01
6.155233005629713006e+01
5.421712185736770095e+01
5.960774228072062897e+01
6.131334707120705474e+01
6.386451147679277796e+01
5.649014159460863738e+01
6.076199346752225239e+01
6.326107785965287889e+01
6.365642279017848892e+01
6.009127820661676367e+01
6.123563293654652284e+01
5.760815648636875608e+01
6.025510555819673897e+01
6.124518849371268203e+01
6.323011300307536686e+01
5.683109438002109925e+01
6.078268386435485127e+01
6.245474162660110551e+01
6.395291800989551945e+01
5.977563701729394552e+01
6.146381969299869752e+01
5.735673268770126043e+01
5.913631932605541408e+01
6.096158656165653156e+01
6.271730031217986578e+01
5.711572098572501943e+01
6.020190337330525665e+01
6.132753929554723271e+01
6.314992617470624481e+01
5.816514225431981799e+01
6.105571643674504401e+01
6.259413505823113866e+01
6.387884301444050550e+01
6.001935671993135912e+01
6.198488949708658424e+01
5.707506674163730764e+01
6.029077508780010675e+01
6.076392536582044102e+01
6.293753082226967166e+01
6.117171666908527783e+01
5.798021119976900906e+01
5.973378986399517743e+01
6.220497137600862203e+01
6.227509176264159407e+01
6.055485195673636412e+01
6.029086518251503435e+01
6.299324574909164909e+01
6.404401197385958255e+01
5.841221479605897571e+01
6.177312404498109544e+01
5.573526819760029127e+01
5.892072797913960613e+01
6.151110098532567605e+01
6.006273166762261440e+01
6.043658641155425215e+01
5.935670510376419173e+01
6.253918983961789024e+01
6.205797759782369383e+01
5.942850564936890123e+01
5.877055969958961867e+01
6.205745831742071061e+01
6.409792732634073786e+01
5.737205220653139293e+01
6.139972393479066426e+01
5.789530833196383952e+01
6.152040325145916455e+01
6.386348366545514210e+01
5.712109264395616748e+01
6.110894727151560346e+01
5.679835871626157484e+01
6.014749398164019567e+01
6.264393614970938273e+01
5.655599444548271748e+01
6.013815649939615327e+01
6.267336190656347839e+01
6.020387140142801741e+01
6.074852340059704403e+01
5.763095192274511902e+01
6.021281342279986148e+01
6.274917088762954620e+01
5.669371486524396175e+01
5.988937560497695500e+01
5.708902503858033128e+01
5.771001999492892764e+01
6.005670507272234460e+01
6.152079441624715628e+01
5.610552203828988382e+01
5.881800929279371815e+01
5.310775290758228806e+01
5.604917498529896136e+01
5.789746093608822974e+01
5.851920605097522099e+01
5.424064062444443124e+01
5.647418006245234068e+01
5.725017796516554114e+01
5.919600508182038823e+01
5.348934301058758933e+01
5.623790173299809680e+01
5.709440501006383073e+01
5.867648637906503239e+01
5.407969730999440827e+01
5.616449575089725954e+01
5.106470648918026001e+01
5.375039046920034025e+01
5.496285160792953661e+01
5.609001394132057072e+01
5.241580555634636340e+01
5.388248622463775916e+01
5.569678583480143885e+01
5.616624471979680067e+01
5.328349938388944906e+01
5.620306223061282225e+01
5.634831328368311176e+01
5.798171244907875632e+01
5.082775680560694553e+01
5.447000501538168749e+01
5.454159496295400800e+01
5.694986262423447698e+01
5.478218952800884978e+01
5.293322874470347728e+01
5.317605789360722213e+01
5.562161565968948196e+01
5.491757035988332802e+01
5.229823175224215248e+01
5.215891305823576829e+01
5.476804034866989923e+01
5.413450930905275271e+01
5.411982592713584950e+01
5.298435677241921837e+01
4.999768856161833952e+01
5.280515744995045679e+01
5.097046311452984924e+01
5.400245154032234751e+01
5.011957988963241917e+01
5.257627037713240981e+01
5.493681375852955284e+01
5.201556976772796759e+01
5.177609807524451924e+01
4.980396048450457158e+01
5.291358035177496788e+01
5.412603063912301593e+01
4.908733106803985891e+01
5.260768502866653051e+01
5.499824705374114586e+01
4.903722579353912892e+01
5.325339165485360837e+01
4.587850360140839001e+01
5.034690291673558704e+01
5.268347785815961970e+01
5.043670467721450734e+01
5.131238923220600867e+01
4.810328855420115701e+01
4.772663771498578456e+01
5.010060069387995441e+01
5.210403586557469424e+01
4.750636976142144619e+01
4.890266536939871855e+01
5.103349546022008809e+01
5.246878722897200475e+01
4.470219896844476182e+01
4.922255709753392239e+01
5.100772498970280822e+01
5.142096599876865071e+01
4.756484166502627176e+01
4.936478982410783800e+01
4.438006199785725414e+01
4.583960417567517709e+01
4.750105377908217719e+01
4.821496328135839349e+01
4.634623363472407220e+01
4.791305421769012440e+01
4.948836255618610380e+01
4.678888185387269516e+01
4.868673917440720089e+01
4.370851645044584188e+01
4.548761404822072052e+01
4.632499185581142598e+01
4.779963009284450237e+01
4.488642839811510044e+01
4.704284507831843598e+01
4.795298977749682479e+01
4.888565949527793464e+01
4.319443702393570561e+01
4.562689245681364270e+01
4.599893061933875771e+01
4.783099469318335650e+01
4.745422584482752626e+01
4.295121551420996298e+01
4.417419157751001535e+01
4.626454380822001156e+01
4.618452726638767558e+01
4.642754508360039978e+01
4.663906031772489058e+01
4.905759325606348398e+01
4.766808747865457718e+01
4.414371777174364553e+01
4.451475111892619196e+01
4.705350715762566693e+01
4.672782481199412530e+01
4.563247459601042522e+01
4.495746925394331583e+01
4.788386655386275237e+01
4.819858152352990288e+01
4.388389836287575463e+01
4.395466555545111476e+01
4.568409197961646839e+01
4.864998826299689227e+01
4.613915078672473413e+01
4.537528446268379412e+01
4.382412654417041153e+01
4.704751402375214298e+01
4.900391504144770494e+01
4.288823168605224367e+01
4.637425606875488882e+01
4.904764276812944246e+01
4.646667572185402406e+01
4.721769584680979648e+01
4.446776522749039628e+01
4.367681675488064741e+01
4.740144195491404133e+01
4.534813426301688821e+01
4.757680669837676390e+01
4.211221846864892626e+01
4.481713265718678940e+01
4.714917769119136892e+01
4.860876540172630200e+01
4.359547906687897267e+01
4.614238407370077510e+01
4.799570286989017376e+01
4.526381507230065182e+01
4.758242499608073217e+01
4.843392049800587529e+01
5.051843666448559134e+01
4.314597568912076042e+01
4.750164631980954510e+01
4.283944583278626084e+01
4.511374190754344227e+01
4.565644188218109889e+01
4.767856751868877296e+01
4.290266563561956303e+01
4.576978682653921737e+01
4.664275333266273549e+01
4.821968654335688598e+01
4.481503009873256360e+01
4.671347709304041018e+01
4.822118715551934542e+01
4.921892243451023319e+01
4.505519042141566644e+01
4.680476763732522727e+01
4.860461792160102590e+01
4.951839950443351057e+01
4.500844478000997384e+01
4.674210538853574093e+01
4.863673280761370421e+01
4.919208118134912411e+01
4.928879937358102836e+01
4.828367234138996622e+01
5.074703846472035451e+01
5.064680770412154942e+01
4.707328067036201702e+01
4.805348471984567738e+01
5.067005366047187920e+01
5.016469964645889945e+01
5.062942933619695651e+01
4.965789068830777353e+01
4.566190555444710242e+01
4.752224348806556264e+01
5.038817137830869797e+01
4.911149635975549899e+01
4.931797026879051060e+01
5.069580918366252575e+01
5.192701929370363700e+01
4.910568389313996107e+01
4.975095078249985647e+01
5.301626374379380024e+01
5.065804675265975732e+01
5.227000894000065756e+01
4.814435639697656200e+01
5.204765309521250316e+01
5.458333122294439477e+01
4.713678381046746324e+01
5.206596357645534567e+01
4.679040625842278445e+01
5.064765413455200616e+01
5.323062781238761687e+01
4.692528571532226067e+01
5.173837918807832637e+01
5.420564642531931554e+01
5.093859039620557638e+01
5.353309853609899704e+01
4.928295536091916063e+01
5.200672728493198349e+01
5.442769718970777149e+01
4.914938733942542370e+01
5.181120557046249786e+01
5.406678371091633295e+01
5.527237312608438202e+01
5.177965185612166010e+01
5.265175546777631155e+01
4.886844659503483967e+01
5.133472377192722291e+01
5.176363745609830147e+01
5.412179371259298222e+01
4.823741038447006702e+01
5.155557567241850592e+01
5.221377929077665669e+01
5.454733462999929117e+01
4.776201775817359163e+01
5.143880705322960978e+01
5.241267824352280513e+01
5.400398955094562581e+01
5.107180997383030530e+01
5.300325906888170380e+01
5.418636749770352878e+01
5.547660683159899264e+01
4.980481790847546364e+01
5.229406959272098021e+01
5.411046100084405452e+01
5.450376804782140283e+01
5.436676675293175975e+01
5.507607029060134352e+01
5.715944771596900154e+01
5.631845898038742604e+01
5.235083520271911084e+01
5.349248645947645286e+01
5.567047572535915378e+01
5.570549211198822803e+01
5.368640232802891177e+01
5.408775761931201487e+01
5.655576999507330527e+01
5.607800233839743953e+01
5.419923543511579567e+01
5.402325212312617708e+01
5.690189975941562039e+01
5.589518024792404560e+01
5.511064654434998999e+01
5.423542276813331853e+01
5.722395364707416832e+01
5.901596563712850241e+01
5.211977482039643661e+01
5.584519452390942718e+01
5.854023420533119548e+01
5.618177739989246078e+01
5.807891938272563692e+01
5.440644516060446279e+01
5.762322033255420450e+01
6.004681008086337357e+01
5.350971682939368179e+01
5.737140337092872500e+01
5.995818750856378898e+01
5.681093681725489120e+01
5.683901899286643555e+01
5.424905928939485733e+01
5.756815543091202159e+01
5.909871439384593828e+01
5.471627528304810539e+01
5.876062968951782040e+01
6.065501601159801481e+01
5.707746429838494606e+01
5.934976088152507145e+01
5.508499395784791375e+01
5.603009310990018577e+01
5.824424801856379474e+01
5.989392499726422869e+01
5.420567667255932065e+01
5.693426929091646116e+01
5.873855910427266735e+01
5.929927603264334124e+01
5.496685205706297950e+01
5.705630466007669810e+01
5.848254079690125451e+01
5.920055805863843545e+01
5.487908070161089569e+01
5.668850280347733417e+01
5.841968873674014162e+01
5.936684827846980284e+01
5.459837635439862424e+01
5.591672978068587696e+01
5.717176610329837416e+01
5.850006581115844284e+01
5.812814334957553797e+01
5.378597471277510067e+01
5.538622981326181360e+01
5.714964029924475852e+01
5.762061179253792176e+01
5.451153459287048264e+01
5.702680922724899659e+01
5.704586808864130631e+01
5.923656994994224334e+01
5.236970664339543191e+01
5.609120940292619650e+01
5.596450614850191840e+01
5.839123989010038684e+01
5.611436418376723623e+01
5.904902640482935539e+01
5.818651317355489994e+01
5.724689454936996924e+01
5.675057768011057391e+01
5.937726366454139537e+01
5.841380001629975283e+01
5.597035821638323227e+01
5.534922377587333386e+01
5.808822436546578416e+01
5.898292537094604171e+01
5.634963705941415668e+01
5.602311415835409036e+01
5.908223113233578516e+01
5.678608303371956367e+01
5.978630199179119842e+01
5.327572224365030706e+01
5.644535450984291458e+01
5.887158347042604589e+01
5.600402608111561165e+01
5.647057984957721999e+01
5.947510827540047273e+01
5.653312553975835897e+01
5.818753468749532942e+01
5.469757768995189195e+01
5.471925238637199840e+01
5.779068558598575578e+01
5.519800717141684032e+01
5.669970518844075258e+01
5.351210523287343079e+01
5.635994282180421777e+01
5.531043112199861866e+01
5.674456053936278721e+01
5.850180631093569872e+01
6.022730773654942737e+01
5.301273358643433653e+01
5.705629562658173626e+01
5.211406740142211902e+01
5.471421703046265606e+01
5.524927098859465247e+01
5.690735022405723242e+01
5.085582362484290542e+01
5.398096800478249691e+01
5.480998822926247982e+01
5.632963370991237895e+01
5.088494296465250244e+01
5.358437036003039822e+01
5.509286189294390823e+01
5.578747053127777633e+01
5.241205907389835517e+01
5.490487384970258944e+01
5.580076289617822738e+01
5.668487509420080528e+01
5.157707155833257673e+01
5.340362610531775545e+01
5.420290969220641841e+01
5.584382399860182034e+01
5.128478282337577809e+01
5.358892428180914891e+01
5.417630626807138583e+01
5.595422566698615441e+01
5.393399320589439583e+01
5.632820843984622883e+01
5.615768083159866819e+01
5.516427447243967919e+01
5.524981881719667598e+01
5.769772595439297191e+01
5.680527401707318802e+01
5.328394608106844288e+01
5.350259587871798317e+01
5.608805055552839747e+01
5.523176733602744548e+01
5.607543681710082240e+01
5.819166759189541693e+01
5.623566558633011425e+01
5.759886410280394387e+01
5.420814096973433749e+01
5.480185254662828953e+01
5.740819223913040048e+01
5.503773001793056352e+01
5.680654723074490420e+01
5.061170353791128207e+01
5.500619617058216448e+01
5.739392627730767060e+01
5.389419749240414603e+01
5.458074494829754997e+01
5.758906546139230187e+01
5.465537657168887620e+01
5.545155039061947377e+01
5.841508797541501963e+01
5.757989136909119310e+01
5.689213784397473717e+01
5.371581429905774030e+01
5.712350501568303685e+01
5.644076753852984751e+01
5.579645313426794218e+01
5.539810024332874860e+01
5.777461929283838771e+01
5.974650177279985996e+01
5.471008448422050208e+01
5.685162068631115062e+01
5.856376921702704408e+01
5.916305628924387605e+01
5.488038771279850891e+01
5.694753989150839146e+01
5.811960120752632974e+01
5.898359965692377926e+01
5.419940293901629502e+01
5.656635058178793685e+01
5.738293868300213774e+01
5.880971979115324899e+01
5.415686152750264881e+01
5.599348046942874646e+01
5.700130226666098565e+01
5.852548691173137740e+01
5.622884766847713678e+01
5.700117136073779278e+01
5.777714988977687938e+01
5.954279176858926093e+01
5.455671117215595700e+01
5.713499326775968257e+01
5.737508324783962621e+01
5.936856848437909662e+01
5.564567676963270770e+01
5.771115531923714315e+01
5.839963534566160064e+01
6.031667922610581911e+01
5.371837091149642163e+01
5.692598448448892867e+01
5.685891974933812065e+01
5.938286038174888404e+01
5.744964749486783973e+01
5.426427180259552330e+01
5.782768060267002852e+01
5.657944657285335666e+01
5.933743894180933154e+01
5.309161015151858010e+01
5.673500988331221606e+01
5.659457716920067583e+01
5.935072119200484053e+01
5.256922386211437725e+01
5.660075704401252494e+01
5.775698234957013000e+01
5.611593922977926496e+01
5.679656112825619374e+01
5.989682806092682199e+01
5.697745394327191093e+01
5.865408881748717818e+01
6.161231452549849763e+01
5.836949758378282382e+01
5.841526116764952548e+01
5.577481270729392548e+01
5.899167974009532145e+01
5.977970260331543528e+01
6.058337686160474789e+01
5.389703766193925105e+01
5.835009372307474962e+01
6.054935437315437241e+01
5.453057144436741766e+01
5.804045344660207917e+01
6.010895556265950290e+01
6.138619262547496191e+01
5.719823444382039668e+01
5.773887193164767950e+01
5.979080597647863016e+01
6.158351251861664366e+01
5.515812310111055439e+01
5.865169242353888279e+01
6.001717062516289758e+01
6.126057719984872563e+01
5.630340745644239320e+01
5.790041576030421311e+01
5.937836352169507137e+01
6.095623514735400050e+01
5.506924516800425096e+01
5.728651017823466418e+01
5.858129811880996130e+01
5.963133233888508045e+01
5.984621045338549550e+01
6.073689643149036499e+01
6.235604644461842128e+01
5.884181202196215565e+01
6.098676252935462117e+01
5.526938248596882630e+01
5.728061607773407360e+01
5.775663225961202585e+01
5.951381944805504531e+01
5.988830473888508976e+01
6.189054703395277102e+01
6.030064486297335691e+01
5.612614888996739637e+01
5.706717855873139911e+01
5.946022066761788949e+01
5.874293047625945974e+01
5.859841654999053873e+01
5.834962185562069692e+01
6.078532434976429499e+01
5.946050622355928539e+01
5.651608501433887000e+01
5.767568637852403413e+01
6.031024141383909409e+01
5.834461029795415499e+01
5.985401019123746380e+01
6.095316171813961148e+01
5.963172121261796121e+01
5.880101017212884784e+01
5.683334010296626104e+01
6.004430902532367043e+01
6.191253835927706461e+01
5.558280818001879453e+01
5.923941883496437555e+01
6.165929562598346081e+01
5.839832999875677899e+01
5.832069930396604462e+01
6.138178689072531569e+01
6.040050057737107636e+01
6.166715796487547152e+01
5.601496825998080453e+01
5.942457566289952098e+01
6.159865470782583685e+01
5.546879133937616757e+01
5.919913722293256342e+01
6.114498980357484470e+01
6.087831971448527213e+01
5.706298985271241264e+01
5.838768077000055001e+01
6.007706087041207610e+01
6.153419018593697132e+01
5.606956383911983721e+01
5.875359473205892868e+01
6.011939751560369416e+01
6.097978270354477814e+01
5.646443815841476521e+01
5.830736931296346626e+01
5.920560063733363165e+01
6.026129791055487317e+01
5.680157169716024157e+01
5.852395273817852228e+01
5.924379907395940847e+01
6.064521073086122271e+01
5.576971889861406595e+01
5.725903610736672533e+01
5.823325401044777294e+01
5.939084233476894070e+01
5.481275849081431062e+01
5.698093525863056641e+01
5.713948263148834172e+01
5.886141582831457697e+01
5.785530010189968664e+01
6.035505609377894132e+01
5.965976791639726429e+01
5.555684522816375193e+01
5.616525064859123972e+01
5.865918850638813353e+01
5.771981634947014328e+01
5.960856650330103434e+01
5.460418279582074064e+01
5.723903679018907553e+01
5.617898224299474919e+01
5.873012415936181441e+01
5.458545535210539867e+01
5.713249574070108849e+01
5.773811024021307503e+01
5.652641822035862873e+01
5.941355839744953471e+01
6.124576395804145790e+01
5.470550671744244653e+01
5.780203070961686507e+01
6.020000176260531077e+01
5.731409492940428407e+01
5.843402188202478698e+01
5.566712659535732399e+01
5.830419183939371663e+01
5.841105449734575217e+01
5.541850030515756487e+01
5.475956251317003165e+01
5.778484070526807415e+01
5.644090000696724729e+01
5.802083399114385287e+01
5.368611447278698279e+01
5.674476234811051967e+01
5.659592451639343835e+01
5.461424123348849946e+01
5.759284524057365218e+01
5.708922332301974478e+01
5.758755295719543454e+01
5.394599093545143376e+01
5.565426952027473817e+01
5.598545557353502033e+01
5.765548607704543826e+01
5.259132833017383746e+01
5.482627618576315598e+01
5.542374181613269712e+01
5.678407661433045917e+01
5.259350408609557803e+01
5.452959083876120161e+01
5.594969159850635521e+01
5.594087814433035533e+01
5.301799092849062589e+01
5.477020113076085295e+01
5.578631595726080405e+01
5.530080719899777364e+01
5.396438646184614640e+01
5.578774533072186870e+01
5.655675091398227750e+01
5.176663550303850059e+01
5.286433393402680281e+01
5.454964031350785092e+01
5.482997919915508334e+01
5.596571538491215847e+01
5.590786905476083746e+01
5.798039436060756202e+01
5.535023968923314186e+01
5.457292317795635483e+01
5.551280353756500574e+01
5.766161802347708232e+01
5.469853576207890455e+01
5.533084079410698308e+01
5.548308390877140539e+01
5.780274671994576607e+01
5.358485032328584197e+01
5.673140591564832391e+01
5.746764086670214056e+01
5.577675544415872366e+01
5.446645455874793385e+01
5.762140084429123732e+01
5.523897694951988768e+01
5.819710760429839524e+01
4.951329571870882518e+01
5.479539980352556228e+01
5.704031199454789203e+01
5.411891319322754867e+01
5.546486820531027462e+01
5.828423569110248792e+01
5.494459669988273731e+01
5.497209187910484474e+01
5.804577945862705946e+01
5.730929193702582580e+01
5.753540573503362054e+01
5.327279584373273735e+01
5.676712621780567503e+01
5.592748156811548199e+01
5.607329742660053284e+01
5.435597533111015878e+01
5.635765680269205546e+01
5.718393152779905364e+01
5.417187866150742082e+01
5.479050004003615726e+01
5.676304491241682371e+01
5.848209118477106472e+01
5.164491822983064395e+01
5.532614680114462402e+01
5.675215587252841232e+01
5.770775861402471918e+01
5.292972228187905870e+01
5.515924352732457692e+01
5.627712864531775239e+01
5.733884050637146856e+01
5.271596733520902234e+01
5.446373407803455535e+01
5.541037398433230265e+01
5.628989905089309076e+01
5.650140538387226741e+01
5.811378106995852733e+01
5.866874779635249126e+01
5.432076261225177660e+01
5.560181209838727057e+01
5.743908729460503082e+01
5.763271990661422706e+01
5.693825075762010357e+01
5.725064611563327333e+01
5.944995779886508558e+01
5.800232904938447831e+01
5.420332734755334769e+01
5.489074262997051079e+01
5.736597182101058934e+01
5.655838740365523876e+01
5.708087240412514518e+01
5.644887014493198052e+01
5.922981626245307751e+01
5.739965139940994732e+01
5.459925715769297483e+01
5.662652654531952834e+01
5.662044761055719277e+01
5.888065470941370450e+01
6.117760343897086983e+01
5.883389059936348531e+01
5.984622766313991349e+01
5.714066770550842733e+01
6.040611540598980866e+01
6.072300042775696483e+01
5.767730033806505929e+01
5.651591972944063968e+01
6.000276138292558414e+01
5.686064931934348721e+01
6.009784147080597450e+01
5.245036803123485214e+01
5.686008936325918484e+01
5.922003264651853272e+01
5.635736320314985193e+01
5.988868047916808024e+01
5.927360160909881159e+01
5.986259885577580064e+01
5.501403450665504380e+01
5.809883741456062722e+01
5.996891026615532638e+01
6.026341129607207847e+01
5.624022121242430927e+01
5.835407278633489625e+01
5.915845608017540513e+01
6.057717541558384511e+01
5.384988640702954399e+01
5.728247936139422336e+01
5.874819894512773288e+01
5.961971352707838179e+01
5.504552720668856125e+01
5.693398955664505223e+01
5.833757708054884006e+01
5.917558544476622728e+01
6.049516328698082646e+01
6.146909986321497854e+01
5.938349705878727036e+01
5.874593090017422270e+01
6.095672793569718806e+01
6.141429378389798188e+01
5.829369911212405242e+01
5.932277442235893261e+01
6.111001186501966487e+01
6.135779146475251622e+01
5.738955397042100515e+01
6.028666458914417348e+01
6.018091598960409527e+01
6.216782372188150418e+01
5.666319597189952617e+01
5.939242404709025891e+01
5.913209477001566938e+01
6.141964496525515216e+01
5.902143208782712946e+01
6.184953996410072818e+01
6.137086181944861352e+01
5.986676265110408224e+01
5.884653981453561045e+01
6.173345539330721010e+01
6.126455022967663666e+01
5.847872069271000584e+01
6.185357509327135261e+01
5.934523157358054135e+01
6.257565510804870712e+01
5.832477458682285487e+01
6.127942480575838147e+01
6.355063232150666863e+01
5.879807058088119476e+01
6.165878988690932516e+01
6.398505939786038965e+01
5.944440304241729933e+01
6.225003679098215059e+01
6.445331211698760399e+01
6.103825961180400128e+01
6.362447642947920201e+01
5.716913103371418714e+01
6.054361570311109375e+01
6.277478794868092393e+01
5.826694143257475389e+01
6.060599544380728076e+01
6.250514223340661601e+01
6.165805058575426045e+01
5.830521242313191976e+01
6.036865984729658408e+01
6.196515659295182132e+01
6.251727251772405936e+01
5.807672921260773080e+01
5.994520096968795997e+01
6.064807468829280879e+01
6.209268262782136816e+01
5.730325108395967248e+01
5.887766305280020873e+01
5.978951458259452068e+01
6.090904493420536170e+01
5.768987980351180056e+01
5.934578698719990086e+01
6.016887311559262486e+01
6.151488482187595253e+01
6.203986953753142330e+01
6.349967413693514828e+01
5.913992785447248224e+01
6.098682276804026969e+01
6.128863247062030695e+01
6.297399628580070186e+01
5.913128427971449241e+01
6.107151737313207462e+01
6.122904234825947611e+01
6.297694342968387815e+01
5.795576475447123244e+01
5.898234858746271669e+01
6.131996336007241410e+01
6.022364769614699753e+01
5.882254982132006660e+01
5.882971113974538468e+01
6.122249852626487154e+01
5.979747065600886202e+01
5.787570186860697419e+01
5.918180397461621567e+01
5.928707188092496949e+01
5.990232428477146698e+01
5.638991543623622960e+01
5.934527476038412885e+01
6.152194741208113982e+01
5.794589574267924803e+01
5.895975620382210280e+01
6.152207640521753262e+01
5.855695920179457659e+01
5.843010871014192986e+01
6.133376312372963213e+01
5.830825175131104743e+01
6.093898975338284174e+01
5.403982464638236394e+01
5.762501247319401898e+01
5.981678077801256421e+01
5.677744104189402208e+01
5.988516175205754166e+01
5.933952445203134829e+01
6.041442256561985857e+01
5.580652367775275025e+01
5.872272159537353531e+01
5.861919508192530515e+01
6.007518712360211310e+01
5.507740810386192010e+01
5.742607364729545338e+01
5.809885581941747290e+01
5.949013808321053887e+01
5.290394846508371529e+01
5.620609174289203480e+01
5.744072226095575218e+01
5.836889952911700874e+01
5.999281875622718729e+01
6.047446415954171073e+01
5.709334080035949910e+01
5.876245710526132626e+01
5.977807039493939811e+01
6.076268899803111623e+01
5.547812799637868153e+01
5.679193297087228842e+01
5.792134399969352643e+01
5.871720209773014432e+01
5.522884281113815774e+01
5.632300227820618943e+01
5.785502825796725546e+01
5.809934176499216818e+01
5.491941880674330179e+01
5.566823745507495858e+01
5.761199370124772656e+01
5.733382529283329632e+01
5.671103382366317902e+01
5.670803201762285539e+01
5.897687987301492996e+01
5.772843355141496602e+01
6.021994827256541072e+01
6.023742414879205853e+01
5.633757407714313814e+01
5.610003439325065244e+01
5.863376439864644141e+01
6.095566418079700810e+01
5.527408199718582438e+01
5.865311460716485215e+01
6.086244862991316751e+01
5.824320776551475376e+01
5.767654474149614430e+01
6.081858626863406414e+01
5.796405087665465317e+01
6.079442233465772460e+01
5.191217973585310119e+01
5.724199568965985208e+01
5.959631343432902639e+01
5.627960036497725582e+01
5.713390769724156826e+01
5.987022793548926813e+01
5.776896232012403942e+01
5.757228465370047843e+01
5.460206316843189711e+01
5.748332790666880499e+01
5.925273033753021679e+01
5.119365657406398640e+01
5.637951560666041928e+01
5.754108976864814906e+01
5.912853151227148629e+01
5.271851660065839695e+01
5.663083103985671585e+01
5.835514713053515834e+01
5.884520728891045138e+01
5.419450641183846784e+01
5.619372284905128367e+01
5.693438293676042150e+01
5.824603647582847543e+01
5.945837655868102445e+01
6.074682911502269178e+01
5.613204906077938716e+01
5.768714086536543562e+01
5.907307982767612486e+01
6.022351860268135937e+01
5.668698948552400196e+01
5.851460829999935953e+01
5.984469874434194736e+01
6.027335241732611593e+01
5.512012767996061058e+01
5.772007471472377205e+01
5.805813723619734645e+01
5.955787358236950979e+01
5.356260118804640769e+01
5.632494268487205602e+01
5.659426346606156244e+01
5.870535529980187306e+01
5.800021449925623784e+01
6.047542540768493069e+01
5.958669499557194627e+01
5.629764611591036783e+01
5.745616442924744405e+01
5.995263331626610182e+01
5.848217201320053960e+01
6.010453001894467917e+01
5.944261297114335463e+01
6.207283743699625944e+01
5.812291860654840292e+01
6.031238806740947922e+01
6.275758142192113098e+01
5.987651662743062531e+01
5.867833616168856281e+01
6.213408888427738930e+01
5.915482911370993691e+01
6.237719453556951521e+01
5.492360980382686364e+01
5.927927552390003285e+01
6.168462376530640512e+01
5.817764949139497332e+01
5.868424446895584623e+01
6.166370710611557371e+01
5.919550574647088581e+01
5.977049529692024521e+01
6.292547106281258351e+01
5.946254490968194517e+01
6.228444565554879375e+01
5.451011652217417236e+01
5.900725874505560853e+01
6.019011191809894257e+01
6.189484582856977823e+01
5.495029836937130341e+01
5.864686024870550085e+01
6.040980164719286449e+01
6.119607716630778782e+01
6.281142682129993204e+01
6.401203989835076413e+01
5.805136199846004530e+01
6.075867534800628533e+01
6.203984001518033864e+01
6.291574533004081360e+01
5.917335101532496111e+01
6.069449213521000530e+01
6.225401747186508317e+01
6.253631748123414980e+01
5.873896325801433704e+01
5.979967404630707506e+01
6.127539796475073075e+01
6.179519286278397061e+01
5.861509489737595402e+01
5.978880683054746470e+01
6.154153655447510829e+01
6.171150658056937033e+01
6.373132440093512230e+01
6.354872991287079742e+01
6.253739768075884342e+01
6.163990060369588520e+01
6.418196731950848744e+01
6.351847713740940549e+01
6.032764723614620550e+01
6.028423871417145108e+01
6.284494399860805203e+01
6.220246898113209966e+01
6.250896236621451152e+01
6.425959582951932703e+01
6.216423681475588126e+01
6.280087184646902898e+01
6.080747732351666457e+01
6.372218886888632738e+01
6.554677659708040949e+01
5.882548797274231589e+01
6.219109193584917250e+01
6.457624197798965326e+01
6.147639907723107200e+01
6.212825232417817745e+01
6.499205091886122432e+01
6.168262123767128458e+01
6.361929539754235918e+01
5.951789132157178130e+01
6.222692023214403889e+01
6.383540990118216740e+01
5.834484735922964660e+01
6.184790665551841471e+01
6.387997549073182313e+01
6.204289349761943129e+01
6.150780051668903781e+01
6.410129019495197156e+01
6.339807640096031349e+01
5.992429810407953994e+01
6.264241585629689979e+01
6.358638840502163703e+01
6.375954067540571657e+01
5.803895254128560310e+01
6.093931393797832641e+01
6.239275745021420505e+01
6.323869218249600976e+01
5.862905910239862806e+01
6.048459520569026893e+01
6.145463617038328863e+01
6.210468777172138033e+01
5.892541741606155625e+01
6.095616687744331585e+01
6.197621480795030635e+01
6.235840961757597256e+01
5.753214992980443299e+01
5.898792733471803018e+01
5.951591069024460978e+01
6.090970779469880370e+01
6.183254818443244716e+01
6.204082717529603741e+01
6.298902272165589977e+01
5.744879908649795652e+01
5.965377953749889173e+01
5.923305959778585361e+01
6.157014232856716518e+01
6.077096685046906543e+01
6.337466133516488043e+01
6.165896549665667692e+01
5.791633689599719048e+01
5.856899844128616195e+01
6.094136148280131948e+01
5.955350860533928881e+01
6.094270367539664335e+01
6.186653316313545758e+01
6.057972659603328225e+01
5.953562071662155830e+01
6.233320684540827727e+01
5.990081751040339242e+01
6.277234885478311099e+01
5.734862216763298193e+01
6.031197559323620538e+01
6.225187979032882879e+01
5.896682784640599806e+01
5.850164984991800310e+01
6.144031289651242389e+01
5.820311175251756453e+01
6.102665236196759224e+01
6.314637240867990187e+01
5.854608917806114476e+01
6.288523895993817803e+01
5.542582151593543216e+01
5.916405581713829775e+01
6.118004971939885195e+01
5.699259769634812756e+01
5.802753755818033454e+01
6.037994930413643146e+01
6.078910321700112718e+01
5.617363868746188160e+01
5.831714078433661541e+01
5.903648343614111837e+01
6.033156194047791132e+01
5.443450794383927871e+01
5.741249335511529495e+01
5.877141122980689403e+01
5.961219199785322331e+01
6.115262918887843568e+01
6.179917827597319757e+01
5.742489584915602308e+01
5.884648892716376167e+01
5.978852942893943379e+01
6.075785783216880986e+01
5.760983728807008220e+01
5.933256539126508500e+01
5.996383741267612066e+01
6.073530640731343766e+01
5.643548053439017309e+01
5.852777295919862155e+01
5.878627619880654009e+01
6.027046448529185341e+01
5.663026330707907618e+01
5.899388356416399404e+01
5.875760906196462940e+01
6.011006376814837893e+01
6.030547594256476884e+01
6.215377007906497653e+01
5.668505110506973210e+01
5.936993159273883691e+01
6.021279173883932856e+01
5.937524412905774085e+01
5.817765404755288472e+01
5.717785794032183588e+01
5.974266687650118257e+01
5.957317037479277388e+01
5.706167380835887570e+01
6.053697261837223209e+01
5.842597499168146413e+01
6.108897229572748699e+01
5.349078667137182208e+01
5.785042575188835912e+01
6.007367675110438654e+01
5.711595629572756394e+01
5.825798609175352283e+01
6.090811663424719313e+01
5.765547852915235438e+01
5.778403259271090064e+01
6.069632969632316843e+01
5.958172010421770892e+01
6.060105082225116746e+01
5.567659196048087722e+01
5.910469620630607324e+01
5.881743553217495446e+01
5.693920049297550179e+01
5.854597068152219919e+01
6.005245521919868423e+01
6.107425802948980476e+01
5.666497020511096139e+01
5.852873332435655129e+01
5.942721898500268196e+01
5.912578533882162901e+01
5.499750123820431469e+01
5.777739718920435763e+01
5.920067539341103213e+01
5.961675168639429501e+01
6.128339252236497003e+01
6.131736154586274523e+01
5.728597878976569291e+01
5.903686746351271353e+01
6.011609005796618277e+01
6.133398689352166144e+01
5.618960119044605506e+01
5.800346847123650917e+01
5.923531224100540271e+01
5.942108535411019687e+01
5.959419658574429235e+01
5.993315346499547758e+01
6.181829569870030383e+01
5.845583224707173287e+01
6.017426398271013710e+01
5.983890083466280885e+01
6.193865938009209060e+01
5.611549293842968922e+01
5.923267543186624806e+01
5.877056790327456071e+01
6.121104990122666578e+01
5.795248056226226652e+01
6.078575375473607068e+01
5.971191529625270533e+01
5.950592542100321225e+01
5.821245617231851810e+01
6.105139415706167938e+01
6.113368431383324264e+01
5.628393341676168404e+01
6.044547096264042807e+01
5.862388800720710691e+01
6.181498854761574080e+01
5.704603527359923731e+01
6.030260989866366828e+01
6.273383977869541184e+01
5.767358927628693976e+01
6.107688446365674650e+01
6.336459171240067434e+01
5.713240185007001770e+01
6.113477802382253401e+01
6.335182140310586618e+01
5.851155112056411411e+01
6.326473999119881597e+01
6.523205654802488596e+01
5.775917346773423589e+01
6.264880479810414471e+01
5.654498116323000545e+01
6.018183281084006353e+01
6.145004391735928095e+01
6.173716536326106308e+01
5.742300280081501995e+01
5.956068765150385502e+01
5.941813385166815920e+01
6.118587883966016960e+01
5.692575758276266384e+01
5.904355046810725582e+01
6.025150777757849596e+01
6.094880610869989823e+01
6.228130773500593165e+01
6.336641051753474585e+01
5.928653949242996646e+01
6.114427625995408988e+01
6.218333504947567292e+01
6.297953164964305728e+01
5.851882991030034731e+01
6.053969332506172663e+01
6.111033654405797222e+01
6.260807512395214047e+01
5.712632117493950545e+01
5.931271037024903592e+01
5.945369886047727448e+01
6.119788991437581416e+01
6.082602126808549059e+01
6.285981185212285993e+01
6.256102802326178391e+01
5.888330582998636942e+01
6.066181430383293360e+01
6.088746128939153834e+01
6.279378866159927242e+01
5.848779345821510844e+01
6.084857883370465714e+01
6.104038785451631810e+01
6.251488545581693046e+01
6.466758994947964823e+01
6.260124131341905240e+01
6.104863313941596203e+01
5.973831566697140261e+01
6.267242175137138815e+01
6.362487452098717000e+01
5.992602431203444269e+01
6.325840223891998448e+01
6.547265755154425904e+01
5.898724406845259693e+01
6.242254850749672102e+01
6.476012775091213314e+01
6.146704181039156367e+01
6.147640078330584146e+01
5.853891967041364808e+01
6.148500599806799727e+01
6.311667825160934342e+01
5.753944369809800463e+01
6.105282007901350028e+01
6.307062932538653399e+01
6.127374544213265040e+01
6.112362092126046775e+01
6.347390078112318434e+01
6.253100049541491501e+01
5.906087606057383255e+01
6.166711468596220413e+01
6.269489932882861893e+01
6.277289426058025867e+01
5.762424715212527104e+01
6.011088170507459694e+01
6.134717407314244753e+01
6.220464391358635226e+01
5.765420662552575948e+01
5.938572412361417463e+01
6.037058852296374312e+01
6.125986134692889351e+01
6.225692785861377132e+01
6.318944341286820787e+01
5.931592709160219101e+01
6.057804368361968983e+01
6.183925144386379458e+01
6.222121042084157949e+01
6.082731655816476035e+01
6.314020633880885924e+01
6.304905654206334020e+01
6.096402688769929057e+01
5.923630897260927952e+01
6.176248047416346054e+01
6.134098198184693729e+01
6.259529335254200788e+01
5.571788174423426199e+01
5.947948594381788467e+01
5.856902513395809962e+01
6.106340839216169059e+01
6.167736718888426140e+01
6.138059822901980311e+01
6.289297379088744577e+01
5.664613771869437642e+01
5.927836896110829201e+01
5.957793103575365734e+01
5.945977790645337535e+01
5.928418541231307159e+01
6.191132558218073001e+01
5.957133855731679972e+01
5.843385182352617591e+01
6.143858650966704715e+01
5.868937019438345715e+01
6.158051117787468343e+01
5.563017605223522821e+01
5.881167599121828005e+01
6.102987894937816549e+01
5.778960652104216678e+01
6.028040116293808381e+01
6.079288955861861155e+01
5.947480998893182402e+01
5.836125249951867744e+01
6.137588580636153779e+01
5.819766457900768586e+01
6.078489820533881272e+01
6.229626402442419675e+01
6.097598542837680213e+01
5.800457615379191623e+01
5.988659800915900178e+01
6.106980163430806385e+01
6.169250252686275360e+01
5.707060496255625992e+01
5.849590269034754186e+01
5.972095682396840033e+01
6.108018467605909052e+01
5.590193506200303375e+01
5.703753731085338785e+01
5.848862606516431129e+01
5.916327327195124042e+01
5.665518324179945608e+01
5.833117230650322682e+01
5.925448692118848726e+01
5.778639415361453757e+01
5.878703046662703002e+01
6.000626447825106879e+01
6.050310484056153371e+01
5.485803861444018992e+01
5.661114920190642152e+01
5.716305469462542987e+01
5.861543502101701364e+01
5.801268850187499027e+01
6.007067213434814335e+01
5.966536113807765673e+01
5.551742115381087217e+01
5.638254558858348986e+01
5.850675919161717786e+01
5.768669709988699168e+01
5.889186012982299445e+01
5.875765799545161627e+01
6.094520120557675824e+01
5.689834717178122503e+01
5.974410922362677212e+01
5.992763313697001593e+01
5.951547682515179361e+01
5.404331541781649406e+01
5.800811661901358463e+01
5.834679211382876218e+01
5.755512978868100760e+01
6.059619271899497051e+01
6.158738798762539091e+01
5.692588495835627072e+01
6.034143075012564594e+01
6.257761295439448901e+01
5.620101393598052653e+01
6.028224837557012705e+01
5.148705202251196766e+01
5.682449319557669298e+01
5.916579920107714941e+01
5.574320361161879589e+01
5.879349540532516727e+01
5.830534021889685192e+01
5.990225440257216860e+01
5.531648207534047401e+01
5.859903391012578311e+01
5.784073279443600768e+01
5.938214557953754991e+01
6.105975685691178256e+01
6.237294326270658473e+01
5.550686764310705001e+01
5.906239433507325742e+01
6.035626218563248102e+01
6.138398134026855502e+01
5.634849090870919497e+01
5.786657089849157387e+01
5.939320776422226089e+01
6.013019918386595464e+01
5.642844910858774909e+01
5.824115759182581797e+01
5.933630693090253061e+01
6.027327635685099949e+01
5.537998059048940291e+01
5.725276528502977413e+01
5.812614247894080677e+01
5.946401013210629571e+01
5.983507207123892613e+01
6.116492920390641785e+01
6.073194437186769790e+01
5.639554655137973782e+01
5.714177911541255384e+01
5.918787210120562037e+01
5.883055165278510401e+01
6.116602923201740083e+01
6.042174290053545604e+01
6.203467323634186670e+01
5.725801406198685584e+01
6.041433781162868399e+01
5.930584159148296663e+01
6.172614978157026400e+01
5.608214623368971274e+01
5.946497732580459683e+01
5.973244978465972110e+01
6.010564489137833988e+01
6.286913739846429650e+01
6.099343466436943828e+01
5.932454732897028293e+01
5.773293942979996984e+01
6.071904908969181491e+01
6.310226532949550915e+01
5.812080826420708490e+01
6.152116089471023486e+01
6.379909351098725523e+01
5.738879524013858457e+01
6.141202960071024819e+01
6.364218085451385321e+01
5.905211950820775257e+01
6.365364047177620677e+01
6.556467108860238113e+01
5.808072351131796296e+01
6.297046983932517605e+01
5.693168451326825874e+01
6.055058952916431281e+01
6.168904672672918821e+01
6.207087685262870735e+01
5.604680954030204987e+01
5.962049677556251481e+01
6.124412952106917629e+01
6.179891245978301839e+01
6.346042481685953618e+01
6.477079842863825832e+01
5.873949429850294024e+01
6.128764400606865337e+01
6.245607424232751015e+01
6.364764683166208670e+01
5.917369050803230834e+01
6.081541341201346995e+01
6.212656704190082024e+01
6.308684681472680467e+01
5.928408686856592169e+01
6.157406348871792545e+01
6.184990388434312081e+01
6.336468336450240457e+01
5.817137231439037492e+01
6.021812059769687409e+01
6.059217830027922957e+01
6.195994053072117680e+01
6.339668836986162148e+01
6.310611242473645177e+01
6.435665147848222034e+01
5.815448908809394624e+01
6.057190760326571422e+01
6.019134245763626012e+01
6.239392698617574951e+01
6.436507311398125353e+01
6.260237704681306781e+01
6.455912992987657617e+01
6.046208315628199870e+01
6.321478944765627261e+01
6.215290925759086349e+01
6.452987805663471477e+01
6.685284013895878275e+01
6.406562095508476773e+01
6.238484094761852106e+01
6.063256381191258981e+01
6.378025991143352513e+01
6.531644117130717575e+01
5.902450367838087431e+01
6.254536899879730072e+01
6.487654901696360810e+01
6.157162488583200854e+01
6.153867414321853602e+01
6.444489990543564772e+01
6.306625508349131337e+01
6.521356429295158819e+01
6.721776571764344510e+01
6.159998424348614066e+01
6.499143402029824301e+01
5.933883870554067386e+01
6.248084255693822797e+01
6.368722776974706790e+01
6.306306574253049035e+01
5.991170024791247783e+01
6.208284886920546342e+01
6.324225566064499304e+01
6.107057776284727169e+01
6.309947062238217086e+01
6.380570593680133129e+01
6.422025892092327126e+01
5.951043232247241122e+01
6.119091921162240766e+01
6.188883309567221147e+01
6.313634956665223541e+01
6.399470209569363277e+01
6.518185429877161141e+01
5.960885845302163943e+01
6.122356393733432611e+01
6.239625683987186733e+01
6.286301059301040084e+01
6.345243898693242102e+01
5.804233239230031671e+01
6.027131801922626408e+01
6.050834353655829290e+01
6.199379048549812410e+01
6.292789815969558731e+01
6.266130600183291222e+01
6.414414377400686362e+01
5.726175507268533948e+01
6.106088801656027698e+01
6.002199075956227148e+01
6.264651808003674205e+01
6.265136381353585193e+01
6.453622161840419835e+01
6.124997256515077737e+01
6.213791065117204226e+01
6.266807648637789896e+01
6.315651424176423490e+01
6.023497602772894055e+01
6.159456381984525564e+01
6.377906407072552497e+01
6.118141073510342665e+01
6.069023227387399544e+01
6.357672704551126941e+01
6.068364429359028378e+01
6.345390520685444358e+01
5.687699528302109542e+01
5.997727662184205144e+01
6.222561123539445305e+01
5.875405245678749822e+01
6.156991512914200371e+01
6.291510572471916873e+01
5.807152971764236327e+01
6.181598747201757504e+01
6.362489340809020177e+01
5.787643268741323510e+01
6.205421774675130564e+01
6.388167047468006388e+01
6.019441108147892550e+01
6.296287779777288307e+01
5.598964967190570263e+01
5.934207661731608852e+01
6.095769420667068061e+01
6.155495084490032554e+01
6.292321680421342478e+01
6.398864703857967839e+01
5.805665197471356720e+01
6.095501474055989632e+01
6.133757817203156293e+01
6.271198099955043403e+01
5.760093639274580113e+01
5.874590870167042311e+01
5.978406075889899540e+01
6.089798480223863208e+01
5.965523755057938615e+01
6.131772277386788517e+01
6.199088490877077362e+01
5.699556747849823779e+01
5.813076657349433418e+01
5.954784029549817603e+01
5.978621142183590109e+01
5.955262287658585052e+01
5.955173332571884259e+01
6.154657743595345210e+01
6.103157628961585601e+01
5.587463044749027574e+01
5.864734680155505231e+01
5.795048499437695000e+01
6.009663836485329824e+01
6.057206099015486700e+01
6.083642194436077943e+01
6.117758272292350341e+01
5.443435916219178239e+01
5.867543545366842039e+01
6.035233549947833609e+01
5.815166171525751082e+01
5.906032429604078970e+01
6.152773816043048782e+01
5.909415064385012784e+01
6.075008991970095451e+01
6.342459875302338190e+01
6.014052906395414055e+01
5.974152037784944014e+01
5.740420837001956045e+01
6.024274840174333434e+01
6.165743526089860183e+01
5.516318674835567037e+01
5.929464551818018947e+01
6.142242607087875683e+01
5.781166975916011097e+01
6.080522753643542444e+01
6.272886867060984883e+01
5.551309565877277663e+01
6.031837104878646016e+01
6.221607803004511084e+01
6.188274714582229308e+01
5.793993994281355242e+01
5.847950295034031853e+01
6.028681694448163597e+01
6.194856913168838020e+01
5.585654161815502050e+01
5.918839870468263342e+01
6.051975000526962134e+01
6.140975284094143660e+01
5.645255342611991978e+01
5.842354651879605854e+01
5.934172218571397650e+01
6.046541135112830290e+01
6.132681539637726331e+01
6.254941992683459517e+01
5.812119813566806670e+01
5.945651028422938822e+01
6.090246039873778017e+01
6.122332818387035047e+01
6.141831312258739928e+01
5.686813621319551260e+01
5.772449493825689615e+01
5.947925868584161435e+01
5.957708237141110175e+01
6.159710378797087316e+01
6.130247895553656434e+01
6.121303132038771366e+01
6.027972643106306805e+01
6.282635436821551167e+01
6.182176764181335216e+01
5.830572394321704621e+01
5.863095329201242123e+01
6.127723032928454927e+01
5.985354018026655609e+01
6.162723101265550696e+01
6.108045719046364042e+01
6.367892595863771277e+01
5.962581705551735212e+01
6.138098810957808382e+01
6.421662802214009957e+01
6.131245658046125158e+01
5.983087980053058175e+01
6.320949992345799018e+01
6.018090405538168142e+01
6.333953815640632712e+01
5.606840990949911685e+01
6.028238466015122299e+01
6.260330750975156633e+01
5.901569723978751369e+01
6.203476216914811658e+01
6.291546590513325299e+01
6.033521063436580789e+01
5.990896799093066249e+01
6.299116614664126246e+01
6.150588689845088197e+01
6.315237930779836262e+01
6.534626662117382523e+01
5.889048551519795893e+01
6.257816875679976221e+01
5.918675298006549923e+01
6.141873036473437253e+01
6.186010086102389494e+01
6.261217856482807775e+01
6.420775393815856091e+01
6.459395335952005723e+01
6.046346164956180758e+01
6.291471865611442382e+01
6.394091188926248748e+01
6.513089694617700331e+01
5.934152240543363632e+01
6.142944993245419028e+01
6.240046999257476301e+01
6.320320896209427985e+01
6.018423727043137461e+01
6.257254426507272882e+01
6.304294295448825380e+01
6.409909357934554919e+01
6.432556521178825903e+01
6.610094376529922044e+01
6.147880366836686505e+01
6.368171362381693257e+01
6.404037552227045182e+01
6.567667001875652488e+01
5.957886075163776951e+01
6.183854472634257604e+01
6.239960184215206596e+01
6.314954480325536679e+01
6.225292994716897965e+01
6.457681138447266278e+01
6.526961758911734535e+01
5.985944338357327155e+01
6.285280844042257087e+01
6.525490111671096827e+01
6.306806917779134380e+01
6.243576329616658427e+01
6.388491862743484262e+01
6.239062788142391014e+01
6.525100426224427963e+01
6.029677869898520726e+01
6.311406483892598374e+01
6.463392192789432045e+01
6.065884949140566818e+01
6.210941416578020835e+01
6.469796936984002400e+01
6.140802427057372626e+01
6.143579793382733101e+01
6.429845437607328051e+01
6.289861726661033714e+01
6.498081850911128754e+01
6.697400472409984218e+01
6.135869857804626548e+01
6.482275471684205570e+01
5.892582514643050473e+01
6.201438335015262027e+01
6.362848994660448909e+01
6.088287387391670080e+01
6.401746201652704826e+01
6.494455524618425102e+01
6.332713857363997079e+01
5.983090602208919506e+01
6.204428901219525727e+01
6.275152172104181858e+01
6.389730520511442791e+01
5.908046032654523572e+01
6.039700650551352368e+01
6.133614712983167294e+01
6.264045294512653328e+01
6.351706649404778915e+01
6.463462021966391546e+01
5.908050985542228517e+01
6.064318001385902335e+01
6.180590002188917964e+01
6.224061997173072314e+01
6.309213549197991711e+01
6.476425598083501711e+01
6.456423196129239273e+01
6.014173139222913278e+01
6.110342306522476719e+01
6.312956036589191200e+01
6.263367191597431116e+01
6.238679713746445543e+01
5.932299625957062972e+01
6.216463722823038296e+01
6.104345944841855243e+01
6.132405302729035412e+01
6.168034964184556657e+01
6.359858200928564287e+01
6.093324798607694959e+01
5.953312325466835375e+01
6.048559285944595132e+01
6.119622759289562453e+01
5.969494844214099061e+01
6.229004141431033048e+01
6.458055103947766895e+01
5.861046654205509299e+01
6.158456600625721933e+01
6.382307333658503978e+01
6.079857963680372279e+01
6.062699778650349458e+01
6.344761438626442640e+01
6.022707878014697513e+01
6.281987009384845777e+01
5.589881493921945577e+01
5.929440307664664545e+01
6.142788411668521320e+01
5.822508397127994328e+01
6.119203678570450222e+01
6.076259550083008065e+01
6.183104653379039206e+01
5.717462699581638219e+01
5.996595921681664265e+01
5.990304194795717763e+01
6.113561636756904960e+01
5.584595279164312132e+01
5.817948641205251192e+01
5.944214102579288550e+01
5.989608437937933871e+01
6.112672977111889594e+01
6.196874763796137842e+01
5.810991396156487099e+01
6.029384005025752913e+01
6.106411718014400947e+01
6.163928412803493728e+01
5.543618070669245412e+01
5.790475943120044633e+01
5.881301605226590112e+01
5.970635803727182633e+01
5.475700224816708328e+01
5.690270616373850032e+01
5.797283985547614549e+01
5.858094731857629256e+01
6.004845653520784765e+01
6.031281531763128356e+01
5.971007404410878650e+01
5.772638691438518066e+01
6.007532615240568674e+01
5.975826468683818860e+01
5.909409845424377750e+01
5.881449262062057670e+01
6.102708088060356317e+01
6.000642090229290204e+01
5.635370718064984175e+01
5.705426162416649305e+01
5.932077199586993288e+01
5.795444198726212193e+01
6.050061401381453408e+01
6.063740160229016141e+01
6.059978251284759665e+01
5.392253062482041059e+01
5.860212376982144633e+01
5.961728625446794894e+01
5.786819019471328573e+01
5.922252144207659086e+01
6.172781330464956540e+01
5.869431408810999073e+01
5.827020241959436930e+01
6.131916459984172718e+01
5.841595508383753099e+01
6.097674557157316144e+01
5.218503266418129982e+01
5.748242208065942549e+01
5.970539104277619202e+01
5.715717312085985213e+01
5.998615164689770296e+01
5.917169444798480527e+01
5.973214076568949338e+01
5.556741739634758659e+01
5.908911854907657357e+01
5.843398556217636042e+01
5.974448230019531536e+01
6.147028120770850279e+01
6.315829365335003587e+01
5.598139946583079762e+01
5.943567652244703936e+01
6.054479715769414838e+01
6.160318529685046229e+01
5.639098408466109902e+01
5.939686178983447462e+01
5.999684559880995494e+01
6.137376550028324118e+01
5.588884429427798750e+01
5.748442939211665959e+01
5.861586749295033627e+01
5.972314268767725309e+01
5.787640271699863348e+01
5.948067497718744789e+01
6.010000813788570184e+01
6.041648926266897490e+01
6.215594012638000265e+01
6.214929908140851467e+01
5.820497212972252044e+01
5.901896893694182467e+01
6.118756284837564863e+01
6.088915828551132847e+01
5.721200916407278925e+01
5.778615271416477128e+01
6.028187323084594595e+01
5.949879402387006877e+01
5.988788261246583744e+01
5.918343868265582586e+01
6.204488784104900390e+01
5.997622229877897126e+01
6.292575294118068285e+01
6.486387830811406729e+01
5.706682852470810730e+01
6.082562919507815025e+01
6.371164001520216402e+01
6.122615249605605925e+01
6.233842641732024958e+01
6.520869243636180101e+01
6.200325646404431268e+01
6.230425433963282700e+01
5.970879468327694894e+01
6.305337341858234623e+01
6.305215645803577473e+01
5.995212119674992834e+01
5.939761259678522975e+01
6.290690507887578065e+01
5.979315312874022226e+01
6.287655382250644465e+01
6.520136906009355471e+01
5.970106727490040299e+01
6.437320291906377179e+01
6.659200601992597512e+01
5.979718508283241363e+01
6.429198243592374240e+01
5.606189577119857148e+01
6.012742214348342884e+01
6.220580501996006717e+01
6.399657864617201852e+01
6.539390365635468072e+01
6.644950443888689051e+01
6.110818886632800684e+01
6.359756810656340775e+01
6.473104076921580941e+01
6.613673580132757479e+01
6.090618930778252604e+01
6.308077065733473887e+01
6.437500274424094471e+01
6.555857921925553455e+01
6.041212362966059857e+01
6.299999700138378245e+01
6.365146219738826971e+01
6.552987553926644182e+01
5.916437467259869720e+01
6.171011206986250386e+01
6.207394847824203765e+01
6.420195621476038639e+01
6.240347762237579587e+01
6.573345387907409076e+01
6.518352981962659953e+01
6.133933199359783117e+01
6.233852624570208434e+01
6.495484561187122097e+01
6.421781362989898412e+01
6.722573737336399802e+01
6.671246110384619499e+01
6.398817290630484678e+01
6.347222909475794239e+01
6.690593851804837300e+01
6.600383340142266775e+01
6.413866044130921296e+01
6.590832556928823749e+01
6.818171887158460720e+01
6.475381856931804236e+01
6.450429918122850381e+01
6.815196444307488832e+01
6.491020434376297032e+01
6.807044022626770641e+01
6.124431127647094542e+01
6.559426193620301149e+01
6.827495514746186700e+01
6.349384094283517044e+01
6.695775487540501558e+01
6.907801834542638630e+01
6.244583078433993251e+01
6.652785393806996694e+01
6.912509834252155372e+01
6.347670838970174145e+01
6.845175969401608995e+01
7.087733746170000870e+01
6.432300062234541826e+01
6.832617542985042292e+01
6.166051605148471992e+01
6.551979857252514705e+01
6.700193524898872965e+01
6.734623131998213807e+01
6.944360994822660871e+01
7.035910735924039727e+01
6.404164275555589825e+01
6.671660712220695189e+01
6.826768622523400154e+01
7.038106343898448358e+01
6.392622200114776376e+01
6.672775389833135762e+01
6.828360744292197637e+01
6.894206094505727833e+01
6.433962219909025748e+01
6.642763538067649165e+01
6.841583067476385338e+01
6.921766156680686777e+01
6.375417164360094802e+01
6.548548749652553624e+01
6.814979423823477589e+01
6.835040240974508663e+01
7.136514642329079550e+01
7.088063542268733386e+01
6.569978971292559322e+01
6.751802144692814522e+01
7.080556899560897932e+01
6.998976038325729121e+01
6.622581550565941200e+01
6.808754199590526923e+01
7.152261308789654493e+01
6.946788342301947239e+01
6.605487700162034059e+01
6.650836227117792987e+01
6.995468229002182170e+01
6.819291422598308827e+01
7.183566687465896905e+01
7.379340297093409617e+01
6.687685749742844621e+01
7.027653343472077552e+01
7.347901130141703163e+01
7.037083985593930890e+01
6.946729782439018663e+01
7.349439264617636525e+01
6.991514398553296417e+01
7.334103485219668528e+01
6.620392361902338507e+01
7.061523119850679109e+01
7.358809011874326700e+01
6.790242416716178298e+01
7.163831694569277886e+01
7.425915841124515282e+01
6.698586388689477644e+01
7.150334355675822451e+01
7.431474710202525102e+01
6.839602397043272219e+01
7.364546263125019721e+01
7.614274687148731857e+01
6.883066465642386333e+01
7.364837857923528475e+01
6.672524674251769738e+01
7.096111436454626187e+01
7.171080759763073331e+01
7.361980722949668632e+01
6.795769737577920466e+01
7.043698529632098371e+01
7.245974386918004484e+01
7.368538907929678317e+01
7.588644017518859641e+01
7.246197957359628106e+01
7.542429359642844133e+01
6.897493779979275530e+01
7.217627363277668451e+01
7.314040506328690583e+01
7.518619224976011139e+01
7.582339706231113041e+01
7.688855536989643724e+01
7.170193753873203946e+01
7.435502364951052812e+01
7.641418195147407744e+01
7.318930843171219180e+01
7.632427134861886486e+01
7.729592749902381854e+01
7.721613728611816896e+01
7.555807642666250956e+01
7.157049444047990505e+01
7.249589683208208157e+01
7.617249129075867131e+01
7.513381846020300259e+01
7.907417852435946770e+01
7.693841546873403558e+01
7.730800279585214696e+01
7.467926944642599096e+01
7.891631057130975080e+01
7.679771757730813420e+01
7.631331563126884987e+01
8.022303575863639935e+01
7.737808427357659014e+01
7.583361369862835488e+01
7.567374682079849890e+01
7.999256313683299879e+01
7.657629376526413978e+01
7.927813839024466347e+01
8.291134218078104823e+01
7.787657132056230580e+01
8.085973351836079814e+01
7.616519143208211062e+01
8.030967173966041628e+01
8.025736165443919390e+01
7.612103751668050222e+01
7.946771491350473582e+01
8.295542047318046741e+01
7.436741911228752144e+01
8.040690748086937845e+01
8.346626139002128753e+01
7.562866485443514364e+01
8.176147085796664271e+01
7.466468279574085898e+01
7.964111796057447634e+01
8.079363104906617821e+01
7.887669053101042493e+01
8.238193705559137925e+01
8.493073792064070915e+01
7.718513359127254603e+01
8.200590504059090335e+01
8.430957487867294731e+01
8.231374707119861966e+01
8.084973116319186204e+01
8.349774084949930852e+01
8.663034523923936092e+01
7.921418853556650674e+01
8.361235916574010218e+01
8.459747076369529850e+01
8.714668862440217367e+01
8.021530679415215559e+01
8.468096159695453196e+01
8.514800797349097650e+01
8.685680855969680181e+01
7.986822409336213013e+01
8.413784166311984336e+01
8.470087733814375497e+01
8.746973545926395843e+01
8.687793779805710415e+01
9.005535092025444044e+01
8.349862098888007722e+01
8.826764268496012278e+01
8.953388480064603527e+01
8.675754943379493511e+01
8.664249721655697556e+01
9.108984824899935973e+01
8.890061989868043213e+01
8.790468848465194185e+01
8.636739122342868313e+01
8.787954028882973034e+01
9.231434509724026327e+01
8.692956152442187090e+01
9.120691542542286356e+01
9.372393971741192331e+01
8.475885018695463202e+01
9.070278317926398870e+01
9.513460528832965224e+01
8.934379797178155513e+01
9.407210670860349921e+01
8.545317400255625273e+01
9.141617083715475189e+01
9.533116027694960337e+01
8.627929396457567179e+01
9.262916183034522533e+01
9.657925988491219016e+01
8.790560683421476540e+01
9.422535517183490583e+01
9.773831637719331411e+01
8.949206444767004598e+01
9.535538365827086693e+01
9.852881869828674155e+01
9.117035838758933153e+01
9.657659166356791047e+01
8.843615130212528186e+01
9.423855077555444382e+01
9.731568077436590158e+01
9.086234525612252355e+01
9.514804209132789481e+01
9.832043758655123611e+01
9.140626564917994301e+01
9.676228551039427828e+01
1.001760553155925209e+02
9.850498336717510028e+01
9.508806944138406436e+01
1.002377465220450148e+02
1.014334991971999500e+02
9.569149712514449391e+01
9.946098892989135720e+01
1.037496592076591924e+02
9.759456892435787267e+01
1.021069821366254757e+02
9.475178914493454840e+01
1.003418340646002065e+02
1.005407636298960199e+02
9.933415711348830257e+01
1.005491894761025975e+02
1.053667016230846798e+02
9.912538157549691675e+01
1.031794135312631511e+02
1.070737575174306215e+02
1.004000420075645081e+02
1.051126059876693262e+02
1.086712133308492270e+02
1.013372525995233957e+02
1.065374063801610305e+02
1.005995996301248994e+02
1.071470600804910163e+02
1.040564732914845649e+02
1.041517915873839968e+02
1.052245974861518079e+02
1.105498713445277730e+02
1.036498151596308901e+02
1.085920093414182332e+02
1.124368147548025263e+02
1.047968541661890498e+02
1.102128863380511063e+02
1.143408303634342786e+02
1.069378722999550035e+02
1.120752463008014246e+02
1.053677904940549155e+02
1.110053091543603188e+02
1.118845038620985406e+02
1.060141008983787572e+02
1.120327273358333144e+02
1.151584847572119799e+02
1.077313151782290248e+02
1.135193366608873902e+02
1.153809398193157989e+02
1.083607969613643007e+02
1.145197122771195239e+02
1.178389154241910433e+02
1.110915100970998139e+02
1.162905617478235172e+02
1.096912570769618895e+02
1.144620035954419848e+02
1.188131380461142044e+02
1.100648458921512542e+02
1.172208396187602943e+02
1.195232395640599208e+02
1.122736969732064267e+02
1.172627233481100717e+02
1.218737284683231792e+02
1.144325942024361353e+02
1.211222223881814415e+02
1.127217360992014079e+02
1.195299253910744142e+02
1.210701661687510153e+02
1.159264898088138409e+02
1.189477900574937905e+02
1.243772528573254021e+02
1.164419546787839295e+02
1.242477840562206524e+02
1.240885630521061387e+02
1.213177773913713935e+02
1.222519262606944608e+02
1.284373728392015437e+02
1.205032207499104118e+02
1.272482546255080820e+02
1.191355607392854523e+02
1.261448228608595912e+02
1.246959947638386126e+02
1.241654796968900882e+02
1.271880769157544648e+02
1.303523505916478769e+02
1.226178419493710408e+02
1.292559437382698206e+02
1.323070111557009909e+02
1.248783465186080122e+02
1.313830682563446430e+02
1.354391545488008717e+02
1.281937411089055843e+02
1.336067622006394231e+02
1.266664499172611755e+02
1.328095407199772637e+02
1.336065610404538972e+02
1.282464303758646054e+02
1.341250637553605713e+02
1.384987152418458720e+02
1.307128760376323555e+02
1.364457252027312677e+02
1.407273500649048970e+02
1.332384049663247367e+02
1.395406864223130299e+02
1.422545240197225382e+02
1.355705033340497891e+02
1.416897905408653173e+02
1.345871733203955500e+02
1.411290301058147634e+02
1.361093093589970238e+02
1.420997739675406137e+02
1.451814810125843564e+02
1.392265393311830906e+02
1.439564551140352933e+02
1.383550142022193938e+02
1.429562094848237166e+02
1.496604610630063519e+02
1.392807060980840106e+02
1.490825969673157658e+02
1.440892078714434774e+02
1.497776914651516904e+02
1.401078606143974525e+02
1.479098149732788841e+02
1.500530398928523539e+02
