0.000000000000000000e+00
1.361126356008839196e+02
-4.594037951533994857e+01
4.281270994935003671e+01
-1.960311692258258986e+01
2.358040132538228661e+01
-1.237679667835587338e+01
1.125756079391943132e+01
-3.588509774740794023e-01
-1.858894125208656600e+00
2.806004949408756666e+00
-4.298227330190937501e+00
2.578545740858652291e+00
-3.269336606577369686e+00
2.611474910375247038e+00
-2.543896446091857388e+00
2.386830921136332329e+00
-1.950901650002791143e+00
2.379672753564144205e+00
-1.446761137526220597e+00
2.447550482363795243e+00
-1.003471799830037980e+00
2.555283503539583556e+00
-6.596656383888579445e-01
3.391758752007369537e+00
-4.144605169241805109e-01
3.724435278817399997e+00
1.266654668684165652e-01
3.976299299625277062e+00
2.782159923328553219e-01
4.176737386569316257e+00
4.767882132371510373e-01
4.511053151579602627e+00
7.210345973243498241e-01
4.851606932232503056e+00
9.938586188096628637e-01
5.208613705291021745e+00
1.287884560311779669e+00
5.583727976574468954e+00
1.600002065280029973e+00
5.972389407649343340e+00
1.927352225737827496e+00
5.248802507121327565e+00
2.287988532775675043e+00
6.924607063110067351e+00
9.155638751489597382e+00
1.071790751531992036e+01
8.179201784628103766e+00
1.187992911258860573e+01
8.785520587348257138e+00
1.231416102107849042e+01
9.172082587924339947e+00
1.274366256454102420e+01
9.558636549832554508e+00
1.315084824906973715e+01
9.924604744452185656e+00
1.355052751074125084e+01
1.028688658904806275e+01
1.394389323690340809e+01
1.064468340490177845e+01
1.433508306961213563e+01
1.100091615892118391e+01
1.472423272575348641e+01
1.135564743021477163e+01
1.511211556770918207e+01
1.170919784899420435e+01
1.549857716880050873e+01
1.206136634877977443e+01
1.588352302012124895e+01
1.241191443638373215e+01
1.626665767761950931e+01
1.276049880946758286e+01
1.664767788757923483e+01
1.310675271478320880e+01
1.702624073404421168e+01
1.345028716285528247e+01
1.756871703216697611e+01
2.001309994122034297e+01
2.298485505880691093e+01
1.922126031662591927e+01
2.393327397992521099e+01
1.964138653379436050e+01
2.429297353768019008e+01
1.998809689492166086e+01
2.463612605772558695e+01
2.031943266781806656e+01
2.496031000144718348e+01
2.063357189489108023e+01
2.463215817098731009e+01
2.096426463859684119e+01
2.496938974413081880e+01
2.128315020760003407e+01
2.527240974966883869e+01
2.157385883194521270e+01
2.555404956926475535e+01
2.184583923245801529e+01
2.581427532872816855e+01
2.209930920817724243e+01
2.621256505027877992e+01
2.906626075234575168e+01
3.039516265064657574e+01
3.010208556100173993e+01
2.883048192072743277e+01
3.139191364580431554e+01
2.918998031379702596e+01
3.132157419745081839e+01
2.940624738246574310e+01
3.173932478179322558e+01
2.895573056562673031e+01
3.188788485996400368e+01
2.911052182653295262e+01
3.193101470639085093e+01
2.927992444763003377e+01
3.198073422191029991e+01
2.944146771879329805e+01
3.202018387783266462e+01
2.960735800248531291e+01
3.258301836789443939e+01
3.641953776331719439e+01
3.910372904449313580e+01
3.603146516505167085e+01
3.918948272768751906e+01
3.614693485892676250e+01
3.911970832436583834e+01
3.588058385591514821e+01
3.903133950628989624e+01
3.599515227215891144e+01
3.905264972258142109e+01
3.573546166922089640e+01
3.909280071596472794e+01
3.594260241674290057e+01
3.907074671357396767e+01
4.207164849617267066e+01
4.390534702437766867e+01
4.140818514686294805e+01
4.387383035977159551e+01
4.121079900458120449e+01
4.263805443926766259e+01
4.045696044062928109e+01
4.550315963563170385e+01
4.016586423893947710e+01
4.422175781785721682e+01
3.970144730521617760e+01
4.417184751363009099e+01
3.909854740748524904e+01
4.432596074493269356e+01
3.890434260658296495e+01
4.430748723952948609e+01
4.455431601829999266e+01
4.927719778124588146e+01
4.270868299045469740e+01
4.966916175155247970e+01
4.205476282674717936e+01
4.991272117934882857e+01
4.134984029446994924e+01
4.937387861139023926e+01
4.275821262288791047e+01
4.691328286870641051e+01
4.048715812253065138e+01
4.798314857736606598e+01
4.894850869623027734e+01
5.389324556638207042e+01
4.650417782230255170e+01
5.354672547123106341e+01
4.558927405450564407e+01
5.279345353275940766e+01
4.526274428845630382e+01
5.232436415621541670e+01
4.469631086998939651e+01
5.150752844615589510e+01
4.437454404083479886e+01
5.126013065103396826e+01
4.394127140299381296e+01
5.001912828912402631e+01
5.148252635298749169e+01
5.551551668928318151e+01
4.826072624795881438e+01
5.411556135069236007e+01
4.880744627961247772e+01
5.452556609425346323e+01
4.732156883441971473e+01
5.350793087347445010e+01
4.691162957241013487e+01
5.301069257713703564e+01
4.616064912401952114e+01
5.233822934661191084e+01
5.539854249035049349e+01
5.186458338605711305e+01
5.553691923496061378e+01
4.988540868900245329e+01
5.573167254956049987e+01
4.898766165652902060e+01
5.475395256035002944e+01
4.902765743826038403e+01
5.425145572336322886e+01
4.784418444231705081e+01
5.342536994903122860e+01
5.720991039661436162e+01
5.323568354395372637e+01
5.724796546487436899e+01
5.103175363853748792e+01
5.649334046420508315e+01
5.026215096324343534e+01
5.558730466753550559e+01
5.037326710733826474e+01
5.505472121732903190e+01
4.856778964203556370e+01
5.391348670880757510e+01
5.750804186477022029e+01
5.315209944536999842e+01
5.764184680807451855e+01
5.137699651376959054e+01
5.650730983925359396e+01
4.974180695918336426e+01
5.542638398123601462e+01
5.034627379449616313e+01
5.480556020243120940e+01
5.800978149221992197e+01
5.434833100172235021e+01
5.886314121914838893e+01
5.345855453617115671e+01
5.785554444740934343e+01
5.140780069794291762e+01
5.665387784879160193e+01
5.146894905077375881e+01
5.561511742469377140e+01
4.896969641908547999e+01
5.427645123713454467e+01
5.731707631101838984e+01
5.300803996768902238e+01
5.766821407102472108e+01
5.081014348613396692e+01
5.662104901161980308e+01
5.031029285551395702e+01
5.512484890665616177e+01
4.831203049977875708e+01
5.403437567593511659e+01
5.540715645796050381e+01
5.870894545925696661e+01
5.287640327696465192e+01
5.690931015892060429e+01
5.127779004652035155e+01
5.538659984320828045e+01
5.024104231491595840e+01
5.394825337368274631e+01
4.831951371893688219e+01
5.235625661452093027e+01
5.477350810107256507e+01
5.587835045222909969e+01
5.239225871860833905e+01
5.452391861608157342e+01
5.136937296713001189e+01
5.337840470176779917e+01
4.980772136105689896e+01
5.186134755521909057e+01
5.403899706593165320e+01
5.623285882191707685e+01
5.192700506848107267e+01
5.478672741864894391e+01
5.033916628574117169e+01
5.321229423781954893e+01
4.874586075354636705e+01
5.141750591843044305e+01
4.742964635216073788e+01
5.015130910578193379e+01
5.249238093066595923e+01
5.409219270857370532e+01
5.077192700541748849e+01
5.301114697207415816e+01
4.815445257260579837e+01
5.139593494269448826e+01
4.624223214277972716e+01
4.938129718386984734e+01
5.115912979906914160e+01
5.303811125045442765e+01
4.798512865834651109e+01
5.108497328423591455e+01
4.704387105882653231e+01
4.971972195908038827e+01
4.488805411784995414e+01
4.782445802635956511e+01
4.989818790538095072e+01
5.124353242362290217e+01
4.931437237759913472e+01
5.081756642820137415e+01
4.572203049441166911e+01
4.847577942802222140e+01
4.478873103322779770e+01
4.683604749949202528e+01
4.929278987413453450e+01
5.003544747706567364e+01
4.845816883708216949e+01
4.930702188533511787e+01
4.578200297994480650e+01
4.707081658139816227e+01
4.449557017456130126e+01
4.605935698932143652e+01
4.901527870268351705e+01
4.882672403362867897e+01
4.688776175271201652e+01
4.721145128923384249e+01
4.565068153749975011e+01
4.592482761551480763e+01
4.315576924050458985e+01
4.609026146988377093e+01
4.658191978759641216e+01
4.955386135010487436e+01
4.370638492082671434e+01
4.733950279655643101e+01
4.369994109876912347e+01
4.715239115177396201e+01
4.088986437262413887e+01
4.483901713811570744e+01
4.520795435822812891e+01
4.860385296801226929e+01
4.221862886811570093e+01
4.624390124892155995e+01
4.116585582924261644e+01
4.518749167068037309e+01
4.791433619426259582e+01
4.457312927855761586e+01
4.701380139203371300e+01
4.108914357802895267e+01
4.575394133372221006e+01
3.892211151562541716e+01
4.364514498311043411e+01
3.812790274411617730e+01
4.163563523558233470e+01
4.466747407790543178e+01
4.270202163717292621e+01
4.214249103578434585e+01
4.036673437469946180e+01
4.115734736854545162e+01
3.916777655998516394e+01
4.234516272334944631e+01
4.363473840363683109e+01
4.140761842009747085e+01
4.141536882025317112e+01
3.912977413795641013e+01
4.011455118390784236e+01
3.769068344378052871e+01
3.761911023766691642e+01
4.107129629947245064e+01
4.051842624683558114e+01
4.137277853828309304e+01
3.839078162473173705e+01
3.887148169254517427e+01
3.634917836875807495e+01
3.854490763957308985e+01
4.160286103240440525e+01
3.709663922991565954e+01
4.086434985177317714e+01
3.481317698799701077e+01
3.924966124338730111e+01
3.120026197978600990e+01
3.670150121389076503e+01
3.916866366721053794e+01
3.877095496978508038e+01
3.690911373483853453e+01
3.932281426537993951e+01
3.253145388659234527e+01
3.726052686648855428e+01
3.902209513880801239e+01
4.007163983202210744e+01
3.592107000522037197e+01
3.738074012971306104e+01
3.442928009291649261e+01
3.638429614334705775e+01
3.198219790973088195e+01
3.358569129243193174e+01
3.568997174844115960e+01
3.746387985910494933e+01
3.364217355758473360e+01
3.525962111539089960e+01
3.247600083496677570e+01
3.440770860140624166e+01
3.661260753574183013e+01
3.755276545430805868e+01
3.365807146467041377e+01
3.576324937302706530e+01
3.162162174796088365e+01
3.412733865554547208e+01
3.537747959836968192e+01
3.710556672733199690e+01
3.313638360000410898e+01
3.534273854826404460e+01
3.110819205429601197e+01
3.336730059453291375e+01
2.934766206252932008e+01
3.158221284519425254e+01
3.344051825572394421e+01
3.467846482337976965e+01
3.286986448620586287e+01
3.423526897385391266e+01
2.984539088210212654e+01
3.166064192377269748e+01
3.394572643432720582e+01
3.465103910873857984e+01
3.282971597836809963e+01
3.371794857722372285e+01
2.963696770271005221e+01
3.113515650156856651e+01
3.393596142040684782e+01
3.398508296392090244e+01
3.370181699596057001e+01
3.375963431471503640e+01
3.043421604028309346e+01
3.128392336011395614e+01
2.933779278657379663e+01
3.176490207726849846e+01
3.178325174496413652e+01
3.508894456062085254e+01
2.804137302655503206e+01
3.282225267517490863e+01
2.726776934993499779e+01
3.189015139235797136e+01
3.164853708398436183e+01
3.501518823590430429e+01
2.733462989564067414e+01
3.300726888965245820e+01
2.701887148709516850e+01
3.204047772816822004e+01
3.388756388706894995e+01
3.193185197483895621e+01
3.423910779570400820e+01
2.880491848966964596e+01
3.171860444146016178e+01
3.473469092070889985e+01
3.396300802458748080e+01
3.312036022798386625e+01
3.194177944749853282e+01
3.254240663881904538e+01
3.104488169717630441e+01
3.408284358628461064e+01
3.568429588221755466e+01
3.185895816720929474e+01
3.329464203817011736e+01
3.158645030818788868e+01
3.088699878464411341e+01
2.943982753555859588e+01
3.264742417563022769e+01
3.538405937282516334e+01
2.926060751200334664e+01
3.308483454326245976e+01
2.868030579231088595e+01
3.293725852438999624e+01
3.570405493568378574e+01
3.276950636473286238e+01
3.494403592400631453e+01
2.913820495434333679e+01
3.336723241173380217e+01
3.614726593743626637e+01
3.591300126700323148e+01
3.444237811732840981e+01
3.499141467071461165e+01
3.193656011958359642e+01
3.349643300896124742e+01
3.654234543360965404e+01
3.745446106979762391e+01
3.112722984199735876e+01
3.573653151310159615e+01
3.116599534363863810e+01
3.432461022832465147e+01
3.669894274155741698e+01
3.742887254481836123e+01
3.311421532293167047e+01
3.667940423467511124e+01
3.086091334776279993e+01
3.484640523438940107e+01
3.666021048012215999e+01
3.903367116634570522e+01
3.304070456270451217e+01
3.684795662825726481e+01
3.089657417990647303e+01
3.484182486161013514e+01
3.685219032109450410e+01
3.834889472568040247e+01
3.511101610730641909e+01
3.754891074909158988e+01
3.251567233113879496e+01
3.544648571143492433e+01
3.733839328219016096e+01
3.890772480785801690e+01
3.620345162833869779e+01
3.811736968950773985e+01
3.370417760968932441e+01
3.599253546532158765e+01
3.795791681229039227e+01
3.944072784962384759e+01
3.637305897742089655e+01
3.875174432153902160e+01
3.383771724337292852e+01
3.656347484471126563e+01
3.893159921402563839e+01
3.991422852576048541e+01
3.790940207326131173e+01
3.923521099022442371e+01
4.199576759669237447e+01
4.232550109427984353e+01
4.036852368678299285e+01
4.117572136569206975e+01
3.766547602811388629e+01
3.918715009419203454e+01
4.226776950197475458e+01
4.278721955131440069e+01
4.023456541795037822e+01
4.073861984060362573e+01
4.149402782189749672e+01
3.839257431894811390e+01
4.225728966907945505e+01
4.347854870317392795e+01
4.193448484307991464e+01
4.191581962423578034e+01
3.988240490447779507e+01
4.388100636022715406e+01
4.272844313328383237e+01
4.665296740928644681e+01
4.009888046780687176e+01
4.454383960929277464e+01
4.746121512780734975e+01
4.530404045744271713e+01
4.577448641024507481e+01
4.456128819190197987e+01
4.343412969475874519e+01
4.247203802689504926e+01
4.646437452978337035e+01
4.836361730117224056e+01
4.301145795562452889e+01
4.763287058732900192e+01
4.048682679448616994e+01
4.553878469238873095e+01
4.881459202046389834e+01
4.483221128039650694e+01
4.708950412495294557e+01
4.462609805377128680e+01
4.663089325202704316e+01
4.953872251692604323e+01
4.964157364091342117e+01
4.412043955453849975e+01
4.797748524563421313e+01
4.443654558386585762e+01
4.806070296363152039e+01
4.894576713924991651e+01
5.097681096864117478e+01
4.502318403650179590e+01
4.861419694766405541e+01
4.407282803933811266e+01
4.810043553986523790e+01
4.870618928259538194e+01
5.186426419119234765e+01
4.570162742430859026e+01
4.971513314292285912e+01
5.218159168296357819e+01
5.199539670644306000e+01
4.851871318555193824e+01
5.099190936473453206e+01
4.635610515017211242e+01
5.017029532341249620e+01
5.081601563449642356e+01
5.345082326163986153e+01
4.870251282387361869e+01
5.171060082775764499e+01
5.272546381333192755e+01
5.483751753132420248e+01
5.140442998708365963e+01
5.357730324700872160e+01
4.874976826976235600e+01
5.129387371838149079e+01
5.339588028311214174e+01
5.468374979689036763e+01
5.188739662527024166e+01
5.414865364160360883e+01
4.921589648785724336e+01
5.177749341643600189e+01
5.409405849369333907e+01
5.549058659646915004e+01
5.044316330561382955e+01
5.319357463398931429e+01
5.551565715068619511e+01
5.645720658678302328e+01
5.313184525245389977e+01
5.527348756306483324e+01
5.023914977629691236e+01
5.282058135686612843e+01
5.551570498375911455e+01
5.586307081959898113e+01
5.463218293615763343e+01
5.543034865779805642e+01
5.849938951125541564e+01
5.816589997033180026e+01
5.497658500169912799e+01
5.592519638470429300e+01
5.424065269684626855e+01
5.504603350676591589e+01
5.831154738121759351e+01
5.747199987167770274e+01
5.531108032504690186e+01
5.548355871831986263e+01
5.882128041050114575e+01
6.038789934224933376e+01
5.666331231088721410e+01
6.002937767006637415e+01
5.346844818728928317e+01
5.772608282034540395e+01
6.093666363841410316e+01
5.886692214007584312e+01
5.835757072262318701e+01
5.711628707297007423e+01
6.075806892185897112e+01
6.295421665116028720e+01
5.532615656548377814e+01
6.094852759400041720e+01
5.522763298541514843e+01
5.974989172718003516e+01
6.263633135831787513e+01
5.738730587348825196e+01
6.172205059435630403e+01
5.362705796334880404e+01
5.925184657795024634e+01
6.208594153449757158e+01
5.857454537795666027e+01
6.167116507844131235e+01
5.392480222245940524e+01
5.941089197531017874e+01
6.112670040605764399e+01
6.391016672590475167e+01
5.581679834153157316e+01
6.060667952963163430e+01
6.312026428671063627e+01
6.373790643234610087e+01
5.969254720562476280e+01
6.131741691716216280e+01
5.758852259644691429e+01
6.013942839900908410e+01
6.102986840436626181e+01
6.315520797446810519e+01
5.742319059458936437e+01
6.086962601242607462e+01
6.213525239981440507e+01
6.429053517076360436e+01
5.762359204087051978e+01
6.180066972413916915e+01
5.584550938028168332e+01
5.946656314383601938e+01
6.055045501098664573e+01
6.261427544443087356e+01
5.663668563066479322e+01
5.996966396178838465e+01
6.132514429417121704e+01
6.292245370406698157e+01
5.834259760659040239e+01
6.135131266942752148e+01
5.628865502314314995e+01
5.866568610460213762e+01
6.030914901283970408e+01
6.147615538797859358e+01
5.880936547171245365e+01
6.028157958176831244e+01
6.224694959818428686e+01
6.284852229579038152e+01
5.829667041641140202e+01
6.024811966212241288e+01
6.267369132726084047e+01
6.282699306648478910e+01
6.360140888781777591e+01
5.852046540897073612e+01
6.150865365259713258e+01
6.255062197963609805e+01
6.449968037866118209e+01
5.814284987246288239e+01
6.126601592766403570e+01
5.967320244937466356e+01
6.269378345158349219e+01
6.269766674510243831e+01
5.953792132025148476e+01
5.957715694699841436e+01
5.845385436459731210e+01
5.952514699716241608e+01
6.227089415400384809e+01
6.047805748410793569e+01
5.894677073709288351e+01
6.201272705235338378e+01
5.966471191536479068e+01
6.303920098297707852e+01
5.856030077421966240e+01
6.174580170454475336e+01
6.437792404628373788e+01
6.000140160549023705e+01
6.284970239213257059e+01
5.646571704759385568e+01
6.049209372670235751e+01
6.313898036863715646e+01
5.959262225547492164e+01
5.979096764771998807e+01
5.718679639927462688e+01
5.825904901271099590e+01
6.140968251192097682e+01
5.847796319745391003e+01
5.926328876450036631e+01
5.620257552367669263e+01
5.954787205014243057e+01
5.953885336518047922e+01
6.066410621251326063e+01
5.466911279193303841e+01
5.769826445584237007e+01
5.991562353356482618e+01
6.226538279975465429e+01
5.552130119597924818e+01
5.862547442117391938e+01
5.424806671324866869e+01
5.659595416564773984e+01
5.743242962841984678e+01
5.929663735388982104e+01
5.340482910345969714e+01
5.643283736628763592e+01
5.771188937851082557e+01
5.919769567400182808e+01
5.451085532084169927e+01
5.581794238100851402e+01
5.767170429628413331e+01
5.890204763071201199e+01
5.475445418297965716e+01
5.635505646399259660e+01
5.276279810848861729e+01
5.464023359023781268e+01
5.576013141520805760e+01
5.720941272852347481e+01
5.238256803721510835e+01
5.421391630011281393e+01
5.491591373576126500e+01
5.653153014419483924e+01
5.532243129956162164e+01
5.137615859351967629e+01
5.260782639162545138e+01
5.472148122601497988e+01
5.492224191930215937e+01
5.122381489338467020e+01
5.212530169554444370e+01
5.444141254948083031e+01
5.419288599478979052e+01
5.564235547262938297e+01
5.023436556312174872e+01
5.269951833358049953e+01
5.235014029061109397e+01
5.485062235495067995e+01
5.289244829991412189e+01
5.570734154616738465e+01
5.533067038480093203e+01
5.262822707962100566e+01
5.205085031332730239e+01
5.347627235193702688e+01
5.550756081862375879e+01
5.344988308241011055e+01
5.262573101050638513e+01
5.129606335730676392e+01
5.431121064258286424e+01
5.638257396639655639e+01
4.945400580102993615e+01
5.328827831702522388e+01
4.947367347776589952e+01
5.263762954275096462e+01
5.494298208984316290e+01
4.815570740231279245e+01
5.219038586166155369e+01
5.466043487942305745e+01
5.183933454825810827e+01
5.198093732305584780e+01
4.948733306320565362e+01
4.930688026077242370e+01
5.260626443562009058e+01
5.011321091642538761e+01
5.147742814048765325e+01
4.838913890617737223e+01
4.815576750498367886e+01
5.050881111540127932e+01
5.256461876608924655e+01
4.796406630193012433e+01
4.943901431095239474e+01
5.154752021213736413e+01
5.291405321006320861e+01
4.521153913060099683e+01
4.975125083608183729e+01
5.154957445779896119e+01
5.188305602567751151e+01
4.806233543833240418e+01
5.004342192825715330e+01
4.404776639059647181e+01
4.690467161278103703e+01
4.741096532239290440e+01
4.913675770252140040e+01
4.548056538288879835e+01
4.768849227755675457e+01
4.866269405273404658e+01
4.995668124602178750e+01
4.557819533024755287e+01
4.695208238391484912e+01
4.829522716814450689e+01
4.925540327537146368e+01
4.739254997009943793e+01
4.528980411560417707e+01
4.743305986675321861e+01
4.833041214628312332e+01
4.916219900973398893e+01
4.488504315020438895e+01
4.730841849160450607e+01
4.760686747276303521e+01
4.951907383975065358e+01
4.513124035282702806e+01
4.770979108367906463e+01
4.787955742727594810e+01
4.999363114872042502e+01
4.521436260274796837e+01
4.815791709865759174e+01
4.838822029656629553e+01
5.055092159025498688e+01
4.579234615833057376e+01
4.901137761978464624e+01
4.122919029934814006e+01
4.541605820895110668e+01
4.504053954377049251e+01
4.792442754406181393e+01
4.462592350325556367e+01
4.788489125749577369e+01
4.864900859960918211e+01
4.520513088883650710e+01
4.803512120196398172e+01
5.045187396399184365e+01
4.792394707103866125e+01
4.730480528119823447e+01
4.571089074376234862e+01
4.469520680810545343e+01
4.829958886007393914e+01
4.557870413129388965e+01
4.880399432719478625e+01
4.213630811942191912e+01
4.563102284784660156e+01
4.831324113661165853e+01
4.513511545014556958e+01
4.576527867725526022e+01
4.357436660474954948e+01
4.687211112252016676e+01
4.533451782959949838e+01
4.647399758652788648e+01
4.278375787819506826e+01
4.610709586948423322e+01
4.785988633823868810e+01
4.758013883276181133e+01
4.422787001411588648e+01
4.671613292842784659e+01
4.700315997102011067e+01
4.926485795711524673e+01
4.380537190968272654e+01
4.644022141209382681e+01
4.823072063658603525e+01
4.853592125770926202e+01
4.441408398903304544e+01
4.690480039345332131e+01
4.840560903741849330e+01
4.905196480295548866e+01
4.544317847248083098e+01
4.740525132811063003e+01
4.891665358572299027e+01
5.010609476490819958e+01
4.571968329320652913e+01
4.802491583047985557e+01
4.897667999257409832e+01
5.052521606198639148e+01
4.711522066184193136e+01
4.951334504212305632e+01
4.367124679681665356e+01
4.613506516942594260e+01
4.731058141213026147e+01
4.893463578339299858e+01
4.554445207236908288e+01
4.822065950505359666e+01
4.881748558639568358e+01
5.010218831461297384e+01
4.588709077767828148e+01
4.893021019865716426e+01
4.903174265780432250e+01
5.130691182005064377e+01
4.570079689309262960e+01
4.912877996199823372e+01
4.878965944702148505e+01
5.152428888674710095e+01
4.768331827485999952e+01
5.051055360435382369e+01
5.116478871096467884e+01
5.166858876559494007e+01
4.860061830773172176e+01
4.984682120417566153e+01
5.280836248484570206e+01
5.080133912068369995e+01
5.070301687206200825e+01
4.937107351597357763e+01
5.275506000298125997e+01
5.280926147375600976e+01
4.807707533255973686e+01
5.286393026102042825e+01
5.546388309124672844e+01
5.011831198011942234e+01
5.396922948946327381e+01
4.586738639984879029e+01
5.096385374916386013e+01
5.363850533908803442e+01
5.042681852001332032e+01
5.079332458622646129e+01
4.830174393947829259e+01
5.184948775616828698e+01
5.116242993932546312e+01
5.234976134224437061e+01
4.700711735362715160e+01
4.960763941658942855e+01
5.207157838560968344e+01
5.430214094418790438e+01
4.722930758290162601e+01
5.148926965368391961e+01
5.370149992347040779e+01
5.429576602198153523e+01
5.034963109711537754e+01
5.115275359251769061e+01
5.355937988927976789e+01
5.531752930366490517e+01
4.808596026641375687e+01
5.240240085895883482e+01
5.396330301458308298e+01
5.478581234830028279e+01
5.164147500535004554e+01
5.377225274369806840e+01
5.492848164806001421e+01
5.599476132786887916e+01
5.136922324668475426e+01
5.313453500255202044e+01
5.478258262265971723e+01
5.579344759078834670e+01
5.170549852968433413e+01
5.333006496292961174e+01
5.490495757711981639e+01
5.583884518866936020e+01
5.481848170838669887e+01
5.314843590034912779e+01
5.568626442346895544e+01
5.616159496809795826e+01
5.566905681478267098e+01
5.466672802025102129e+01
5.725815529139891424e+01
5.718333838746903552e+01
5.308631544859358797e+01
5.413190023680346741e+01
5.655333435430839017e+01
5.616956836643189632e+01
5.712255886456646436e+01
5.539219798883676305e+01
5.169200884296209608e+01
5.271187404432254198e+01
5.551793522286356364e+01
5.431186296329048702e+01
5.439597012383275398e+01
5.664271918823879304e+01
5.474804775166902715e+01
5.743110357810072486e+01
5.138555027882205195e+01
5.519407380480559766e+01
5.772139242283991933e+01
5.518013177077303766e+01
5.452518254053384084e+01
5.794372424706124036e+01
5.514407018125293547e+01
5.850209465105415774e+01
5.226493133195045715e+01
5.566190603691921979e+01
5.823844418040584259e+01
5.493249031855969378e+01
5.509213272279490781e+01
5.834910898181984606e+01
5.762345217736277903e+01
5.828270206532318554e+01
5.458332041471803109e+01
5.553564091849673190e+01
5.858739015358280966e+01
5.448993747884248506e+01
5.632315545971486870e+01
5.303067482542393662e+01
5.522937044007811380e+01
5.581567858209987065e+01
5.767883295886033324e+01
5.204414771343490997e+01
5.485209529692870944e+01
5.657291826483443486e+01
5.718315600687586908e+01
5.286251675480724543e+01
5.507095409727555335e+01
5.578585889993301095e+01
5.763201769785149509e+01
5.204977130706480182e+01
5.459550536692097467e+01
5.547586260114425727e+01
5.692436205471349808e+01
5.299898164501311015e+01
5.558338419970753819e+01
5.645062863890589711e+01
5.794759976760117581e+01
5.317632307836224470e+01
5.484694762475270124e+01
5.573497620769335015e+01
5.734591150378946622e+01
5.387894156971221804e+01
5.652082396286938604e+01
5.668574185296341028e+01
5.841215261500349243e+01
5.357351023564791603e+01
5.590681070857678492e+01
5.575609604097024885e+01
5.818145291088387694e+01
5.493386254188259699e+01
5.765313107793530634e+01
5.688635682417923789e+01
5.870840146949457505e+01
5.364683526554140514e+01
5.678633757892489342e+01
5.621245895098983425e+01
5.878331721347095851e+01
5.386962279568464851e+01
5.685133702788196075e+01
5.755733198049635035e+01
5.686702888569647030e+01
5.448873347200843398e+01
5.776594937193198120e+01
5.550425214887919623e+01
5.865161551552340313e+01
5.511708549410022329e+01
5.577173059097261643e+01
5.859366611362179356e+01
5.571104207846570233e+01
5.561930838657297471e+01
5.325709460326888944e+01
5.637940106748831681e+01
5.805737805841219767e+01
5.178181023048988152e+01
5.574868179385911304e+01
5.804226299883573148e+01
5.491679766222453907e+01
5.674253512067859617e+01
5.926274243518474094e+01
5.724786366318083708e+01
5.519871593453465408e+01
5.787929288238379399e+01
5.963373249853439262e+01
5.601196788956225703e+01
5.808854898255197696e+01
5.371248191496149360e+01
5.461282323579513331e+01
5.665806610183563663e+01
5.836765085849542345e+01
5.129575352074793670e+01
5.513741026993680094e+01
5.657742387597325973e+01
5.747092493030351790e+01
5.320485921037028731e+01
5.459147693023585646e+01
5.583695979773685281e+01
5.706516500896575650e+01
5.370429992092868332e+01
5.536492763256091365e+01
5.636242121997941013e+01
5.787283737020975849e+01
5.210179864909446934e+01
5.430153789000543441e+01
5.487670570447140506e+01
5.649610595779792277e+01
5.627688243714255378e+01
5.156600006292160998e+01
5.296572202221211967e+01
5.462724831080433319e+01
5.496867555150153350e+01
5.253263304993343041e+01
5.403544528785340617e+01
5.597554713773491386e+01
5.559084133481276524e+01
5.145052570945444614e+01
5.239834502661584281e+01
5.476496125436101892e+01
5.411802719609697476e+01
5.528397489048336411e+01
5.609512796904831333e+01
5.663106708940927092e+01
5.409955567538064969e+01
5.487937618343263324e+01
5.734149954510711922e+01
5.610512084422013857e+01
5.378939978903053287e+01
5.293849491280725061e+01
5.584170884709918425e+01
5.775485401494334070e+01
5.123344928208761218e+01
5.561300180944321170e+01
5.811878424628192619e+01
5.527217067536901141e+01
5.516478062612989675e+01
5.840691242884877710e+01
5.585666941025941412e+01
5.823282673996283876e+01
5.097020941071446032e+01
5.591158157250956151e+01
5.837340951086313368e+01
5.371201984466966195e+01
5.694690888429064302e+01
5.905197725847487078e+01
5.666999996297863618e+01
5.528049007161517636e+01
5.721455670802033211e+01
4.926147418251250798e+01
5.400522047395402581e+01
5.608143287469888350e+01
5.706798412476733517e+01
5.879184149555839412e+01
5.975033620421746861e+01
5.530829156729152629e+01
5.624689435777891333e+01
5.806380224969957027e+01
5.948364274091602510e+01
5.343515428687367574e+01
5.639248871632072735e+01
5.767351453120171811e+01
5.882506227999101611e+01
5.570876798404629682e+01
5.755088382436515815e+01
5.860612604408164117e+01
6.011682932527159551e+01
5.410984480913080574e+01
5.657569457326903972e+01
5.786415173122296807e+01
5.819099290807069735e+01
5.752856682090453688e+01
5.587993463336820810e+01
5.789084275053654238e+01
5.816859726487467697e+01
5.863657538205935538e+01
5.273040330850292889e+01
5.575627889891144662e+01
5.595341864251597030e+01
5.820086789239559266e+01
5.562052245079734547e+01
5.846150252591149865e+01
5.778092520725007120e+01
5.685088089453155646e+01
5.642456865436904678e+01
5.923102998327178881e+01
5.830850452979733234e+01
5.535241232483207341e+01
5.501950435147623608e+01
5.795076772994922010e+01
5.889095578036938150e+01
5.714116015312168884e+01
5.610321984939466233e+01
5.941810645672608615e+01
5.696788741920828869e+01
5.998414294235018929e+01
5.233426928069663120e+01
5.699219469779043123e+01
5.937734700947397215e+01
5.634435033987540464e+01
5.703768866674678151e+01
6.016061425964558396e+01
5.700254231663306825e+01
5.858127623559938968e+01
6.136183805649829281e+01
6.013646449517062109e+01
5.926146435765166132e+01
5.629868106459478838e+01
5.960606031098028978e+01
6.021787771004030532e+01
5.852020957524276668e+01
5.857643722759759441e+01
6.088248530262922742e+01
6.220587756846955330e+01
5.675446182340692047e+01
5.948272904710940168e+01
6.152604069975389223e+01
5.952875175571016086e+01
5.827553147173620829e+01
5.900666719515051284e+01
6.091960881219087298e+01
6.217623898366437629e+01
5.592275148095492199e+01
5.885850017202920270e+01
6.008677053052912242e+01
6.150594801007451906e+01
5.659330152699845939e+01
5.821600233949776282e+01
5.927470764815728899e+01
6.048934011017369272e+01
6.002320385270070346e+01
5.586254845633609989e+01
5.716068177362135572e+01
5.868019493345841653e+01
5.941569919140067668e+01
6.119952536084740302e+01
6.156990096039214677e+01
6.075600416902257450e+01
5.828732270846111163e+01
6.094819444735632175e+01
6.105900190546397965e+01
6.086498114925504410e+01
5.958148385470730091e+01
6.224407375135977816e+01
6.144299141728051694e+01
5.788287516388432152e+01
5.806690166587709712e+01
6.064150828950462113e+01
5.993138155626937191e+01
6.050596419310035401e+01
5.902116695205520358e+01
6.195798240818701430e+01
6.131528168759734143e+01
5.844427352829186617e+01
5.751980575083889136e+01
6.052703654052141502e+01
6.219724823064517949e+01
5.682518956894602979e+01
5.969629396707072999e+01
6.218352783443874898e+01
5.922578246633445076e+01
5.930354577970084051e+01
5.680763908722905597e+01
5.990646389282716910e+01
6.169767508760664754e+01
5.581632242202525873e+01
5.898544857020583265e+01
6.125880541249869538e+01
5.963310938346849355e+01
5.927464270114845846e+01
6.228622464618894128e+01
5.956203922231060233e+01
6.064792543664014346e+01
5.687428878011844802e+01
5.980797963579223619e+01
5.926496553920247834e+01
6.089240006895061441e+01
5.662740061066628527e+01
5.846480739661143389e+01
5.922279393704220496e+01
6.070335525483718442e+01
5.488688004528455622e+01
5.741794203411554065e+01
5.869132804800024417e+01
5.963686421505920521e+01
5.515464190386314414e+01
5.692481330571175846e+01
5.775955865605327233e+01
5.884932656913169780e+01
5.562250050607491403e+01
5.740030675617757083e+01
5.816688679177578081e+01
5.952457535208868933e+01
6.001557077099533188e+01
6.179460742360784309e+01
5.700674037254259474e+01
5.875287370559511402e+01
5.998102495309123583e+01
5.979298537116866186e+01
5.948479834552798451e+01
5.676808511786332900e+01
5.915913709848422997e+01
5.862206994920517644e+01
5.803543563771377478e+01
5.772712792490243316e+01
6.026920414947393567e+01
5.916701892091805348e+01
5.605795948373373960e+01
5.612536469322078148e+01
5.863404467503133333e+01
5.746233043889353098e+01
5.849604616515252786e+01
5.557477792285894225e+01
5.817382649114573923e+01
5.870600740427147457e+01
5.441631954940433502e+01
5.810528257881964720e+01
6.015243299918649456e+01
5.700145246741701754e+01
5.628272545896678736e+01
5.934357644044033009e+01
5.648811708690329425e+01
5.943658047868333227e+01
5.258546343450217364e+01
5.621618951522882668e+01
5.854174668143811999e+01
5.507166968114305661e+01
5.524479484323761369e+01
5.813672426714045827e+01
5.672202826742420712e+01
5.745435857597465912e+01
5.419936768404159011e+01
5.689536405775389483e+01
5.609284850505018483e+01
5.517914483480614507e+01
5.809929783737032238e+01
5.856248027752823759e+01
5.506391147595220303e+01
5.555049570672485260e+01
5.739916374123571075e+01
5.903834342025700010e+01
5.258921874635949223e+01
5.593700563307726981e+01
5.732017357004215796e+01
5.814142396422295889e+01
5.376274084861560709e+01
5.558507491918962984e+01
5.680824672407318587e+01
5.741119931756411177e+01
5.420458170282193322e+01
5.580234326303860826e+01
5.678326833511934524e+01
5.775730264543015124e+01
5.140030886410892919e+01
5.407303177124272509e+01
5.522983253442775720e+01
5.581364682862889737e+01
5.581814471753525453e+01
5.753232536183337942e+01
5.769874751029555426e+01
5.325119516880182147e+01
5.405817770562258318e+01
5.601746408078550132e+01
5.581682746098957892e+01
5.723469957762438298e+01
5.153343961004370755e+01
5.437354615644670730e+01
5.378567992326881608e+01
5.615327040642509360e+01
5.361231325566584616e+01
5.622402947706792986e+01
5.526091363076093188e+01
5.423201325918429916e+01
5.675047913663517107e+01
5.474215099218096015e+01
5.764772736451041624e+01
5.109222286734938479e+01
5.506738198803242312e+01
5.730664013014727232e+01
5.474455662078641893e+01
5.473501520587360147e+01
5.779459129664782324e+01
5.495135000776288337e+01
5.732115430426247826e+01
4.869697900330096729e+01
5.418425883493059558e+01
5.656378794739674021e+01
5.327476276118983378e+01
5.361661079977994149e+01
5.669784239912959123e+01
5.491224092094278575e+01
5.485926544388377835e+01
5.808644262811754544e+01
5.454369396641269674e+01
5.758194849537311910e+01
4.869015377246405762e+01
5.326294949185296446e+01
5.530544481517847544e+01
5.703047389146609447e+01
4.984305087396101186e+01
5.405481608769848378e+01
5.584858629996985968e+01
5.645721881447683899e+01
5.182602611742861853e+01
5.388717019775530304e+01
5.464859694753614860e+01
5.604716013909882832e+01
5.111954591324613517e+01
5.385504418103315771e+01
5.505740391113779708e+01
5.598154176025958151e+01
5.734856468970116339e+01
5.814053893370438431e+01
5.623879945264160085e+01
5.635871696487084392e+01
5.811009619235360901e+01
5.868419915155353550e+01
5.358749493917270001e+01
5.630624788703945427e+01
5.663481963380458950e+01
5.860715685060705482e+01
5.526893180250752380e+01
5.802372902790869347e+01
5.784673972687406263e+01
5.908141808798711736e+01
5.475844909096814206e+01
5.783946760778610496e+01
5.713939671483313987e+01
5.947843648534469452e+01
5.371938367828757777e+01
5.707934231585035434e+01
5.600144555694318171e+01
5.882414474935171711e+01
5.445065170933104781e+01
5.749854835707221667e+01
5.841231620567082672e+01
5.660402103018284237e+01
5.986002019753292558e+01
6.198138309127256917e+01
5.444783009977714983e+01
5.879534171184109681e+01
6.150267056424441137e+01
5.848807824891586904e+01
5.930621916100157165e+01
5.664426539945190342e+01
5.980449650855350541e+01
5.939552504123145127e+01
5.664973784375357013e+01
5.688329263599084840e+01
6.000054402869444914e+01
5.848439413766789130e+01
6.076946696075631849e+01
6.307418253610655512e+01
5.519321752236865564e+01
6.038377644697966673e+01
5.537334562331120225e+01
5.764471510830345125e+01
5.982553880357941267e+01
5.913695136148532328e+01
5.564466346993935986e+01
5.788913871096817587e+01
5.923175051197645757e+01
6.028600413396429047e+01
5.347158089860503338e+01
5.707503218184712779e+01
5.861670989540910170e+01
5.945180241066749005e+01
5.510352294484943059e+01
5.706935238087345397e+01
5.848468943796290631e+01
5.928904859180904197e+01
6.061934537597415584e+01
6.158989511019986196e+01
5.927574339508765178e+01
5.997149953718167126e+01
6.180858059415148631e+01
6.212340129757614449e+01
5.749073990835413639e+01
5.864809813031239116e+01
6.040564265354971951e+01
6.071164544798912033e+01
6.010560231438204681e+01
5.667356019024919789e+01
5.940680499047368812e+01
5.952497101463869456e+01
6.110815871915619368e+01
6.173754603086995019e+01
6.275049579267265898e+01
5.808806576320707649e+01
6.109523823637161399e+01
6.323493430177602193e+01
6.125843779723586380e+01
5.868305885816234735e+01
5.958369014175395506e+01
6.228576582765082748e+01
6.029685676331785515e+01
6.164354647884717053e+01
6.276171165652433359e+01
6.132216766844826594e+01
6.097530678528117676e+01
5.888854752945491100e+01
6.206675136611019639e+01
6.378930806554941313e+01
5.706930863002958887e+01
6.057988306440726944e+01
6.299979732712390046e+01
5.979836718936954298e+01
6.045032471395983720e+01
6.330220390114580908e+01
6.208253872413384755e+01
6.299414231289558330e+01
5.908935098305008182e+01
6.199148816012259999e+01
6.122440478403692765e+01
6.045152721388157602e+01
6.039241366159395596e+01
6.288757765881344852e+01
6.125467417796675562e+01
5.861493253726248298e+01
6.066834851781966620e+01
6.231242152032533710e+01
6.271462078387632033e+01
5.823538343856370858e+01
6.009296594262742275e+01
6.080154747326492526e+01
6.222139176193401511e+01
5.738751668350913349e+01
5.892776458077382529e+01
5.984676030691345261e+01
6.096104092049620249e+01
5.763373488141321133e+01
5.928678313009939416e+01
6.010038872495398721e+01
6.142827112051229221e+01
6.193632795775923228e+01
6.370062167541108522e+01
5.873575418740211518e+01
6.027659361679479844e+01
6.154995585440562422e+01
6.171975378589485217e+01
6.070099692136502512e+01
5.708459356658200790e+01
5.970661743044490777e+01
5.935801508024309214e+01
6.158094535076498488e+01
5.447133692299534857e+01
5.830119423135560908e+01
5.749705618019663689e+01
6.002510661421062110e+01
6.084161705644628171e+01
6.036439298314392943e+01
6.247327620978710883e+01
5.621431267565949952e+01
5.889596584871070917e+01
5.914625774511792855e+01
5.946027694595786528e+01
5.772575124837072735e+01
6.042809057412745943e+01
6.114676954685717902e+01
5.692237851293554485e+01
6.019145464072224883e+01
6.246338548738901864e+01
5.816895656271751136e+01
6.058042099048491025e+01
6.285666287399438090e+01
5.854690071239277671e+01
6.116834886116514980e+01
5.404256332800625984e+01
5.760135538815801937e+01
5.979703043873075785e+01
5.687632834170216256e+01
5.995456269391353032e+01
5.944279291504081186e+01
6.033618907736074277e+01
5.548154438734149352e+01
5.870073730629499664e+01
5.876911649805422400e+01
6.010748111329397148e+01
5.429621105726116781e+01
5.715240712997347572e+01
5.845533517208096441e+01
5.924710058413839420e+01
5.464264147657318915e+01
5.623403754549054412e+01
5.740756877462790442e+01
5.839344157352935127e+01
5.936939984778535973e+01
6.076384121737832800e+01
5.545755664482953762e+01
5.736436172519070453e+01
5.829008516249804472e+01
5.936030407264992448e+01
5.614183061873485769e+01
5.738224655480228620e+01
5.856288976955298864e+01
5.931540663581168360e+01
5.414902348846019464e+01
5.584363315616317180e+01
5.712797993231780680e+01
5.736997632475229381e+01
5.752487663912918237e+01
5.748422882565185432e+01
5.951510092897827064e+01
5.881842303185990062e+01
5.401279831158858258e+01
5.565392857880386401e+01
5.672299924990692688e+01
5.616352327704410641e+01
5.853649021954482379e+01
6.009352063426636903e+01
5.687957252924344687e+01
5.896993585303150098e+01
6.135872624701922717e+01
5.911867064502816049e+01
5.698172484928241488e+01
5.597778730636223088e+01
5.872370241505927169e+01
5.862426414835947241e+01
5.756872528467669525e+01
5.532012687390483308e+01
5.839187350768352758e+01
5.947094303371123658e+01
5.436867316616555712e+01
5.804528345859517202e+01
6.026641406342930196e+01
5.313345906302421184e+01
5.779707341643045027e+01
6.002010260227703498e+01
5.840131456168543167e+01
5.847832065345193087e+01
6.141401180844000862e+01
5.830988414932631514e+01
5.976931347069471911e+01
5.502019024081422316e+01
5.745083225556532369e+01
5.781954022117432856e+01
5.945400838379797648e+01
5.251026888818478966e+01
5.653635594979851930e+01
5.799432941330722713e+01
5.868362372867038346e+01
5.403312289637325705e+01
5.597349067078695839e+01
5.675824743540719197e+01
5.805588982808143328e+01
5.964108392347439747e+01
6.047095240381437264e+01
5.623691314908398908e+01
5.788524363435990949e+01
5.922503939123171790e+01
6.031879619354966593e+01
5.620194975503478929e+01
5.811434310913067947e+01
5.936282901074817886e+01
5.988605225799474141e+01
5.539992250250816141e+01
5.807229499598134481e+01
5.839119339344223647e+01
6.014878014922168603e+01
5.355793317205688453e+01
5.626188772635362056e+01
5.636059369385600348e+01
5.848733325195732391e+01
5.781954293418339574e+01
6.027338236084798240e+01
5.939837587050008949e+01
5.612135786772321921e+01
5.740642359195533828e+01
5.972722655806040137e+01
5.826911151186244808e+01
5.998690450356786386e+01
5.930962849693106165e+01
6.193147239272204985e+01
5.791253300657334080e+01
6.023424329646360320e+01
6.262770544875721157e+01
5.962944635801179061e+01
5.856296289153490164e+01
6.198871387466407867e+01
5.900208842744263649e+01
6.221108911407479525e+01
5.467210314381359382e+01
5.903083861557569634e+01
6.143634155093243265e+01
5.793861324047399819e+01
5.855668071923315665e+01
6.149725553374277354e+01
5.907180323096472563e+01
5.944815609595255523e+01
6.264648266170529922e+01
5.912041745220646050e+01
6.216942817962523549e+01
5.371586313891998543e+01
5.867338740697914545e+01
5.986034409495393760e+01
6.161771961382984841e+01
5.467389434847377316e+01
5.838114725205861788e+01
6.014296073517827068e+01
6.095351683653471753e+01
6.255517439210659347e+01
6.373333700531757273e+01
5.784689837971488657e+01
6.052521549016977076e+01
6.161883183709595357e+01
6.267763001126558464e+01
5.859831329903691000e+01
6.087389904458689927e+01
6.200431194072847063e+01
6.266801642745902967e+01
5.710382689914395371e+01
5.979742470595951431e+01
6.022159225028655527e+01
6.178865986934329158e+01
5.972942973407675993e+01
6.208905225608062750e+01
6.235401931577755619e+01
5.997752008835224302e+01
6.233012060688250955e+01
6.188110295134018912e+01
6.384979983039875151e+01
5.823463935649166956e+01
6.083295765135560629e+01
6.042942678268492074e+01
6.267093862024756845e+01
5.963111724898534050e+01
6.253392570403308071e+01
6.189718546810981792e+01
6.237038437178142658e+01
6.410647643096672255e+01
6.198352856595758453e+01
6.225432684670121120e+01
6.040290602206760440e+01
6.330814777760399892e+01
6.538361355897909277e+01
5.844674624402821905e+01
6.180597821458087537e+01
6.419946908239447225e+01
6.111191160958283319e+01
6.219165097893515082e+01
6.494610688103441021e+01
6.163005662306262167e+01
6.263767824862044620e+01
5.949375360748143748e+01
6.240940257943830005e+01
6.205794700752407778e+01
6.035173201434587043e+01
6.338044984618341715e+01
6.385840195235655159e+01
6.067640108032532709e+01
6.097103089024486167e+01
6.375693861889294567e+01
6.316067623961888700e+01
6.074196513404852027e+01
6.341081275067708845e+01
6.497440609835541636e+01
5.999148287822472270e+01
6.171382052060634038e+01
6.297502680416562271e+01
6.382890078035003256e+01
6.067998625981171301e+01
6.228908474625256275e+01
6.334644491978787784e+01
6.452672524995054459e+01
5.807712836203352680e+01
6.059714983209202899e+01
6.195145394740193012e+01
6.291313514403923790e+01
5.934933858339708479e+01
6.124201518354142593e+01
6.171829065328444131e+01
6.310471782238624883e+01
5.760970091826070671e+01
5.938441982298339639e+01
5.951358769108330904e+01
6.107921223367123531e+01
6.007213330097679460e+01
6.257266254613759315e+01
6.180698763253212036e+01
5.772247744985599383e+01
5.817159202515730243e+01
6.068887544266796397e+01
5.964877166403564956e+01
6.147196245686684790e+01
6.201638092365480759e+01
6.185038832113473006e+01
5.977581537808644185e+01
5.894240541646021825e+01
6.147089228012754347e+01
6.279496694064651052e+01
5.625999559397491367e+01
5.890664868667201404e+01
6.141855102927366516e+01
5.894313427218863666e+01
6.111311884598457311e+01
6.355050696691120038e+01
6.027156837869623729e+01
5.955155648913638800e+01
5.709142048846253914e+01
5.996265978909713112e+01
6.199959170290731691e+01
5.521314042090735086e+01
5.872054635260197131e+01
6.088171365858805473e+01
5.842002282515360889e+01
5.835719467959454221e+01
6.127236872225725506e+01
5.815782154020256201e+01
6.076218902229448560e+01
6.227280661310763321e+01
6.085673505949308293e+01
5.808181745885611491e+01
5.986750279451644019e+01
6.113157064524138207e+01
6.186915204715289462e+01
5.720779429202899991e+01
5.833544408290707395e+01
5.973414368705346789e+01
6.094983775332355691e+01
5.568105852269190592e+01
5.838361173176460284e+01
5.899135445147404511e+01
6.017194769821537648e+01
5.367713518111759186e+01
5.647399180029455579e+01
5.729775561754301094e+01
5.841350021849685703e+01
5.951280260709547321e+01
6.031738011416027234e+01
5.828962155763855435e+01
5.862522805759819278e+01
6.039955804921752502e+01
6.053001638312688470e+01
5.617966974832015126e+01
5.683482168541012669e+01
5.872791758010023955e+01
5.849706017532724189e+01
5.981182240291035157e+01
5.973668796236867706e+01
6.185248825318836907e+01
5.788468122214808176e+01
5.993133383391053570e+01
6.046437628104501272e+01
6.046569689590243968e+01
5.585519644421420082e+01
5.579276766384976582e+01
5.826960638906204792e+01
6.061467711586438867e+01
5.645646822025196343e+01
5.955139756637588988e+01
6.134957420481489265e+01
5.590271443502596327e+01
5.948107320772992068e+01
6.178137080095017808e+01
5.846381373943430049e+01
5.815524100094178550e+01
5.582353381338201359e+01
5.868457962565625508e+01
5.996128679519849669e+01
5.433203662945135193e+01
5.807284002742934348e+01
6.013486029541048339e+01
5.454795108177260232e+01
5.909040139584641338e+01
6.116812489326292734e+01
5.616321134794186065e+01
5.915502994987010510e+01
6.111208385076003680e+01
5.996548503148547837e+01
5.676679064225094606e+01
5.864005593227854263e+01
6.012541205788675569e+01
6.077185169905177275e+01
5.639964602663668813e+01
5.812905714405847846e+01
5.918769298152555081e+01
6.006075662713502084e+01
5.531835336411192827e+01
5.742583191345130444e+01
5.829219977546936349e+01
5.949450428734027696e+01
5.341148953435796187e+01
5.614797778757580460e+01
5.695986074276554234e+01
5.812983074403859263e+01
5.949526447279964714e+01
5.987977188402624051e+01
6.119251301196697312e+01
5.493251815867754573e+01
5.721413250616549107e+01
5.757700990105993100e+01
5.942317601987292619e+01
5.798407011104951891e+01
6.042650808754147818e+01
6.004840776831230897e+01
5.649825251331420617e+01
5.697715993755241470e+01
5.936703593935919798e+01
5.853032716753612164e+01
5.987165013855926077e+01
5.884059333622857935e+01
6.155065124084060102e+01
5.863415197541996093e+01
5.791769802556582647e+01
5.898291550790572302e+01
6.019622766544062387e+01
5.825006449951882104e+01
6.138383510537108378e+01
6.340901585747914027e+01
5.590863676464029197e+01
6.009164728187632676e+01
6.270977489176512876e+01
5.962396045180918236e+01
6.064302255938464725e+01
6.350295616736028137e+01
6.016803162122771909e+01
6.095536550766063755e+01
5.794835763872876555e+01
6.093789990910424592e+01
6.034391322728537688e+01
5.892739052061065763e+01
6.213991570322511393e+01
6.292800775970869864e+01
5.917836984017158386e+01
5.928775602171490533e+01
6.220449620674121149e+01
6.290006444406029829e+01
5.854960582148883930e+01
6.089523628108894826e+01
6.232318324593838099e+01
6.353164200588162913e+01
5.837691250728405379e+01
5.990261194133539391e+01
6.144863376656351051e+01
6.268079778942073688e+01
5.750198247013782549e+01
5.882839886152034126e+01
6.009989853783554281e+01
6.150539379591530320e+01
5.616991298323033988e+01
5.794526967129642259e+01
5.917785706834165182e+01
6.004418368302458475e+01
6.169597723861597416e+01
6.206507801926844792e+01
6.327997663640124415e+01
5.743867753468617821e+01
5.952883894106226137e+01
5.964919744794703860e+01
6.139970122892987092e+01
6.014920107485828993e+01
6.251052120322994199e+01
6.224369711237213210e+01
5.924280184979193109e+01
6.093449712773715277e+01
6.136310430967071738e+01
6.232339110466883625e+01
5.740469903057879009e+01
6.030204618470138911e+01
6.226799350910565778e+01
6.032550731008304723e+01
6.315870491578347412e+01
6.475579522546482281e+01
5.841721957788719521e+01
6.158965650850163343e+01
6.400579045006368517e+01
6.150146891731242249e+01
6.290445036092231845e+01
6.550878221012979452e+01
6.238788099170560031e+01
6.307579252203333908e+01
6.029477716718674429e+01
6.330339125929126709e+01
6.416856501441908733e+01
6.026427615965461371e+01
6.000773751139183787e+01
6.295566559691763331e+01
6.035579976834711857e+01
6.302515862425396875e+01
6.513933148601343248e+01
6.029485788431349391e+01
6.420583655927082134e+01
5.748273897645031383e+01
6.064760491495340489e+01
6.251517381507805027e+01
5.870443612648088560e+01
6.133122920352389684e+01
6.284353454319715127e+01
6.249879819164776507e+01
5.889199262346137687e+01
6.112225984363104914e+01
6.177082034473504280e+01
6.288360713110561306e+01
5.811302506617174402e+01
5.965746875305877950e+01
6.066144409879006361e+01
6.143061546645150628e+01
6.253141224303266199e+01
6.343759681105699855e+01
6.122987463032066557e+01
5.930934744402977543e+01
6.104725034644798143e+01
6.242263920853503834e+01
6.171794897118603984e+01
5.698350645246925694e+01
5.909072347636523403e+01
5.915887388863413321e+01
6.068277615235322742e+01
6.104225319434002728e+01
6.264941013499198164e+01
6.061001615527987951e+01
5.827029704595094017e+01
5.845632451931216167e+01
6.079329661303266619e+01
5.962945861513306767e+01
6.223065442242502598e+01
6.096907097879759618e+01
6.142983708337718696e+01
5.965331271688549464e+01
6.223776200939821024e+01
6.264880320779708001e+01
5.702826836970282898e+01
6.011021516909552531e+01
6.230888101876514185e+01
5.977298969447730315e+01
6.063073601782383548e+01
6.320501235466666401e+01
6.025302881586492987e+01
6.126409277997658620e+01
5.808316364462287851e+01
6.097260445943243923e+01
6.127861903391704601e+01
5.802416399091656984e+01
6.082974607950022516e+01
6.027703374773829381e+01
5.987342667994737866e+01
5.846161206912428554e+01
6.126151273695398913e+01
6.148027362223484005e+01
5.619731558226059320e+01
5.994632212917993286e+01
6.122232342549909134e+01
5.812073955070825093e+01
5.985469661708850708e+01
6.109095531173705496e+01
6.212805933705435990e+01
5.737715256925041274e+01
5.813708296063963132e+01
5.962018265805382811e+01
6.144108016776112180e+01
5.487694371645469715e+01
5.759099364566650792e+01
5.847353037719896918e+01
5.939968641207388345e+01
5.572804768047349455e+01
5.708818479979979088e+01
5.824030620289005356e+01
5.905857717733321266e+01
5.988457859631510161e+01
6.115830334698263471e+01
6.030186322592876991e+01
5.488724519995589191e+01
5.709737190288011277e+01
5.747461767436914215e+01
5.907581824539541060e+01
5.797826476456953060e+01
6.014345894368921108e+01
5.975459860391477918e+01
5.541757882029228455e+01
5.822453412282784058e+01
5.734745207585540783e+01
5.961435529103149378e+01
5.771333382995423733e+01
6.035654859402664840e+01
5.906809098589853591e+01
5.670945627248770649e+01
5.930646021373192411e+01
5.732568763287095948e+01
6.018375981060385271e+01
5.664673490078860851e+01
5.946308640045300820e+01
6.132165717626711654e+01
5.461628305788736526e+01
5.866616201330011648e+01
6.098143132580172932e+01
5.802116112487563981e+01
5.837479519447431642e+01
6.124961499164469103e+01
5.817554987914655840e+01
5.970957966538607309e+01
5.511709369271606818e+01
5.847035889437708533e+01
5.941981675411648922e+01
5.680960928903540719e+01
5.958795213158941806e+01
5.863615385496897403e+01
5.939003720811202669e+01
5.558565832506106830e+01
5.858021273762309278e+01
5.780075099848311737e+01
5.950975136168063528e+01
6.121033943606224170e+01
6.251130310091672726e+01
5.562802637401107830e+01
5.919235762478649576e+01
6.047500146701316481e+01
6.153174349022096834e+01
5.647428237984177457e+01
5.792426088235355763e+01
5.949267039583975958e+01
6.028202560161332713e+01
5.623932988619630180e+01
5.792959389283747385e+01
5.914410930770683450e+01
6.015113381618585464e+01
5.584558180056255594e+01
5.780672904757639685e+01
5.835417526508954467e+01
5.998808309004233053e+01
6.023360725336767274e+01
6.206287345119525867e+01
6.022515797271613991e+01
5.720281169719545034e+01
5.999767055721621745e+01
5.972923461019686897e+01
6.125203118931437274e+01
6.043247283290804717e+01
6.289113863042967978e+01
6.061907911633078783e+01
5.857934140977313575e+01
6.130715964040879840e+01
5.970214646850510576e+01
6.173898223219435266e+01
5.645009540902115930e+01
5.981933087173883479e+01
5.984341914235384507e+01
6.090294080877006877e+01
6.364684138648091505e+01
6.117955698578766999e+01
6.000433798783321748e+01
5.824440590567523657e+01
6.117412182967134981e+01
6.354973427901238381e+01
5.609775070154830701e+01
6.035697154633204065e+01
6.274805810087795521e+01
5.932589299207450750e+01
5.990975436526536413e+01
6.280935807624045708e+01
6.142852630613069920e+01
6.276078643221750042e+01
6.517946381323154981e+01
5.981827550016748063e+01
6.362770268632460358e+01
5.518286184809904427e+01
6.001336877733150033e+01
6.118036178128971159e+01
6.289180656823237570e+01
5.594039202358943896e+01
5.952607111444884680e+01
6.125324611804485642e+01
6.207439524542376574e+01
6.360375560298230369e+01
6.472792609762734628e+01
5.887810288726409880e+01
6.142979682727428781e+01
6.241716822057831848e+01
6.350035378632284733e+01
5.923613557816253916e+01
6.148752129666304000e+01
6.243913743176055675e+01
6.332940482120432080e+01
5.889054108092128104e+01
5.994949678641074797e+01
6.164207265392578705e+01
6.194458173865322692e+01
5.924881485339042086e+01
6.139334339618231695e+01
6.146463389320368975e+01
6.307493014464206027e+01
6.313208404843439325e+01
6.515604625635363334e+01
6.140842699021194306e+01
6.218678190643133519e+01
6.430955662601336087e+01
6.330144944566851706e+01
5.965925151553694405e+01
6.006942705628958379e+01
6.243776856426898547e+01
6.111031986781804193e+01
6.283628568310335538e+01
6.321653245968171575e+01
6.403409771297972952e+01
6.034327498236157084e+01
6.358768659385843591e+01
6.587397223147401348e+01
6.180574700418741685e+01
6.395237740336033738e+01
6.640767983501092431e+01
6.244031147815534410e+01
6.307024840975198998e+01
6.029744131882760172e+01
6.327931260808832548e+01
6.398667925260806300e+01
6.036340936660032952e+01
6.328142406074489656e+01
6.288503428248665017e+01
6.202289699822493674e+01
6.179889588871898809e+01
6.453865589159094895e+01
6.168326816190175776e+01
6.223222993074437426e+01
6.496393676427346975e+01
6.224241350774481418e+01
6.411862241267577645e+01
5.963642185330885326e+01
6.170335242097572603e+01
6.175473695979591326e+01
6.322990509311635066e+01
6.460836234672532896e+01
6.541248778739434044e+01
6.061902907033198318e+01
6.234147271872577534e+01
6.313154307148870004e+01
6.415066022801055112e+01
6.025521317996249593e+01
6.180111883879096268e+01
6.282009585513813477e+01
6.357757621814859306e+01
5.719325543449219396e+01
5.972906344399768130e+01
6.089299206704075118e+01
6.136297620345902715e+01
6.138925101986642119e+01
6.324708671412084726e+01
6.305369617380296887e+01
5.965539496147049192e+01
6.021122800340715031e+01
6.233515898335822669e+01
6.158688127306445637e+01
6.409830317855971771e+01
6.289493747127572476e+01
6.200364692932797794e+01
6.129446557733838574e+01
6.394691515840015228e+01
6.238870752636586303e+01
6.119944664814936885e+01
6.009447584247661212e+01
6.264050076497440500e+01
6.280612499832354700e+01
5.869562234592440575e+01
6.230580303477945137e+01
6.299463498986703769e+01
6.098056502546931767e+01
5.934593588099487249e+01
6.243882464960648093e+01
5.957262240685721366e+01
6.247638716589820973e+01
5.742987621459722192e+01
6.043049639429777642e+01
6.257753139996702174e+01
5.760935466464816557e+01
6.056396451173974782e+01
6.255773546031104360e+01
5.671180143141354790e+01
6.105030273996876389e+01
6.302326056168882218e+01
5.854836935835010081e+01
6.137951686042173804e+01
6.319849963570487716e+01
6.134460718695481063e+01
5.891962949178889630e+01
6.066593530162312220e+01
6.210591723332036906e+01
6.250415081647337701e+01
5.785813991130805789e+01
5.961556627180428336e+01
6.063188437200323477e+01
6.144630353715319870e+01
5.673612088630340367e+01
5.835097619319266471e+01
5.913294930536599026e+01
6.022169238120601165e+01
6.105462254608294614e+01
6.217273465718739800e+01
5.770792666682645944e+01
5.897896994089078504e+01
6.016680837252282288e+01
6.076125328895764710e+01
5.802978099766158238e+01
5.884543702560463885e+01
6.038822860836375384e+01
6.053630426047494950e+01
5.565843829720780178e+01
5.792680407795543829e+01
5.750499817624471888e+01
5.945775931289633576e+01
5.885984546741999424e+01
6.106143677625995991e+01
6.020358098563723104e+01
5.729747541438273117e+01
5.799053410266660791e+01
6.026080375397634725e+01
5.889441464690655437e+01
5.973539896821989714e+01
6.016715681370315849e+01
6.128100848714736060e+01
5.766676959543672609e+01
5.917009077582220300e+01
6.139252459734959899e+01
5.886889636625564037e+01
5.892396244554384310e+01
6.183586163194946295e+01
5.894625304510531549e+01
6.104026988964805156e+01
5.356233940004145211e+01
5.799682365519583271e+01
6.026939819148687860e+01
5.683880315887343926e+01
5.965174888581765344e+01
6.024563267039253134e+01
5.821888472170450513e+01
5.786301207706119243e+01
6.096722130015622554e+01
5.742190596291538895e+01
6.030994101163188503e+01
6.125756258932760545e+01
6.253725657332853416e+01
5.812661345723716266e+01
5.840318049494263875e+01
6.026595846333507467e+01
6.189880400619620104e+01
5.513447367434133639e+01
5.865398360323302285e+01
6.023341775071077109e+01
6.056450146570003312e+01
5.543999486550021061e+01
5.685976014196906192e+01
5.846348083102453330e+01
5.926880050966945390e+01
5.672602864218772822e+01
5.854510805678289387e+01
5.972312604821898674e+01
5.805764600185994340e+01
5.928511792821952042e+01
6.059816852267900344e+01
6.099663055879427986e+01
5.547812188724558524e+01
5.783946403361473187e+01
5.814683586734187060e+01
5.992536385147580802e+01
6.003090297558333077e+01
6.210352715384382094e+01
6.103677768549586347e+01
5.670860929853923693e+01
5.732489000154502889e+01
5.968752239460915376e+01
5.880357253896120540e+01
6.138837671868860468e+01
6.084875527371621473e+01
6.307592719976076268e+01
5.631542902479496604e+01
5.973844909574822992e+01
5.946169288093663852e+01
6.195396995981767674e+01
6.403220057525963682e+01
6.160277224888029224e+01
6.301191997143267542e+01
5.900793548700108460e+01
6.216781872625602290e+01
6.430778573746812299e+01
5.670315789145805496e+01
6.096076362742702059e+01
6.335281840394569031e+01
5.990459302282555143e+01
6.087027771616563143e+01
6.364619569506539420e+01
6.199541930270508061e+01
6.291005676016348502e+01
5.917627846449113349e+01
6.200345142048555402e+01
6.105255031334791482e+01
5.929959883156936939e+01
6.257832741332106963e+01
6.337993311838873467e+01
5.943680595187378657e+01
5.996411093885776467e+01
6.184999230167274931e+01
6.355525454708260469e+01
5.819891876822384091e+01
6.134136396874929176e+01
6.250396066392034555e+01
6.332109856449334018e+01
5.765067922446104376e+01
6.003746664637851893e+01
6.119747924033216435e+01
6.233719285744189875e+01
5.817027202883501502e+01
5.987774652589940416e+01
6.109411825519525507e+01
6.184395490534334527e+01
6.250700506597637940e+01
6.336518833428411313e+01
6.297613973818116762e+01
6.464231230017945506e+01
6.460007924097000398e+01
6.199049879687036224e+01
6.248236846382520326e+01
6.447745701928256779e+01
6.421441964827725712e+01
6.134033032436302335e+01
6.167284725572521609e+01
6.380154128137737501e+01
6.334828270251008320e+01
6.050278535531914770e+01
6.099520098078293984e+01
6.336961746124970318e+01
6.195435075792619273e+01
6.075104985464271579e+01
6.161889575590586077e+01
6.338378847628449364e+01
6.103914877532056948e+01
6.393434571850368542e+01
6.615819920666295673e+01
6.165248825424015422e+01
6.423546936731931112e+01
6.650664464851351454e+01
6.251901058440527947e+01
6.320973326360785904e+01
6.602560290175368607e+01
6.268677109942525760e+01
6.434278943215613822e+01
6.053069443116972792e+01
6.347820801936175172e+01
6.329819904966821298e+01
6.115067442544929577e+01
6.412086695583127494e+01
6.424460310598939827e+01
6.221873296226045369e+01
6.250564442744467186e+01
6.526618440676489286e+01
6.138618450604301557e+01
6.388797892335343676e+01
5.760735046725135078e+01
5.983306252285045446e+01
6.150096619400624576e+01
6.285522461906224834e+01
6.398878937284121804e+01
6.477193324871130642e+01
6.056438945161720966e+01
6.241460889792151079e+01
6.317348438119291387e+01
6.420311476062941836e+01
6.002332366392910501e+01
6.150094461487807251e+01
6.248934923995812341e+01
6.321419547833222907e+01
5.976942962820123029e+01
6.181999300109621487e+01
6.214566472412091258e+01
6.277912564719996880e+01
5.789472801594438067e+01
5.984096377858839588e+01
5.977167903994547515e+01
6.166908171485799528e+01
6.145434210366349959e+01
6.361436703329226816e+01
6.207989721433700225e+01
6.468150031202246453e+01
6.338146173501873193e+01
6.004121238518027326e+01
5.996296603818711901e+01
6.258175667557607369e+01
6.114048952675363324e+01
6.321169796410637787e+01
5.778693421069210956e+01
6.074132102559720181e+01
6.115255181931429718e+01
6.051127999198197216e+01
6.291230888012448474e+01
6.483190751126375062e+01
5.859180107796393600e+01
6.148925080467333970e+01
6.376054558621927271e+01
6.079130840484788223e+01
6.166196544745838537e+01
6.425264499844593047e+01
6.101838214485633927e+01
6.176826167675017842e+01
5.859711142029652819e+01
6.136253961233467891e+01
6.106008512864399762e+01
5.913349205287364185e+01
6.205936231213299692e+01
6.194810007949115516e+01
5.970447819612297735e+01
6.029134510881686992e+01
6.286591141266404037e+01
5.952147973465737607e+01
6.107097853514370911e+01
6.255080950042678722e+01
6.396366983958625241e+01
5.727660109713411174e+01
6.046133321287066309e+01
6.178909102252826813e+01
6.257557013804036217e+01
5.792833186114861377e+01
5.951151034432047027e+01
6.061948863875187499e+01
6.117486640335781090e+01
5.795319421894487277e+01
5.952174897396345443e+01
6.042763979507018490e+01
6.116727609753344552e+01
5.591996927150520946e+01
5.744308632898429323e+01
5.813122276481408335e+01
5.933319859841907373e+01
5.969527308569183788e+01
6.130788048477654684e+01
6.115675974004647486e+01
5.584951248454548534e+01
5.744023783661624094e+01
5.879810895756879319e+01
5.808037051952334195e+01
6.014244912791683362e+01
6.006931651503339964e+01
6.194210930171991691e+01
5.535656207750315616e+01
5.842947519743953677e+01
5.767842705450370744e+01
6.014196492971303343e+01
5.782522214685664608e+01
6.036994740020973182e+01
6.025974905104532553e+01
5.647346389764736330e+01
6.015062907760857769e+01
5.797759675752865149e+01
6.090671570619325337e+01
5.454418036351928833e+01
5.852229463864722447e+01
6.072536280378577800e+01
5.749316284069619343e+01
6.035181071615388504e+01
6.165253340937474036e+01
5.609285959414171430e+01
5.980955908191063486e+01
6.189359264263450910e+01
5.698373699812454873e+01
6.011790161241061270e+01
6.291593426406115697e+01
5.758275832779106196e+01
6.133084432727905977e+01
5.257760889258963743e+01
5.760402256505597762e+01
5.950999668558652189e+01
5.879504381574120941e+01
6.066893020937152414e+01
6.233280741894385102e+01
5.641472646329701490e+01
5.967442325638681666e+01
6.112340894607721253e+01
6.200677355734676155e+01
5.694706568936801716e+01
5.891935420400743340e+01
6.016325404344914318e+01
6.074914235556826014e+01
5.693498089933243733e+01
5.868464395324610905e+01
5.994528841850377887e+01
6.031110469513384231e+01
5.650554203816566456e+01
5.862998837745787029e+01
5.952354498502432989e+01
5.957136893807852118e+01
5.999484412849502490e+01
6.174628209339908125e+01
6.021294101091756801e+01
6.269216293787480510e+01
6.249350728863129945e+01
6.134830901730049391e+01
6.068405941861879427e+01
6.330879015613361105e+01
6.227195184608734024e+01
5.867071926802496762e+01
5.862591437104019576e+01
6.137839002243888586e+01
6.024358407528382031e+01
5.998619143599869119e+01
6.211405138299497963e+01
6.012429788068388348e+01
6.275061658490686511e+01
5.664756224690739117e+01
6.051264669282880959e+01
6.285895663055011084e+01
5.980907299832450263e+01
6.298636425010912632e+01
6.518532204318077561e+01
5.762302449191601283e+01
6.211180499271947042e+01
6.467177093006280586e+01
6.102899684606949648e+01
6.104435307203783623e+01
6.432928761027972087e+01
6.157266655686188983e+01
6.315978856974636102e+01
5.954345505946620420e+01
6.268326018886747875e+01
6.222092167852319733e+01
6.009208675541576383e+01
6.361918503295463978e+01
6.356132899642134504e+01
6.133270918104440028e+01
6.277290842877216903e+01
6.471017199781601903e+01
6.557363855022764199e+01
5.864336966982672550e+01
6.209152156856688265e+01
6.376895512426026613e+01
6.472018622410556077e+01
5.946588071735941128e+01
6.196755325097551292e+01
6.293989542664364478e+01
6.426624302354807128e+01
5.853183439017696088e+01
6.063711996339350208e+01
6.186119238798507780e+01
6.254593724188817561e+01
6.443412995314723446e+01
6.502803593365153745e+01
6.345915307504654379e+01
6.233282250668836610e+01
6.512515269868046630e+01
6.508088637208939531e+01
6.107199092669190321e+01
6.197371217451167524e+01
6.420468875837724454e+01
6.412063106043903815e+01
6.205904930976484479e+01
6.387611974248073921e+01
6.459678032839408957e+01
6.451468939925130996e+01
6.714122972923559018e+01
6.591338054849937578e+01
6.279518647177815183e+01
6.233232483009298619e+01
6.556731978249955262e+01
6.475718586702640778e+01
6.566084444309622370e+01
6.817792913011274436e+01
6.535588957077003158e+01
6.486158960976921151e+01
6.273849492216856305e+01
6.627984093781289232e+01
6.836479311486964150e+01
6.107383519317075127e+01
6.493116885645062553e+01
6.766700713325293748e+01
6.398592940069003987e+01
6.394082743810021441e+01
6.735301141646503709e+01
6.408011770991691947e+01
6.698812596684348364e+01
6.112794726755300445e+01
6.458830003319694413e+01
6.681921009317844096e+01
6.035947630171583711e+01
6.478956380112403224e+01
6.702989888202614566e+01
6.356259659290149955e+01
6.657267129610687562e+01
6.800850709143654171e+01
6.433054686042827086e+01
6.701773734595151666e+01
6.847958012121615923e+01
6.922347953736006332e+01
6.407393877775939472e+01
6.606953861318027066e+01
6.733619420095278940e+01
6.869057651124764163e+01
6.335852419947043757e+01
6.537611071727914691e+01
6.675353954989473948e+01
6.716729046659801838e+01
6.356219771847389666e+01
6.619091878327435552e+01
6.681368277120667187e+01
6.750206216290224859e+01
6.971679913955472330e+01
6.942582020604066884e+01
6.386376012977090966e+01
6.542812988807301622e+01
6.802876398630223775e+01
6.771792791685817292e+01
6.566502074292962732e+01
6.588123939402443341e+01
6.883316234289593183e+01
6.729212696606386146e+01
6.364982461799111491e+01
6.429147009117319556e+01
6.745103963461642138e+01
6.595145790232871263e+01
6.465930336686977853e+01
6.515806538320816799e+01
6.819943197964794024e+01
6.620189126956307746e+01
6.952600768338560044e+01
6.957294217533178937e+01
6.361144386260642136e+01
6.759558188343166307e+01
7.034532846422123953e+01
6.716352436431293427e+01
6.658551771057514657e+01
7.026588545550056608e+01
6.680691396611425148e+01
7.011973991414110685e+01
6.299073521981712531e+01
6.689667082185830793e+01
6.964476724759155957e+01
6.550292816681074726e+01
6.624945350257155496e+01
6.946309723243683720e+01
6.576045774823330703e+01
6.659464260522858581e+01
7.001877034328209959e+01
6.655706623597220073e+01
6.841181195998160547e+01
7.130900303561004705e+01
6.712222050554314023e+01
7.088252638219064750e+01
6.275925012446441542e+01
6.757862485706047551e+01
6.901522643395904311e+01
6.645405678430458352e+01
6.893327159155973050e+01
7.077348904062301926e+01
6.534997536570911336e+01
6.814594203367506964e+01
6.955318414065976640e+01
7.113558433944507442e+01
6.471697135563506720e+01
6.756583917829139807e+01
6.939166760465256800e+01
7.005935256248969267e+01
6.633375836364706402e+01
6.973261000757499062e+01
7.005335203862526328e+01
7.065755673909127665e+01
6.515942659469322962e+01
6.829660084145906751e+01
6.822900271716537191e+01
7.061952499918375281e+01
7.158581819228430732e+01
7.237546229744455673e+01
6.553100010007392484e+01
6.798708302690371852e+01
7.090931283370240124e+01
7.126124204663203443e+01
6.720320647848080853e+01
7.117953337778497769e+01
6.947879163461550434e+01
7.283207900917892630e+01
6.624426778787770331e+01
7.032667326790590323e+01
7.044608477689361337e+01
7.243002219222586291e+01
7.516894605198777413e+01
7.121557089634471538e+01
7.301898074646078385e+01
6.972957051195477618e+01
7.338625083727328047e+01
7.212306210258233818e+01
6.965692530758556700e+01
7.147451354800732304e+01
7.482266648323366098e+01
6.938156559470613161e+01
7.294903159454037223e+01
7.584209652617478525e+01
6.692262751314248703e+01
7.321747333682550618e+01
7.600752328508039568e+01
7.230359413605098950e+01
7.578045298196977342e+01
6.674425249650366254e+01
7.277350365751544814e+01
7.521911891567195596e+01
6.672120823039981019e+01
7.231224745825034006e+01
7.453053308079773842e+01
7.345227391503608771e+01
7.035682459592048588e+01
7.346607769703193469e+01
7.516284297872883258e+01
7.190729027998180811e+01
7.392814757795987646e+01
7.620801322312853188e+01
7.171604778839048322e+01
7.483824671268450857e+01
7.700694988148320874e+01
7.754287681729735482e+01
7.156849940397052023e+01
7.521729661268739164e+01
7.583509831688570557e+01
7.890442246838131268e+01
7.167552689842750624e+01
7.515311912142665562e+01
7.574722903359544546e+01
7.775044378775717746e+01
7.130249930709500461e+01
7.518427014737758896e+01
7.533018690524215799e+01
7.838269170821791931e+01
7.120709380874093597e+01
7.543455570459103399e+01
7.502729627434055715e+01
7.840434364594175065e+01
8.110609688315976484e+01
7.435637162643094200e+01
7.872379316918139125e+01
7.412594820140827778e+01
7.851087011064501553e+01
7.869254015594712826e+01
7.432719732933558987e+01
7.965541709094351575e+01
7.697396847393395092e+01
8.069870297181566343e+01
7.427009841010706737e+01
7.896904947030409971e+01
8.191301595689616022e+01
7.334466161251458516e+01
7.894971566289022746e+01
8.239679098428787540e+01
7.800999682956678782e+01
7.922508793065192378e+01
8.327807895040356811e+01
7.831607105593356266e+01
7.998320003803520706e+01
8.392936347205372272e+01
7.900824603481680697e+01
8.115834039681037382e+01
7.636581112403902694e+01
8.064774606472832374e+01
8.140665435134140182e+01
7.885037813354996672e+01
8.282432992352563872e+01
8.486865610002772087e+01
7.892412477855714315e+01
8.139421501229777789e+01
8.445973013680419683e+01
8.097278418121621257e+01
8.471498681840800771e+01
8.662075161153074987e+01
8.467967892190532098e+01
8.343187056878085173e+01
7.993166502673457785e+01
8.279137863395935426e+01
8.574431874441475543e+01
7.990028772913269961e+01
8.351351411984985873e+01
8.464084912096173241e+01
8.750664523827376229e+01
8.061558300920054876e+01
8.459300954796961491e+01
8.496709658710247481e+01
8.704455816406556323e+01
8.707085247470469369e+01
8.880611457040777168e+01
8.475565483167788727e+01
8.617415919668729885e+01
8.582229893274741528e+01
8.935332341182160576e+01
8.417735871994663910e+01
8.786221288357928927e+01
9.042748712136720712e+01
8.335518108741065646e+01
8.723390200963736163e+01
9.106880601771624129e+01
8.910183251786715175e+01
8.708239277863782490e+01
8.557383127786681598e+01
8.954280452365794929e+01
8.998087616579402948e+01
8.433036217280951519e+01
8.850794502272547959e+01
9.248915999903141483e+01
8.668580152925815696e+01
9.125058659575697106e+01
9.324509315993454095e+01
8.528409305459558709e+01
9.043117113128423057e+01
9.433249994400890159e+01
8.840604610945091224e+01
9.292906047869558961e+01
8.512795227109184282e+01
9.024066077079785941e+01
9.350141235601222434e+01
8.614724074877887006e+01
9.108918874696729517e+01
9.412483232355290852e+01
8.736419846834641589e+01
9.181676316694058926e+01
9.456227000686683937e+01
8.927359799612747793e+01
9.354455465546176640e+01
9.579009968873634762e+01
9.136569841108064338e+01
9.546569682268399504e+01
8.918177220159732599e+01
9.288506114461424090e+01
9.513300991471277257e+01
8.916013970446387304e+01
9.252289368495719657e+01
9.505049313375899089e+01
9.614097465508969265e+01
9.057376199214935752e+01
9.416088653294833932e+01
9.541485144600555657e+01
9.354236561026880281e+01
9.716389535948555078e+01
9.779666539451523022e+01
9.348839779349515311e+01
9.517861780602898136e+01
9.954313858967907436e+01
9.663375509449326728e+01
9.587160918117082531e+01
9.554362319904487322e+01
1.002041191418300485e+02
9.310805705171824798e+01
9.854182328305714123e+01
9.849796871832901957e+01
1.003918385196776057e+02
9.766148149658693001e+01
9.400261675753914403e+01
9.850825925264666694e+01
9.648026366310458002e+01
9.613151495441209704e+01
9.613754917310744474e+01
1.011817088022800561e+02
9.674061217610061192e+01
9.747837964577459502e+01
9.687202748695975174e+01
1.019744301866073499e+02
9.566547952534739352e+01
1.015192215189914577e+02
1.036846947773185548e+02
9.685970175008766603e+01
1.009738563347399491e+02
1.049237198113482634e+02
9.913290334096635092e+01
1.034918462798451912e+02
1.067807295155095773e+02
1.004697440446623347e+02
1.047477466161449371e+02
9.761811453663800364e+01
1.025621491723341165e+02
1.056669567119178197e+02
9.928098203866923654e+01
1.031573367702026616e+02
1.062667883550656001e+02
1.001343658663504925e+02
1.040779477761520155e+02
1.069917888357443871e+02
1.015914451315445177e+02
1.055068550138583703e+02
1.081801036703539722e+02
1.027521694700931789e+02
1.066815508685794072e+02
1.006652374454663175e+02
1.043557492048264805e+02
1.076401855266128536e+02
1.026449150593534654e+02
1.076566604886981224e+02
1.094352504723474908e+02
1.038552706966111145e+02
1.062347013779579754e+02
1.103361770006445397e+02
1.075244091756764675e+02
1.084260529704739326e+02
1.045130035442975895e+02
1.105018301393004663e+02
1.099244652021731525e+02
1.048028789761954158e+02
1.106488349801385738e+02
1.101829551751222311e+02
1.085812513899319782e+02
1.079808879926817156e+02
1.126000595816774137e+02
1.080315906256776799e+02
1.101579263271471376e+02
1.142997363033891816e+02
1.097949915225416788e+02
1.147477178170409786e+02
1.071629679146874281e+02
1.135106536261098711e+02
1.111858908756885711e+02
1.110779668108614544e+02
1.128507790757903280e+02
1.170319766226478464e+02
1.115288699594164257e+02
1.146100287887397542e+02
1.188823566242090379e+02
1.113335327931554986e+02
1.166629005890744821e+02
1.210039334724797584e+02
1.122787933825935767e+02
1.189233499393885012e+02
1.133691628389989887e+02
1.180607329931923033e+02
1.167676789365282559e+02
1.147144589326593547e+02
1.186828602351130684e+02
1.188831290880465730e+02
1.152208314272038763e+02
1.183967768982552400e+02
1.220277009276771736e+02
1.160683199424554033e+02
1.206851853274936701e+02
1.243633293551183527e+02
1.174617912895250385e+02
1.227185678233164055e+02
1.157008463056297956e+02
1.209956161498131593e+02
1.230022326322940245e+02
1.178849407691548947e+02
1.215155955552932880e+02
1.266507213635064488e+02
1.192597812506684534e+02
1.236237930289647835e+02
1.268032219290772105e+02
1.203329925204219251e+02
1.259677836827774229e+02
1.187776316219750896e+02
1.253073412563466320e+02
1.256193594248394163e+02
1.215334655880753587e+02
1.241641882926352309e+02
1.298008810893393559e+02
1.224905406828063263e+02
1.278088577056916790e+02
1.297525526266549036e+02
1.250625092662256321e+02
1.274343187506312489e+02
1.331935798996003371e+02
1.252409765968330078e+02
1.322146113475722586e+02
1.238620368059858805e+02
1.310745036695309409e+02
1.294246447151573705e+02
1.289197176281631982e+02
1.345200189550345726e+02
1.325340347550011586e+02
1.325808055157532408e+02
1.307455032595983084e+02
1.373688581528111285e+02
1.295231378592910687e+02
1.363918229814177323e+02
1.403372568671819067e+02
1.328243847021875013e+02
1.388646316444901174e+02
1.313434212257512286e+02
1.378892137225337251e+02
1.363030705240720977e+02
1.384945068237690009e+02
1.410988197241244677e+02
1.357217547393305495e+02
1.420232430883676500e+02
1.354182706981155206e+02
1.408012581373187686e+02
1.421978170850910885e+02
1.363085027486350498e+02
1.416644288151863975e+02
1.450300032367189829e+02
1.392234144170645607e+02
1.440367803396795523e+02
1.477852854060853645e+02
1.417538102174695780e+02
1.470450624077521411e+02
1.404553082532260930e+02
1.460329534817907131e+02
1.470256920976774495e+02
1.421264867647437313e+02
1.460363272114734343e+02
1.521821689502614277e+02
