0.000000000000000000e+00
1.351955636431638652e+02
-4.509790931055108132e+01
4.462316584263706432e+01
-1.894399588872736828e+01
2.427249771702716430e+01
-1.193113629350854232e+01
1.178763361584974412e+01
7.033003395219503129e-02
-3.410696961689862139e+00
4.460325856895108743e+00
-2.718697155144960576e+00
3.611929138268455741e+00
-2.536897011251290746e+00
3.147308946136241126e+00
-2.118926503662230676e+00
2.713135687411516006e+00
-1.696625116233202224e+00
2.569499266517043967e+00
-1.294110924271137719e+00
2.555959944670509465e+00
-9.127570125244444110e-01
2.613970327502136648e+00
-6.003442887980288134e-01
3.419587589324556198e+00
-3.797505290081039098e-01
3.735253596849232416e+00
1.456971312518217376e-01
3.958239476165692494e+00
2.694562224021130881e-01
4.148092813168022808e+00
4.582430882685051832e-01
4.475792549099564255e+00
6.963026658100049948e-01
4.811531097063001639e+00
9.644281672341695755e-01
5.164916590248567196e+00
1.254655895247044128e+00
5.536951764753423433e+00
1.563548924763462189e+00
5.922988498034403193e+00
1.888102398589973419e+00
5.199557893293423660e+00
2.246921832363094396e+00
6.870627665940713058e+00
9.104414925558680594e+00
1.068982041110241532e+01
8.138929869920627169e+00
1.181865373957577425e+01
8.735342690784436925e+00
1.225732349258059628e+01
9.125072889317308977e+00
1.268489475431583102e+01
9.509154545984074502e+00
1.309103776514171713e+01
9.874196506173291255e+00
1.348911927202635574e+01
1.023494726494900142e+01
1.388108724669557681e+01
1.059138305543981673e+01
1.427075611739914862e+01
1.094623446265931044e+01
1.465848564704529444e+01
1.129968286037685843e+01
1.504498824943905610e+01
1.165202872227075481e+01
1.543015138969781219e+01
1.200308851551159428e+01
1.581386950405750191e+01
1.235262230607091638e+01
1.619585344715143549e+01
1.270028956899965067e+01
1.657579741486206970e+01
1.304572377639783554e+01
1.695335793382294653e+01
1.338853715475349837e+01
1.749410310663984802e+01
1.994498949240911401e+01
2.292313022291256885e+01
1.916273035664145752e+01
2.387153780749445176e+01
1.958152013518874668e+01
2.423000317817849592e+01
1.992710123958649504e+01
2.457201974265192845e+01
2.025746196090495488e+01
2.489524441408249800e+01
2.057078112289269001e+01
2.520194842435653015e+01
2.086855936137907719e+01
2.485678748797975501e+01
2.118248603707484889e+01
2.517688588525157911e+01
2.148618852908466437e+01
2.546420396915319984e+01
2.176296728452923901e+01
2.573140151181694080e+01
2.202188180567899067e+01
2.613253095308105500e+01
2.899062820795127493e+01
3.035833222173213031e+01
2.992762883155699427e+01
2.932005373459815090e+01
3.140781746078448577e+01
2.917428488016050636e+01
3.129105637192059319e+01
2.936686301845179159e+01
3.169457068723142257e+01
2.957886413345238807e+01
3.180149184354556624e+01
2.901908400640504482e+01
3.184658123617648684e+01
2.919132603575726392e+01
3.189924591692586731e+01
2.936275190136929325e+01
3.194806543242959407e+01
2.953290268182097122e+01
3.250789639689952537e+01
3.634986775131503833e+01
3.904034146726436205e+01
3.595836724425523556e+01
3.912589272584954614e+01
3.607516875653996635e+01
3.905813948504347621e+01
3.580643485582376684e+01
3.897158001587748544e+01
3.593787895353460016e+01
3.898452254256055483e+01
3.567909592165622712e+01
3.902626141419612082e+01
3.588365357760231689e+01
3.900583322697494282e+01
4.199849263190046855e+01
4.384450410052651392e+01
4.135141007031702998e+01
4.381384884882149322e+01
4.115534576074198725e+01
4.257993486042038711e+01
4.040520895621296660e+01
4.544863841890979472e+01
4.013520934425480391e+01
4.416857730995403131e+01
3.966245785990666661e+01
4.411175191874416868e+01
3.906297300373884696e+01
4.426841600893666140e+01
3.886970897029781469e+01
4.423271249230562319e+01
4.455111826702432865e+01
4.924464582411404479e+01
4.270217956790806824e+01
4.962741997942760719e+01
4.205175281740864790e+01
4.990736544599980817e+01
4.134961989199207721e+01
4.937199228904349013e+01
4.057316862842129979e+01
4.892578936202709627e+01
4.200344511653067769e+01
4.580109244566048687e+01
4.149036581333597695e+01
4.856979355099471718e+01
4.933419906115888409e+01
5.054947119739431116e+01
5.007002437769207148e+01
4.926779664986342766e+01
4.940351246697471055e+01
4.857156472604924602e+01
4.874058511424518514e+01
4.808700874076824761e+01
4.823847179052242495e+01
4.754198537452288775e+01
4.768465893906778774e+01
5.257137856110841057e+01
5.269049544297745769e+01
5.217973953919970853e+01
5.187842753041656607e+01
5.150961524803464897e+01
5.133167859953886136e+01
5.091912491872457736e+01
5.088844707535057665e+01
5.042416452025660334e+01
5.017771025809553720e+01
4.971559515621034819e+01
4.952357940739832287e+01
5.446251364333884482e+01
5.262886634578112677e+01
5.599209504697235928e+01
5.112450223086284495e+01
5.631565397979652943e+01
4.949537996301684473e+01
5.527271482802481017e+01
4.911165176427778789e+01
5.460139125956500550e+01
4.861518414001434962e+01
5.391962865967111895e+01
5.744023959533952706e+01
5.368330565500076546e+01
5.740802346602350781e+01
5.143253865818181225e+01
5.685185675937130867e+01
5.039651980844674029e+01
5.582291782396395519e+01
5.067652856037395281e+01
5.531776135583139364e+01
4.886887252888459443e+01
5.419708352415575092e+01
5.774227169518265868e+01
5.342115041791552699e+01
5.794651675587838469e+01
5.168729374059856951e+01
5.680549318032314687e+01
5.063546130823935698e+01
5.574446609338123437e+01
5.067468479713839713e+01
5.511008190687478248e+01
4.825190903900921313e+01
5.391726177381789853e+01
5.729809528160419774e+01
5.218267950132787547e+01
5.761602786250131203e+01
5.179920460810835436e+01
5.649359634304227740e+01
5.110637793359195769e+01
5.548770857041441928e+01
4.906795920854952442e+01
5.424392658013397295e+01
5.728725644002702921e+01
5.472665378743911191e+01
5.786327739581481211e+01
5.174841134877416948e+01
5.732057588166492934e+01
5.101344383007391770e+01
5.577285938609406912e+01
5.001798105746674139e+01
5.449701250878530345e+01
5.695330134949163181e+01
5.623756996320171453e+01
5.474842747062928794e+01
5.686661570967838486e+01
5.351786958218982448e+01
5.513463482337119359e+01
5.190072414339868345e+01
5.385518310460973623e+01
5.059451606482199537e+01
5.220845095451462470e+01
5.530827830738644479e+01
5.653701730179375318e+01
5.306649923122034807e+01
5.504440808616877234e+01
5.168105628289409736e+01
5.378249486398200929e+01
5.028863376936446627e+01
5.226865213894745921e+01
4.868591997697601670e+01
5.171862996048312766e+01
5.301538465689418445e+01
5.496414194593666025e+01
5.089896977896161445e+01
5.371982041095170501e+01
4.926371095090890861e+01
5.205385690623997164e+01
4.764646309546434821e+01
5.020530769111236680e+01
5.260549226359243846e+01
5.427389898762199749e+01
5.145528028098538442e+01
5.393095268068262271e+01
4.829616499783312378e+01
5.192751566592850310e+01
4.684964342651459646e+01
4.991874968047459760e+01
5.170887278145338684e+01
5.353520904667939107e+01
4.873321767219381684e+01
5.157853223246770114e+01
4.683042997894600745e+01
4.985604868044975291e+01
4.571314324841841170e+01
4.830594365466869533e+01
5.041998548849242212e+01
5.176780428494421926e+01
4.942710539449295482e+01
5.110348943426876644e+01
4.573952850359917477e+01
4.865514905762107389e+01
4.547712906488831663e+01
4.723178835243406581e+01
4.970529396166432434e+01
5.043541636325207378e+01
4.861821336729973098e+01
4.951369550724616175e+01
4.593646297767268294e+01
4.731455895773039799e+01
4.494434129513704335e+01
4.602548701411960508e+01
4.906869256635701504e+01
4.894489439574741141e+01
4.687200514176882393e+01
4.721591284912620523e+01
4.601564936823473317e+01
4.622053905117478934e+01
4.360046329386315733e+01
4.400246575328848309e+01
4.752605100549538975e+01
4.673847629232724898e+01
4.607981600977989700e+01
4.575521258921645540e+01
4.403829100418985121e+01
4.374808166256070763e+01
4.342183456589527424e+01
4.289491024972138433e+01
4.663827567275097863e+01
4.595144466299206698e+01
4.428572413508783256e+01
4.348078901316811340e+01
4.466514494873435126e+01
4.295272224430550523e+01
4.140148353290847894e+01
4.052302753628345755e+01
4.449422296642335795e+01
4.486972003164913758e+01
4.169784290644265923e+01
4.098175794403213246e+01
4.295864492214387553e+01
3.971872114012201394e+01
4.070631761366423973e+01
4.371269464387805215e+01
4.256282191217777466e+01
4.249769341838834436e+01
4.065375677380692565e+01
4.155481277241796079e+01
3.950442360097439831e+01
3.886132472953840278e+01
4.221369923584196471e+01
4.056600606028296596e+01
4.415442857298184265e+01
3.679544221921914016e+01
4.119101563826450274e+01
3.737392288681375874e+01
3.969371714305569299e+01
4.244517013243284254e+01
4.053267160072688569e+01
4.298376271316642772e+01
3.646462427161080910e+01
4.110211474084996297e+01
3.327520953047706342e+01
3.886806409969408094e+01
4.164747046352495374e+01
3.702475305201736688e+01
4.109694492574691793e+01
3.296047694733140077e+01
3.872472899140950631e+01
3.247133562040800570e+01
3.713855155960625609e+01
3.843800048385428170e+01
4.070070601468076177e+01
3.487639711519510399e+01
3.904728508468676296e+01
3.154984825206486931e+01
3.614925521302884448e+01
2.999226783275852526e+01
3.455663730846733728e+01
3.677063569315288305e+01
3.738356977970377670e+01
3.444765381053151287e+01
3.652797149848595382e+01
3.043809443648920876e+01
3.435013765955089582e+01
3.571889358684985893e+01
3.824811523021141113e+01
3.262222441463232059e+01
3.579793617671916905e+01
3.050356937606509788e+01
3.382023705120039381e+01
2.873270466618661700e+01
3.200713749028420807e+01
3.328505997678271200e+01
3.518601626998555076e+01
3.196814774741126541e+01
3.450979047121354881e+01
2.968349411635925605e+01
3.198927726869988675e+01
3.336457240451538553e+01
3.513302455621138165e+01
3.207410401540053613e+01
3.436104975192877475e+01
2.968500415445590335e+01
3.185493476255077994e+01
3.372353050154732301e+01
3.497693484708735667e+01
3.307495949016583836e+01
3.448338610902992230e+01
3.005745434580824593e+01
3.191934489476575365e+01
2.771774886375978042e+01
2.975800991421188968e+01
3.202266602702967901e+01
3.276224552208992691e+01
3.226848206429568222e+01
3.260126412630086179e+01
2.868302566781579799e+01
3.021290178363610579e+01
3.305793379845364655e+01
3.303905915752900313e+01
3.152918726221774293e+01
3.194984904100140710e+01
2.936739637616795662e+01
2.994262915095671573e+01
3.314556808197944093e+01
3.307995346861144981e+01
3.051243945388315382e+01
3.093597884898422379e+01
3.192445798883906960e+01
2.822665776695225048e+01
3.244253164278060808e+01
3.283635888894385602e+01
3.224891350519496314e+01
3.185859010354997878e+01
3.058029917101518791e+01
3.022201349361506217e+01
3.399074631013076697e+01
3.393122497030518048e+01
3.252698649585774149e+01
3.182705724734369213e+01
3.123682094262280984e+01
3.042372140143268666e+01
3.335802426080246619e+01
3.613575544622640479e+01
3.091519537105747162e+01
3.400514911108562899e+01
2.995567980746752568e+01
3.290213325720000626e+01
3.586997554052747006e+01
3.300352825934226786e+01
3.385864877184599919e+01
3.225390830614020388e+01
3.199269992998213397e+01
3.045032878243335972e+01
3.066420953043957809e+01
3.408108657084950011e+01
3.304338085592890195e+01
3.381981887415705756e+01
3.150891910805952278e+01
3.159205194530274596e+01
2.942116208296867796e+01
3.333912321942253243e+01
3.386299377274561806e+01
3.382781615785494722e+01
3.298221754187651555e+01
3.068403001828379217e+01
3.434799464325340068e+01
3.395487890499673256e+01
3.669991841801260790e+01
3.233631121598049418e+01
3.591060201641201388e+01
2.831803959305362994e+01
3.336116866892570698e+01
3.582953069195031759e+01
3.584458006393790441e+01
3.261185431222691733e+01
3.502839519713423755e+01
3.113150581132496697e+01
3.318743322512248284e+01
3.549751914780294015e+01
3.658295039129934167e+01
3.315032844284928615e+01
3.516198219817440673e+01
3.133296389393755987e+01
3.395241452601921850e+01
3.592423973473937338e+01
3.771881677225118779e+01
3.318177683683911994e+01
3.527942830461263668e+01
3.310005273555622551e+01
3.528560912415685635e+01
3.755621114973045138e+01
3.818631679465293871e+01
3.425421277298635658e+01
3.740129438058562528e+01
3.882578495456303358e+01
4.052994986575635039e+01
3.700785232985913353e+01
3.982806925034557111e+01
3.433291648378096994e+01
3.790202570995677434e+01
3.923049905345023092e+01
4.139474077066014246e+01
3.766560897282082720e+01
4.084869035155186623e+01
3.465262611594133091e+01
3.856159832876523552e+01
3.968142366480557115e+01
4.221683774201517281e+01
3.819212487258733546e+01
4.176002135380012703e+01
3.461142555968719137e+01
3.959458221329892069e+01
4.030164888526056899e+01
4.319281870520088518e+01
3.837152294589077428e+01
4.247724690406433012e+01
3.710850087939075337e+01
4.045543766959268339e+01
4.060502762818720868e+01
4.377654101215176752e+01
3.862294694755109248e+01
4.318345810606091106e+01
3.760548574271090416e+01
4.115591266748067056e+01
4.196240934598396422e+01
4.520864348125073917e+01
3.966815554345255634e+01
4.373871312448014237e+01
4.526842591846897079e+01
4.499503460672877253e+01
4.405288988139307804e+01
4.352084310056276450e+01
4.292256399500621455e+01
4.230904838132953927e+01
4.623369687635419467e+01
4.632188639293274690e+01
4.387290011382806654e+01
4.494790213806055590e+01
4.368576817314897909e+01
4.765249393127098898e+01
4.672412901892008819e+01
4.536243982550399068e+01
4.626639269763538920e+01
4.459486161215686906e+01
4.388412461618986526e+01
4.841558733617783616e+01
4.552415451484667130e+01
4.911755709859483687e+01
4.217267026095814941e+01
4.604364617068902277e+01
4.902688336936261493e+01
5.239016081419403292e+01
4.546763863479102952e+01
4.925551325236605749e+01
4.471645654288327876e+01
4.874043151074010893e+01
5.046485260538414508e+01
5.057170462113971610e+01
4.543743732950499492e+01
4.906769689611161311e+01
4.447223468517795197e+01
4.858486955388247708e+01
4.931828989144974429e+01
5.240498029445014794e+01
4.635072303439503116e+01
5.016101850387119754e+01
5.268970934822674224e+01
5.260148962696431596e+01
4.906551222646014310e+01
5.154050781905831968e+01
4.688137512479087121e+01
5.069185509441202697e+01
5.139127822589411210e+01
5.400277326327527305e+01
4.914140592239473193e+01
5.217864170745923502e+01
5.327201700509382931e+01
5.538651018251036362e+01
5.193309905030384499e+01
5.405371789553729656e+01
4.928511935235777486e+01
5.185462870522577106e+01
5.355611227852760692e+01
5.526006170403413620e+01
5.217230127625725800e+01
5.455005831147150985e+01
4.968311414342435484e+01
5.221692317568587782e+01
5.453569896200522749e+01
5.594251557148377429e+01
5.088871065964991658e+01
5.365446492279750146e+01
5.596061890613710688e+01
5.692070610520217855e+01
5.475160338200625176e+01
5.585328457205292807e+01
5.078597571837512703e+01
5.336044609859507659e+01
5.606803155454222320e+01
5.640326416463877734e+01
5.497043486244361077e+01
5.584169458776708694e+01
5.891289223862941782e+01
5.859604410981055622e+01
5.544436485924233438e+01
5.638851350939830098e+01
5.482063096136687363e+01
5.555803082463528852e+01
5.883245557088566358e+01
5.798153536970324495e+01
5.572107865996762399e+01
5.592590381162573721e+01
5.927156486360741638e+01
6.080951346285148418e+01
5.712053599380696767e+01
6.050267705213619251e+01
5.394075773849545641e+01
5.818603789693501938e+01
6.137015981489102501e+01
5.929493087121166184e+01
5.879334089524149931e+01
5.754920547906193207e+01
6.118733880761892863e+01
6.336663564615601985e+01
5.574679912896785794e+01
6.135839145289589425e+01
5.564420075500431295e+01
6.016289133211365225e+01
6.304422198856196502e+01
5.778937269412214306e+01
6.211663439428005518e+01
5.403625630660175716e+01
5.964151715219399108e+01
6.247369161764295598e+01
5.897467542482254999e+01
6.181547122745561751e+01
5.444365482078536189e+01
5.983917561311182709e+01
6.154953818070918459e+01
6.414689766190232945e+01
5.667665268916358201e+01
6.098290444014627809e+01
6.348641774588833897e+01
6.398441237178285235e+01
6.018377281132247703e+01
6.146585350317281637e+01
5.782179916509219453e+01
6.045929388672488614e+01
6.144284256134595523e+01
6.344604738787321452e+01
5.747407273558938101e+01
6.104360163852615528e+01
6.325439964155853545e+01
6.343128909044546759e+01
5.937249661628332831e+01
6.102548928343410495e+01
5.795351070608919031e+01
6.056936652571931035e+01
6.173255248424671748e+01
6.322892836331234179e+01
5.833307547149881600e+01
6.036001383392697051e+01
6.236044649200165679e+01
6.376711473365441663e+01
6.008007894486013356e+01
6.191422159584729457e+01
5.682790383857930294e+01
5.936403202196026285e+01
6.070562279527096194e+01
6.252254923117315144e+01
5.943368254477199031e+01
6.100850317411326529e+01
6.303202455483938138e+01
6.351178319769266523e+01
5.871847538060278993e+01
6.048372140390493001e+01
6.289437678358324035e+01
6.303920743998143905e+01
6.347712930610242665e+01
5.987890837249882736e+01
6.217324399506480148e+01
6.405053215313520809e+01
6.213163363047079457e+01
6.001339276561529346e+01
6.039318252331571557e+01
5.720261340586822030e+01
5.790375754672572839e+01
6.067089565682717733e+01
5.995512714805510512e+01
6.053947021262165151e+01
5.937528493176135669e+01
6.254371174327834382e+01
6.271580186714157179e+01
5.780616679127632551e+01
5.804345072445067188e+01
6.123975688185556265e+01
6.392105103151197198e+01
5.972791243205315226e+01
6.272989021235564877e+01
5.597723271563587133e+01
5.997574127440020675e+01
6.256120168765080081e+01
5.957340883666272191e+01
5.938831675571712054e+01
5.715459461858181101e+01
6.061968672642192502e+01
6.283054274727027178e+01
5.668611682633232363e+01
6.018247511499298952e+01
6.271949127099497900e+01
6.019990485951171877e+01
6.066719499996536769e+01
5.756307688204234552e+01
6.022159940497051878e+01
6.272970865332825241e+01
5.669674406875574135e+01
5.995125604410341680e+01
5.705299931174457839e+01
5.762367230073711255e+01
5.996409092243441563e+01
6.160208285177948540e+01
5.642041256611171463e+01
5.903154233906492010e+01
5.289185215405142770e+01
5.602938651347290744e+01
5.793596037806674559e+01
5.862060758399044857e+01
5.427884179280292898e+01
5.639931506019524932e+01
5.726483606838567653e+01
5.917676893535515603e+01
5.336272531827897581e+01
5.615845486743630488e+01
5.700825318606219838e+01
5.863652300718666055e+01
5.396242163137814885e+01
5.619362148937108969e+01
5.732376974944902770e+01
5.869308365008804174e+01
5.449998637617368047e+01
5.618362815555900625e+01
5.215251238504631459e+01
5.359272818784974390e+01
5.509142178248981025e+01
5.586728856193622761e+01
5.361024381590992505e+01
5.648216670767261860e+01
5.689301973107519927e+01
5.780742095735651986e+01
5.080393097502322064e+01
5.443454694980160014e+01
5.449831898806193919e+01
5.690166735868262293e+01
5.456519087311363592e+01
5.330611029516802546e+01
5.335635510028681239e+01
5.581385522020719492e+01
5.504870065105896515e+01
5.200072750788152831e+01
5.192947516543215869e+01
5.453249593052468924e+01
5.390675318514687575e+01
5.433067052448078016e+01
5.291436126190889411e+01
4.994067986617079669e+01
5.271920256981619701e+01
5.087409153888983582e+01
5.389765458142915122e+01
4.984036057742603987e+01
5.249662464317489707e+01
5.484664904338149682e+01
5.177633074070449481e+01
5.174973234138796130e+01
4.972090407448214933e+01
5.282829335232440826e+01
5.380314259512347519e+01
4.996298861181786322e+01
5.154728984710276762e+01
5.433079262658739594e+01
5.098848560084547898e+01
5.156632656564325146e+01
4.898159386507857960e+01
4.843061250251854943e+01
5.178291983045585312e+01
4.940780429728130230e+01
5.157668887701620264e+01
4.736743278837083437e+01
4.776314104332674759e+01
5.005078042213362011e+01
5.206295811085404779e+01
4.615740405035321459e+01
4.950399402753407685e+01
5.129366640255360466e+01
5.125151683506171452e+01
4.718910159808478255e+01
4.907864178269501565e+01
5.080802822437483712e+01
5.139643334411513109e+01
4.736461922968599225e+01
4.847558922362208023e+01
4.459273906086878725e+01
4.646727481581519470e+01
4.735876227770257429e+01
4.861893507724312258e+01
4.413288262612093860e+01
4.541557161885252469e+01
4.692850302465188861e+01
4.845322376591943225e+01
4.431602573419203850e+01
4.611311040979250464e+01
4.700551517969368120e+01
4.843306202982051190e+01
4.757100122259486596e+01
4.361450189040920122e+01
4.525456803461892008e+01
4.651929880522065019e+01
4.736806712783048567e+01
4.407951877010855668e+01
4.669813202686849962e+01
4.717186216266623688e+01
4.898767772300328716e+01
4.405654364252232824e+01
4.671239439076401112e+01
4.701815732332240572e+01
4.906859442664239168e+01
4.512588788126151229e+01
4.784669090147129822e+01
4.788731081414141499e+01
4.985013620116121302e+01
4.469488336211649226e+01
4.813897205397240242e+01
4.048328402483284094e+01
4.468051391637452951e+01
4.420140476433925159e+01
4.710742800135728459e+01
4.406785088762742220e+01
4.729038160075875652e+01
4.825391383351995245e+01
4.411511627506976652e+01
4.746816663578186279e+01
4.993286458264181960e+01
4.727247994363150951e+01
4.652724386320388561e+01
4.497057486916008173e+01
4.425193359095329981e+01
4.779472423037005058e+01
4.507618137496407229e+01
4.822325735301183158e+01
4.154415567669229858e+01
4.518055670009168523e+01
4.771114044478918714e+01
4.452631856895194318e+01
4.510155626423110675e+01
4.295937192162200802e+01
4.535435648741374592e+01
4.619646155170451607e+01
4.709230628586823286e+01
4.144880507913011058e+01
4.408317994103644821e+01
4.643075111409250866e+01
4.810203614184660381e+01
4.262951611651777739e+01
4.540832665126678336e+01
4.756781475533654913e+01
4.758927276036265397e+01
4.354181670145601402e+01
4.513487365443683075e+01
4.754243364324231891e+01
4.821708327206764721e+01
4.384723739157870881e+01
4.533800036046153537e+01
4.747127588466047143e+01
4.871514988262595836e+01
4.441991112755669491e+01
4.739647336503727360e+01
4.850452453812482645e+01
4.959449109832727487e+01
4.546901101118054100e+01
4.777717027749361023e+01
4.871426649750063120e+01
5.033718581489216604e+01
4.620904410242405191e+01
4.863767863229666943e+01
4.293456001892714369e+01
4.536477423607748705e+01
4.659941492989997158e+01
4.825306117179765408e+01
4.680628554321760504e+01
4.895568608349490347e+01
4.939392791780549885e+01
4.723402591927870020e+01
4.829216151168129301e+01
5.064607646174764710e+01
5.054719462072367975e+01
4.684129376164069924e+01
4.785506946684048302e+01
5.047494359909212136e+01
4.996941341004412607e+01
5.056331000468535564e+01
4.939825649103388372e+01
4.546853177506106647e+01
4.720455748433668930e+01
5.013236596602936146e+01
4.886821199667005544e+01
4.923860203130939084e+01
5.202855467786210397e+01
5.007225043714315404e+01
5.166643824944912922e+01
4.746481772502824015e+01
5.128714767929498919e+01
5.339134317832574084e+01
4.637409409011846861e+01
5.120156276655844607e+01
5.393066335651712961e+01
5.117706813489102302e+01
5.122364929321103233e+01
4.915268152571854898e+01
4.880126982912889844e+01
5.244262325467491337e+01
4.973819741732575039e+01
5.292861421797596222e+01
4.493211523253991402e+01
5.022865640757373740e+01
5.277045744035922326e+01
4.988297131654765337e+01
5.196787467735337884e+01
5.395480247721903311e+01
5.609074006859697903e+01
4.904974553427062745e+01
5.286240168622342139e+01
5.508703315290888725e+01
5.556167661546197678e+01
5.166388704622711714e+01
5.269823591482670366e+01
5.494589721551695760e+01
5.669646652420747301e+01
4.944873046997529542e+01
5.381151647295881446e+01
4.824382867968343902e+01
5.141572919368361028e+01
5.201384749681407982e+01
5.429064859955323641e+01
4.752000168421219684e+01
5.138247326878745014e+01
5.203193295432881627e+01
5.407075927233183421e+01
4.954354779575491108e+01
5.187415235207458863e+01
5.286544464524184406e+01
5.435635104140871476e+01
5.167275283461631119e+01
5.376742733125939111e+01
5.547448482184248775e+01
5.557631158350405087e+01
5.162367272533960261e+01
5.298578337478613776e+01
5.498213992096851399e+01
5.541830115405149826e+01
5.470450464438684435e+01
5.271323309391303980e+01
5.541061134340297656e+01
5.556843683982569360e+01
5.621833130627327080e+01
5.221839524777325181e+01
5.460478849663945766e+01
5.461064720653387639e+01
5.675028976865699804e+01
5.318997036115664656e+01
5.611811020541088624e+01
5.549678522314486173e+01
5.627277972190136524e+01
5.490084696726120939e+01
5.794091859091283681e+01
5.868629261494122318e+01
5.306492213823415938e+01
5.654179356616782570e+01
5.915925854150246721e+01
5.671690653122149683e+01
5.695785474341361976e+01
5.498764741676733792e+01
5.830949391707217444e+01
6.008630750921795283e+01
5.363840679578412107e+01
5.751086227448831778e+01
6.008802836887117849e+01
5.682206462135199132e+01
5.682084915458126773e+01
5.424111545379619059e+01
5.756147104725634733e+01
5.910896440445308286e+01
5.465591721204047815e+01
5.873375047578988983e+01
6.066341851509812955e+01
5.704772652071041961e+01
5.930655260121066163e+01
5.519130306918674478e+01
5.592326814035271809e+01
5.816981233840996168e+01
5.984719868070145310e+01
5.440610807159291795e+01
5.704544010973295087e+01
5.868860791798326915e+01
5.936973246441927898e+01
5.501584755407372285e+01
5.685009882973181305e+01
5.848123863049828230e+01
5.922530607430411465e+01
5.481920633425565370e+01
5.661143102300093233e+01
5.831616047524124724e+01
5.938357934580405129e+01
5.441735343927873458e+01
5.585456741474698106e+01
5.705446614507060588e+01
5.853021894040286810e+01
5.809363870132673924e+01
5.375391794903004694e+01
5.576200191908375814e+01
5.668215865501164075e+01
5.832882928576323422e+01
5.308503791783846282e+01
5.527553948090212543e+01
5.555583451222397429e+01
5.736916223005297155e+01
5.721137510011869409e+01
5.966840457641828976e+01
5.914159422318703463e+01
5.507400703063345304e+01
5.591277798513258546e+01
5.850948594910585854e+01
5.769630048261044664e+01
5.885081363530942156e+01
5.569156002555813245e+01
5.838056958750912884e+01
5.750446664931526186e+01
5.835019038868696128e+01
5.618954595107838657e+01
5.909021716275692881e+01
5.984771005809875533e+01
5.417012411986927845e+01
5.764375921491888732e+01
6.010474221001319250e+01
5.774219342775037234e+01
5.831810683598760647e+01
5.612629175225516320e+01
5.422492616289261491e+01
5.762108361772408216e+01
5.481218274669330270e+01
5.798116308275854180e+01
6.040957307093377437e+01
5.715164001592173548e+01
5.733801252850353336e+01
5.449484909255478726e+01
5.415584953569246807e+01
5.733337154226205001e+01
5.496499485887026282e+01
5.782307000558916599e+01
6.014120391303254110e+01
5.575758806068856899e+01
5.875790781855142342e+01
5.280202577620924842e+01
5.637992684098732354e+01
5.720637264786500253e+01
5.899596721574985025e+01
5.261170851504851242e+01
5.576617184718546127e+01
5.721136545113245120e+01
5.807317528521500805e+01
5.350136855890065135e+01
5.490113894841811515e+01
5.653600049738756184e+01
5.780994534960665021e+01
5.216166150012033143e+01
5.494212407869505910e+01
5.612558898832767795e+01
5.721873207572364350e+01
5.338332411325141180e+01
5.549397852429125066e+01
5.706220477691299919e+01
5.724170708139538988e+01
5.368445213233276547e+01
5.478260080740722060e+01
5.634473440661849253e+01
5.712370566578839259e+01
5.233733081334902693e+01
5.371003786971152039e+01
5.533297220042004483e+01
5.575292307374410683e+01
5.575712814565824260e+01
5.078434414756213755e+01
5.387209607179850224e+01
5.391291332778190792e+01
5.610684770486496120e+01
5.310706200858957260e+01
5.570349369088684455e+01
5.510843991205681647e+01
5.653543552545881568e+01
5.169798694733372457e+01
5.488574173497277542e+01
5.445431693387028105e+01
5.681621732648033429e+01
5.122474841226432574e+01
5.466387404799284866e+01
5.535472434873801717e+01
5.481079816926174431e+01
5.774882366968728320e+01
5.956319179206882808e+01
5.096179453109014901e+01
5.629326395044613207e+01
5.883664371368826806e+01
5.608984639377513304e+01
5.785925586430835210e+01
5.193419646366999132e+01
5.627738927025645665e+01
5.865908075198077398e+01
5.213475801318163860e+01
5.667550504334434436e+01
5.898743333192670235e+01
5.625740334128674647e+01
5.822357150061395004e+01
5.275107674201781549e+01
5.594184810183928391e+01
5.811701154241674061e+01
5.307944662058845608e+01
5.552283680845906133e+01
5.164509164046432232e+01
5.484896120009020848e+01
5.576285897627705879e+01
5.424386514025897554e+01
5.602095253814514564e+01
5.672222363036496517e+01
5.728065997835733469e+01
5.094893731539406190e+01
5.488933776631042605e+01
5.658647771040714503e+01
5.692776366018586032e+01
5.366751789510752246e+01
5.594065459021128106e+01
5.719131294828685697e+01
5.758181290146438158e+01
5.301703262039902853e+01
5.492843693970899466e+01
5.619359845830515354e+01
5.741980285763608549e+01
5.182606321309320663e+01
5.392572313681012020e+01
5.482606973615968826e+01
5.652397511797548901e+01
5.642109689953547758e+01
5.847128983787388279e+01
5.868068406746599663e+01
5.491791745063282093e+01
5.635686462869762181e+01
5.851702761495989336e+01
5.842755440209663931e+01
5.423771548292517508e+01
5.502633893546994415e+01
5.751808626228380206e+01
5.687888723744161013e+01
5.801245043369654297e+01
5.530192913903470497e+01
5.830323497866578464e+01
5.750904539532533732e+01
5.529612396858585299e+01
5.475687137523942027e+01
5.768253346851248864e+01
5.854380717818896329e+01
5.619209854373868751e+01
5.758032435760684820e+01
6.002238700158613227e+01
5.740868540807148435e+01
5.709763990062099026e+01
6.049641078805331773e+01
5.767304722286466045e+01
6.079997933580055047e+01
5.292487224466708540e+01
5.753993122703403884e+01
6.006669110540302370e+01
5.678425920305994623e+01
5.725802090194221705e+01
6.038921650221438142e+01
5.947596997055412515e+01
5.957452930221964493e+01
5.637265180527006692e+01
5.956097920887083319e+01
5.857074594662318390e+01
5.839971906762517051e+01
5.738996732466892325e+01
5.954914106277086461e+01
6.042006395621363879e+01
5.667071294003319082e+01
5.757023829447062013e+01
5.954590404687007776e+01
6.132242362901345700e+01
5.486313162413193822e+01
5.846770866493741892e+01
5.998710536406512972e+01
6.093056278097248679e+01
5.622614395669064891e+01
5.850936323616715384e+01
5.953914259876194137e+01
6.065303116297034336e+01
5.688490627106176589e+01
5.905802912167032304e+01
5.982182382934123410e+01
6.139567189637318734e+01
5.623975667752971219e+01
5.813783530288840495e+01
5.928395603099686895e+01
5.985369104393079454e+01
5.740822960360794269e+01
5.837914319548780639e+01
6.021404547369803595e+01
6.046029137947107301e+01
5.574033605147063497e+01
5.885396804032685480e+01
5.886782639359782365e+01
6.076292913881451341e+01
5.652023222409185621e+01
5.882435638083272522e+01
5.877819068534483193e+01
6.106619307821070919e+01
5.749345346404529522e+01
6.006140530461038907e+01
5.966378657760859028e+01
6.171475427513782108e+01
5.557592242637143443e+01
5.877369028908783832e+01
5.879788389339298504e+01
6.084034738432026757e+01
5.470799052316109368e+01
5.829159816425152485e+01
6.052838575862921289e+01
5.789264641201550887e+01
5.832277548559715541e+01
6.131536589911351598e+01
5.835106935249686444e+01
6.080429638272217119e+01
5.468229303669621544e+01
5.830428591781633685e+01
6.068985841855442231e+01
5.693665254005463794e+01
6.004103269954202915e+01
6.056218533985296659e+01
5.976031304148577306e+01
5.847125173354070427e+01
6.175673286945335150e+01
5.834139411873870529e+01
6.101691049034445058e+01
5.473524318566236246e+01
5.813354396422762704e+01
5.926604152074720133e+01
6.101808759622928591e+01
5.535719266537540761e+01
5.768255078897850296e+01
5.909066426103511560e+01
5.990440048002552942e+01
5.543386746491089667e+01
5.715658383657509489e+01
5.814100822019703685e+01
5.950101527860420703e+01
5.394343997955994041e+01
5.640612762837621830e+01
5.787857102607162574e+01
5.872168040492739749e+01
5.952534944770955150e+01
6.096169420950126039e+01
5.906262344784439478e+01
5.745270138224029211e+01
5.849748155479490208e+01
5.994844408234526156e+01
6.020102426392344341e+01
5.494774664258012109e+01
5.716490387443674592e+01
5.726657825079819020e+01
5.899018184524520336e+01
5.748868684232250814e+01
6.006746894015256544e+01
5.942176749485172138e+01
5.545355671778857243e+01
5.606985534333440313e+01
5.856324205774927094e+01
5.763299728235788422e+01
5.958696616629647025e+01
5.460104229060525682e+01
5.724074478060195048e+01
5.618198685012443860e+01
5.873370338513705491e+01
5.454278556979394210e+01
5.708739600311373152e+01
5.770344889223969886e+01
5.651171803630638379e+01
5.939316708213164020e+01
6.124892497858902374e+01
5.471645998112389719e+01
5.781744790349133467e+01
6.021680724695804798e+01
5.733135689858507789e+01
5.842517238325950757e+01
5.570192113809381596e+01
5.833146165042601439e+01
5.839076511022349791e+01
5.542290270530681795e+01
5.479129230162194375e+01
5.781761105040442317e+01
5.644266088710095630e+01
5.855513876263358952e+01
6.081688622760938046e+01
5.522912891574020477e+01
5.895286457838877681e+01
5.086315524155052969e+01
5.545519562795504243e+01
5.661848373970691739e+01
5.832981067537973985e+01
5.136295192690558764e+01
5.522451200639596891e+01
5.692951774230866135e+01
5.753351512739614293e+01
5.295672620503442829e+01
5.480007824415525874e+01
5.555707787050909019e+01
5.684545642059809722e+01
5.205048974525448813e+01
5.451946749988764651e+01
5.552681863269695128e+01
5.686620182092883624e+01
5.790404877194544042e+01
5.899210802017971389e+01
5.378591966186399986e+01
5.524666104482818696e+01
5.635623387190524625e+01
5.701141541507642074e+01
5.760202009046884797e+01
5.275058801816947351e+01
5.403524361472167215e+01
5.569229181858955968e+01
5.579274046081309990e+01
5.337488552682874854e+01
5.401484717277526926e+01
5.603868912711395467e+01
5.571495803420796733e+01
5.252005470827161560e+01
5.321674998961711367e+01
5.550645217474514226e+01
5.470327587801060076e+01
5.436622069518593747e+01
5.413700059934304676e+01
5.664549538160805042e+01
5.508133771846195970e+01
5.771800694967411260e+01
5.971618626142620911e+01
5.189429828061665262e+01
5.603638394911532572e+01
5.851422267065657223e+01
5.608028170110482336e+01
5.826724425029284049e+01
5.045754613445332382e+01
5.520134766704952511e+01
5.729167403367377887e+01
5.433199027540968729e+01
5.512748147307099345e+01
5.799290229043901945e+01
5.492705623156417971e+01
5.559375808489628668e+01
5.848007593053853981e+01
5.762471898920945534e+01
5.683348690762737476e+01
5.360733765768273429e+01
5.689297757816307666e+01
5.610781996088818602e+01
5.600649953608798626e+01
5.506280260895761813e+01
5.716035505149893936e+01
5.788732512566478050e+01
5.400280772433436027e+01
5.488715193403298542e+01
5.675595162698394347e+01
5.841568168515694737e+01
5.183495118207839880e+01
5.540209777085423326e+01
5.690585267171977080e+01
5.783097168952116363e+01
5.306010914993852623e+01
5.534233615934303430e+01
5.591481488059847749e+01
5.715908129264310134e+01
5.542890080467503111e+01
5.709050065520098372e+01
5.828968144059122380e+01
5.677629882646952098e+01
5.358313918566555856e+01
5.557719474731692344e+01
5.682213178329706693e+01
5.682944596097716072e+01
5.386610663880609451e+01
5.483358055667605413e+01
5.673269571803314903e+01
5.691114130093134094e+01
5.903296123931737327e+01
5.878437009768570931e+01
5.652204400729093692e+01
5.684361112316235420e+01
5.933916605200423788e+01
5.852132717923021232e+01
5.672862124275204820e+01
5.648391696233107950e+01
5.926233266136793532e+01
5.796504527742246182e+01
5.634170297914747039e+01
5.556940798202192866e+01
5.844122598980750638e+01
5.934802779163444342e+01
5.602345390968175565e+01
5.839936384723287688e+01
6.104761990044239894e+01
5.802467692707502067e+01
5.703491662025749065e+01
6.052338161643537262e+01
5.758663092807403672e+01
6.083398321640690654e+01
5.317003957799866498e+01
5.764580245726703822e+01
6.011187405064695355e+01
5.668386649686706846e+01
5.732694017150666355e+01
6.032703609045003645e+01
5.888700454983486310e+01
6.027214212694844520e+01
6.296619962815869798e+01
5.688014739148304244e+01
6.097483710164339499e+01
5.305160370398952807e+01
5.770046340490242187e+01
5.891560000721635504e+01
6.074488697305596929e+01
5.392846159579519139e+01
5.779786077242885511e+01
5.960429063373419467e+01
6.041040552042872491e+01
5.615771260770484474e+01
5.779277028836662566e+01
5.852670578405960100e+01
6.010806450790288125e+01
5.505306828352238568e+01
5.712487756293327124e+01
5.808616014929796734e+01
5.929622734982920207e+01
6.081923642053641288e+01
6.146930413643907087e+01
6.052934695345310701e+01
5.790921584091869789e+01
6.041847150299102509e+01
6.094575151456890438e+01
6.056186406951475476e+01
5.614722658083980633e+01
5.786239047157671678e+01
5.955332916949070921e+01
5.931077042779087805e+01
6.126959025782814194e+01
6.143404119074399006e+01
6.222478356050788051e+01
5.864813091754040641e+01
6.112247794179629778e+01
6.045660463538883533e+01
6.192435915296256610e+01
5.882924942769922438e+01
6.178765082212503756e+01
6.080281477351605446e+01
5.890176002322521498e+01
5.994549426242073054e+01
6.257348097058513758e+01
6.056230534532684828e+01
6.135265093830621908e+01
6.311244203400244857e+01
6.059605202783831146e+01
6.237528270210557224e+01
5.844103193197565815e+01
6.178452931204456888e+01
6.401298085457281672e+01
5.741378791958372574e+01
6.092496802854171278e+01
6.332844142663756770e+01
6.006858403358602061e+01
6.020375940471876675e+01
5.732720582930745934e+01
6.034568531732589491e+01
6.177249397626238903e+01
5.697231409865267437e+01
6.057349466823278306e+01
6.241892237076641692e+01
5.882121119828049416e+01
5.930038771517484975e+01
6.204358221204679325e+01
6.219814513983506288e+01
5.837416015635020727e+01
5.962090192946518385e+01
6.128842157789207334e+01
6.278346911445459000e+01
5.722426743797561244e+01
5.977327474038190047e+01
6.118142644522376372e+01
6.196697592184966652e+01
5.745761498701982362e+01
5.907106814375617176e+01
6.016722139552202719e+01
6.113655167384624889e+01
5.802164450699328313e+01
5.952598778618909137e+01
6.040579785095756193e+01
6.116917143191690087e+01
5.652943509386974341e+01
5.813236818628981695e+01
5.868910530760305733e+01
6.017110395639969767e+01
6.056327984720558533e+01
6.216156468783864142e+01
6.121693638442784646e+01
5.677926636176344033e+01
5.776785173065401580e+01
5.955236020199777158e+01
5.921163248724934647e+01
6.172447056037388080e+01
6.076186005477842400e+01
6.255410543634854292e+01
5.764749193491768864e+01
6.057201572461178074e+01
5.960046385351613196e+01
6.208051877630171589e+01
5.664065018579814392e+01
5.974015399966697970e+01
6.000268127642014804e+01
6.011841266761832969e+01
5.515727745885310185e+01
5.946696706890613626e+01
5.901615311339254788e+01
6.106481022843873774e+01
6.334150449027509922e+01
6.039154103020552355e+01
5.975726407800421924e+01
5.735694563344375041e+01
6.025866945418760423e+01
6.231633009689209501e+01
5.555626557385050290e+01
5.913243777679952018e+01
6.133514018203008789e+01
5.949471563070028424e+01
5.903840276551089516e+01
5.598043799348971561e+01
5.874434359910495829e+01
6.047073109881095121e+01
5.317165651213569788e+01
5.751891186954419055e+01
5.937171349328912129e+01
5.935986925711780771e+01
5.562812709345528361e+01
5.731987582260781267e+01
5.768989078441154561e+01
5.935888835557344834e+01
5.450131330127419460e+01
5.682289258813938204e+01
5.743536019109002666e+01
5.873740614449700814e+01
5.439799795675457972e+01
5.620341139487053539e+01
5.749547457125606797e+01
5.793594505504708536e+01
5.925073714335789532e+01
6.037742571357660637e+01
5.628227039944187027e+01
5.793314801241285750e+01
5.921412997842314496e+01
5.932267703932453173e+01
5.780649243453601827e+01
5.843639011665730720e+01
6.017949441390192078e+01
5.983145151288765362e+01
5.508814280999752810e+01
5.600059209716525999e+01
5.791661613358910898e+01
5.764359770989504739e+01
5.713082170783414426e+01
5.699756025983212027e+01
5.927350911047306425e+01
5.803170287950353412e+01
6.052097470265234591e+01
6.069296648823652873e+01
5.617761784338578224e+01
5.626353537344355260e+01
5.877237617650774837e+01
6.116703310224364998e+01
5.634923512632578735e+01
5.953166321497567282e+01
6.161733488158200345e+01
5.820339188889861504e+01
5.889857185709004739e+01
6.172667903927623456e+01
5.884358971439250041e+01
6.010996838591756841e+01
5.635483451354797069e+01
5.952130923495975878e+01
6.046619951538146864e+01
5.614835104159629964e+01
5.741565590094940319e+01
6.019094190088412688e+01
5.769629032386892220e+01
5.771119091148783298e+01
5.473032692136956712e+01
5.759767236373722454e+01
5.920119276229011973e+01
5.432366347763456815e+01
5.718282393651447393e+01
5.830218909853848430e+01
5.999712488975010416e+01
5.404879493550139813e+01
5.689992537749388646e+01
5.755347712537616189e+01
5.907991275195625036e+01
5.256289785361529709e+01
5.611389353021009185e+01
5.764351276980794125e+01
5.814904450757254040e+01
5.936376324122051074e+01
6.072614904309010342e+01
5.459313533652142780e+01
5.752805757593744573e+01
5.857281524006381801e+01
5.958423638849158976e+01
5.613031039188817317e+01
5.746960563837994584e+01
5.871354582769829733e+01
5.931607538515392974e+01
5.848302596328483105e+01
6.057962107251298534e+01
6.073010202280206471e+01
5.854856823987367420e+01
5.899087999704168794e+01
6.114459698685061539e+01
6.069777799446258371e+01
5.658633538597448620e+01
5.711910575595241113e+01
5.953506877683658871e+01
5.873182151924545735e+01
5.998356928052886872e+01
5.909860866720391925e+01
6.182872579838567617e+01
5.908419600152136297e+01
5.774525154148154371e+01
5.891116322856879606e+01
6.100528706431644821e+01
5.863860185763667943e+01
5.798418366456863993e+01
6.082499859609848869e+01
5.831091076584313981e+01
6.120328425749681145e+01
6.379853818330780513e+01
6.009580383150166938e+01
6.045061061485574783e+01
5.792579932124784392e+01
6.103891939107030851e+01
6.161100761221008071e+01
5.838774908827134169e+01
5.758695060907493257e+01
6.083509041532462192e+01
5.954697910601872479e+01
6.143462296427415481e+01
6.428629415373139011e+01
5.636567353171991357e+01
6.138250509722793424e+01
5.644353067818505565e+01
5.864467524102223450e+01
6.062577841339210494e+01
6.015105432488864068e+01
5.645238953630803991e+01
5.858281287537652560e+01
5.942604680029921838e+01
6.096512543991667599e+01
6.260053001935566641e+01
6.328556729582230389e+01
5.809401494775678998e+01
5.937902420781823309e+01
6.078038082042633050e+01
6.190919773853570973e+01
6.116781630921711610e+01
5.729394644603755893e+01
5.905455746653171900e+01
5.995706560743516889e+01
6.129441315055913719e+01
6.270798105015052926e+01
6.306172750851887088e+01
5.935255115669891524e+01
6.058899553559692919e+01
6.228505066563356962e+01
6.250164122411504053e+01
5.896578632470972536e+01
5.959159323419841314e+01
6.158961854363857213e+01
6.139751949978170842e+01
6.164802249513272159e+01
6.208557615533917584e+01
6.420483835020698393e+01
6.033867071891659606e+01
6.244650319489469581e+01
6.231415113090663738e+01
6.441782844627266513e+01
5.862727418993593176e+01
6.181225114002413790e+01
6.145405287871523825e+01
6.389544058239231106e+01
5.782318052670333941e+01
6.116312313161178338e+01
6.293232086071531484e+01
6.015059686473947664e+01
6.005982140338227993e+01
6.307018706937206787e+01
6.005957245385962295e+01
6.302777312674985666e+01
6.534676757054715779e+01
6.122230562202356197e+01
6.263466496737455458e+01
5.929704287455007972e+01
6.219961299297811763e+01
6.148610795528482953e+01
6.059799620381544827e+01
6.154652872311961431e+01
6.387598663567334256e+01
5.906335470581105795e+01
6.274940325281136921e+01
6.445876556681680825e+01
6.034176717588324834e+01
6.306161142300057065e+01
5.872930112240344158e+01
6.094135109460531652e+01
6.096261486930582407e+01
6.238848659487619841e+01
5.756458046005005968e+01
5.924051792831573238e+01
5.997334095469530268e+01
6.129172374108218690e+01
6.270725420723670140e+01
6.340877670563574497e+01
5.900002570364909360e+01
6.022472934944124745e+01
6.149781483098936974e+01
6.246742505483592112e+01
5.990067708642146727e+01
6.187143138191871827e+01
6.208030943540448021e+01
6.318995251344727393e+01
5.770618494698435086e+01
5.952731699451892666e+01
5.962544372945815496e+01
6.093816826077888038e+01
5.618140463281579855e+01
5.858022250394604669e+01
5.833335297175920431e+01
6.051371314758389985e+01
6.068670589223394529e+01
6.255241669236849589e+01
6.103086046972819645e+01
5.733087604772322976e+01
5.789922002107067556e+01
6.025353740502870892e+01
5.887265346208842232e+01
6.028969969735724277e+01
6.237768705112797818e+01
6.021733172677188151e+01
5.961143674213351318e+01
6.213653403842953793e+01
5.966043556108228074e+01
6.243045702829287791e+01
5.600254782618047500e+01
5.907415871899440418e+01
6.117199426851230726e+01
5.813169980618442878e+01
5.897256768875023170e+01
6.161316861871344486e+01
5.831446597108930519e+01
5.912518598131430281e+01
6.174283782564332057e+01
6.016388644175417966e+01
5.965307108799191127e+01
5.660869572491359492e+01
5.929377217722577598e+01
6.098361980163448948e+01
5.377008362137617326e+01
5.803057885495569224e+01
5.985126146729764685e+01
5.982639523926403058e+01
5.607597594127722829e+01
5.770757766175179171e+01
5.805488944895739678e+01
5.967274075516835552e+01
5.492762572573219160e+01
5.713264343442524762e+01
5.772675407332299358e+01
5.954063933477324611e+01
6.021979770857436165e+01
6.139714970979176201e+01
5.596596867871038228e+01
5.780687198816748662e+01
5.867297099991392884e+01
5.979198006531453302e+01
5.624329038727339025e+01
5.753411340044464595e+01
5.891208579503538800e+01
5.934988533275009104e+01
5.501691589512276437e+01
5.597346146460825622e+01
5.746732480530926068e+01
5.773940371062749222e+01
5.704702113479105918e+01
5.876675810851636328e+01
5.813028800865397727e+01
5.951921819182813067e+01
5.446061486152972719e+01
5.717558757010601767e+01
5.652744439991548120e+01
5.882697171205150255e+01
5.973697276363274256e+01
5.884391078924802088e+01
5.832097725416937806e+01
5.713573435246131993e+01
5.970300587999260955e+01
5.966560182179873095e+01
5.525710751459156711e+01
5.913029981472735130e+01
5.717171689322832151e+01
6.016799043355715071e+01
5.491570663258465146e+01
5.853590622708750146e+01
6.072059409741184055e+01
5.635154028950923788e+01
5.862451652727872897e+01
6.110136963145283318e+01
5.681201023463632538e+01
5.869563224278791580e+01
6.120251604873905649e+01
5.845970855844789327e+01
5.876602467993156154e+01
5.583926379295100872e+01
5.863304096114833186e+01
5.909733245798565093e+01
5.618427599646319948e+01
5.830502383630683028e+01
5.878653306869139072e+01
6.036720115070156112e+01
5.322564981859962785e+01
5.730700523699547944e+01
5.893237711601203443e+01
5.943776834323293912e+01
5.506530126588582874e+01
5.683203320362241584e+01
5.752085399421276435e+01
5.884077061853569290e+01
6.004676297124384377e+01
6.127032368948012220e+01
5.701973505368858497e+01
5.865526309720807063e+01
5.992985159388491212e+01
6.096997711710385914e+01
5.680978872152247305e+01
5.865325138932414006e+01
5.992744955713491350e+01
6.037022523548990449e+01
5.631789903719582213e+01
5.879098801405275765e+01
5.904893366773590202e+01
6.052425631409797546e+01
6.201496617980016879e+01
6.159647551602526505e+01
5.894649875368061487e+01
5.924039313300507814e+01
6.165866242235952654e+01
6.081873869042812686e+01
6.008781621397336181e+01
5.941137622554413866e+01
6.212386264311513884e+01
6.065637322645323337e+01
5.788245363752978534e+01
5.726677539713448795e+01
6.012392553890794034e+01
6.006863823736733110e+01
6.046139570235843053e+01
6.332794637152700545e+01
6.089121917633787717e+01
6.013345304998433960e+01
5.827864124538018586e+01
6.122148261552380433e+01
6.348964522654858200e+01
5.579118286015143013e+01
6.011461858177542439e+01
6.252746038501002346e+01
5.911531671332675586e+01
5.996255860851646702e+01
6.280518948287089387e+01
6.135794091755770552e+01
6.223937794169145832e+01
5.856243669321109024e+01
6.141728892650159111e+01
6.047039581335680225e+01
5.864922585471613559e+01
6.197054814646988063e+01
6.271385048864741663e+01
5.901465133684937570e+01
5.959599322692994861e+01
6.150348575390011518e+01
6.322563159223997786e+01
5.756442350920964657e+01
6.076070682216165864e+01
6.207183749896314851e+01
6.282760471190717055e+01
5.735625016206017790e+01
5.976177174333965070e+01
6.093815104771790203e+01
6.210638984337990109e+01
5.782851622979416106e+01
5.954495402922940883e+01
6.036797385949616057e+01
6.170543741701715845e+01
6.238033963849144925e+01
6.391936020520573436e+01
6.224100013455678493e+01
5.845983479544037209e+01
5.945470061774796733e+01
6.112713573686399826e+01
6.127187222553468615e+01
5.983669385733970358e+01
6.189492336037029929e+01
6.131636650454831994e+01
6.272654146960462640e+01
6.425199122140291763e+01
6.276974822401724197e+01
5.974510737765857016e+01
5.970358791858359382e+01
6.222851593555970595e+01
6.173166391246822826e+01
6.363458090226153985e+01
6.588997121142418223e+01
6.361925801329144292e+01
6.143087403362567755e+01
6.024392916213455607e+01
6.323405982787220836e+01
6.292506378249201759e+01
6.256657473922031443e+01
5.937662499895834145e+01
6.255286696008519698e+01
6.452303592561140988e+01
5.787629696205731022e+01
6.125184568354542591e+01
6.359303817989840013e+01
6.030899361844713269e+01
6.055671576990233262e+01
6.340394507828848703e+01
6.211769449704272716e+01
6.380123814287963313e+01
6.594379533432559981e+01
6.058632954584705743e+01
6.413784918175450400e+01
5.780462184316829877e+01
6.094990339897394449e+01
6.277723374439482029e+01
6.079342620212541703e+01
6.143292328991725526e+01
6.296880280893454085e+01
6.390189819781128477e+01
5.931495467549660816e+01
6.100748991724056225e+01
6.191392522876594029e+01
6.278912070730822848e+01
5.819787036145860526e+01
5.995443449166455707e+01
6.095076058565642541e+01
6.183736988975876869e+01
6.283511390594690482e+01
6.386650231724441085e+01
5.962605311952763287e+01
6.137381457373457749e+01
6.190621334589506830e+01
6.326876138967997321e+01
6.052862658611461200e+01
6.290040258314901678e+01
6.287608886044635881e+01
6.393936009742115800e+01
5.810847855610073509e+01
6.018397751014676800e+01
5.987402232345759501e+01
6.168842593759121939e+01
6.053557916713000253e+01
6.312127501896243587e+01
6.188501780182718193e+01
5.856016110410298836e+01
5.929870788273814952e+01
6.165672952858599842e+01
6.024965137783659941e+01
6.183207623664277008e+01
6.265131212962486984e+01
6.140652242972289798e+01
5.979081240408815034e+01
6.265613130761384753e+01
6.022710480079712170e+01
6.311086669237938196e+01
5.893916107813642213e+01
6.172941596662036545e+01
6.350659234913984363e+01
5.816084466785381579e+01
6.107279960924986995e+01
6.329155276864064206e+01
5.987898038158053993e+01
5.997339651070718958e+01
6.266558277760623952e+01
6.108936616280623610e+01
6.089095176711666113e+01
5.734475457672953524e+01
6.043121009500862328e+01
6.168810460506517757e+01
5.644787871930142842e+01
5.979654607783929521e+01
6.067679647152648670e+01
6.152804676520231908e+01
5.490436250495447013e+01
5.847038835224422826e+01
6.009930483426826697e+01
6.084231565418544108e+01
5.617131391849746791e+01
5.765018166158112933e+01
5.899035727711903832e+01
5.956140584892097678e+01
6.063975578644468101e+01
6.184319930173548130e+01
5.679689628793034473e+01
5.844490787547125166e+01
5.934793499771521397e+01
6.025009240460016713e+01
5.619308858259549311e+01
5.816121003960487457e+01
5.930846346352414855e+01
5.997983377995237220e+01
5.502402851575598675e+01
5.681062619995049090e+01
5.717215015310748072e+01
5.870488015258384706e+01
5.856954749786544312e+01
6.053372436572584547e+01
6.014078762013306090e+01
5.619031127817543592e+01
5.677241016008753860e+01
5.898866240063935606e+01
5.819416982402255201e+01
5.944186485041295498e+01
5.917990783410107269e+01
6.144601205878387873e+01
5.752295344178762804e+01
6.038025762806274344e+01
6.053795789007913442e+01
6.000550041240344257e+01
5.492761584902027039e+01
5.886314203545342139e+01
5.954177772849433836e+01
5.778415243604671758e+01
6.087356698219104345e+01
6.288971894121534945e+01
5.512439416078976251e+01
5.957148538375835045e+01
6.189827642434352128e+01
5.875299279394663188e+01
5.943812211081706209e+01
5.648772911177817946e+01
5.925249130338321635e+01
5.833549268975505697e+01
5.730092662034479645e+01
6.042465814831323456e+01
6.133627322819187100e+01
5.717048698210021485e+01
5.744920226935765584e+01
6.023786515280890796e+01
6.093376940274610121e+01
5.558694404334315209e+01
5.882475557023519031e+01
6.016585309426689321e+01
6.029034178041526104e+01
5.546749888396641381e+01
5.838173993971764020e+01
5.980355297598037367e+01
6.058977118651880289e+01
5.552846143948604407e+01
5.745332009231957926e+01
5.847762536040902859e+01
5.937565621988797204e+01
6.036850276339214361e+01
6.156273876683674473e+01
5.671738971290557174e+01
5.809537905551011505e+01
5.927153607612171271e+01
5.988793747456170991e+01
6.022784660758624398e+01
6.201295876987051514e+01
6.210234899778603079e+01
5.867522903587681071e+01
5.935384660306992544e+01
6.140894016207565187e+01
6.103332144810839566e+01
5.763290694531689695e+01
5.806009296343287218e+01
6.043878494288289716e+01
5.959614449977392070e+01
6.071588262339425768e+01
5.971000841464268660e+01
6.240579062395514143e+01
6.019689174675777110e+01
5.828495544646887794e+01
6.063389924805712639e+01
5.859939009689170319e+01
6.133692759227468372e+01
6.394339897497572167e+01
6.145483292239593709e+01
6.061999302708014881e+01
5.875905936391863804e+01
6.169116447429805561e+01
6.388442565784583849e+01
5.619438351880695848e+01
6.048221762843963489e+01
6.287836880647632398e+01
5.943483539564454077e+01
6.038650322399990245e+01
6.317226096574552940e+01
6.157056150480526213e+01
6.244406084116140221e+01
6.505704021449500374e+01
6.151637353717891443e+01
6.307574566979386788e+01
5.849596873251671525e+01
6.132106725563672711e+01
6.055689119627548678e+01
6.243293908748884036e+01
5.839156545861108327e+01
6.016657175835332083e+01
6.087747589092129630e+01
6.226597310258726736e+01
6.349816777500939935e+01
6.471608479861227181e+01
5.955844466366055912e+01
6.089475859036108574e+01
6.221206946763940948e+01
6.330636891522173215e+01
5.984813260434776794e+01
6.216872595629882170e+01
6.319988289483936938e+01
6.375692540678392106e+01
5.862894051617903557e+01
6.039450593355227426e+01
6.097125882061889257e+01
6.249362526873120771e+01
6.327757343835043713e+01
6.455292927284310167e+01
6.139802834150901845e+01
6.335357244304796609e+01
6.333903588425120290e+01
6.534842232633883441e+01
6.038199656258410641e+01
6.248733978889238472e+01
6.395952277812080666e+01
6.285838137658932112e+01
5.941426899615328949e+01
5.987643610398062322e+01
6.224387327627164979e+01
6.091946565421655890e+01
6.277913930833064882e+01
6.494688062601871081e+01
6.259038393394544642e+01
6.192025445203228884e+01
6.442497855457928324e+01
6.177393327778489152e+01
6.474532010385566139e+01
5.971769534208277008e+01
6.250118503888404575e+01
6.460748947688709620e+01
6.113160496726138149e+01
6.069312995735293725e+01
6.373103572107510217e+01
6.036053562041723097e+01
6.333884785581283694e+01
6.549893697255821223e+01
6.082507788314098462e+01
6.517058063594302553e+01
5.842439642462685612e+01
6.148987795646117860e+01
6.365491616168327482e+01
5.889229433899502908e+01
6.188218938013317683e+01
6.142519322563038031e+01
6.392751541828152995e+01
5.828981850830569300e+01
6.044331739296884365e+01
6.223165815212571772e+01
6.193112913981659773e+01
6.354508371450025095e+01
6.489757631020506778e+01
5.987585671229020079e+01
6.217532676116525181e+01
6.357927161654254178e+01
6.409080080414501879e+01
5.995899312590172059e+01
6.145510461307326011e+01
6.242516738312359337e+01
6.334834232591808956e+01
5.961242394102693964e+01
6.150251835384619881e+01
6.190630047232783539e+01
6.308879417879669660e+01
6.428896062439802961e+01
6.432480015382985528e+01
6.182349398196757306e+01
6.219987814194573872e+01
6.433536049960004277e+01
6.349489722507026812e+01
5.939879776502790065e+01
5.973872154608449847e+01
6.226536396143685437e+01
6.117460543408869711e+01
6.282206156601328217e+01
5.808733716698790062e+01
6.065879996065876156e+01
5.939706562584944294e+01
6.186464879814801066e+01
6.391269913676472214e+01
6.190921245258143557e+01
6.117953566856783709e+01
6.354783621278608763e+01
6.106405287037259200e+01
6.383319522700283954e+01
5.748432279772873699e+01
6.050339005221261601e+01
6.261887205728264405e+01
5.958095510029922082e+01
6.035094506826407468e+01
6.297344822526916630e+01
5.965654310032766716e+01
6.061108216740760213e+01
6.314658388053106108e+01
6.126881294992745097e+01
6.099860727346204214e+01
5.743802360694411391e+01
6.053125632293330227e+01
6.218768562923079202e+01
5.537820848712251376e+01
5.908900774179817716e+01
6.088391214966934939e+01
6.087016084111967018e+01
5.708641946990010752e+01
5.867091383230188484e+01
5.901852202253206769e+01
6.059599999579938157e+01
5.585104631943633535e+01
5.796974719076249016e+01
5.855374573189651954e+01
6.031780433801986874e+01
6.098488608716104409e+01
6.212602381091709702e+01
5.674925544853984860e+01
5.848801781100617347e+01
5.933738088985324310e+01
6.040959357947421893e+01
5.692196391289193969e+01
5.817115868658806477e+01
5.953559568777278344e+01
5.994721350179985819e+01
6.145508445950735421e+01
6.170355614971042968e+01
5.896109585381646667e+01
5.954777314691366996e+01
6.145206866982301364e+01
6.112653841051893977e+01
5.878128553187339378e+01
5.887473255640983183e+01
6.107812213672448820e+01
6.024302058587379349e+01
5.848093086820266961e+01
5.847578114972760233e+01
6.094372115752672414e+01
5.954714415535215011e+01
5.778706853394187704e+01
5.871846319654389390e+01
6.071054327729467559e+01
5.840668578235912634e+01
5.779913442283235980e+01
6.035280898436892016e+01
5.797544413379169015e+01
6.062485810792901475e+01
6.310254521561932251e+01
5.982826016008463199e+01
5.943462204348976030e+01
5.710697769983957528e+01
5.994823621902401811e+01
6.136313093419023801e+01
5.490564650616897069e+01
5.905029147863419325e+01
6.117829190721861465e+01
5.769961239350918447e+01
6.064949943939502219e+01
6.259850509642173932e+01
5.516468189064079297e+01
6.005213692664781888e+01
6.194984094824857834e+01
6.177140397118430570e+01
5.778222747290130457e+01
5.850033837026255412e+01
6.025825498623849086e+01
6.188669147897824274e+01
5.561117786823280085e+01
5.892760936428204133e+01
6.033584172327037720e+01
6.120910877266466343e+01
5.629536382621260771e+01
5.832633181622208696e+01
5.914415587241114025e+01
6.035966743422697789e+01
6.126039749356241515e+01
6.251044408329283186e+01
5.769092670131909983e+01
5.924291315887737852e+01
6.062672651812078328e+01
6.098189461929825228e+01
6.174807474331368695e+01
6.337122605478461423e+01
6.343450555724513862e+01
5.876326789991644972e+01
5.996887132555732336e+01
6.192580438788341723e+01
6.178967587442927112e+01
6.101509187201774154e+01
5.994549671227508014e+01
6.251316539334769828e+01
6.154130384040252011e+01
5.806124796720700232e+01
5.911453205622574103e+01
6.150512786908171847e+01
6.000266233237837099e+01
6.161068320705488333e+01
6.089368917466246245e+01
6.352244420297486727e+01
5.946437175736016911e+01
6.164325960914799651e+01
6.399760844810422356e+01
6.100102756249711433e+01
5.984596805451717927e+01
6.320440900318995858e+01
6.017828923344452363e+01
6.332667760576462257e+01
5.589709138166198699e+01
6.013235370425082493e+01
6.246852366984346361e+01
5.891108122931109392e+01
6.193350706182979337e+01
6.293813485588538725e+01
6.039212729624831155e+01
6.053547095133459521e+01
6.355004981000517716e+01
6.022183409511669794e+01
6.208286041447320969e+01
6.437235299959394297e+01
6.303741982714842607e+01
6.219281947055194593e+01
5.895556412319287176e+01
6.210857628097765115e+01
6.291247644517610382e+01
5.986746669233153995e+01
6.158163296467177616e+01
6.276407425730936041e+01
6.355034751397574411e+01
5.786444423367207435e+01
6.023578228093506937e+01
6.139646670267202211e+01
6.252923125462906739e+01
5.837357266525464894e+01
6.008847315268801736e+01
6.129299373865925560e+01
6.201215732408306991e+01
6.267528992613949868e+01
6.353731469110748975e+01
6.312336788165855950e+01
6.483699556418510213e+01
6.483072325581279927e+01
6.212433605712769946e+01
6.264466703912665224e+01
6.463863891422047914e+01
6.437156961489067442e+01
6.139903926226735820e+01
6.175896185358043766e+01
6.387658975736113121e+01
6.350489977005388909e+01
6.040017486202419406e+01
6.093725753395344924e+01
6.331239732309435198e+01
6.190529569749016048e+01
6.153969363186886454e+01
6.210709696802067015e+01
6.414362836238942123e+01
6.162865929691775335e+01
6.455230391775295118e+01
6.667582090589951349e+01
6.005628940533903659e+01
6.340190441912517372e+01
6.574134455803000776e+01
6.259633551560013842e+01
6.334770148213323182e+01
6.613661990712314775e+01
6.275132826811808684e+01
6.458255803607404744e+01
6.028420741336552879e+01
6.335124720859283798e+01
6.417339322428445314e+01
6.082459956454293604e+01
6.067127280713601323e+01
6.348280547817862640e+01
6.318500689240413948e+01
6.084392613656679316e+01
6.385152469614450865e+01
6.336858614867636419e+01
6.167586600567810251e+01
6.224605288244709556e+01
6.388963271755381612e+01
6.510914228939677173e+01
6.018238486340251825e+01
6.149548778402274252e+01
6.281089895436247872e+01
6.355180969830331605e+01
5.890403203888843109e+01
6.036285366300577948e+01
6.140584395862210698e+01
6.262112209796656259e+01
6.345885154215712731e+01
6.461797641826755978e+01
5.915690891689099118e+01
6.077567821016091898e+01
6.195381971608191662e+01
6.239881493842732141e+01
6.287010872889970159e+01
5.816039677900881344e+01
5.931967321748793864e+01
6.096822021904048228e+01
6.084612626586397255e+01
6.295869813302376627e+01
6.246896078310802380e+01
6.323511629910370146e+01
6.536310558583846841e+01
6.391967184644019540e+01
6.039276951773383928e+01
6.031163611659406598e+01
6.297976358578474532e+01
6.144670297848450247e+01
6.345924821550614325e+01
5.825689267783774028e+01
6.087163709855430938e+01
6.034663959989376281e+01
6.257777037727257152e+01
6.473100883742876022e+01
6.216185609335666840e+01
6.176304096233695162e+01
5.963191134374717706e+01
6.242543477840289512e+01
6.391882227246551906e+01
5.729211086232562167e+01
6.032600799859022800e+01
6.259113416060017698e+01
5.930171533949867779e+01
6.021986298480938160e+01
6.275004659840548271e+01
6.101931335296307424e+01
6.055072439853923782e+01
6.349208244214555208e+01
5.998905194371130989e+01
6.253350520072691410e+01
5.473729956091121096e+01
5.883506185430216817e+01
6.064995749944301195e+01
6.052949452003650066e+01
5.730156916011499391e+01
5.956804873512524523e+01
6.053823298778169004e+01
5.748080797016795174e+01
5.916864699100040781e+01
6.049292408857107972e+01
6.195207148205263792e+01
6.252572857739701107e+01
6.376043053934596827e+01
5.795417626383014920e+01
5.991770769926072404e+01
6.073188154292467544e+01
6.182105728332503247e+01
5.740988761646001848e+01
5.854626980565429761e+01
5.986879428333842412e+01
6.036603567069367671e+01
5.759881426120416847e+01
5.865015275845904341e+01
6.013179713306364960e+01
6.023596244136020772e+01
5.567767055262182652e+01
5.637323996675795712e+01
5.822664585370976198e+01
5.795877901688863432e+01
6.008570776617987264e+01
5.942464141876727268e+01
6.165682067132143374e+01
5.679661261721108190e+01
5.973309551998175948e+01
5.863098965735509438e+01
6.103487145047174778e+01
5.531030877299637893e+01
5.839421242986529137e+01
5.873216579530838288e+01
5.848486442738789748e+01
6.110743916622737970e+01
6.134233443879021053e+01
5.662096462594444546e+01
6.079200572894517052e+01
6.256907021392712664e+01
5.893042563567703240e+01
5.971930850062904028e+01
6.247473248890816677e+01
5.930455566884499774e+01
6.009362516932869624e+01
5.706530666973217336e+01
5.980664941903869192e+01
5.872230496110068998e+01
5.769551872228311851e+01
6.082168372879876017e+01
6.201367867932006561e+01
5.669856450377356083e+01
5.929350451223626095e+01
6.133409854811610273e+01
6.022769955966735012e+01
5.693624692301415280e+01
5.882582675697698704e+01
6.024486022970373256e+01
6.089723773799892825e+01
5.648691474898200937e+01
5.818171957481940382e+01
5.881732724667480738e+01
6.012450952789484404e+01
5.555708188073705145e+01
5.808800934824981255e+01
5.924282641727361920e+01
5.935612146521986432e+01
6.069008583993833383e+01
6.169902081433967567e+01
5.830284600107889048e+01
6.062092434016616238e+01
6.128520946771625688e+01
6.106674108076393281e+01
5.913563595909107562e+01
6.152817520451223743e+01
6.169720635377937867e+01
6.027757328664579717e+01
6.273775792996124068e+01
6.251634738716124673e+01
6.137333614288340300e+01
6.077222780754732412e+01
6.324800925934805207e+01
6.223486194126862614e+01
5.871228752383630933e+01
5.861616132431009873e+01
6.122937596204929633e+01
6.007859979265805350e+01
6.100447811682673205e+01
6.212503156303753826e+01
6.160596897365116575e+01
6.309471581012731178e+01
5.709377104678839032e+01
6.079968236231087531e+01
6.152777202460205785e+01
5.970726165546207653e+01
6.285974475884641777e+01
6.494947088355154108e+01
5.764221073900072412e+01
6.185697649503351414e+01
6.422794098528487439e+01
6.075951254309644156e+01
6.092079161270141441e+01
6.391939471533055439e+01
6.235286412792166999e+01
6.467961732713560252e+01
5.706043599521849075e+01
6.113752608765670260e+01
6.336254558487641475e+01
5.869444252353280689e+01
6.065990582226121575e+01
6.291300015850374194e+01
6.210739182342214093e+01
5.855165573702624471e+01
6.070816217066301590e+01
6.252499407776749507e+01
6.185590449261876955e+01
5.825691951542531655e+01
6.003260606079964390e+01
6.075209548994648401e+01
6.214837777218210846e+01
6.369979016162962182e+01
6.430954374200301515e+01
6.058923236406803170e+01
6.257869418666858508e+01
6.325057108237598413e+01
6.473159072762045696e+01
5.936131105834540733e+01
6.116043327364344151e+01
6.170089870334813753e+01
6.251461810965964361e+01
6.141886239577008411e+01
6.325315962572561546e+01
6.301567194738500888e+01
6.244661728333242934e+01
6.259149373247858961e+01
6.458551753075026625e+01
6.395444313047055118e+01
5.937985161393439881e+01
6.180452274767435483e+01
6.090781024984735126e+01
6.309922372626164844e+01
6.085724581982298531e+01
6.359751973271440306e+01
6.301685352549938557e+01
6.061287595986132004e+01
6.180708077169307302e+01
6.417510135282520878e+01
6.181147872023377232e+01
6.475017565745342552e+01
6.638658052081700589e+01
6.004793999818904382e+01
6.349434293960047171e+01
6.588165725523863614e+01
6.276855323436745948e+01
6.311086781813086333e+01
6.039453660819195591e+01
6.338621214286589378e+01
6.472423475820845340e+01
5.911595560205589805e+01
6.250566937029491044e+01
6.461885026821575195e+01
5.977440358197151227e+01
6.348149261602104332e+01
6.547655855409952608e+01
6.015387296936947337e+01
6.404176601619812459e+01
6.586282613731711422e+01
6.157728977527712999e+01
6.441372839289874719e+01
6.001156179161331750e+01
6.216394687376837425e+01
6.234508831978187970e+01
6.350532506575817848e+01
6.482662672927791903e+01
6.564102495532011972e+01
6.081252028291255129e+01
6.247864557991658074e+01
6.333634480427731717e+01
6.438372124293391607e+01
6.031372244457851650e+01
6.184805655005288116e+01
6.292668186491147253e+01
6.348437334549758049e+01
5.996763216655805451e+01
6.196311277948942831e+01
6.229206465325464848e+01
6.361260326702532808e+01
6.436184638219691578e+01
6.529381121058304416e+01
5.958618387802535210e+01
6.166341369565139274e+01
6.147882697266739171e+01
6.366730243862467375e+01
6.232621389255891131e+01
6.504364231423200238e+01
6.371827645283293151e+01
6.029434523929457157e+01
6.022368657869544961e+01
6.288941611502914952e+01
6.140050287563352072e+01
6.352584077891835790e+01
5.811015137068210379e+01
6.110701536185862182e+01
6.065182670307660828e+01
6.271368171415817727e+01
6.489759875382937082e+01
6.233852309443781792e+01
6.205261181938388404e+01
5.989605187019611776e+01
6.268289697766222446e+01
6.408179870973606285e+01
5.747754923833869611e+01
6.049825590667532538e+01
6.276053855911811041e+01
5.949791575932785292e+01
6.041266066805123103e+01
6.293933345513720923e+01
6.112677764586894824e+01
6.076747027506185361e+01
6.368874502336680621e+01
6.012858799549876920e+01
6.265762310132184609e+01
5.489705258335748539e+01
5.897616828446189885e+01
6.078687002543927065e+01
6.090449839357619055e+01
6.232256487226977271e+01
6.397717880540578506e+01
5.710800084509779850e+01
6.010350900675756947e+01
6.130022330683308951e+01
6.223188646378016387e+01
5.801217951319119237e+01
5.931864071738198874e+01
6.072338687867926410e+01
6.137870315058275850e+01
5.776914120336686409e+01
5.928732132030902591e+01
6.014240721445650451e+01
6.106954203591114805e+01
6.240670906666129980e+01
6.285393007891279638e+01
5.819117452013885838e+01
5.911776092299176355e+01
6.059618559140592708e+01
6.085849907565819450e+01
5.967971152213986130e+01
5.916909448159843521e+01
6.120553832038040554e+01
6.083454219798492346e+01
5.730324908699716957e+01
5.766520985912022468e+01
5.983777479933552002e+01
5.903971312999954790e+01
6.027306930382049188e+01
5.947244582321965112e+01
6.192999716553166678e+01
5.863493062976292691e+01
6.123347592490146951e+01
6.288305266014993578e+01
5.665231833772406134e+01
6.006115782440567585e+01
6.236252699536853328e+01
6.006925409432215446e+01
6.127800935309214481e+01
6.379080073009897944e+01
6.075142796506140996e+01
6.041045753570505639e+01
5.803985987209407682e+01
6.090322531078923163e+01
6.213705554989692104e+01
5.671349105555474779e+01
6.029490228724903034e+01
6.230340320234580531e+01
5.581611339007845629e+01
6.065396554769276349e+01
6.274259622454456320e+01
5.827656501171458814e+01
6.124271000004664955e+01
6.331918240208013060e+01
6.040180588256961869e+01
5.929598102687760530e+01
6.061720874436922912e+01
6.240688944318462461e+01
6.329533534120576377e+01
5.817480399083639497e+01
5.916558698250828741e+01
6.073694432356603556e+01
6.209250487986577838e+01
5.635576532874679145e+01
5.934202261743327256e+01
5.990433981643324302e+01
6.128736613755437901e+01
5.582519452268270754e+01
5.733543947569200583e+01
5.855873101797762814e+01
5.973873834428064100e+01
6.068605168896323221e+01
6.206309668167452998e+01
6.209724977874959251e+01
5.634027377256038704e+01
5.865378661294786866e+01
5.899065037804309242e+01
6.078719543884271559e+01
6.089018354401883215e+01
6.300468695850295830e+01
6.171127368513147360e+01
5.750552950159661947e+01
5.807911951889172286e+01
6.049052970119208794e+01
5.962615467470049424e+01
6.225842596581542665e+01
6.148022364773327553e+01
6.205747667917106725e+01
6.043460567073452694e+01
6.338440230263886122e+01
6.244489409770913113e+01
6.037470787272056327e+01
6.349997200131742403e+01
6.084785257617817678e+01
6.411369230480774206e+01
5.747694161306568361e+01
6.130226188460559911e+01
6.375601357884332998e+01
6.044735833635484568e+01
6.009662734676295059e+01
6.338285880058182897e+01
5.991019764263339198e+01
6.297728245959925175e+01
6.523946345647927103e+01
6.099953300812261148e+01
6.408522537021998744e+01
6.623257163652905888e+01
6.202073345382824243e+01
6.501426066795447412e+01
5.718188182701616284e+01
6.161117011307770497e+01
6.361002202037010278e+01
5.935401350170118917e+01
6.275201522123528264e+01
6.437646456066759981e+01
6.471181036146121812e+01
6.029286465116823024e+01
6.205121078561421655e+01
6.285563041382846450e+01
6.421306491141794481e+01
5.905205618376545829e+01
6.087637208772334674e+01
6.198804947305825408e+01
6.345861277015276869e+01
6.451396623007335052e+01
6.541932496740074043e+01
6.165314579581210808e+01
6.395753811011179835e+01
6.454844865714369462e+01
6.601564559089517559e+01
6.022854715584998075e+01
6.213835711695077180e+01
6.251887165363158516e+01
6.439684107598071705e+01
6.226825331235716732e+01
6.493022122971972010e+01
6.474545338729019761e+01
6.235025134432292049e+01
6.305199327291959577e+01
6.536656527803094718e+01
6.438579585080418610e+01
6.057224265078362890e+01
6.077156072767121486e+01
6.349567476555509415e+01
6.217564374961867202e+01
6.497891010309734838e+01
6.698341947719333689e+01
6.243220496981452783e+01
6.567497432432651294e+01
6.801138887961744217e+01
6.469862357013475673e+01
6.343083055932934400e+01
6.639674563537882079e+01
6.332304490711318579e+01
6.666774048431511801e+01
6.002792315039813786e+01
6.373873551542320115e+01
6.623754064039384559e+01
6.248582782989286244e+01
6.230376919651991585e+01
6.546803658722527075e+01
6.260470722081271333e+01
6.540833727667565256e+01
6.771427591676892632e+01
6.246086485344066830e+01
6.651804399896801101e+01
5.987983684878837209e+01
6.327316829071734361e+01
6.529910302844835712e+01
5.994282542058025598e+01
6.386907760944733781e+01
6.540476772342113065e+01
6.368978631822042757e+01
6.131994486986535264e+01
6.371888261554095578e+01
6.494601464405442925e+01
6.302208806540254216e+01
6.464032895852139404e+01
6.581654486986414554e+01
6.627610077682712131e+01
6.125314531915069693e+01
6.261821625337483255e+01
6.412865845755415251e+01
6.481084098597536070e+01
6.556927245100551715e+01
6.696775443225008928e+01
6.151273732731316812e+01
6.288760329121995341e+01
6.498739986840429594e+01
6.509720290267581788e+01
6.597976830257320557e+01
6.588114017202994432e+01
6.839357344401268790e+01
6.275957575301178082e+01
6.447205039179968367e+01
6.622840518712895630e+01
6.539292444280997074e+01
6.197867768049259496e+01
6.214551261362936430e+01
6.528466065950253494e+01
6.379091617216104027e+01
6.558713950847791807e+01
6.572321363229502822e+01
6.803776314038904616e+01
6.176199885995831096e+01
6.448150638720537131e+01
6.689194669029727436e+01
6.430110388464230198e+01
6.419254779609013895e+01
6.737524066038807291e+01
6.438331282298122460e+01
6.688966451469298136e+01
6.050788882566349258e+01
6.415253207214084341e+01
6.665236768688419033e+01
6.282163690192950156e+01
6.580253616588717591e+01
6.624240812802267442e+01
6.295726167486096614e+01
6.286005793269135467e+01
6.609724439848558575e+01
6.411880612864513296e+01
6.560140382002818171e+01
6.844548014624781729e+01
6.375482300347613318e+01
6.563410911919413593e+01
6.123409419340231352e+01
6.331083543564362515e+01
6.420828479430160485e+01
6.562371819532553729e+01
5.855817651779504729e+01
6.226462724966020801e+01
6.399021640733824512e+01
6.502353787657312978e+01
6.705064358872969876e+01
6.542019682251277857e+01
6.589484855806496455e+01
6.755238740607043724e+01
6.879794828725968614e+01
6.193848342049227540e+01
6.479464609890648319e+01
6.646979189313628922e+01
6.734752290671634967e+01
6.199676242252379410e+01
6.355728725582122252e+01
6.538839602312454247e+01
6.590676518276090690e+01
6.390876379973796872e+01
6.674907029642230327e+01
6.689139209764147154e+01
6.416612200551209355e+01
6.456696602427599885e+01
6.726273841056266178e+01
6.658256124897927464e+01
6.277723661717561754e+01
6.359620007124254215e+01
6.650981431912353514e+01
6.538771836132580972e+01
6.332330452594137427e+01
6.384959560658714395e+01
6.697182546764089750e+01
6.514820380198557359e+01
6.842715381548983089e+01
6.985078429105610098e+01
6.163122401507119008e+01
6.624509493867806498e+01
6.924064111785133946e+01
6.650651275104441140e+01
6.658669968610109891e+01
7.026266506290184566e+01
6.686462615478190230e+01
6.854307381497966389e+01
6.470197982207371012e+01
6.826900796808119765e+01
6.722396480007417097e+01
6.415398123622816229e+01
6.769791589693635103e+01
6.907195469293230872e+01
6.534170915199959495e+01
6.574722533173819272e+01
6.936164101948139660e+01
6.710763654258894917e+01
6.822654819556642281e+01
7.152657212444880486e+01
6.680843714172610248e+01
6.908695607431617702e+01
6.391935840396794788e+01
6.621228177201113851e+01
6.782392181904846495e+01
6.919963069457877225e+01
6.416287779389304546e+01
6.616886072711599809e+01
6.791176511492349732e+01
6.924503637590048299e+01
7.095445201622847264e+01
7.226306109448705683e+01
6.488696032133644565e+01
6.854851392462556703e+01
7.049306563276918780e+01
7.114595402123596557e+01
6.531218474710348687e+01
6.858307718344232740e+01
6.941849712231302760e+01
7.160684783810094700e+01
6.485675465144301199e+01
6.805910127467568316e+01
6.846197510636386596e+01
7.122030375742323827e+01
7.168564013193442008e+01
7.451972551630289843e+01
6.780993319817666531e+01
7.112735262326476970e+01
7.311009312880210587e+01
7.164827435808436462e+01
6.862193933773639287e+01
6.959045565539628342e+01
7.304088626356185898e+01
7.127948174998579134e+01
6.954399814292285953e+01
6.975521878833228584e+01
7.341154069282826811e+01
7.090975383419794298e+01
7.473966667886449500e+01
7.667070835987586008e+01
6.842853349768641635e+01
7.354944115430754437e+01
7.666578766731967676e+01
7.311566716755693562e+01
7.305236463502748734e+01
7.708099406939359710e+01
7.272279650424842146e+01
7.579741129749497475e+01
7.118428905781036065e+01
7.504725702017009326e+01
7.463788110155076083e+01
7.117598990982207852e+01
7.453713711119686991e+01
7.688597830332057015e+01
6.972431701606620891e+01
7.514769671031058351e+01
7.754257260115196004e+01
7.336772598535070244e+01
7.741975617685727684e+01
7.952197872884102026e+01
7.245054757727838535e+01
7.690765818721152414e+01
6.955478136374853193e+01
7.322961370238682832e+01
7.565807315861081861e+01
7.672730686321784788e+01
7.802961132267942901e+01
8.023410119074335967e+01
7.461788156161296115e+01
7.709447158323284555e+01
7.894725313567739988e+01
7.963257635514845845e+01
7.354097967806467295e+01
7.593228541043787061e+01
7.865521695695481696e+01
7.896965812372494042e+01
7.332592970592530435e+01
7.566612634175393737e+01
7.838866959010786672e+01
7.862745425754320650e+01
7.291729780176278553e+01
7.511834490776081452e+01
7.804605414500989014e+01
7.775830334723055159e+01
8.096827060932855602e+01
8.027405972202961948e+01
7.690781399261155116e+01
7.713960570149554030e+01
8.051643188748919044e+01
7.968069766847546020e+01
7.709754598218727040e+01
7.802522902389590342e+01
8.151079634933539353e+01
7.905242256774425869e+01
7.760690894912107751e+01
7.787280611847575074e+01
8.174836191950208786e+01
7.844693033531827098e+01
8.265070892908943279e+01
8.307817408862020159e+01
7.949489057850955476e+01
7.949798699527909207e+01
8.305364935142057448e+01
7.875696361747452556e+01
8.176856315401394681e+01
8.505407876870428652e+01
7.958730309872078124e+01
8.338415992725472847e+01
7.690797956251842038e+01
8.088987920695942080e+01
8.361162653223942698e+01
7.704008505757515479e+01
8.115103638843469014e+01
8.370962136929551889e+01
7.940063942325890878e+01
8.351234568369990541e+01
8.569613458654791316e+01
7.974042559290388965e+01
8.323289797983220240e+01
8.476772007741237758e+01
8.671945535583395781e+01
8.025759707483385341e+01
8.363202385770259184e+01
8.551998802799664645e+01
8.171480004056861901e+01
8.503923243652764086e+01
7.894619114095765156e+01
8.195419817068932389e+01
8.299020677133258062e+01
8.447751700549932252e+01
8.538355846580577690e+01
8.722432481830986717e+01
8.064672530156693142e+01
8.329984882209106445e+01
8.619348541819753962e+01
8.582822283939330532e+01
8.072207215872353459e+01
8.246758825556071315e+01
8.615637265108115628e+01
8.516951675987905901e+01
8.047630690604596282e+01
8.180339717356228846e+01
8.576615122088099952e+01
8.438386546715736358e+01
8.846604205057897730e+01
8.429941776681540944e+01
8.781530738605076181e+01
8.054333259519182775e+01
8.553846680209443321e+01
8.418783352162557776e+01
8.720898304258767553e+01
9.022200072662998593e+01
8.582444615558334533e+01
8.777635504870482919e+01
8.470665365442792449e+01
8.861629206478619381e+01
8.694432647079236176e+01
8.417572045070193099e+01
8.835899761298456667e+01
8.893023860985023532e+01
8.520625133182682021e+01
8.654862788466853374e+01
9.018959673410719802e+01
8.591166177786578828e+01
8.792383824858542596e+01
9.156962979675621739e+01
8.661611157543502770e+01
8.855075008202767606e+01
8.398022515263936327e+01
8.788334884484197573e+01
8.904679102623501308e+01
8.406169361541282115e+01
8.742307500381465957e+01
9.000586133011648826e+01
8.516902720670572080e+01
8.956281836835508159e+01
9.171837723680187082e+01
8.672837353730052712e+01
8.978180639565437104e+01
9.197870362976699710e+01
8.959778806896687797e+01
9.198206770046687097e+01
8.523540079225502097e+01
8.868966626058613656e+01
9.077926228454589364e+01
8.482755538063473466e+01
8.789430020527217380e+01
9.115522991150744758e+01
9.162745044313848553e+01
8.594176837358064347e+01
8.935052875901605773e+01
9.176077308720324766e+01
9.086167338450557907e+01
8.551234300749537454e+01
8.795803818804503749e+01
9.213762994327815647e+01
9.027274546145123679e+01
9.471905532190690735e+01
9.150270613961725985e+01
9.096977333941056543e+01
9.052485758067189181e+01
9.514670315964771419e+01
9.033490338459104407e+01
9.472857005638594785e+01
9.417656675336282035e+01
9.321002932015183262e+01
9.151740996971510356e+01
9.024331295615387205e+01
8.903430251034282605e+01
9.369279138649021377e+01
9.110067250609590417e+01
9.540241035613671272e+01
9.654765033168784782e+01
9.325599494066271689e+01
9.256411633489199176e+01
9.335035475367132562e+01
9.710645954454473383e+01
9.188787607269097180e+01
9.616271428018093559e+01
9.852931609919225764e+01
9.363678615661451943e+01
9.538819542161721188e+01
9.838612391106087784e+01
9.365859816203830235e+01
9.653734926855563003e+01
9.972492208879862119e+01
9.287763019300945189e+01
9.786831180211882497e+01
9.187766431560233116e+01
9.607125327916010349e+01
9.804483229305068903e+01
9.262488504857556393e+01
9.594644562583641800e+01
9.891650807747086560e+01
9.382860673408774232e+01
9.722970646284755958e+01
9.971786362015832594e+01
9.722427702568569430e+01
9.969655125009890639e+01
1.032950639985158858e+02
9.638212350895753389e+01
9.976426428547566161e+01
9.292565098628199394e+01
9.676042268819017522e+01
1.001876838124707660e+02
9.947688093024680711e+01
9.370838828596316716e+01
9.735299696136507919e+01
9.986352576396615177e+01
9.598029130678774834e+01
9.938009518478403947e+01
9.972043874528330321e+01
1.035955363735843093e+02
9.423886180747116725e+01
1.012951083175830149e+02
1.004935040848852026e+02
1.004555639272602861e+02
1.017513753696416217e+02
1.048520139222612499e+02
9.802397455237309032e+01
1.031695003196679323e+02
1.036088450607589806e+02
1.046738954323688944e+02
9.982740641195441356e+01
1.054466213875372631e+02
1.035238351547659903e+02
1.032918768022027791e+02
1.014520558446385365e+02
1.066764371177036423e+02
1.006278472610766812e+02
1.066601266482737032e+02
1.104785208709556628e+02
1.026366303315742812e+02
1.075095090913635971e+02
1.020416277314266296e+02
1.070906153797005373e+02
1.075774724661413870e+02
1.033601449986119718e+02
1.072839814647401937e+02
1.101070120687731730e+02
1.025863627419167443e+02
1.076551627844036432e+02
1.112585482084973734e+02
1.044285447098529005e+02
1.095989213214313196e+02
1.129642625694690139e+02
1.063757725454347707e+02
1.108338835398888165e+02
1.038801862492570933e+02
1.089509051582389390e+02
1.118108412481032730e+02
1.057499474511317175e+02
1.098344302364597382e+02
1.125948569116885807e+02
1.061900614025969247e+02
1.105578778073773094e+02
1.149138940724799056e+02
1.080208152913065334e+02
1.125477309713118927e+02
1.158169937081869989e+02
1.094636809486898557e+02
1.152345270251606024e+02
1.075787105322536235e+02
1.133497980327617398e+02
1.145420261528802826e+02
1.092545781975395300e+02
1.120341988259203987e+02
1.170994874978380977e+02
1.133943436365358792e+02
1.146621894498837833e+02
1.176390800980020401e+02
1.132017723451221087e+02
1.187051044851601631e+02
1.107813027956718201e+02
1.168514834152570785e+02
1.156731946845673633e+02
1.150890240868030077e+02
1.185997016372802193e+02
1.170278246119913916e+02
1.166375007251911597e+02
1.153757597026839647e+02
1.213349767219445567e+02
1.144708595534824838e+02
1.205918204006588468e+02
1.245122852348121540e+02
1.171119642174545987e+02
1.223341676346687308e+02
1.154270495501946385e+02
1.214803522060950058e+02
1.199192461229971798e+02
1.213076251296327825e+02
1.219741260663825813e+02
1.256549216231052242e+02
1.185100860739290027e+02
1.247657052575145116e+02
1.257885967420411220e+02
1.217685783141806155e+02
1.248726269034886940e+02
1.275397446989154560e+02
1.214503752976098525e+02
1.269874406442985872e+02
1.197647541946410854e+02
1.252798402435353466e+02
1.270045818140853271e+02
1.206207310311642402e+02
1.258203969140859755e+02
1.296095511000825411e+02
1.225332943866872739e+02
1.286540107502873695e+02
1.312618962335644994e+02
1.248871451235133065e+02
1.295086635576483047e+02
1.243595262920618438e+02
1.280543787983660309e+02
1.333466520034021130e+02
1.236017770778263127e+02
1.320683131761132643e+02
1.328082162862501150e+02
1.273459989514754653e+02
1.304907185049168845e+02
1.359036492958916824e+02
1.273409663012221671e+02
1.347963279714003590e+02
1.353878655803568449e+02
1.327595032990146535e+02
1.342396675053245190e+02
1.307928836618740149e+02
1.327865731754548619e+02
1.387533909045830285e+02
1.298499358424261345e+02
1.379745215851055775e+02
1.371446726460941932e+02
1.358662669742903972e+02
1.359196162030816311e+02
1.422555119048503798e+02
1.333642668119991583e+02
1.415182584460519024e+02
1.428618519083095180e+02
1.391057621712560604e+02
1.388583498052634013e+02
1.391641148003434125e+02
1.427387727922651948e+02
1.412859933909873860e+02
1.422744859642671997e+02
1.463064752138621714e+02
1.426535775240086537e+02
1.449635829546163848e+02
1.418325904000480193e+02
1.477374522153845930e+02
1.413612669824569821e+02
1.475531462363834123e+02
1.526048285505251272e+02
