0.000000000000000000e+00
-2.594585445106392996e+00
-7.085693482268915488e+00
8.365791833959082879e+00
-1.775255284763696295e+01
1.098657477309464703e+01
-1.310439204754352893e+01
4.171342822635007330e+00
-1.020760995626308976e+01
3.284128207860023352e+00
-3.031627423171640690e+00
2.977922129127792417e+00
-2.526784495688787047e+00
2.659594505882753701e+00
-2.066465966189629189e+00
2.412626951881218673e+00
-1.638403229432996877e+00
2.359384613173577616e+00
-1.241669711879288762e+00
2.394791025366289183e+00
-8.696499379471614999e-01
2.456335667088838104e+00
-7.347822599986491010e-01
2.785359945732539977e+00
-5.021164530842275875e-01
3.078935326523096538e+00
-2.675101446423244211e-01
3.376648268317059554e+00
-5.526104214658410230e-02
3.691358181647330206e+00
1.949908781333611063e-01
4.021285113877262951e+00
4.585617270288286362e-01
4.365124687811402282e+00
7.448795856941161642e-01
4.720894389194613794e+00
1.046354163909372970e+00
5.087305734633064347e+00
1.364238401525951661e+00
5.462911664581633353e+00
1.695447217740654322e+00
5.846511444828930593e+00
2.039349307297454228e+00
6.236909089791725869e+00
9.251416799098064914e+00
1.078926609273394632e+01
7.755329789843025345e+00
1.154491011557069058e+01
8.054664760707947124e+00
1.204938961042815038e+01
8.621301817559599456e+00
1.250489258402476445e+01
9.093455140560713801e+00
1.294408280638586817e+01
9.540532302847998025e+00
1.337717908329312699e+01
9.989196942619887665e+00
1.380037160565931131e+01
1.042760806254031003e+01
1.421423672924418113e+01
1.085917575128055823e+01
1.461686450020949657e+01
1.128022247386160437e+01
1.500746145455855896e+01
1.169045046656241915e+01
1.538515489691714144e+01
1.208862201115846169e+01
1.574989421174120530e+01
1.247488115948921994e+01
1.610213822360466907e+01
1.284968996440194466e+01
1.644288190803987604e+01
1.321414298026347467e+01
1.677332673695594067e+01
1.356943822434646663e+01
1.709468481975242682e+01
2.114204460838092459e+01
2.019568150429339326e+01
2.269815887156180878e+01
1.903185612227919421e+01
2.374095426883048532e+01
1.946901890356904019e+01
2.408770401458236776e+01
1.980878308817106870e+01
2.444677063438514963e+01
2.014985123964414981e+01
2.477189152162293340e+01
2.046540993419830912e+01
2.508398561956454387e+01
2.076676095386661203e+01
2.537619971419208653e+01
2.105088591794271125e+01
2.501740133367171026e+01
2.136214229987436397e+01
2.534090027244603149e+01
2.166369530127471421e+01
2.562034822687375879e+01
2.193156896276774503e+01
2.602709301912339512e+01
2.886987364662647693e+01
3.056553538578658546e+01
2.885316688678336305e+01
3.237011699786538799e+01
2.826783496162125076e+01
3.208505903775243695e+01
2.834157510848720563e+01
3.282147624885052295e+01
2.851379109827744429e+01
3.233385052226161349e+01
2.867139836854049406e+01
3.246908878708247670e+01
2.884098374312101143e+01
3.254584438701840554e+01
2.897876620083997778e+01
3.262134711468025472e+01
2.862208269011392048e+01
3.346012389753605021e+01
3.486502690865907539e+01
3.892369314737592845e+01
3.469985362640574778e+01
3.895161254177693877e+01
3.224109884358237821e+01
3.900372478876973048e+01
3.251967130702175268e+01
3.905255678961284360e+01
3.273383689118969642e+01
3.938342172327040913e+01
3.247656803661816838e+01
3.921879438654488581e+01
3.499113294997957979e+01
3.896373277790290501e+01
3.534768181870622783e+01
3.850372166819594355e+01
4.143785208246442409e+01
4.229313829506436662e+01
4.093485455106667814e+01
4.231334438572195467e+01
4.094443472701625097e+01
4.237061306936328720e+01
4.075965762512695534e+01
4.226450269335039422e+01
4.049291574704591312e+01
4.207038868612708171e+01
4.021930456221040373e+01
4.172133902676416284e+01
4.043496074552007968e+01
4.156255097209999150e+01
4.595297105902578494e+01
4.787413449988608249e+01
4.317189730063982722e+01
4.938613990858178227e+01
4.188271539531927345e+01
4.978066777111543217e+01
4.119689979885122710e+01
4.919985961683934050e+01
4.260011544788931559e+01
4.623113877487402590e+01
4.187150771485248413e+01
4.844646169146282944e+01
4.164516640712181328e+01
4.749573284155135156e+01
4.890104945291400185e+01
5.253005395092917951e+01
4.549696711781167835e+01
5.262024230180092133e+01
4.456994362212950023e+01
5.158443615792973702e+01
4.426226726619439233e+01
5.127711665639682792e+01
4.457835622126972908e+01
5.144744258961078742e+01
4.388332951608316534e+01
5.007486973730186719e+01
5.122823098585764967e+01
5.392146063812504053e+01
4.825220660274164430e+01
5.407714253320018827e+01
4.762951534615562110e+01
5.361762651786376210e+01
4.753981800564962157e+01
5.370471508217389101e+01
4.663545701923258235e+01
5.284476508691230379e+01
4.643709231785172165e+01
5.240997449827541033e+01
5.559100831418717092e+01
5.134979437388251000e+01
5.602505272605158382e+01
4.965127055516963850e+01
5.550866979706889737e+01
4.876744973069423139e+01
5.456272295252355065e+01
4.894857653945459219e+01
5.413571841899992165e+01
4.762543440761637470e+01
5.330719207433753581e+01
5.704885076277308542e+01
5.312384547715639371e+01
5.711433725140054207e+01
5.089930665269963583e+01
5.638595498016449881e+01
5.012766381383675451e+01
5.549199539899232292e+01
5.027017140063927769e+01
5.497578122480381779e+01
4.853519471225968829e+01
5.389244659413316896e+01
5.744483264369028319e+01
5.302769296229507745e+01
5.762567729915514292e+01
5.132274548704154427e+01
5.648086391642902271e+01
5.029832123397328303e+01
5.544282998458876932e+01
5.029107657384784602e+01
5.480169660422889422e+01
4.790327922298251906e+01
5.362842931450565942e+01
5.700257238609792410e+01
5.184774363995440893e+01
5.728072227321738552e+01
5.153476924900481748e+01
5.619380171893808296e+01
5.068973010936024792e+01
5.515363628364375614e+01
4.884943652159495997e+01
5.396820845211878748e+01
5.701031735866705219e+01
5.457253708060863318e+01
5.732446402115525785e+01
5.169492140458328322e+01
5.707522304077112807e+01
5.078344568877400889e+01
5.551478246744646583e+01
4.923351680342002368e+01
5.405380014482623352e+01
5.674749038329009920e+01
5.586724152112710584e+01
5.482129114204651188e+01
5.704347640143161868e+01
5.331889287005456168e+01
5.521958093702570380e+01
5.170010491800445607e+01
5.362311332616419435e+01
5.037687095567395090e+01
5.199893634926412744e+01
5.509280663243598042e+01
5.633031867476042009e+01
5.284848276006267298e+01
5.483202033050552870e+01
5.147110203904651371e+01
5.357327489484463001e+01
5.008602452380182513e+01
5.206983963810422011e+01
4.849120736727142145e+01
5.152602754964208032e+01
5.281892884892160112e+01
5.477630464892322237e+01
5.071644044812562413e+01
5.353597058808657039e+01
4.908741233968410000e+01
5.187834161606724592e+01
4.747687093830812444e+01
5.003660233642069244e+01
5.244009029183756354e+01
5.411363520758710877e+01
5.128418843084479306e+01
5.376724312034850328e+01
4.812865959882608280e+01
5.176628721066043681e+01
4.669716172587908432e+01
4.976394920589753212e+01
5.155301773539151355e+01
5.338439819844063550e+01
4.860709352709746156e+01
5.144489353649992580e+01
4.671162190984371421e+01
4.973494916480505879e+01
4.558998166075068070e+01
4.818475864353655425e+01
5.030157163740499016e+01
5.165311833215545789e+01
4.932331487172949380e+01
5.099701661050232104e+01
4.563881136129413107e+01
4.855531667717070832e+01
4.538019843991862246e+01
4.713438211210772977e+01
4.961096405322687275e+01
5.034476250230349592e+01
4.852983736359243494e+01
4.942789648392338364e+01
4.587146464123003398e+01
4.723986773068136813e+01
4.486127059890546320e+01
4.594897404239364391e+01
4.899596696832074372e+01
4.887644574906589412e+01
4.680651636673228211e+01
4.715352485079090883e+01
4.595300223641134352e+01
4.616202365048641809e+01
4.355568880127107434e+01
4.395637124821597297e+01
4.748541701704570528e+01
4.669803697419612831e+01
4.603004041248012612e+01
4.571162756471272814e+01
4.400409528519521984e+01
4.371773543963762165e+01
4.338349227053677737e+01
4.286203516290542836e+01
4.661127332439667725e+01
4.593355273657441984e+01
4.426739985752818995e+01
4.346637431811987540e+01
4.464942637048766727e+01
4.294682251375431292e+01
4.139743337555228919e+01
4.052240735541166572e+01
4.450022325345710072e+01
4.485723738586916909e+01
4.176352464722994284e+01
4.100496803449185990e+01
4.297320554088309308e+01
3.975763074145186238e+01
4.066996623554297940e+01
4.369565478341860398e+01
4.252672629408495908e+01
4.261292259475420963e+01
4.076044044506529218e+01
4.135190697432606299e+01
3.938857276690602305e+01
3.886511409785781979e+01
4.222283407921884191e+01
4.055356727075130863e+01
4.336089499093132815e+01
3.745229833309429068e+01
4.177729028640927567e+01
3.526169808044888754e+01
3.971764180032590730e+01
3.411888603780100482e+01
3.828529357743138206e+01
4.106668275530046941e+01
3.714829132257548139e+01
4.095165084422980328e+01
3.349093367127731113e+01
3.891757773182716562e+01
4.168665656132094455e+01
3.726680999485394352e+01
4.131231082612154637e+01
3.361881825560746506e+01
3.912125628482227313e+01
3.188959304408367856e+01
3.717865684099631807e+01
3.960716397054481774e+01
3.894892999425471203e+01
3.645122823270710910e+01
3.930457869538195581e+01
3.214503510720201973e+01
3.682405742062707077e+01
3.005900590517227400e+01
3.474945196980462470e+01
3.724015259286944968e+01
3.713291273401412695e+01
3.494185952160507469e+01
3.708300845315203986e+01
3.150211899804900284e+01
3.565538638743791466e+01
3.607778361856870930e+01
3.870423805855182309e+01
3.293937133950278451e+01
3.626367356869832292e+01
3.070869302580834059e+01
3.401478816954941209e+01
2.895899137771723986e+01
3.224106462124524342e+01
3.364986258714945677e+01
3.543479827802666193e+01
3.215529148599943454e+01
3.468421924586934324e+01
2.987167075205651656e+01
3.219107677123908218e+01
3.357222853722296918e+01
3.534978615243799283e+01
3.239237902179920070e+01
3.468266887449309621e+01
3.001788318746628548e+01
3.218431471748178296e+01
3.406271268895323345e+01
3.531323535287036464e+01
3.279682943547498297e+01
3.461385661853729090e+01
3.023235252473792656e+01
3.208801175637191960e+01
2.805398296563915395e+01
3.010543556115223396e+01
3.237400146760218433e+01
3.311149025791160483e+01
3.229907822963593844e+01
3.291794242371832269e+01
2.893908135190769926e+01
3.050864193161711668e+01
3.334596932018809667e+01
3.333127499185380316e+01
3.182773591330338192e+01
3.225015270148611535e+01
2.964733114340626940e+01
3.022589405949052122e+01
3.342775390569673988e+01
3.339550041678352699e+01
3.081063771523719907e+01
3.123586257398001109e+01
3.227919225094931477e+01
2.835938331813861524e+01
3.261959181087568993e+01
3.297055608871884402e+01
3.300637156481537460e+01
3.250160081536855472e+01
3.059430946644263827e+01
3.023387818409856465e+01
3.400582402251237113e+01
3.415638318527498285e+01
3.313843105027282121e+01
3.239799027069605586e+01
3.114544907056179213e+01
3.037377551240408735e+01
3.331710150442129503e+01
3.623828230201749534e+01
3.118429942330029903e+01
3.435058219016146097e+01
3.013636126445400976e+01
3.315939039846711722e+01
3.612656124515405764e+01
3.364450600100072819e+01
3.386647722574016939e+01
3.231367010865602651e+01
3.276883678678630218e+01
3.110350048413507196e+01
3.046553117780140596e+01
3.394493275738745552e+01
3.303512787170202358e+01
3.581993238189576090e+01
3.065232701585274100e+01
3.445070474083411227e+01
3.730054540828496812e+01
3.138884728285377790e+01
3.660534534160674269e+01
3.081603948256073267e+01
3.508212122300601266e+01
2.901843177960998688e+01
3.294567172324688187e+01
3.572021562092882618e+01
3.497890401702431973e+01
3.362735777675328563e+01
3.436779051314760380e+01
3.129902495588191513e+01
3.480744364433164151e+01
3.497341763505515644e+01
3.732116128359118790e+01
3.313579509438956450e+01
3.583451669021014396e+01
2.906192020808469323e+01
3.370056627762790669e+01
3.619950242661126083e+01
3.690755447102863940e+01
3.331023727165887038e+01
3.547643065221595293e+01
3.162462295799189960e+01
3.406990608008397459e+01
3.585498471530524256e+01
3.745395277641870280e+01
3.406740746836162970e+01
3.626194191636014352e+01
3.204135962320846431e+01
3.513753016436038479e+01
3.687995210483897779e+01
3.810486676110309645e+01
3.521075957268499934e+01
3.760263463410172591e+01
3.253886872896777760e+01
3.563593967391645378e+01
3.751559186675117985e+01
3.955441226558636458e+01
3.395084125904739381e+01
3.716058427743942616e+01
3.888506642692407667e+01
4.103568159244653657e+01
3.979169187478781566e+01
3.865879840947658863e+01
3.931360890245223061e+01
3.472667269699708470e+01
3.736795218371378269e+01
3.974914775454546145e+01
4.070135508053154183e+01
3.779053943670294302e+01
3.925427512395286556e+01
4.199060357699216439e+01
4.248074471411121067e+01
4.081231649529033234e+01
4.159098447269330734e+01
3.840765934866999487e+01
3.987369940702983939e+01
4.297106064560414751e+01
4.353123744296686226e+01
4.082707690079852370e+01
4.134089958014975252e+01
4.208983314832107681e+01
3.878908824983489723e+01
4.271072187991670432e+01
4.409973198941069938e+01
4.195894807615911759e+01
4.244939410462075813e+01
4.050874125931851921e+01
4.448626532555969249e+01
4.332196960345582681e+01
4.702517003839871990e+01
4.083119711671992746e+01
4.527172035339607703e+01
4.815294858334122097e+01
4.591578395625207065e+01
4.619657317082192804e+01
4.505266130205514941e+01
4.399879027052684677e+01
4.303554732098432112e+01
4.702626711798972536e+01
4.901378284038192845e+01
4.324093594251541361e+01
4.806747720459921425e+01
4.101078469195795151e+01
4.605013663452148620e+01
4.934513598231844611e+01
4.563961302712400681e+01
4.723696295567796710e+01
4.614747597488840114e+01
4.579622068933674939e+01
4.896292272811793111e+01
4.979428936124668326e+01
4.725528806721362685e+01
4.856838697201008870e+01
4.590835326500002367e+01
4.910754052367028066e+01
5.027451400063531395e+01
5.087156756531403090e+01
4.486527905581755249e+01
4.978798432943104046e+01
4.514802658074778208e+01
4.868421890074714042e+01
5.088845646348345042e+01
4.933334249268605731e+01
5.058344005666697285e+01
4.721427517783234151e+01
5.009680316108709519e+01
5.097181822545206131e+01
5.268765330583897111e+01
4.755103359265471852e+01
5.145128145964516619e+01
5.245010668919399421e+01
5.484814859325202008e+01
5.003796353664674967e+01
5.284612971703000284e+01
4.607268014310002258e+01
5.085937966200778249e+01
5.287176046676997032e+01
5.423179392549299394e+01
5.071464923424788651e+01
5.326441971704733902e+01
4.824281077169596443e+01
5.105562349842482917e+01
5.290831226444231561e+01
5.446150904479605970e+01
5.056909447348153464e+01
5.359958047836640560e+01
5.560529490436733369e+01
5.703852303996787043e+01
5.196405877013089736e+01
5.473362508833475459e+01
4.931074064201884255e+01
5.237474450599966502e+01
5.459621495285459503e+01
5.554556632459451748e+01
5.385358433907362752e+01
5.527877901462785815e+01
5.809052917636483926e+01
5.825031700008854330e+01
5.424789517809358586e+01
5.599565823276908105e+01
5.353560579647254514e+01
5.556668350076463980e+01
5.617226810728232778e+01
5.921858093573391102e+01
5.473840846456598541e+01
5.795725471307022048e+01
6.052360006718164698e+01
5.835365162225378555e+01
5.880980966197422788e+01
5.808867988692896489e+01
5.527488109037325614e+01
5.791417574724771811e+01
5.939200839139790844e+01
5.852770847484431727e+01
5.667750849035640215e+01
5.626282439705676808e+01
5.962354756152964086e+01
6.277290183337637330e+01
5.605076394885809776e+01
6.053961557700302620e+01
5.622902126951809976e+01
6.031136251974238149e+01
6.320095168164864674e+01
5.556842463509410379e+01
6.113945287935943895e+01
5.593253228246411624e+01
6.034804493360314126e+01
6.318395107150717394e+01
5.611363977433441619e+01
6.142699760047885604e+01
5.437121240257032184e+01
5.965638641620485316e+01
6.246982762483786189e+01
5.848471394140577218e+01
6.212425512619918067e+01
5.411438855066535325e+01
5.965004172169858521e+01
6.136327308842337658e+01
6.408892633380925474e+01
5.606564736109563540e+01
6.082362406583749248e+01
6.333295437480644097e+01
6.396107343552453273e+01
5.989776281610681252e+01
6.156960405686908189e+01
5.781734470219075206e+01
6.032629208928611320e+01
6.122719481846348799e+01
6.333367899364733233e+01
5.759811709650127654e+01
6.103501364205813928e+01
6.233971018940066955e+01
6.444413949640679107e+01
5.780240053172099834e+01
6.195048796589865958e+01
5.600041725915421154e+01
5.960396812917425535e+01
6.070491194457201090e+01
6.277957711027435295e+01
5.675026839325978045e+01
6.010938500132571960e+01
6.144155023152109152e+01
6.305685211677517543e+01
5.824080900854104215e+01
6.136368156032292376e+01
5.639362746244727731e+01
5.872269258217674093e+01
6.034961007213945550e+01
6.153031502373318773e+01
5.896427323159986855e+01
6.047229981813770650e+01
6.241044598406711685e+01
6.299166851914915100e+01
5.837182008195190264e+01
6.033347726680126044e+01
6.275479075636427240e+01
6.290375585168620631e+01
6.361000253062666587e+01
5.927517223399841839e+01
6.159887503408032217e+01
6.341556736446004550e+01
6.259685740413388544e+01
5.918324312033555401e+01
5.986296807073474469e+01
5.896840972486005228e+01
5.902042050436236309e+01
6.179891630700883098e+01
6.088571439969590671e+01
5.830359976380164966e+01
5.981442224076760539e+01
6.268025560727117806e+01
6.101380234638016020e+01
6.170948986817460735e+01
6.007124078876901052e+01
6.337321784152362625e+01
6.317304027887235662e+01
5.769947991976285095e+01
5.959869619102553173e+01
5.956489746716288636e+01
6.289697194377551881e+01
6.019706406626150397e+01
6.073443160582053224e+01
5.842455680048172439e+01
5.796331154250649575e+01
6.147709529125034322e+01
5.840511348418562676e+01
6.182590875490534188e+01
5.555493915654116677e+01
5.900098841523961113e+01
6.154096588589039385e+01
5.868155773164821909e+01
5.915948887527561340e+01
5.610814063286370867e+01
5.949251705352600794e+01
6.024431348071254178e+01
6.059945789989826892e+01
5.446253092506310622e+01
5.773805483120652582e+01
5.993707190951048602e+01
6.202362678139882490e+01
5.593892163266928463e+01
5.873840712045177526e+01
5.370140020881243004e+01
5.641838730976313343e+01
5.783116573656651127e+01
5.908699654685105429e+01
5.255880841445498675e+01
5.610850631112207765e+01
5.765969943842580392e+01
5.859440164175033061e+01
5.443480498240381138e+01
5.663647712712491256e+01
5.795976313987729611e+01
5.887881328207435416e+01
5.530215771689699977e+01
5.744853022529062514e+01
5.827368596786831745e+01
5.988886992916558683e+01
5.461561039513415494e+01
5.642883824870903453e+01
5.281071254615456212e+01
5.511673371870949723e+01
5.577428183826744856e+01
5.688976924962474158e+01
5.210248139913257148e+01
5.425620831343979944e+01
5.487160030153501822e+01
5.704983207205184215e+01
5.422641933385987301e+01
5.538399943691343452e+01
5.632547948476321409e+01
5.701928431614523873e+01
5.189012250406377547e+01
5.313736948341357902e+01
5.149232686772044332e+01
5.197538308337217217e+01
5.435415791811067265e+01
5.363107858861646093e+01
5.141819822437078358e+01
5.230017140032455103e+01
5.476939534523539521e+01
5.351632868660284004e+01
5.306270169118524649e+01
5.196527176440690710e+01
5.473841160028507602e+01
5.451471284893526104e+01
5.039570792008059641e+01
5.021220036031005662e+01
5.322155640541343757e+01
5.555248472110034896e+01
5.058881296439745512e+01
5.386775634076192176e+01
4.671670021531971173e+01
5.062500115849819338e+01
5.308548100506580880e+01
5.039902779933095900e+01
5.140611523446391828e+01
4.791851282541092871e+01
5.099070273289385113e+01
5.249318917113043881e+01
4.659289386626790019e+01
5.079859176136865528e+01
5.301914530328397035e+01
4.968898912647632216e+01
5.183551017615452849e+01
4.824571858939282976e+01
4.843901392276662676e+01
5.071132780937008278e+01
5.241454780396772151e+01
4.457028235636265379e+01
4.902489403220285169e+01
5.110066797941430394e+01
5.246142086926352022e+01
4.687316336781145054e+01
4.918697610905882556e+01
4.243954567608354722e+01
4.672109510222203710e+01
4.798434266461286768e+01
4.914091906682044453e+01
4.463228558827618286e+01
4.590719721416046895e+01
4.759525208237305094e+01
4.837886102722136883e+01
4.577608708518668124e+01
4.786407929040890963e+01
4.872476299286645229e+01
4.977266041214029002e+01
4.501536315983041447e+01
4.676552787780748588e+01
4.812669065643085986e+01
4.898769807589970071e+01
4.735190898003461513e+01
4.556759922156319931e+01
4.708217013625659320e+01
4.872504078224465474e+01
4.854362048271588748e+01
4.388155066997421727e+01
4.532246685201346281e+01
4.708899295905097659e+01
4.748602365182259177e+01
4.674462877747271961e+01
4.533789585408770506e+01
4.768521612506342677e+01
4.760914052472221414e+01
4.652076002161729917e+01
4.654920937160471794e+01
4.896930903120235712e+01
4.839138681337065861e+01
4.512542593772939625e+01
4.531332395956054171e+01
4.491172973146274217e+01
4.493498181887490261e+01
4.777593085532038231e+01
4.619667904277708459e+01
4.370022973173478675e+01
4.694489662229221949e+01
4.513144492376365946e+01
4.833100756494053485e+01
4.188161468700760537e+01
4.648456588737523276e+01
4.882236414898369503e+01
4.618468550498104719e+01
4.565912735290849156e+01
4.404193247928751731e+01
4.726517165117294894e+01
4.893147321851638054e+01
4.335659650688996436e+01
4.680021810171081853e+01
4.943944321895990868e+01
4.489959915010846458e+01
4.851795285509886924e+01
4.203720302412060050e+01
4.565837265563118308e+01
4.809658279666933822e+01
4.600827146084430552e+01
4.742812501513775203e+01
4.336952324903078448e+01
4.631578804179096664e+01
4.682871254078455792e+01
4.750946598691709966e+01
4.250038595187088220e+01
4.524706682826258231e+01
4.747748063464096901e+01
4.857365443494551016e+01
4.410568577290650438e+01
4.487589566154797893e+01
4.738577895229582992e+01
4.908313670894684577e+01
4.181856512474842447e+01
4.611737812662968139e+01
4.771992043209171186e+01
4.853858917639247039e+01
4.544955760781308385e+01
4.764445744176975950e+01
4.896666766084815237e+01
5.004704622412922532e+01
4.534224002596913294e+01
4.778309853850583266e+01
4.858763544475483798e+01
4.995415240993708750e+01
4.837597743051569665e+01
4.771415124691412757e+01
4.414044522847700591e+01
4.661689841803801215e+01
4.774619423378705108e+01
4.918565941226482607e+01
4.396434367525355214e+01
4.689497642996754934e+01
4.761217112372968074e+01
4.958359674448616516e+01
4.641633969529598858e+01
4.914435840651445631e+01
4.921247161894435607e+01
5.106924643575873546e+01
4.567601455667317367e+01
4.909381528857248611e+01
4.874902062269842418e+01
5.147932556947012728e+01
4.720240534774386987e+01
5.023615489887018271e+01
5.107169179873246634e+01
5.137490865094675030e+01
4.498461605847516864e+01
4.983131862215687846e+01
5.245958789115795184e+01
5.049646875273958102e+01
5.104246943720723806e+01
4.931128149216105783e+01
5.274678912237311579e+01
5.253999793874814372e+01
5.016603606070023602e+01
5.038318511218957951e+01
5.381175513137075228e+01
5.101932168015537883e+01
5.252744569028131849e+01
4.902498615998467102e+01
4.998325808611166110e+01
5.342742819907859086e+01
5.027027481582712909e+01
5.121612433314026447e+01
4.875032103221702329e+01
5.229932618454620297e+01
5.092734481702517968e+01
5.235047924557020593e+01
4.646655158856864887e+01
5.014882262185152939e+01
5.253410012596998513e+01
5.439805118477549684e+01
4.864354537424856773e+01
5.197227184579938353e+01
5.416237716149920089e+01
5.132509990103902453e+01
5.382785176764263468e+01
5.562109837952832692e+01
5.601509208512345594e+01
5.200721971359524787e+01
5.414426916494972630e+01
5.547027577321691894e+01
5.639028142761002727e+01
5.187294842346457813e+01
5.437864865999758734e+01
4.919240203875078521e+01
5.063493725113599453e+01
5.278242566910949307e+01
5.359859024150597406e+01
5.273264655085767316e+01
5.469468825346427820e+01
5.596112573268003132e+01
5.152499709949735518e+01
5.342849131534751450e+01
5.498851783551013739e+01
5.593957532266300348e+01
5.438027834482526401e+01
5.430296969506558469e+01
5.652618582072005182e+01
5.692290728779606468e+01
5.367039663043245667e+01
5.472982831953046912e+01
5.690821976904385338e+01
5.688945154470715693e+01
5.324419194894240803e+01
5.424000887691781969e+01
5.666853609355400323e+01
5.628043914910032441e+01
5.719390355733499831e+01
5.555039961825578843e+01
5.175770814614443083e+01
5.284811434821470044e+01
5.564851141436621873e+01
5.444095758470967894e+01
5.449560297962013777e+01
5.610690623558887324e+01
5.544958042993123115e+01
5.740049183896592666e+01
5.395094182806843719e+01
5.754059890558000490e+01
5.822902162073859245e+01
5.288731674552363415e+01
5.699092647701054659e+01
5.959805624608974739e+01
5.662536746758053141e+01
5.632687017303285870e+01
5.405837508135697078e+01
5.739141064930567637e+01
5.953983038427395513e+01
5.310684242184463955e+01
5.683114781328885812e+01
5.928089813114125661e+01
5.795203263760463130e+01
5.763369872374070724e+01
5.452500827511942560e+01
5.579604848538799899e+01
5.891261477183192596e+01
5.468413096956655295e+01
5.714290657488423619e+01
5.084342935549185682e+01
5.378780978301706739e+01
5.588100258762322881e+01
5.732501240804803189e+01
5.275066044922061792e+01
5.522260724204568305e+01
5.578963541405615700e+01
5.765751723421523423e+01
5.115880759798312027e+01
5.472279741277411347e+01
5.623166466855379042e+01
5.708157668112269079e+01
5.305008161872474659e+01
5.492016491358067753e+01
5.628677760442096911e+01
5.743433838620345000e+01
5.202772409211011251e+01
5.461701603631610169e+01
5.600625986708313775e+01
5.688865191869854243e+01
5.409926431303877337e+01
5.538186618425407914e+01
5.686253186796388803e+01
5.751170893180112387e+01
5.314561388678865228e+01
5.580213793562521118e+01
5.605088127785450069e+01
5.781764123210047046e+01
5.503973183199658337e+01
5.756259986243778570e+01
5.726255157151008746e+01
5.812325669606789802e+01
5.529675608215257654e+01
5.838945496755619047e+01
5.755565287109407535e+01
5.748814895932331837e+01
5.658935570300590001e+01
5.924442386088891510e+01
5.826950933759349738e+01
5.557338858564435213e+01
5.498540826988075025e+01
5.772740229376007903e+01
5.856980338180480317e+01
5.642266376206296030e+01
5.703945246333291408e+01
5.984514066138704180e+01
5.747561158805449821e+01
5.752997169046976467e+01
5.554676472729696712e+01
5.385916055347365727e+01
5.723710007406848632e+01
5.442807017249656809e+01
5.760971081293720886e+01
6.004233072978099983e+01
5.683753068303565215e+01
5.697698447580111036e+01
5.414354840185954743e+01
5.384926381518188521e+01
5.703089668266972012e+01
5.469275550850763068e+01
5.751580631148677725e+01
5.985125970513539073e+01
5.543812497466080202e+01
5.845771833711163623e+01
5.241539590150163974e+01
5.604931402305338395e+01
5.692753538097327493e+01
5.860566878776481303e+01
5.313094224266229304e+01
5.581084568851772332e+01
5.697484920387567087e+01
5.769234961993837629e+01
5.316454682925147779e+01
5.472756648449720274e+01
5.637482029237900605e+01
5.747078633635982925e+01
5.295915678150023354e+01
5.426430772771522726e+01
5.563460004663967595e+01
5.679938329191034541e+01
5.470786304013049062e+01
5.492460538311629392e+01
5.630355035833289179e+01
5.715861378473677235e+01
5.322465078353505419e+01
5.451475610256570548e+01
5.606550819266789887e+01
5.692651218372473920e+01
5.217113440367774757e+01
5.354414185601579845e+01
5.517102301866204783e+01
5.559643916814721365e+01
5.565713079920275419e+01
5.044042798724264998e+01
5.366411251543406991e+01
5.374702038775183865e+01
5.593459966300684982e+01
5.302016110183603104e+01
5.561642458777058806e+01
5.503854459073798466e+01
5.627263691922188116e+01
5.199274753266603710e+01
5.515605591023030030e+01
5.478236941192216847e+01
5.640098729368856567e+01
5.262107142340548194e+01
5.565439998293425816e+01
5.613349436175012386e+01
5.276069021118048852e+01
5.748238532579457427e+01
5.755960082701620451e+01
5.577579658963113474e+01
5.452711312473420691e+01
5.291653088668758897e+01
5.648848250330486565e+01
5.374648329048705619e+01
5.692258854258356848e+01
5.936659933756079965e+01
5.585464507539609968e+01
5.684984345952928209e+01
5.404656396036397581e+01
5.312949235703545980e+01
5.664605465248403249e+01
5.390844320675491730e+01
5.683896995593336499e+01
5.914583583231083708e+01
5.579258597073211234e+01
5.785196781580136616e+01
5.412622636251853692e+01
5.629482512981561371e+01
5.664758351545486192e+01
5.684924899084166583e+01
5.331257981884763097e+01
5.570985406463215384e+01
5.736011343948396757e+01
5.764743977923325247e+01
5.314131482940307194e+01
5.535316443367718620e+01
5.612416168748458745e+01
5.762866234446748592e+01
5.168209930259819629e+01
5.479044824278119563e+01
5.599106193221225425e+01
5.713904445096763851e+01
5.390158387187337752e+01
5.590194865173540251e+01
5.700499723083132864e+01
5.779577848074782764e+01
5.305557162036752317e+01
5.452591955062158036e+01
5.618120903964990021e+01
5.684059402755325863e+01
5.481931898736238651e+01
5.688030630763613971e+01
5.800716580060105088e+01
5.746084977392357018e+01
5.326702313761894203e+01
5.652988482447533869e+01
5.647357911620813553e+01
5.875366843072701073e+01
5.387098308982812966e+01
5.706811267811718835e+01
5.645311496405619778e+01
5.907439667135098915e+01
5.359698300469381849e+01
5.703560464807728891e+01
5.601932700263999720e+01
5.887279876884201713e+01
5.349615913347901142e+01
5.704199706145050186e+01
5.814536188260397154e+01
5.667683985186641138e+01
5.988805070411390830e+01
6.215256075195691210e+01
5.464784135762105421e+01
5.911892133172174368e+01
5.488383274410174550e+01
5.844806466684939750e+01
6.050812430162249456e+01
5.320194563562553469e+01
5.773374440812111175e+01
6.026168317481150893e+01
5.707486513477871171e+01
5.736132562688103320e+01
6.056089687407116173e+01
5.973067183424090132e+01
6.008852936348054641e+01
5.675118636789322579e+01
5.990420823229772651e+01
5.884210938280430980e+01
5.920658960360297840e+01
5.489072532628418344e+01
5.806047096081679371e+01
5.990279679178468797e+01
6.013251858145486750e+01
5.615951778424597762e+01
5.833244094272268399e+01
5.913368152566061298e+01
6.057688622968200320e+01
5.380149544967236608e+01
5.735574465210893180e+01
5.887293923388923389e+01
5.979571743323061384e+01
5.520048130155716137e+01
5.716120593783704606e+01
5.866752679790376845e+01
5.955302334328238345e+01
5.538948461769553688e+01
5.763405312629829780e+01
5.926804753527886760e+01
5.956249692410660401e+01
5.563763608723362353e+01
5.687131174588962779e+01
5.838353309287986548e+01
5.911372054527774367e+01
6.088602222144123033e+01
6.128117002406509783e+01
6.125484342597799525e+01
5.675467690067522142e+01
5.936971108990346835e+01
5.958143729140589784e+01
6.171860919874263374e+01
5.773201521881786391e+01
6.011713303124949448e+01
5.955416491959900327e+01
6.172872934712534487e+01
5.779501879981053492e+01
6.033665785433749562e+01
5.985391329976108921e+01
6.214434379944956532e+01
5.612549765026506776e+01
5.934420560602348615e+01
5.947441641978647198e+01
6.121966070508585744e+01
5.467009509504596565e+01
5.801044624745660627e+01
6.069627705096073100e+01
5.813760250291986864e+01
6.003677838016631796e+01
6.287102871331587295e+01
5.976926643478996226e+01
5.930887331961380937e+01
5.687566485943704464e+01
6.003545653548620464e+01
6.219555830073593938e+01
5.600106618509104806e+01
5.910367148457279995e+01
6.141885524167526000e+01
5.917887924612868034e+01
5.918309389389155939e+01
6.223697748126751605e+01
5.887213723330333437e+01
6.186915582432386174e+01
5.525211822707527176e+01
5.863904701037475320e+01
5.981646166356769356e+01
6.147629373699479061e+01
5.545417130522515237e+01
5.822434279596374296e+01
5.995761367555219579e+01
6.067094869654068390e+01
5.616867495200629179e+01
5.791945802945519972e+01
5.882221326618807922e+01
6.023703218183550234e+01
5.454311211031472340e+01
5.703183606004652972e+01
5.823215386630526780e+01
5.915867457361510873e+01
5.576806074148124281e+01
5.761189594111006329e+01
5.901685812500387840e+01
5.892570610010504595e+01
6.058457094710985302e+01
6.102798527857503075e+01
5.893359866512744105e+01
5.949010898705764561e+01
6.152678060359974666e+01
6.134905792607627006e+01
5.679361307154852767e+01
5.783061383894490604e+01
5.999133519968804507e+01
5.958702763187482532e+01
5.992560445114800416e+01
5.568870266570856842e+01
5.833693970496477021e+01
5.751240575433093483e+01
5.998243338640885725e+01
5.456237810335942839e+01
5.709411139070763852e+01
5.675938276011509487e+01
5.907856428145446870e+01
5.586594191334888393e+01
5.850417311724146430e+01
5.872889085279871324e+01
5.553632183371711051e+01
5.991212921368985178e+01
5.910421924614562528e+01
6.016474667615123195e+01
5.590468528838782447e+01
5.876390331990191385e+01
6.083555349205550300e+01
5.573072698676919146e+01
5.878932574935925004e+01
6.106406399547837793e+01
5.681413610260097613e+01
5.910869559388018502e+01
5.226185050630750339e+01
5.596153302531315177e+01
5.828084770825095973e+01
5.493419076595168349e+01
5.574096063822549496e+01
5.850644144018665571e+01
5.773719474178373900e+01
5.632998526971808673e+01
5.358848143067066161e+01
5.653483378587765174e+01
5.571384430708543078e+01
5.704704590187030533e+01
5.873874074627712361e+01
6.002543965602028209e+01
5.330896298550764811e+01
5.675751880679643335e+01
5.806313637326127974e+01
5.895723961269197133e+01
5.432277882040217065e+01
5.598011678130465896e+01
5.737227018095596520e+01
5.784708635343162797e+01
5.505188202429592081e+01
5.642780475687030872e+01
5.762510496110846958e+01
5.807634485438252625e+01
5.186674517465317535e+01
5.451272930510749859e+01
5.566316567429699802e+01
5.628201883681090578e+01
5.637455769858841137e+01
5.808919780067380856e+01
5.825882010864516047e+01
5.381217774603741333e+01
5.461859822539065590e+01
5.657835326810296550e+01
5.638169460910511077e+01
5.773147547812599356e+01
5.209211598624594330e+01
5.491415378929001889e+01
5.433246717813980098e+01
5.670321663226142306e+01
5.406239014664212306e+01
5.668231266961547732e+01
5.570915577865859802e+01
5.499102346344110259e+01
5.741507526743913559e+01
5.540600767182309738e+01
5.826716041154581660e+01
5.129462490713051182e+01
5.533558475753887507e+01
5.758964739314269821e+01
5.507310607642328648e+01
5.587037961076210024e+01
5.868256626411166366e+01
5.580897408542217164e+01
5.681986213667117624e+01
5.386667369112090142e+01
5.681038633713149721e+01
5.642087175741826854e+01
5.381822725568000720e+01
5.383267633972349842e+01
5.700681435891927151e+01
5.498759399588654162e+01
5.573404382185825767e+01
5.873641700002662702e+01
5.534907900316957807e+01
5.758332933972037893e+01
5.166995753078042952e+01
5.474551113872143304e+01
5.671513767495015657e+01
5.589209307943269067e+01
5.242753641305723278e+01
5.462844692189331397e+01
5.523959035886761626e+01
5.688738770595016092e+01
5.050723288842846870e+01
5.415011430237134959e+01
5.511761820280593582e+01
5.655612927200518669e+01
5.139428614719700050e+01
5.386937718789028651e+01
5.508080757512773573e+01
5.642005660060746663e+01
5.771237242595101691e+01
5.889023475391146434e+01
5.491472777560485952e+01
5.651276849023721383e+01
5.815266284633327132e+01
5.868740486103617826e+01
5.441965916931133052e+01
5.579824166457036938e+01
5.760907588551696534e+01
5.779878686217489303e+01
5.640744817322093496e+01
5.690943431354307336e+01
5.908810974253623272e+01
5.839916835313317023e+01
5.427843501161826367e+01
5.497721652215947330e+01
5.744902898559217874e+01
5.663451379616540038e+01
5.699401407636069905e+01
5.639274218010346829e+01
5.917039067634815552e+01
5.723868138544613515e+01
5.437462018616023585e+01
5.638632457694643563e+01
5.646955548989874529e+01
5.849435475856579103e+01
6.083801271259982713e+01
5.854504179649545392e+01
6.021806263110931212e+01
5.549277046329473251e+01
5.905683866757843248e+01
6.131074617166491691e+01
5.591701078671749769e+01
5.938490810639279971e+01
6.178486037981981127e+01
5.721389096864979962e+01
6.018058444595803280e+01
5.247338999390062497e+01
5.688282389219669710e+01
5.922813169633383978e+01
5.637646099155995927e+01
5.992983301032872845e+01
5.930833551775102563e+01
5.955489237395141799e+01
5.531795690790147546e+01
5.852103117454380765e+01
6.037975719876354219e+01
6.024999577667911410e+01
5.626299595879262938e+01
5.837080476876775492e+01
5.917913513720021967e+01
6.048174737629270936e+01
5.373152583992654741e+01
5.717178204109534079e+01
5.866064019728232637e+01
5.950588088865400493e+01
5.497494658857365835e+01
5.688500193460607335e+01
5.822595837910454719e+01
5.910994172247239220e+01
6.044012069487554584e+01
6.140314639090514959e+01
5.914365724408366987e+01
5.920672976346675398e+01
6.102622708497331416e+01
6.145363214897189152e+01
5.782791568338939214e+01
5.888043757127644540e+01
6.064964416607081432e+01
6.091713895151337255e+01
5.833488651930969127e+01
6.106267843342504875e+01
6.089551224156739551e+01
6.257784720927249111e+01
5.654549543194275429e+01
5.905917104250380589e+01
5.882339727642447968e+01
6.110341140660653281e+01
5.921873158701281881e+01
6.195726113558877302e+01
6.143842367466612586e+01
5.887533917423599661e+01
6.027067514478314081e+01
6.274771400840845104e+01
6.048195729915613583e+01
5.991046076383751284e+01
6.230101409571147286e+01
5.972823727767965352e+01
6.286483445636266509e+01
5.635464732252837905e+01
5.997341169779758019e+01
6.234885754018141313e+01
5.924103731180395727e+01
5.931447093888461808e+01
6.234770860550548832e+01
5.908115123339071317e+01
6.187484858592209491e+01
6.413898434365850676e+01
6.106095405574207291e+01
6.376729538501491845e+01
5.700732733432505484e+01
6.025901398733888215e+01
6.251328773498428149e+01
5.802582532038226759e+01
5.941913161872263061e+01
6.194877200632558356e+01
6.256738194113206220e+01
5.798904141105229826e+01
5.862369691831933949e+01
6.049080522403374971e+01
6.216248914184077279e+01
5.713460185249736156e+01
5.971228446033615711e+01
6.112768372646783632e+01
6.161686066151999341e+01
5.645053152433208510e+01
5.881119290127585231e+01
6.027771516821822928e+01
6.090508363216404319e+01
5.694091961364147636e+01
5.847868292348942276e+01
5.964233207257762359e+01
6.041748509245542920e+01
5.712421966700498643e+01
5.914293464070837558e+01
5.949866717174975861e+01
6.084688989341650966e+01
6.117519123064558784e+01
6.319454621657541793e+01
5.808367299196698497e+01
5.940714322493874278e+01
6.123279898538258692e+01
6.089504451212367542e+01
5.731417125853866423e+01
5.781065130087942805e+01
6.038024180181663780e+01
5.938286919543087805e+01
6.107281611381210951e+01
6.165033554231460755e+01
6.163854012702032037e+01
5.900415340747933612e+01
5.840989839597715871e+01
6.095572760440605009e+01
6.293505544595087997e+01
5.658890010838731399e+01
5.940417132046200521e+01
6.163560979966324993e+01
5.915914053850418242e+01
6.071730838587438939e+01
6.327981499372116758e+01
6.030156551416874322e+01
5.989325246225593702e+01
5.743207808055827002e+01
6.033576886457976940e+01
6.226415881298651556e+01
5.546196374939635376e+01
5.902578057019768210e+01
6.122960553559192221e+01
5.887698623000432008e+01
5.880623601170824344e+01
5.571755309447119231e+01
5.846615880825629574e+01
5.991519003314972736e+01
5.399352604012139523e+01
5.797383155392724774e+01
5.967234393643166612e+01
5.836932067708893612e+01
5.541884501868873514e+01
5.742040714817863289e+01
5.889386940174136242e+01
5.879739424651877044e+01
5.463223191539101720e+01
5.725730714652358699e+01
5.789251707164864769e+01
5.897858855456305349e+01
5.414898278934317943e+01
5.576253728952108446e+01
5.708109113919132938e+01
5.762594047867557379e+01
5.893557802931613310e+01
5.985015844852075872e+01
5.762502723981894803e+01
5.682303961062910247e+01
5.793220974058382922e+01
5.921988017653820435e+01
5.871218221994953979e+01
6.060852747483335179e+01
6.076318436423778735e+01
5.558050070274233434e+01
5.655760312432412462e+01
5.844209804023674337e+01
5.824645872318799178e+01
5.976806182542013346e+01
5.440932388945083886e+01
5.715618598387641214e+01
5.654009634430437359e+01
5.886621941919139545e+01
5.520803435728670649e+01
5.806903836979104483e+01
5.696862147257942155e+01
5.849285751352121565e+01
6.095196956433100866e+01
5.890484793693599386e+01
5.817990292547649034e+01
5.685639234803268494e+01
5.957391037237104570e+01
5.933327901810767457e+01
5.538223457829155194e+01
5.945637852663038814e+01
5.727830120712359729e+01
6.031222146157346486e+01
5.310307728918242987e+01
5.751643581183669340e+01
5.985379121281376058e+01
5.647769045913909736e+01
5.651238288655544295e+01
5.949936244528959861e+01
5.842486696746955488e+01
6.008593549195233408e+01
6.237001994291430407e+01
5.468238232640670304e+01
5.975774971440049654e+01
5.414245878344877383e+01
5.764066461391652041e+01
5.779894777614643431e+01
5.937485527285445386e+01
5.293029521717456731e+01
5.686885069912251822e+01
5.865651930683611681e+01
5.760693122633043828e+01
5.944919520331816898e+01
6.074140883417904746e+01
5.842595339892341855e+01
5.855982717632331003e+01
5.987890684853233836e+01
6.119378063074235996e+01
5.561546138873069367e+01
5.766228516287506523e+01
5.852260659534059783e+01
5.973710319868321506e+01
5.594988473148256958e+01
5.730604233763406796e+01
5.853600087041897382e+01
5.914962248223287133e+01
5.904154666390130046e+01
6.090299637847472525e+01
6.103181156058816015e+01
5.790421577024685007e+01
5.862495993340191802e+01
6.073959907023627380e+01
6.038250426279191885e+01
5.660981735666206305e+01
5.712370207281784928e+01
5.954137592498247500e+01
5.875287946786841786e+01
6.031555684527393169e+01
5.936416387786227489e+01
6.209296111740361823e+01
5.888586121978441668e+01
5.952469871008520386e+01
6.024946062270555558e+01
6.202521700151114459e+01
5.565496512382119221e+01
5.939835924173072357e+01
6.178175952399682558e+01
5.937053673468991377e+01
6.097349219140933485e+01
6.360404523194182502e+01
6.046435068614564301e+01
6.031021497145248844e+01
5.789422373037091774e+01
6.104112138051199565e+01
6.256314535508360564e+01
5.630826051678695876e+01
6.035758492949336329e+01
6.259384631674285515e+01
5.889311272324057001e+01
6.203703060614544995e+01
6.410657284446953952e+01
5.728754623140592628e+01
6.225443297752242700e+01
5.587852925514607705e+01
5.962350733577721940e+01
6.061257800128088746e+01
6.204938150745095982e+01
6.348470285664788548e+01
6.456673773360058988e+01
6.009355544473692134e+01
6.086189707690584072e+01
6.256128182946233096e+01
6.390767930554947895e+01
5.788230094075687759e+01
6.050193617972456650e+01
6.168794779759052460e+01
6.292043284595633423e+01
5.846711078448213073e+01
6.019416567834822018e+01
6.102103392630755252e+01
6.256693563075960896e+01
5.800113289325807386e+01
6.012943210670295002e+01
6.072975128262337563e+01
6.161409768429005851e+01
5.868838977774412058e+01
6.111235290488597371e+01
6.139834482470104859e+01
6.245100306513639055e+01
5.715051001126688845e+01
5.945348374500832023e+01
5.945105367914397476e+01
6.148373185510903483e+01
6.205143223699073474e+01
6.344318889286099505e+01
5.901252705503029716e+01
6.132138402823867551e+01
6.351996174318290400e+01
6.185941917621553898e+01
6.098426582223080317e+01
6.136772664323468263e+01
6.390435846139251197e+01
6.174709485682895149e+01
5.998570332530510996e+01
6.092079543090571292e+01
6.358262785459555033e+01
6.082933413704078163e+01
6.102664021787681747e+01
6.381807829120729281e+01
6.072309642785281625e+01
6.330232867338385461e+01
6.579092362894907353e+01
6.163991901100578019e+01
6.272513079147817905e+01
5.956411745977673888e+01
6.247086482306352195e+01
6.192444958142419864e+01
6.032696456596069368e+01
6.337304574050323680e+01
6.423167994517247337e+01
6.061091655298701397e+01
6.088360899200258558e+01
6.366587127028815729e+01
6.345106700968847235e+01
5.985225580334600437e+01
6.239901466158428178e+01
6.422278684730460441e+01
6.002254508265502864e+01
6.272468718814777588e+01
5.797955722311994009e+01
5.954668884664517492e+01
6.063404657515442153e+01
6.165283442904313205e+01
6.262127830297453812e+01
6.365852004184720414e+01
5.948513723239737772e+01
6.153509803716439563e+01
6.258193757080399422e+01
6.298840998419399284e+01
5.929149441715308200e+01
6.023062824311652008e+01
6.182989596733806081e+01
6.212663692995763398e+01
5.820909346013826990e+01
6.043700967414819303e+01
6.070748733456839830e+01
6.202782432060612905e+01
5.621125265099916390e+01
5.827179979961302791e+01
5.806301312361348721e+01
6.023378816700597582e+01
6.041231606665552789e+01
6.231630796886938839e+01
6.114394850066062759e+01
5.760323294661900917e+01
5.810592945550607169e+01
6.045091213285527942e+01
5.908135574307322457e+01
6.060875632214877839e+01
6.276708656565645583e+01
6.060374123761471310e+01
5.977650973528252365e+01
6.228903237354498401e+01
5.981989207557153065e+01
6.262970004706595972e+01
5.630780022487179082e+01
5.939788537534456481e+01
6.152088677044955745e+01
5.848189731719643447e+01
5.909271584702508306e+01
6.179212697484528860e+01
5.850502701506471226e+01
5.985693071501420093e+01
6.231333651549768859e+01
6.049831353807456225e+01
5.993627551915027851e+01
5.689935588940058153e+01
5.958105144513645257e+01
6.132448553095187549e+01
5.402132497588480220e+01
5.826959813012659595e+01
6.009902381562679352e+01
6.024266373730498003e+01
5.581363329434911691e+01
5.779621904835349255e+01
5.857782390882695012e+01
6.003695912210433505e+01
5.401191943574578858e+01
5.707324352996670314e+01
5.840575180031935787e+01
5.920018843722888136e+01
6.076908351244109951e+01
6.150905361117679604e+01
5.699753814128838059e+01
5.818442711434594372e+01
5.939442535303840032e+01
6.044446230705460721e+01
5.789231741328380565e+01
5.982977046488915818e+01
6.056044550934726090e+01
5.803859604532417649e+01
5.895938996078857031e+01
6.052132639887626908e+01
6.067314184832459034e+01
5.619264538653079200e+01
5.692075852384612489e+01
5.882748609525444294e+01
5.860363548264012934e+01
5.965828555769938646e+01
6.106367557181301464e+01
5.986738039674759193e+01
5.813482058847398548e+01
5.772110049901512951e+01
6.014166419215200676e+01
5.935687138821580078e+01
5.691060289442628317e+01
5.622293673763451949e+01
5.879440113127277101e+01
5.876012099301281211e+01
5.893424242984212214e+01
6.162315062788243125e+01
5.942518120134658943e+01
5.835900055793010210e+01
5.658686352053347690e+01
5.946997594263075371e+01
6.145706156478590287e+01
5.353926342128211502e+01
5.813357471451749348e+01
6.046695684201701937e+01
5.729802350529186583e+01
5.803006585665317374e+01
6.076887034537077881e+01
5.959545128400756653e+01
5.930000257437726674e+01
5.627648497865046551e+01
5.900178983290841472e+01
5.823539927986315234e+01
5.646821688794325667e+01
5.966653753309457642e+01
6.019448359366942469e+01
5.699218502126191055e+01
5.764456391069257535e+01
5.950978746119123031e+01
6.120464042037435348e+01
5.456985900909413800e+01
5.813339636396902677e+01
5.934366526150336085e+01
6.069108914989740100e+01
5.546943197025296257e+01
5.675321809895579150e+01
5.842904311959006236e+01
5.930282304352023459e+01
5.543714976592928423e+01
5.704754257093721037e+01
5.843421394872375885e+01
5.946643743478655608e+01
5.477690962670649100e+01
5.682743962252966696e+01
5.718002390803169277e+01
5.879055749066014869e+01
5.914292018063375878e+01
6.100842031173678492e+01
6.003086430237033255e+01
5.553819521199981324e+01
5.641062510778650818e+01
5.846705986232387176e+01
5.813274075505314187e+01
6.047195560222726840e+01
5.975130356728636372e+01
6.150435427931438426e+01
5.672638521228366670e+01
5.990837249160369282e+01
5.883203440150203534e+01
6.124033166861129018e+01
5.562011691939551383e+01
5.901472056414590384e+01
5.941193679278917017e+01
5.937425119645453009e+01
6.217836952668839245e+01
6.168557518745274848e+01
5.897361479444895593e+01
5.766212995979901024e+01
6.062671474216480760e+01
6.304339238071221985e+01
5.604588313896179841e+01
6.027389752069189655e+01
6.265708907766429547e+01
5.913836750658426666e+01
5.920125877753398669e+01
6.226162337497775212e+01
6.094367434267672934e+01
6.308637987683287207e+01
6.521509599177906580e+01
5.789648786843181938e+01
6.283256760812420083e+01
5.682898644869768390e+01
6.046343367863257612e+01
6.138894890850647812e+01
6.230007075345866241e+01
5.546759778817168041e+01
5.916543220275195125e+01
6.092097271212726639e+01
6.191592838911750363e+01
6.339975531826910071e+01
6.488061858584329400e+01
5.949761337350995660e+01
6.079270749583135114e+01
6.214570455739140442e+01
6.325193677679761350e+01
6.055750687853694814e+01
6.164508098022859883e+01
6.277777971497949494e+01
6.355566103491376850e+01
5.857856540479821916e+01
6.043229580370794451e+01
6.103791144326121554e+01
6.252327232051838024e+01
5.750663336911770074e+01
5.986706412681862588e+01
5.999520270020144608e+01
6.176875993954183741e+01
6.068438725438438297e+01
6.302722703230247703e+01
6.275563424843252136e+01
5.932958427226078157e+01
6.160883362221636617e+01
6.086296943098428613e+01
6.310434477043896351e+01
5.920144630001642838e+01
6.218509339853191165e+01
6.188444007103279887e+01
6.335129302866303647e+01
6.514031687096273515e+01
6.278763613822418677e+01
6.154378566010444729e+01
6.001549905509583027e+01
6.294462121658028053e+01
6.473933791765846024e+01
5.859457840968282483e+01
6.210047667519446435e+01
6.448336968393765289e+01
6.136223575795789031e+01
6.127764090683881903e+01
6.427057761113837842e+01
6.103311778935933063e+01
6.392517438919632866e+01
5.765923023940491277e+01
6.055801618200181480e+01
6.278200722055247240e+01
5.962146714681225035e+01
6.259879984988709367e+01
6.240682955803029586e+01
6.342404516874487541e+01
5.837387643175367202e+01
6.152766579295166594e+01
6.224534524092273102e+01
6.278497921916304847e+01
6.427421056461524529e+01
6.533684885329229530e+01
5.965995215863311074e+01
6.162707516118027939e+01
6.287595682274949382e+01
6.380927775775897715e+01
5.990346593163146593e+01
6.141577639757964846e+01
6.250542968712565539e+01
6.378599504427455713e+01
5.739488622373199433e+01
5.985150640701979796e+01
6.119220336066909027e+01
6.219973919089913750e+01
5.917960081715129661e+01
6.123434348605094613e+01
6.166581487517259319e+01
6.211847538911242594e+01
5.784850528763133326e+01
5.855919488719994348e+01
6.040431437677005277e+01
6.027259717141492956e+01
6.239791900010597914e+01
6.178526378565705102e+01
6.091035357042212439e+01
6.053470613309983861e+01
6.314404722077058096e+01
6.194488852444131055e+01
5.934612097258293772e+01
5.976907543081007645e+01
6.208766774013422918e+01
6.062740663009547859e+01
6.100080131273855955e+01
6.180534462222131253e+01
6.185501161221643684e+01
6.087971666154812311e+01
5.686280949356622472e+01
6.056760304093028680e+01
6.150261967531861984e+01
5.927145555820903411e+01
6.210472965440004600e+01
6.347118466362540090e+01
5.786623331591340502e+01
6.102343487638974295e+01
6.323968816303688811e+01
5.975339902575723272e+01
6.006807186731559511e+01
6.273122856628130961e+01
6.146358850451758116e+01
6.210063733428459898e+01
5.837307069390895009e+01
6.095589465019369158e+01
5.997542400850603173e+01
5.888582892011110204e+01
6.173088607505576419e+01
6.269671288965691502e+01
5.786630634025361530e+01
5.872882045632866266e+01
6.045383211929313205e+01
6.204715275454358903e+01
5.647071148577042976e+01
5.956842268885758784e+01
6.078727418084887546e+01
6.163554227799367169e+01
5.686591370988308114e+01
5.842496662006656294e+01
5.943123354644136214e+01
6.019558481989139409e+01
5.626830955271141477e+01
5.765268419503126296e+01
5.873551529562610796e+01
5.974898247900516424e+01
6.047770634107936871e+01
6.172930680965556860e+01
6.036715234590806745e+01
5.540247834911630065e+01
5.765771513875913001e+01
5.804799991849386487e+01
5.963979423796035206e+01
5.818835679107397851e+01
6.042503716055608010e+01
6.005818664340466739e+01
5.614017186578266916e+01
5.887127250560223501e+01
5.797474723157336030e+01
6.025281390690180672e+01
5.791572786003937523e+01
6.046966816828652469e+01
5.923735526523976347e+01
5.785731762556473967e+01
6.019633164957205196e+01
5.819865914645712479e+01
6.102337397369893068e+01
5.528643571646929900e+01
5.872224305106988851e+01
6.070375266677816484e+01
5.797805127414886073e+01
5.741541928374854820e+01
6.050199411849952469e+01
5.761135847350434602e+01
6.040965393431209662e+01
6.266373223336342591e+01
5.769309170305836432e+01
6.097469953159282596e+01
5.195696677893614890e+01
5.733119588980247272e+01
5.954730598728836100e+01
5.705938133062551287e+01
5.981807993279959845e+01
5.919252079449393023e+01
5.970115165803726853e+01
5.531205753365060218e+01
5.896353144499332899e+01
5.866082500526546539e+01
5.959115575482971394e+01
6.126706146493242500e+01
6.266361715542836208e+01
5.765284437494401715e+01
5.853870821020138493e+01
6.013398050754684476e+01
6.150985144482142175e+01
5.676175415324828322e+01
5.967439692359977954e+01
6.028195706147700861e+01
6.151427678988866887e+01
5.549576569689986627e+01
5.774551384119673259e+01
5.860721812299760813e+01
5.979827976696260095e+01
6.119239288176283509e+01
6.157302692995021687e+01
6.224520582329842711e+01
5.668532627263132184e+01
5.886430147009461677e+01
5.888626707536527505e+01
6.073765315069655912e+01
5.870033260751250737e+01
6.130248802728093693e+01
6.095109973208920451e+01
5.800460431851249155e+01
5.835669407304206402e+01
6.074413270369598195e+01
5.988434563548520373e+01
6.003148854805289147e+01
5.928378780830099259e+01
6.198068657296295925e+01
6.017837487420955256e+01
6.306044937699778075e+01
6.479019544003963915e+01
5.734258926908014331e+01
6.087163512624807993e+01
6.354462769050027049e+01
6.112028700410266424e+01
6.327805589815933018e+01
5.617811669404390074e+01
6.035092896233535953e+01
6.244733353812211618e+01
5.922031645159520963e+01
6.234495370489936761e+01
6.423696299764995388e+01
5.706719748953372573e+01
6.119924547725398867e+01
6.346762984831585186e+01
6.186513754260145959e+01
6.190060921320042553e+01
6.480723988057863494e+01
6.123193160275636870e+01
6.267402705095776838e+01
5.878977353256016869e+01
6.078709332854795377e+01
6.107162239098326495e+01
6.279061725760750790e+01
5.761536815595586347e+01
6.016607484273225737e+01
6.118191197145336702e+01
6.225471965335270141e+01
6.338300124722594830e+01
6.452234797264141264e+01
5.885783093090969942e+01
6.137120356575085367e+01
6.253782214561206843e+01
6.371284228613109235e+01
5.932175697203501130e+01
6.099130599192724134e+01
6.227711238945253314e+01
6.318206419349523628e+01
5.933487251945363994e+01
6.157110105331489081e+01
6.185334395901884363e+01
6.337227971544145788e+01
5.825439129570321484e+01
6.031530871403440841e+01
6.067604027518007115e+01
6.198133864562966266e+01
6.347866955109682152e+01
6.321355685971512628e+01
6.413455811310916488e+01
6.405563133499600781e+01
6.623566016737899531e+01
6.242756604057667857e+01
6.392275026049671993e+01
6.566069832690132557e+01
6.404064419217765192e+01
6.106272315332947187e+01
6.045067243426873205e+01
6.334252960306474733e+01
6.189323304007376692e+01
6.260831048686435452e+01
6.510877158459462066e+01
6.259925872051424989e+01
6.524026225567800452e+01
5.893673302870507058e+01
6.245110782724818677e+01
6.432581761788136987e+01
6.106161423627876417e+01
6.094804388631560244e+01
6.392035341640355028e+01
6.059452309352453625e+01
6.346078094441441664e+01
6.562675000836547667e+01
6.247012121404021201e+01
6.509226395681679378e+01
5.834976451713129109e+01
6.144596574766779185e+01
6.362450790371786979e+01
5.913507879052998106e+01
6.204906727826012514e+01
6.147100494273940541e+01
6.400490846350020036e+01
5.849684069731951297e+01
6.067508871472407606e+01
6.200857156135683823e+01
6.285670831741200004e+01
5.708900714128922260e+01
5.986271705113748709e+01
6.122038655753119230e+01
6.193826053216822913e+01
6.314788948163842974e+01
6.446706220018894840e+01
5.920794699826222995e+01
6.081174870185898129e+01
6.170917558734493724e+01
6.267529498424125478e+01
5.737577167335537354e+01
5.971658921668215925e+01
6.073621892909207531e+01
6.122393100195714055e+01
6.144405250415291420e+01
6.330254132676660106e+01
6.311575177118818658e+01
5.972796315155847680e+01
6.029658488589118548e+01
6.242788730255405483e+01
6.168436225483553415e+01
6.420099925051532352e+01
6.300156082029528903e+01
6.202168288514663175e+01
6.134120093281772057e+01
6.399879345535362773e+01
6.245072931054695431e+01
6.144192338824795740e+01
6.030097831173157630e+01
6.285182273479681925e+01
6.300923087628856933e+01
5.860121677839047294e+01
6.220064567684806889e+01
6.289331452756744056e+01
6.097790581221718753e+01
5.961368656123465115e+01
6.267474464445096061e+01
5.980854467132678565e+01
6.270746567580267339e+01
5.741815098855919786e+01
6.036741391877215790e+01
6.254356134033592696e+01
5.850390023974153308e+01
6.117162543019399124e+01
6.264689889405597967e+01
5.730455177926673827e+01
6.138715319268412429e+01
6.330638530111905027e+01
5.733547715671117118e+01
6.168271783040879086e+01
6.345181466124074632e+01
6.065487615578182101e+01
5.987618203617034141e+01
5.998142693287645955e+01
6.175812514939082121e+01
6.316531901959998407e+01
5.629051120446052892e+01
5.947272481979656789e+01
6.080873004923412140e+01
6.161492885020941657e+01
5.692460026693799335e+01
5.857304624468832088e+01
5.930168167659057588e+01
6.045036950239406792e+01
6.129986126238394206e+01
6.242224562227494289e+01
5.779922770407953436e+01
5.916284790887090139e+01
6.042855209409274408e+01
6.093156648837652511e+01
5.834807848590139656e+01
5.914696015594358869e+01
6.069428189654040295e+01
6.084031974004530241e+01
5.578681916323839118e+01
5.819545514769886552e+01
5.784339023396861279e+01
5.980431130761461844e+01
5.920882313957645948e+01
6.143554445781762752e+01
6.056310580413453692e+01
5.766663954674538672e+01
5.814757345272131772e+01
6.049070233920379280e+01
5.913340355586343833e+01
5.991107938104114083e+01
6.013984840969497014e+01
6.228021561759741331e+01
5.672474270826464959e+01
5.996095930095953719e+01
6.207406555054671315e+01
5.945976728209106454e+01
5.897125840791268558e+01
6.200440117028443865e+01
5.910251180710088192e+01
6.179316543986220722e+01
5.299901554648683089e+01
5.814507170002051595e+01
6.043904422554569322e+01
5.707611838193736986e+01
5.989106179215066561e+01
6.110222149949228765e+01
5.810126340089266250e+01
6.068086823984289424e+01
6.273417361902377820e+01
5.494391882790134929e+01
5.984177175212388278e+01
6.175726770215567285e+01
6.222180422354200857e+01
5.779141781132855726e+01
5.817385957657727147e+01
6.002497210592422050e+01
6.170601422289484361e+01
5.570126466330493997e+01
5.907284276308919146e+01
6.071887700150264777e+01
6.046806411056456199e+01
5.629757421033662723e+01
5.786272268840199473e+01
5.938304445578070556e+01
6.011125226827092405e+01
5.612758891868622158e+01
5.786125417938438886e+01
5.892608582698422737e+01
6.001424181892620169e+01
6.084480194701255584e+01
6.221076106859329968e+01
6.027318953523364797e+01
6.265921986495287399e+01
6.281258164219207174e+01
6.108796026612620977e+01
5.921551868821434539e+01
5.970007045581080973e+01
6.176931535422640707e+01
6.119397282441538977e+01
5.698826420129758219e+01
5.748906725600608780e+01
5.985816573118437134e+01
5.898929505505874005e+01
6.157134967132400760e+01
6.102352117396731046e+01
6.334588583423778374e+01
5.662256145414449549e+01
6.003840701664286428e+01
5.974022956683673868e+01
6.212494482848330790e+01
6.444658726899815804e+01
6.200642718311090107e+01
6.339008658792432271e+01
5.939319147972732793e+01
6.256052422709029059e+01
6.454037403584231924e+01
5.688155038331535707e+01
6.114696423720802443e+01
6.354435667614749406e+01
6.011446813942119860e+01
6.126492859863993345e+01
6.398238447379115001e+01
6.233023511479886736e+01
6.291766981363573308e+01
5.939812658297637427e+01
6.223729344202865832e+01
6.133107301803200784e+01
5.939221310872488857e+01
6.270267522964234530e+01
6.356226092949872708e+01
5.971106778036661922e+01
6.023229980419213092e+01
6.211954120906909793e+01
6.382556850449462615e+01
5.841339853981181562e+01
6.154678547151826962e+01
6.262451440248231194e+01
6.362485284072325697e+01
5.782321786780110529e+01
6.027468981811180271e+01
6.180259216844572734e+01
6.240980752271903498e+01
5.869389265458144678e+01
6.048247630548085141e+01
6.132025759185372493e+01
6.280042752905045944e+01
6.332968055047324185e+01
6.484309352979687446e+01
6.071249500953083356e+01
6.291388124162521933e+01
6.298319030039936450e+01
6.473886568150270193e+01
5.972127704001329818e+01
6.216023340710579248e+01
6.208698703720696699e+01
6.396170629334267943e+01
5.951037208612500251e+01
6.238406049017809352e+01
6.186334304900896797e+01
6.399196643062239787e+01
6.582579662149208843e+01
6.385099146266254166e+01
6.146453503122071993e+01
6.076551287201944263e+01
6.364973324982528879e+01
6.262431007201189459e+01
6.445494603776532472e+01
6.697157080801824236e+01
6.425489572065401944e+01
6.257109438577850824e+01
6.079867192076614657e+01
6.393692840453323356e+01
6.477640351701090538e+01
6.092813665971083736e+01
6.425235047590166459e+01
6.625114746200847549e+01
6.015043688233254926e+01
6.305545686171026887e+01
6.526435309672305607e+01
6.362150626097017181e+01
6.348819731728647753e+01
6.004372039105676606e+01
6.286457834802045852e+01
6.315353637905354844e+01
6.019074517097759980e+01
6.300202177207509635e+01
6.238799123548578507e+01
6.399031548138452052e+01
5.978600346112251174e+01
6.200688335367979676e+01
6.185124650446891081e+01
6.333104602034017461e+01
6.472690792585569852e+01
6.561459642703501061e+01
6.072915888123238659e+01
6.204870917639724581e+01
6.310746691424285615e+01
6.431299707140924227e+01
5.967770549715174866e+01
6.071947373462957387e+01
6.197761004003201890e+01
6.295597560001152715e+01
6.082323266348583246e+01
6.271103813941190452e+01
6.296259468174195462e+01
6.321978695783788993e+01
6.453413874729817223e+01
6.417691263538829105e+01
6.178744879298592707e+01
6.204926668203280826e+01
6.418160464892812911e+01
6.337894113280916031e+01
5.927737545320105994e+01
5.961481129362394427e+01
6.214577843681656333e+01
6.104782311634447467e+01
6.280095922477851644e+01
6.319493588421565988e+01
6.333556529762793730e+01
6.011652077719831055e+01
6.346498227314667417e+01
6.195687975451338048e+01
6.426902272931479843e+01
5.875736409690714623e+01
6.134944779075232901e+01
6.312889721847640345e+01
6.047206922895532699e+01
6.037710395800320384e+01
6.315294958537312198e+01
6.022076829598456271e+01
6.278143858200252225e+01
6.499327198702260944e+01
6.107558171477147368e+01
6.237399814132758280e+01
5.853262449227929665e+01
6.114403362420335242e+01
6.166618445455587505e+01
5.885162837802625546e+01
6.171328249115059350e+01
6.077312447548485608e+01
6.199976821001279603e+01
5.822985114118725392e+01
6.062238292901396619e+01
5.987197078156018648e+01
6.139243600432470060e+01
5.691375950972098963e+01
5.922331961755970298e+01
5.916618351221976013e+01
6.049045886181946230e+01
6.183075666735223308e+01
6.265498368865696222e+01
5.792341512799443137e+01
5.941046264192434023e+01
6.055418903678634734e+01
6.110891620334024310e+01
5.789012151649170335e+01
5.945159911771111183e+01
6.032726406615424963e+01
6.111136174527192821e+01
5.597829695895917723e+01
5.734034318413870324e+01
5.813067722277236271e+01
5.937213916798626911e+01
5.977984448452879462e+01
6.139981896424249186e+01
6.113511566164769562e+01
5.564060996841278950e+01
5.802571372246480053e+01
5.749918158452516792e+01
5.946638642004799635e+01
5.828953052458737005e+01
6.059781413741060163e+01
5.969576229294296610e+01
5.665468984513351103e+01
5.726213731483977654e+01
5.954207069017543574e+01
5.816776540718151978e+01
6.070918480600901290e+01
6.089579154076477607e+01
6.054193268240150161e+01
5.525721588032352116e+01
5.915735192788343966e+01
5.848619055704909186e+01
6.097495900035298177e+01
6.328281798983243078e+01
6.033321117034069658e+01
6.079117606830671861e+01
5.816551352407483932e+01
6.097134207493629532e+01
6.043850452588512212e+01
5.772683722832933029e+01
5.775734030056316470e+01
6.066502773351534472e+01
5.879810604562675991e+01
5.899598327293313105e+01
6.204230527174469501e+01
5.821314331948232024e+01
6.095355894403228803e+01
5.222281525217928078e+01
5.728361173430148057e+01
5.935339758311912561e+01
5.810555686113974616e+01
6.009918195352247494e+01
6.180032917985622021e+01
5.743251276083346113e+01
6.016421114271378912e+01
6.159124178155132512e+01
6.215013633433652984e+01
5.706694047744336729e+01
5.901673894093750761e+01
6.025210203605679027e+01
6.071121456015298889e+01
5.667773844910439607e+01
5.837461150660701747e+01
5.957935720132640256e+01
6.058095980645080658e+01
5.554550176020096330e+01
5.745848314989564187e+01
5.842118932806207710e+01
5.977984904070176952e+01
6.015813895474026651e+01
6.187967786971045570e+01
5.770747599574621489e+01
6.048443334033655105e+01
6.047867691755823216e+01
6.265446384472029706e+01
5.682046210868141145e+01
6.005308045927753824e+01
5.944640329285363833e+01
6.198499697572580658e+01
5.797549214994604938e+01
6.089163539868197716e+01
5.974798883226493729e+01
6.128189362846608645e+01
6.302293821688900977e+01
6.084852681249569883e+01
6.058569505341188943e+01
5.887151529499625724e+01
6.211905482693747871e+01
6.420516580130478701e+01
5.615117648259618477e+01
6.051355676660015348e+01
6.327766433851529371e+01
6.014054032954151552e+01
6.126960934695308225e+01
6.425510908260876874e+01
6.075310204868267761e+01
6.118282988411606027e+01
6.432478330023283775e+01
6.191132736565747763e+01
6.248647908786247029e+01
5.907452939288217664e+01
6.228309080792495678e+01
6.381549097430234951e+01
5.801674323717648463e+01
6.192690732290413536e+01
6.245676596842056938e+01
6.394857424239933863e+01
5.722514071530162738e+01
6.103011951820477776e+01
6.289208163668889995e+01
6.359674014309498347e+01
5.910165293100504869e+01
6.087621433822946670e+01
6.173491298657341986e+01
6.317296906135253920e+01
6.492522151552343246e+01
6.476237185496910342e+01
6.135334321699139792e+01
6.350672133684211929e+01
6.439836093551633667e+01
6.596146841548463158e+01
6.014378827940601724e+01
6.218223534934185182e+01
6.288440491204239180e+01
6.432691824576211559e+01
5.840260869519695319e+01
6.106328490959917588e+01
6.134403870436094763e+01
6.310710984175688765e+01
6.383294841322580737e+01
6.487957822306420042e+01
6.471478651761592005e+01
6.058588487044031723e+01
6.155917758134658158e+01
6.395059335435727377e+01
6.312233390471837424e+01
6.593625249939228183e+01
6.530663774040500869e+01
6.559928976441787540e+01
6.341753203974007391e+01
6.649338872877494566e+01
6.642981442905858103e+01
6.094232492628469799e+01
6.543247865421824372e+01
6.357978578567512784e+01
6.689856653323326441e+01
6.189356643313126938e+01
6.514527422124952238e+01
6.745944882366924844e+01
6.274595686452453691e+01
6.573704947246471875e+01
6.831161348465802519e+01
6.276932438436823958e+01
6.586981093231995033e+01
6.839043532580012652e+01
6.331348141772640048e+01
6.723996556074942532e+01
6.013303519344458437e+01
6.368214833375544970e+01
6.608825009221426683e+01
6.135868967022921083e+01
6.530481396117001225e+01
6.525991470299635466e+01
6.664702219102325387e+01
6.149780528751083608e+01
6.487682049955306240e+01
6.467211245071442249e+01
6.638989844658513562e+01
6.811682911351698522e+01
6.890848019091330912e+01
6.375013198489360633e+01
6.539777964000322186e+01
6.685665615241241255e+01
6.849038735219589569e+01
6.301433661079050808e+01
6.451181844034512380e+01
6.622083470090147728e+01
6.681447414014398589e+01
6.312435102298250911e+01
6.567594134977561282e+01
6.610599195988261556e+01
6.765480890506718481e+01
6.160622194846366995e+01
6.404108022394532895e+01
6.438258519151334269e+01
6.610541959380522314e+01
6.778064957199121920e+01
6.767812189091961272e+01
6.454024672607245350e+01
6.497900760664821007e+01
6.791300249547751378e+01
6.665710896130723029e+01
6.290593275296237863e+01
6.376092513503726167e+01
6.694147979944119697e+01
6.544499367852719729e+01
6.450157308367651865e+01
6.452955576092354306e+01
6.764502512208765950e+01
6.562476005425627079e+01
6.893357209583598433e+01
6.993096548798379786e+01
6.286629929821313567e+01
6.628519503175675709e+01
6.947516033528924595e+01
6.641924315443229432e+01
6.628019487068081617e+01
6.989514433803643101e+01
6.643305064872841115e+01
6.920659418942379659e+01
6.265936933879980586e+01
6.664441221064184617e+01
6.937956394838653296e+01
6.311851254735682915e+01
6.715327726597951141e+01
6.962231561297743099e+01
6.252105643995292894e+01
6.765764237790622815e+01
7.025801424209582535e+01
6.395931534222030734e+01
6.870005043297847180e+01
7.079325242749541758e+01
6.650044584437409867e+01
7.043165917421217159e+01
6.373696127188722471e+01
6.757244221589539279e+01
6.796809710878970634e+01
6.835233705246055536e+01
6.355590361539715616e+01
6.552642961755792328e+01
6.782252470602681171e+01
6.622709302547994525e+01
6.852958288442084722e+01
6.999661401435821517e+01
6.700199201932825588e+01
6.849202319887449164e+01
7.053534644752984661e+01
7.002912129651159034e+01
6.425163028814044708e+01
6.773000212601456838e+01
6.850692991480936200e+01
7.055864093773845980e+01
7.237221961382707036e+01
7.186853664660347363e+01
6.756001661276630443e+01
6.852146276406524805e+01
7.142236569561143256e+01
7.100059851898696195e+01
6.707185064787236684e+01
6.752187941653949110e+01
7.081330144599989751e+01
6.991317340615823639e+01
6.860885875797022493e+01
6.831767048902989359e+01
7.186284617840358635e+01
6.998438677361350813e+01
6.746914704579880606e+01
6.932181560202805315e+01
7.078528688772442479e+01
6.896992868722936976e+01
7.250036499334613893e+01
7.470734350855479988e+01
6.803480614705084406e+01
7.241885006349806986e+01
7.535663062556508862e+01
6.994621416679542847e+01
7.377211085764567144e+01
7.685776494844549234e+01
6.841920369559143467e+01
7.380169577615335186e+01
6.790028776332425764e+01
7.231310687687083316e+01
7.398970576982456748e+01
6.957432297168045920e+01
7.005545768949900776e+01
7.370952518137494280e+01
7.078677034962043990e+01
7.235536466316210635e+01
7.583371546384321960e+01
7.093916206618226283e+01
7.315207054280982391e+01
6.866110200349834258e+01
7.062117066610430527e+01
7.326670839494447307e+01
7.090974354120770329e+01
7.445605846922838111e+01
7.578323322408570561e+01
7.000791326958426453e+01
7.263196699289100877e+01
7.483729202691878868e+01
7.573092167846368739e+01
7.130370452946957016e+01
7.400601452977994654e+01
7.574796244173920456e+01
7.286232604345842390e+01
7.563152160012701586e+01
7.602504595924239084e+01
7.828860076337426221e+01
7.143244536919304721e+01
7.483154293910656918e+01
7.539813462506722885e+01
7.809911691159948077e+01
7.126178889137521821e+01
7.507403805621602544e+01
7.510552204525824038e+01
7.815462282295227681e+01
7.903944060004333494e+01
7.968376333424554048e+01
7.428554867475993717e+01
7.836358325527788793e+01
8.069517346373412181e+01
7.409068281734384698e+01
7.837565709028217498e+01
7.458934130264132989e+01
7.876118231332466735e+01
7.881186092661859277e+01
7.388500052992041844e+01
7.925874996236996139e+01
7.671645394322591471e+01
8.042431388096917999e+01
7.384275851823505832e+01
7.839987144322736867e+01
8.166668573772558659e+01
7.501228372457561022e+01
7.983914481765698667e+01
8.313735187224808953e+01
7.488367345676090281e+01
8.041255800351716232e+01
8.358888885294122417e+01
7.735097988607887487e+01
8.168429966094250005e+01
8.398064939632445203e+01
7.816692577505691020e+01
8.272583428718786536e+01
7.432808581410917270e+01
7.970140736246345625e+01
8.239185869078379199e+01
7.525766593426457973e+01
8.081747691890718954e+01
8.306179819350398930e+01
7.866399841861013442e+01
8.304524318373715630e+01
8.459798759793117995e+01
8.233313776704066811e+01
8.347155989835772516e+01
8.603909727157154919e+01
8.409431748901944559e+01
8.381535739673701357e+01
7.972018831312490761e+01
8.297000075368904959e+01
8.441363577284460007e+01
8.109554011069808155e+01
8.566592986579509272e+01
8.644002535523038944e+01
8.089141416676960716e+01
8.314145729507634996e+01
8.666417401948154975e+01
8.627607388480471684e+01
8.123028939347265975e+01
8.340299839808901083e+01
8.742837184059567335e+01
8.617191551057250365e+01
8.153817442105970770e+01
8.313524167326785630e+01
8.748335923539069370e+01
8.584352921771547074e+01
8.971440598974918146e+01
8.799069291068792609e+01
8.585312914669302131e+01
8.542517839769487864e+01
8.940784961491735316e+01
8.794193192910582013e+01
8.608242255056815395e+01
8.621671859266214710e+01
9.036133428568476234e+01
8.682590190538819286e+01
8.665771540496211855e+01
8.745807406468955492e+01
9.151881401885091805e+01
8.649592860033055786e+01
8.816572888963224841e+01
8.932800567959702676e+01
8.975838685397434347e+01
8.438744167107161331e+01
8.970251354842447711e+01
9.289758277579649359e+01
8.626192403472738590e+01
9.046550303308323748e+01
9.368021156430573626e+01
8.640832955779220015e+01
9.120904791062405081e+01
9.422627503833321327e+01
8.775426903091117481e+01
9.219616145700777565e+01
8.610720579484382142e+01
9.009190551363151656e+01
9.185843055549342751e+01
8.696117715030928252e+01
9.085263499332648962e+01
9.330583438327812473e+01
8.833955066484728036e+01
9.244230055780943189e+01
9.500320068080992542e+01
8.919902118956719050e+01
9.264085776346405510e+01
9.517707499810596516e+01
9.631826383894869537e+01
8.990440217899943320e+01
9.403711307067956682e+01
9.523679076761263218e+01
9.524698944370457809e+01
9.167682536164915064e+01
9.682755856456809340e+01
9.710501515697067987e+01
9.179143722649641290e+01
9.342975538879447583e+01
9.768243805871675534e+01
9.475667661364043681e+01
9.535275263653576872e+01
9.365712502990767518e+01
9.862671172453765678e+01
9.320409584041901496e+01
9.795383660870275833e+01
9.859716447844606080e+01
9.519084818667589332e+01
9.501914630427265251e+01
1.000494980928401674e+02
9.582998403317367320e+01
9.869724515733989278e+01
9.630578552154203464e+01
1.010365925935039115e+02
9.477019201420959860e+01
9.961695826698465339e+01
9.334593850799373627e+01
9.848692517991268858e+01
9.840056728712522727e+01
9.637960361887019189e+01
1.015253294673297120e+02
9.809518797443618610e+01
1.006990403831637337e+02
9.611965542444782784e+01
9.981274487521986316e+01
1.017409918354967573e+02
9.418040528553645174e+01
9.921378459005475747e+01
1.029349786308073504e+02
9.595152483793611964e+01
1.008931915764477054e+02
1.043315649340775622e+02
9.802113539687312027e+01
1.022017183755793184e+02
1.053945868564612596e+02
9.934451068435481602e+01
1.034087496467788156e+02
9.737355307786555159e+01
1.015031245579667285e+02
1.042670220048947556e+02
9.830198887334195490e+01
1.022300108105735603e+02
1.053583260186846786e+02
9.937505727705898551e+01
1.038418245255792272e+02
1.059769539107880831e+02
1.015610492788822796e+02
1.051864935866839659e+02
1.090651395132046559e+02
1.038717456863945898e+02
1.078397334217468853e+02
1.012846821405501316e+02
1.057604180610496627e+02
1.069711392582999849e+02
1.022314896387395180e+02
1.047634260670296698e+02
1.095358954917979020e+02
1.061886382451392592e+02
1.059260795575340097e+02
1.114570433386546000e+02
1.056096347061437228e+02
1.109665448260184917e+02
1.030102715842375005e+02
1.096196555898418410e+02
1.083605285223370771e+02
1.061131088555395365e+02
1.064987858708332737e+02
1.121737679694087007e+02
1.055126329296637380e+02
1.110297533899915550e+02
1.131752147385093679e+02
1.056554546156516068e+02
1.121498490156052554e+02
1.151244549662847874e+02
1.099522569422339728e+02
1.151978896338786740e+02
1.071458278104697683e+02
1.129378721361608484e+02
1.124458146910024965e+02
1.116765776881749872e+02
1.172807340882045963e+02
1.121049945410778008e+02
1.153912203331518924e+02
1.101553021310924549e+02
1.162572504268009794e+02
1.119576648834753314e+02
1.168148020143251387e+02
1.101702158536111824e+02
1.157115143936548662e+02
1.170808177339443859e+02
1.101668052393340247e+02
1.150013266320253535e+02
1.191147282956198268e+02
1.125044126792165287e+02
1.170083705887481642e+02
1.208120146416125777e+02
1.147406161477746593e+02
1.191764581008931003e+02
1.224305880522462360e+02
1.164536783300596170e+02
1.202725274328068679e+02
1.147069465175472089e+02
1.186307342707054033e+02
1.237564322769396767e+02
1.161253763823079481e+02
1.221368881143167187e+02
1.232542701167353698e+02
1.180125744307770645e+02
1.213547289529223718e+02
1.266643469490363856e+02
1.191859990375929783e+02
1.253696037933644476e+02
1.259688655348959259e+02
1.226048402019383587e+02
1.247408250237873517e+02
1.203514987463457686e+02
1.227690214025116830e+02
1.289211668762538068e+02
1.206956171981208428e+02
1.280369575838332423e+02
1.270803360546419754e+02
1.257783514340967912e+02
1.256790102822592416e+02
1.323237860010863471e+02
1.238296252850516908e+02
1.314939271219143677e+02
1.328132821563742141e+02
1.284539803987381106e+02
1.289745112268562082e+02
1.290605016521600987e+02
1.280237702330947229e+02
1.347447094623893804e+02
1.265941897849714479e+02
1.339171054217187020e+02
1.359102941988196278e+02
1.274168687289046034e+02
1.356155654520062512e+02
1.397571138671240476e+02
1.307518649808539521e+02
1.384663670459553089e+02
1.414369190819388393e+02
1.328630753493900443e+02
1.402282382854055527e+02
1.338415663637025261e+02
1.395905342038746255e+02
1.382049029986083042e+02
1.368932046864626670e+02
1.393331507552114772e+02
1.433030007152250107e+02
1.372888421358353526e+02
1.423363958648591847e+02
1.462386258499863914e+02
1.399484991704407832e+02
1.455037035591413144e+02
1.384439605113085463e+02
1.445426779813501525e+02
1.447047742124016736e+02
1.399714507146288724e+02
1.441692145114283505e+02
1.505798442743647172e+02
