0.000000000000000000e+00
1.353482578628490955e+02
-4.523705251033010910e+01
4.350474836834488457e+01
-1.920232261373647020e+01
2.389013037589972654e+01
-1.212059572959626408e+01
1.151645238566318241e+01
-1.331075592234059746e-01
-2.894682316509248121e+00
4.364361025420546270e+00
-2.822769327652967508e+00
3.565870675969659676e+00
-2.550488324195633094e+00
3.135592658300555335e+00
-2.123227556897880675e+00
2.706105753881306253e+00
-1.697249693126255288e+00
2.566806374973437777e+00
-1.292892098356802633e+00
2.555525080686711359e+00
-9.105102821204679175e-01
2.614864904042986549e+00
-6.051663949293556444e-01
3.424994113423025066e+00
-3.769234734162240086e-01
3.740998858944666772e+00
1.491745844940267074e-01
3.963394260790210399e+00
2.731282706267421645e-01
4.152768665868511455e+00
4.620769238603614215e-01
4.480754816465897683e+00
7.003031313195908769e-01
4.816874039462731183e+00
9.686676119011515818e-01
5.170375705776499409e+00
1.259099275784545391e+00
5.542601862578965033e+00
1.568193009309441832e+00
5.928790770189775294e+00
1.892930850415786903e+00
5.205293190835743822e+00
2.251854499447580427e+00
6.876761534390763764e+00
9.110184013525991276e+00
1.069362207948772792e+01
8.143554877508380585e+00
1.182513948292472783e+01
8.740832583270979228e+00
1.226349198364461301e+01
9.130334336549797314e+00
1.269125480201138778e+01
9.514649370187818533e+00
1.309749761236242271e+01
9.879779479347414295e+00
1.349572269197316032e+01
1.024066568823682566e+01
1.388780738236051526e+01
1.059721432013334130e+01
1.427759920715921993e+01
1.095217657363386010e+01
1.466543878766816356e+01
1.130572391646809649e+01
1.505204550306797806e+01
1.165815971145902452e+01
1.543730345529068160e+01
1.200929927702981637e+01
1.582110854662156463e+01
1.235890303294343084e+01
1.620317127931081913e+01
1.270663063790808245e+01
1.658318620272661192e+01
1.305211534240810423e+01
1.696080995811093572e+01
1.339496957776140640e+01
1.750167896289145375e+01
1.995190788787806113e+01
2.292968963865386911e+01
1.916898399945053555e+01
2.387806730707426439e+01
1.958784072582536240e+01
2.423658950290197112e+01
1.993347645009592739e+01
2.457865498059003784e+01
2.026387609111744226e+01
2.490191662058359157e+01
2.057722335300505989e+01
2.520864454105585395e+01
2.087501767329746372e+01
2.486346941179011338e+01
2.118894609669474960e+01
2.518357021364485959e+01
2.149264447358493157e+01
2.547087625507763065e+01
2.176940895624408867e+01
2.573805472393016558e+01
2.202830066497775263e+01
2.613917102359885902e+01
2.899689982583240422e+01
3.036577154220227470e+01
2.993030708134583051e+01
2.933313644225703598e+01
3.141899307796286678e+01
2.918484719126405125e+01
3.129995352393524399e+01
2.937562661146014875e+01
3.170217233690760850e+01
2.958681221598656563e+01
3.180850758691592972e+01
2.902646215290586085e+01
3.185322849660447275e+01
2.919843350233579216e+01
3.190558724757751108e+01
2.936963283451874673e+01
3.195414095309357094e+01
2.953960018064931248e+01
3.251491697524629387e+01
3.635636791077266139e+01
3.904642672967329275e+01
3.596545417129804889e+01
3.913177987722295370e+01
3.608208812612179628e+01
3.906378123503874633e+01
3.581364619647131065e+01
3.897699033583977979e+01
3.594288065719357661e+01
3.899102012129748118e+01
3.568397009167291856e+01
3.903252646481901422e+01
3.588887681835253574e+01
3.901186255096995836e+01
4.200561959947622626e+01
4.385008151820531452e+01
4.135644061610813793e+01
4.381931010234703194e+01
4.116022117197530861e+01
4.258515148937129879e+01
4.040919257773851569e+01
4.545497237936606894e+01
4.013827246767932877e+01
4.417403908370748411e+01
3.966558300818630300e+01
4.411744781250906300e+01
3.906583346729261308e+01
4.427420531642102475e+01
3.887239825951768069e+01
4.424004376936163396e+01
4.454997268730938487e+01
4.924683313671831542e+01
4.270149786183763041e+01
4.963059955170325566e+01
4.205068383502583629e+01
4.990691527251566839e+01
4.134825571062216909e+01
4.937122779746599832e+01
4.057162856320309885e+01
4.892670546880236770e+01
4.200234913076948118e+01
4.582617078419213641e+01
4.143213987609381377e+01
4.853475276525040982e+01
4.934532468842436259e+01
5.062219345512389168e+01
5.006723958789167739e+01
4.927007161068811314e+01
4.940568099283181880e+01
4.857254243447303566e+01
4.874219170841538329e+01
4.809024700763187354e+01
4.824149456991242602e+01
4.754439096278026256e+01
4.768708229209819649e+01
5.257246546847742508e+01
5.269932290796540997e+01
5.217272791660413844e+01
5.187546913819846139e+01
5.150714819825926583e+01
5.133192170104702257e+01
5.091931688993984295e+01
5.088973073802322489e+01
5.042533648838323046e+01
5.017997572367029591e+01
4.971764749420399454e+01
4.952550106254835072e+01
5.446395122229893815e+01
5.263067703774335371e+01
5.599433786767755805e+01
5.112557047346257377e+01
5.631666843448286386e+01
4.949686674853275292e+01
5.527380931967846323e+01
4.911585658966969703e+01
5.460311367307532748e+01
4.861432113330077698e+01
5.391938393803263097e+01
5.744125308500939298e+01
5.368898757987604142e+01
5.740656658142560076e+01
5.143416406655937578e+01
5.685328445929538788e+01
5.039835794147192871e+01
5.582455364747141857e+01
5.067917692349018211e+01
5.531952067792933292e+01
4.887006954274377790e+01
5.419799068189013980e+01
5.774305344100238813e+01
5.342329538009217060e+01
5.794745432967651766e+01
5.168884438162066175e+01
5.680652989334357983e+01
5.063600209688719644e+01
5.574503406245164427e+01
5.067617906248912618e+01
5.511076264589630114e+01
4.825273522797495929e+01
5.391762041931945504e+01
5.729832686236047579e+01
5.218394682587055655e+01
5.761710033351058513e+01
5.179916324787931359e+01
5.649409727081887667e+01
5.110848993645323901e+01
5.548866011104023954e+01
4.906722931087104200e+01
5.424402619903542444e+01
5.728734402036606355e+01
5.472502493759466802e+01
5.786709649773516162e+01
5.174445915212611879e+01
5.731998252725446719e+01
5.101265444843204477e+01
5.577257051312105318e+01
5.002653108888860345e+01
5.450015681658993572e+01
5.693534356668696006e+01
5.632312262524263957e+01
5.455537234790488554e+01
5.671250531346955626e+01
5.340019280215984310e+01
5.502769241416284274e+01
5.183288617926628206e+01
5.379765620305908413e+01
5.055774637931407511e+01
5.217641258216416844e+01
5.527821481062643016e+01
5.653542265662852628e+01
5.307191347874290699e+01
5.505330556140000908e+01
5.168111942422763860e+01
5.378562385120949330e+01
5.028585530163922357e+01
5.226332291009929776e+01
4.868478649676090697e+01
5.171652481450874461e+01
5.301207943148118318e+01
5.496385143981979837e+01
5.089914994365562251e+01
5.371697738522796328e+01
4.926513223983644707e+01
5.205690091320419555e+01
4.764621614152115825e+01
5.020141243566150990e+01
5.260430827967082479e+01
5.427304296312656362e+01
5.145608641975550768e+01
5.393113765111719715e+01
4.829693846094606613e+01
5.192804490727900202e+01
4.685010475837221122e+01
4.991928001276583160e+01
5.170946724146159568e+01
5.353576973861946442e+01
4.873296221552660512e+01
5.157854417741290831e+01
4.683000264039223737e+01
4.985559520625308494e+01
4.571312829151870716e+01
4.830593647092840826e+01
5.042000373660079759e+01
5.176780972764500888e+01
4.942616410264329119e+01
5.110282728992906698e+01
4.573914145687374599e+01
4.865472913463005256e+01
4.547746883546246721e+01
4.723196345077082015e+01
4.970549595262735920e+01
5.043559036221122227e+01
4.861719143035817581e+01
4.951289924488470717e+01
4.593659476994586299e+01
4.731446087711523774e+01
4.494418149915169636e+01
4.602536041311935833e+01
4.906857497870818463e+01
4.894479244924111327e+01
4.687192721886511038e+01
4.721584345077738476e+01
4.601555691358203859e+01
4.622046165305519594e+01
4.360043885289714893e+01
4.400243790508994124e+01
4.752603771115123976e+01
4.673846226626150013e+01
4.607977372186378062e+01
4.575518741730585504e+01
4.403829276928882308e+01
4.374809419514028264e+01
4.342182465445407047e+01
4.289491494452354203e+01
4.663829536882592208e+01
4.595148349405029364e+01
4.428576439057291481e+01
4.348083999526350141e+01
4.466518454838900709e+01
4.295280313374836823e+01
4.140156522323766097e+01
4.052311786645501002e+01
4.449432867987790985e+01
4.486978708272430083e+01
4.169806385123474968e+01
4.098189432027967172e+01
4.295876570117801663e+01
3.971889307952938708e+01
4.070633806802235455e+01
4.371275644744418543e+01
4.256284887823120755e+01
4.249798663409902133e+01
4.065402109790824881e+01
4.155450106167807434e+01
3.950433164698017663e+01
3.886134724066013746e+01
4.221374259158002218e+01
4.056608682255013321e+01
4.415495862903642887e+01
3.679544655071083525e+01
4.119108761914433359e+01
3.737453619285177808e+01
3.969205094508244969e+01
4.244443718556500045e+01
4.053761059238715347e+01
4.296679167685845613e+01
3.651098779898777735e+01
4.113171690315372331e+01
3.325428629015046766e+01
3.887247934507688285e+01
4.165153257318311120e+01
3.702059473130572087e+01
4.108650340729796824e+01
3.295819857765138750e+01
3.872927608363954732e+01
3.244436936129771709e+01
3.712347696602120806e+01
3.850387971422529887e+01
4.044317461647127487e+01
3.625249845815298499e+01
3.731247214970794346e+01
3.470729764841424014e+01
3.586103405151908419e+01
3.309102561642489349e+01
3.426687357913293397e+01
3.681112024041853914e+01
3.889642671585310296e+01
3.215889678011397734e+01
3.610254322477610600e+01
3.057950146075275200e+01
3.448409718135775393e+01
3.641843247724897736e+01
3.777151586327870092e+01
3.383353813764051665e+01
3.696021529357018665e+01
3.137348722222874287e+01
3.440933167949975768e+01
2.883768988354830398e+01
3.205026831856482517e+01
3.299701724531890079e+01
3.520653550913363716e+01
3.179836656869430556e+01
3.438610282008271923e+01
2.821468370190327235e+01
3.191880065355980278e+01
3.340984271594489030e+01
3.504024085713393077e+01
3.222417410465866539e+01
3.448280877561098379e+01
2.976574541308950117e+01
3.192827297572281608e+01
3.379965929776626155e+01
3.504231887930262701e+01
3.242183404947476788e+01
3.423167749346269773e+01
2.978646299196486424e+01
3.168823631817308240e+01
2.789079493794311304e+01
2.986895848268950360e+01
3.214612405618363766e+01
3.286826124046464770e+01
3.175392237657543149e+01
3.251107193249787031e+01
2.848034488794888119e+01
3.009206431049615915e+01
3.291529724790433420e+01
3.290597837604630627e+01
3.168410466488921173e+01
3.207794193831789187e+01
2.917448064602008984e+01
2.971847690436152689e+01
3.291731358557733955e+01
3.289151982135266650e+01
3.087706205490110634e+01
3.098233582707856826e+01
3.164256018311818153e+01
2.921868807701203608e+01
3.308299591496038516e+01
3.322996944131918440e+01
3.125791467283360703e+01
3.094621613102384927e+01
3.308442170905462376e+01
2.572326464983954253e+01
3.160094183661930956e+01
3.226681456513322388e+01
3.457860891420375538e+01
2.941323633827486361e+01
3.241763731006216176e+01
2.855339792200929594e+01
3.230598338891135057e+01
3.528861395638615761e+01
3.048098549017394632e+01
3.469127878660256670e+01
2.933203389253339211e+01
3.241570348476686547e+01
3.540566336371593081e+01
3.394921510492965666e+01
3.338038818375043348e+01
3.185527835057697743e+01
3.294343655967842466e+01
3.090268350345622039e+01
3.017666214086889198e+01
3.367179656990061432e+01
3.265144476291860087e+01
3.536665721020319353e+01
3.069784509597105071e+01
3.399388888861102487e+01
3.700116181931498005e+01
3.125901154319107889e+01
3.634811155393926185e+01
3.056954445793383002e+01
3.484175314703694681e+01
2.879522561622968624e+01
3.268531312220176233e+01
3.546325119747803001e+01
3.460527917958619781e+01
3.346728903139741362e+01
3.411567976385835266e+01
3.104686264374565141e+01
3.452674990468830885e+01
3.483415037921442092e+01
3.692765731659594053e+01
3.266185041542058087e+01
3.570531589709141684e+01
2.879673530643258061e+01
3.329953514164942163e+01
3.567567783947865223e+01
3.669660327160408997e+01
3.305515978600782745e+01
3.514828720597147083e+01
3.134600660872592215e+01
3.422684510606490704e+01
3.572145694669131188e+01
3.722561784615300695e+01
3.390415321792024628e+01
3.607090980824703763e+01
3.183633170020722858e+01
3.503405757923034969e+01
3.672007142937219015e+01
3.791989695631440327e+01
3.495865554021498411e+01
3.735622393357551374e+01
3.231913694590018338e+01
3.542755178388270565e+01
3.730957337916057526e+01
3.936059369773860794e+01
3.376492211005961508e+01
3.698402885120171391e+01
3.871409897405337119e+01
4.087075000412338710e+01
3.963047946745891181e+01
3.851195338267167756e+01
3.915821670121997045e+01
3.457555855794280575e+01
3.722326057670024824e+01
3.961061819596794464e+01
4.056701811484065701e+01
3.766045392641083112e+01
3.913018686471529151e+01
4.187284530510391534e+01
4.236672251918410126e+01
4.068268973721108495e+01
4.147005260585304143e+01
3.833116335410962705e+01
3.978894316208049275e+01
4.289266456095130309e+01
4.344477907306114162e+01
4.074459960793519286e+01
4.126405257482569056e+01
4.197806604947673037e+01
3.886761229337303547e+01
4.274514240209825289e+01
4.409622377610832444e+01
4.186920910123562578e+01
4.224626156753269868e+01
4.052219180651738384e+01
4.448842561376240923e+01
4.332386829535087003e+01
4.702898829975093520e+01
4.077915807064825060e+01
4.523197264068512879e+01
4.812674799242149959e+01
4.589594861808630100e+01
4.616908954242789065e+01
4.503277646287633473e+01
4.398683208308921877e+01
4.302865297603180750e+01
4.702621703309441159e+01
4.900631147185222858e+01
4.325588625446088997e+01
4.809284167268311450e+01
4.101613236320801548e+01
4.607239737731660512e+01
4.937200901950129150e+01
4.563812946647848889e+01
4.731121544653176159e+01
4.610927988280270284e+01
4.580706715930404016e+01
4.897524139739594773e+01
4.987112138895713542e+01
4.718110238993732253e+01
4.863575116724449998e+01
4.596408434703933921e+01
4.915184560672183522e+01
5.022463011726788551e+01
4.958788383963760538e+01
4.993355706896892343e+01
4.707970153166028382e+01
4.837533651393476219e+01
5.145684276138045021e+01
5.270646549744350295e+01
4.717935054901950309e+01
5.076469627623365710e+01
4.536381566870696247e+01
4.952360519913941772e+01
5.025573642025260312e+01
5.346629190378585861e+01
4.781549976983816208e+01
5.126360608317499157e+01
5.310028341214739811e+01
5.442067811391552112e+01
5.048865405272889717e+01
5.244527504771927795e+01
4.920980265846481672e+01
5.134808945125884350e+01
5.348206118629924788e+01
5.520348012792282333e+01
5.036880751831078840e+01
5.274540617429508416e+01
4.942447116770695459e+01
5.179193022137671676e+01
5.346727987783032887e+01
5.585339898070773756e+01
5.007045742029197299e+01
5.296192180046500653e+01
5.433570555897507148e+01
5.674233586171223465e+01
5.396081877754738088e+01
5.621076513556054266e+01
5.063407182696227693e+01
5.406975321214712693e+01
5.519943899071336091e+01
5.760807714936193236e+01
5.273920565083615486e+01
5.517948071266918220e+01
5.804666975283987540e+01
5.817259004426487934e+01
5.441616842143747590e+01
5.610835465353505924e+01
5.375594981226313251e+01
5.586155583098092592e+01
5.649331357273783993e+01
5.940478898533570629e+01
5.501713511247614719e+01
5.841298064452190886e+01
5.956873666361337172e+01
6.002412663642986956e+01
5.684401444387370361e+01
5.734337218905104550e+01
5.525245064753492130e+01
5.710846752764437895e+01
6.010039191913055845e+01
5.886666919730231484e+01
5.891813996142076348e+01
5.790519497224466505e+01
6.124307059489759553e+01
6.222753755948766496e+01
5.720723348918588158e+01
6.147257031203636046e+01
5.356459781557112620e+01
5.909129639937840750e+01
6.224018480262789410e+01
5.941084826628048177e+01
5.953860681701467428e+01
5.771923786345574570e+01
6.152214338532688487e+01
6.223538044723005669e+01
5.975546035354253149e+01
5.948458347318704398e+01
5.733450945006160282e+01
6.112521182418811350e+01
6.166200833017697391e+01
6.284743851705128037e+01
5.546321982268954542e+01
6.104077744810907546e+01
6.370612379943961656e+01
5.979035410708608822e+01
6.308671442688410735e+01
5.746999184308914721e+01
6.131076139533301017e+01
6.363010907856871512e+01
6.367444413649064927e+01
6.013317073045386252e+01
6.193756023770237817e+01
5.813525033964272382e+01
6.098288233465076047e+01
6.161701325526852457e+01
6.369364053927342439e+01
5.663216912419876792e+01
6.107976223214012634e+01
6.299381334551829781e+01
6.414523065480175035e+01
5.985739170884933458e+01
6.241823319344031518e+01
5.662965886236817425e+01
5.961790814882424172e+01
6.072748936535205644e+01
6.281240445859746302e+01
5.683524152092117987e+01
6.025008999025159540e+01
6.132293173496783112e+01
6.314511978530760672e+01
5.814301809374261865e+01
6.129492549084957176e+01
6.283676825350426043e+01
6.410883788775615244e+01
5.988000907086789937e+01
6.190192941315572028e+01
5.707532351257500380e+01
6.070233761879003964e+01
6.103486174664089248e+01
6.319009259661271471e+01
6.051992248810680053e+01
6.162670519306959704e+01
6.193331454856160434e+01
6.444753626780050126e+01
6.122149131631728380e+01
6.291348206777011853e+01
5.723921893441807640e+01
6.024016302079999008e+01
6.055931439048008968e+01
6.311053748534124708e+01
5.964267615712088144e+01
6.164885985026773341e+01
6.384099895893685783e+01
6.224396664300042659e+01
5.949432772390905200e+01
5.944690355428117812e+01
5.859240473843635755e+01
5.954062701003729075e+01
6.231019408914585256e+01
6.048586331035517105e+01
5.871408217563661225e+01
6.183132328955661450e+01
5.948076463049527973e+01
6.303725402230502795e+01
5.824872580733002536e+01
6.143913815325682748e+01
6.406771159093715085e+01
6.027643484010887676e+01
6.131572568965454906e+01
5.884385588820460811e+01
5.800879041386197343e+01
6.155275195669253208e+01
5.835491505158732650e+01
6.178498620684352716e+01
5.549583385497716392e+01
5.892943291388067450e+01
6.146575977606627816e+01
5.835683052687951289e+01
5.888815268906999023e+01
5.587108027222269158e+01
5.923681065222468334e+01
5.967644709758631194e+01
6.105222262946164591e+01
5.498152477470369348e+01
5.789514008521141619e+01
6.008130521759591858e+01
6.193199385337445761e+01
5.620465200575353748e+01
5.888431220833697211e+01
5.279860358864721093e+01
5.596731874990707212e+01
5.785732715442264862e+01
5.848239178544641703e+01
5.416261117000584591e+01
5.635260538881685477e+01
5.715464704126460305e+01
5.909469136125583333e+01
5.334015369707358190e+01
5.610036466543436262e+01
5.693500596438584438e+01
5.855199039548904949e+01
5.367034431939268302e+01
5.613357039631048906e+01
5.738603668400158142e+01
5.862391526188051216e+01
5.451370980506271735e+01
5.612329233797648698e+01
5.187577123719113814e+01
5.354602525729314522e+01
5.528452192890878791e+01
5.579094155775964481e+01
5.368252301195587961e+01
5.585386851709728973e+01
5.701603306556958017e+01
5.666293192340759077e+01
5.231269059335986071e+01
5.365562351189092993e+01
5.596106553043041032e+01
5.563246667336147055e+01
5.426304508588830089e+01
5.432338171440946439e+01
4.917640934904783023e+01
5.164059543697348431e+01
5.267608079973439317e+01
5.258878425061174511e+01
5.222599334265471072e+01
5.290540499389429385e+01
5.542660351635169746e+01
5.383611526761333721e+01
5.126686602899290790e+01
5.071582376320640861e+01
5.365666745116620717e+01
5.287174235074081707e+01
5.191443854541288516e+01
5.059351695184528097e+01
5.363841454583855750e+01
5.479145367171006598e+01
5.082628348557709330e+01
5.379616894164695395e+01
4.664020206934411306e+01
5.053919779735576157e+01
5.299860499018345195e+01
5.029023013843923451e+01
5.087252655454431505e+01
4.822627195542899869e+01
5.122781468679745132e+01
5.083262617089531687e+01
4.887813207772416035e+01
4.896998400600141821e+01
5.222565179166589644e+01
4.951072981265404138e+01
5.138384045184474047e+01
4.652125638356689308e+01
4.929030598680215292e+01
5.137394109041029111e+01
4.930114231062128738e+01
4.763005698448768044e+01
4.919150313293538801e+01
5.114550760389307982e+01
5.205893671997965555e+01
4.470641002908210027e+01
4.918819324886695199e+01
5.086145365746300229e+01
5.116300297736184177e+01
4.748331590382174028e+01
4.911669344171443896e+01
4.327547684727440469e+01
4.661433594100792988e+01
4.714063428579775206e+01
4.883578715408721393e+01
4.422261311770843406e+01
4.646094497866626938e+01
4.747513549970719993e+01
4.877631830339546326e+01
4.575524800024685135e+01
4.707229793865972312e+01
4.840738058568017266e+01
4.972545168627664225e+01
4.471563957112854126e+01
4.632394466569873970e+01
4.757182626431151107e+01
4.844298358425390205e+01
4.737422123401394458e+01
4.669902069946609657e+01
4.290281978494466841e+01
4.471471977365285255e+01
4.660704273559152000e+01
4.660926685813329584e+01
4.300762593822451407e+01
4.412018166394194196e+01
4.621153047121736535e+01
4.612996840035113166e+01
4.617665561300281496e+01
4.646745615556690723e+01
4.887486031941160292e+01
4.774508210841342759e+01
4.391435173094244959e+01
4.439160357101744125e+01
4.691885808552837034e+01
4.697326119973488545e+01
4.792324309018841433e+01
4.145485490263411776e+01
4.590900706807253329e+01
4.703666441517491847e+01
4.600946123751427308e+01
4.468276100698355435e+01
4.822643064124163459e+01
4.595229921624066804e+01
4.921887579371769306e+01
4.297879976325152995e+01
4.619120311538749490e+01
4.878008417923656737e+01
4.601633059829508454e+01
4.693760375973390353e+01
4.419933731139543198e+01
4.769944136635947984e+01
4.628787422124570838e+01
4.513166106964419555e+01
4.785260485804784736e+01
5.040740810806619265e+01
4.482606806017145118e+01
4.754624422241751347e+01
4.529606221339036409e+01
4.504137619105291179e+01
4.764892592340747512e+01
4.940755730650584354e+01
4.446538602954145603e+01
4.699629525768747840e+01
4.899504888132322122e+01
4.916720033118100019e+01
4.512711110343499143e+01
4.722312277018194493e+01
4.922995502858427130e+01
4.955686234062776663e+01
4.537715115684733291e+01
4.764089549584073069e+01
4.274117841745641755e+01
4.422934960247073377e+01
4.631360119392242325e+01
4.725060941957897853e+01
4.414464615422056681e+01
4.591035154078277714e+01
4.763153524284702911e+01
4.875060572487110733e+01
4.414987545854966555e+01
4.643310937735736132e+01
4.739060110225393174e+01
4.902166294201537511e+01
4.579466195892770486e+01
4.812014077973023518e+01
4.911745871794835949e+01
5.029937820720572006e+01
4.584938293045493651e+01
4.873586229116160951e+01
4.906787792453511088e+01
5.117350798508075371e+01
4.634017615396149381e+01
4.919628705735338059e+01
4.945622712520398068e+01
5.176790271656623332e+01
4.752306480746497641e+01
5.066241954242393319e+01
4.392561679024706223e+01
4.749452818923103337e+01
4.720023411493962584e+01
4.992367743198884966e+01
4.698535893873435043e+01
5.005959828487584673e+01
5.024119826658618848e+01
5.029085881176616368e+01
4.899870134875981620e+01
5.216941927872593254e+01
5.188867395439428520e+01
4.751361094728635237e+01
4.760978190042170866e+01
5.097652180566833380e+01
5.355784303444929861e+01
4.806933986097021716e+01
5.197945864619300949e+01
5.466191080123722656e+01
5.120034743242449338e+01
5.170441337810267157e+01
4.951706449345972061e+01
4.860753537741136654e+01
5.233511834474880686e+01
4.959192915066036988e+01
5.305532631659531262e+01
4.492261618131056622e+01
5.024039253818980200e+01
5.278277288277485013e+01
5.010940179450341248e+01
5.147597088409949606e+01
5.389858252510260428e+01
5.580770566557233536e+01
4.858374152606857166e+01
5.289232918566138153e+01
5.512724491301030838e+01
5.576903535166290737e+01
5.179113063276675177e+01
5.254478308319261970e+01
4.878183913444829045e+01
5.124990702683165011e+01
5.167763495213736036e+01
5.403645411040155011e+01
4.814622157696015137e+01
5.147186296356393598e+01
5.213071796371491473e+01
5.445553842670147304e+01
4.768133788406561280e+01
5.134980424931197973e+01
5.232715099773341905e+01
5.391171176131927467e+01
5.108817087969141824e+01
5.301254588709026194e+01
5.420520887009230648e+01
5.547561057737276258e+01
4.977024188292291740e+01
5.225277245159350059e+01
5.395705509670808198e+01
5.447979789326102917e+01
5.420965869360962586e+01
5.494710204886001748e+01
5.703079238739150014e+01
5.637880640147929512e+01
5.231887524615972040e+01
5.346030330357832838e+01
5.564055895299598120e+01
5.567106499658470398e+01
5.348167772631362737e+01
5.393400288422702715e+01
5.639751523613417561e+01
5.592749054378745655e+01
5.433736953102992118e+01
5.409194049300702289e+01
5.697143717129920759e+01
5.594991773903438315e+01
5.462292134234644436e+01
5.385200075274928366e+01
5.684031790805480711e+01
5.868037371103537936e+01
5.207164369283053418e+01
5.584225768018684022e+01
5.853264518672850869e+01
5.616674908429616409e+01
5.783098196733777030e+01
5.438866177331375695e+01
5.793628479328582870e+01
6.009337434550119639e+01
5.384911895196798781e+01
5.721451807939494216e+01
5.980255784614291770e+01
5.670620679437482181e+01
5.679472109052926498e+01
5.419141506965634392e+01
5.750552962422333536e+01
5.894639807876875892e+01
5.490209684729731521e+01
5.856319989882014454e+01
6.071014444600892546e+01
5.532393219160709208e+01
5.907702138830408956e+01
5.532957234586135797e+01
5.573733586446404331e+01
5.801454908221347040e+01
5.973393418388077691e+01
5.451773211163671107e+01
5.705639762839515328e+01
5.900308429003725053e+01
5.744809093219550533e+01
5.621838244153226327e+01
5.624153540268931550e+01
5.835520193325694294e+01
5.976470839075779651e+01
5.348888975139687574e+01
5.652025085178517827e+01
5.768766942144817023e+01
5.894003796226925118e+01
5.537641956649152064e+01
5.709502339175385544e+01
5.833206918691931264e+01
5.973596193432516799e+01
5.476503162875182085e+01
5.634688529987153061e+01
5.726696030699511653e+01
5.911576914074735356e+01
5.696756487369766120e+01
5.595276755216475806e+01
5.689795815834413162e+01
5.908015286227756491e+01
5.748498593417769342e+01
5.438144735804193175e+01
5.516644773971346183e+01
5.752087067928578534e+01
5.711809027760902779e+01
5.496701963481045539e+01
5.531703672015758144e+01
5.792393028651258646e+01
5.702409292867800872e+01
5.530195951917558261e+01
5.587885585056536542e+01
5.841924078001101606e+01
5.716280129111791553e+01
5.568676101950452306e+01
5.724517537838181624e+01
5.728735119152321431e+01
5.923550487696158484e+01
5.269267663912979316e+01
5.584444782937374185e+01
5.828725752900146517e+01
5.593692992758239058e+01
5.797570982517080296e+01
6.067459263151371829e+01
5.762510999598006123e+01
5.699252025264174648e+01
5.474070679530299088e+01
5.581763703366276985e+01
5.871460067480015255e+01
5.542664552788394161e+01
5.587300735178587985e+01
5.337348111897705394e+01
5.617936409167762690e+01
5.643584091272676773e+01
5.566888184718330734e+01
5.852378366004636234e+01
5.800568588932666358e+01
5.524358996934599020e+01
5.750598339606674614e+01
5.893602511460808557e+01
5.971669982698945489e+01
5.586864676419795472e+01
5.658906338598486485e+01
5.226767502425612832e+01
5.456608126424929850e+01
5.521054850884590337e+01
5.690937307338797524e+01
5.012512447954595984e+01
5.387480668765991965e+01
5.540115763174994612e+01
5.612689024444581776e+01
5.135436747415160141e+01
5.400399070462084694e+01
5.516621641809646093e+01
5.623015579726892099e+01
5.120364846811723680e+01
5.361418038773649641e+01
5.496909052341681701e+01
5.580486754469194466e+01
5.274924912414522282e+01
5.395239785906287011e+01
5.553611746902962665e+01
5.629263556517914679e+01
5.797475193376056524e+01
5.833772184602332800e+01
5.392660928418561639e+01
5.504650459118756345e+01
5.199594739492637530e+01
5.558999634461950023e+01
5.548825440668019837e+01
5.709078751999020085e+01
5.142949141802885293e+01
5.441403070449991475e+01
5.393798935908031211e+01
5.641296588332155437e+01
5.350139103457620138e+01
5.626349946928212375e+01
5.545287161428921507e+01
5.550211471298231913e+01
5.783381861624534537e+01
5.590650179348886439e+01
5.837392236613819563e+01
5.162870515148186712e+01
5.582316780153012559e+01
5.828432206491158496e+01
5.581445876015511942e+01
5.585884604792292407e+01
5.902961069877445510e+01
5.626673483225749806e+01
5.868403003361975578e+01
5.010979066821807493e+01
5.577593353648717311e+01
5.825026172076252351e+01
5.497438190599681462e+01
5.520289484771208777e+01
5.832729885399362502e+01
5.734437931471627792e+01
5.887312798894195254e+01
5.144981686813610366e+01
5.659657529300964995e+01
5.871840278744707575e+01
5.304470927343236752e+01
5.619611637905084933e+01
5.744137041327869042e+01
5.920039294316413248e+01
5.241701974306148060e+01
5.669224484252598728e+01
5.856289181374260266e+01
5.924077496879048255e+01
5.493858786236081926e+01
5.689479194936474471e+01
5.817149623761675059e+01
5.901758040338165046e+01
5.427324098627954641e+01
5.617202513030203903e+01
5.747640301913466487e+01
5.891284141394635299e+01
5.422656020562919110e+01
5.603030169315224640e+01
5.707277861607435909e+01
5.861709921489982378e+01
5.580722305832971841e+01
5.773903819300326745e+01
5.835786882729438219e+01
6.004376852014818411e+01
5.381507852425305316e+01
5.628565973465649819e+01
5.674487050982612146e+01
5.878146995813440157e+01
5.769770206768087917e+01
5.335427873990852277e+01
5.456671554399157031e+01
5.676764982647667068e+01
5.657640411887027909e+01
5.577428982657220047e+01
5.580042820553034488e+01
5.839667861512270974e+01
5.740742250456296603e+01
5.387165105888982453e+01
5.467633489357044141e+01
5.741350798185167292e+01
5.611435656099828861e+01
5.725065218038394477e+01
5.746545967417186773e+01
6.025801718391574013e+01
5.664546787571194386e+01
5.802203049117829181e+01
5.935271862504233553e+01
5.818223504410167379e+01
5.652174734656144039e+01
5.501349097198259841e+01
5.836386535980207668e+01
5.939798287578815206e+01
5.676791487109604617e+01
5.679439399258640719e+01
6.001885839001309364e+01
5.680635508279838319e+01
5.843812922059689896e+01
6.133256927386871382e+01
5.971320334843110800e+01
5.947931058481285049e+01
5.640511157464311509e+01
5.967146967548801939e+01
5.945230913084207458e+01
5.746563631580657017e+01
5.845506410581542411e+01
6.061842491674259747e+01
6.217834307262645410e+01
5.687576457293969412e+01
5.939853114085998698e+01
6.103832772135631046e+01
6.169359127546682942e+01
5.744165602011751304e+01
5.934361222198745622e+01
6.058036247652907491e+01
6.139827728386285344e+01
5.662322580849409093e+01
5.901080805337223723e+01
5.988233676111682513e+01
6.118836665207651748e+01
5.663908956857933674e+01
5.853891689171070567e+01
5.940970572121204185e+01
6.099982732117202744e+01
5.713734163172752289e+01
5.943708069068357958e+01
5.995069982720897173e+01
6.150716751727463816e+01
5.697415856250035660e+01
5.926908209280676232e+01
5.958084497991377049e+01
6.141557154357874282e+01
5.716410992610235553e+01
5.993890666134503675e+01
5.992701591837118258e+01
6.191437441505557615e+01
5.620661115890862902e+01
5.891221329027280973e+01
5.846890095879139437e+01
6.093392301058315041e+01
5.863297010772549100e+01
6.148438401164161604e+01
6.094671807766591343e+01
5.955003198716708113e+01
5.853415760837761894e+01
6.144417555469635772e+01
6.123198577605381132e+01
5.760501473801225103e+01
5.696506264709604750e+01
5.993346540061841665e+01
6.231504513033029014e+01
5.795685310378267729e+01
6.067979272652385703e+01
6.306913870969492564e+01
5.889136891887737590e+01
6.056223226493803935e+01
5.683575700305304679e+01
6.006920700848889538e+01
6.104351592800611570e+01
5.747869230751750536e+01
5.830519317591051021e+01
6.106165880433037785e+01
5.856178648974833578e+01
5.868285350502849695e+01
6.169068441307908301e+01
5.894385877176321031e+01
6.170135737993804526e+01
5.546539489224321073e+01
5.881925275439449052e+01
5.993780656265036555e+01
6.143854428538153911e+01
5.606628629572252720e+01
5.831818133016889760e+01
5.944612697264457779e+01
6.016937486613535668e+01
5.376610449992500662e+01
5.685501575858527445e+01
5.833870791941218670e+01
5.909256752510279398e+01
5.510326014790433646e+01
5.681668035406212169e+01
5.805268993398115640e+01
5.889938732589809689e+01
5.445102579815706889e+01
5.644800558159462867e+01
5.780994194313406354e+01
5.830095768658510025e+01
5.520747373256615020e+01
5.612812184633134649e+01
5.753758831999282108e+01
5.801633899795941574e+01
5.997454998517944347e+01
5.992678853626269841e+01
5.834791546258558270e+01
6.061220573199818062e+01
6.020488651977260730e+01
6.112431326819596933e+01
5.628339172338938567e+01
5.804686195545814797e+01
5.952234689253369027e+01
5.851573212635783250e+01
5.679303088379004549e+01
5.631125963768251097e+01
5.880039628529081597e+01
5.774980539662538348e+01
5.645620788890237662e+01
5.546447552516445967e+01
5.805917467303691382e+01
5.858986117285048323e+01
5.414735731754173997e+01
5.781205235858396918e+01
5.987448866687400084e+01
5.696303805718522284e+01
5.594065659587150208e+01
5.904551411587230092e+01
5.619555912523806995e+01
5.918028722478717896e+01
5.280059169969993604e+01
5.618719333091629409e+01
5.850137833908380003e+01
5.537207197671804693e+01
5.555260612201801251e+01
5.833560341359137169e+01
5.691980564639765561e+01
5.632951414776263732e+01
5.331339311286424731e+01
5.613697105350927075e+01
5.779689887595159092e+01
5.066554272384272650e+01
5.525935560500006716e+01
5.638384234323235944e+01
5.824719683092138212e+01
5.069535472367186202e+01
5.446560935289087269e+01
5.616934288572362988e+01
5.679390631084309149e+01
5.246410213309932402e+01
5.435836855449549887e+01
5.513668580016295806e+01
5.642113240980194888e+01
5.285689658981082317e+01
5.469888955115584395e+01
5.576843532973068562e+01
5.687726282336605266e+01
5.798173195346190312e+01
5.902783155034602203e+01
5.366548472050894247e+01
5.513702350628078364e+01
5.624862408988630591e+01
5.688699520200565019e+01
5.746627388896872901e+01
5.224480118335020506e+01
5.444931630078374951e+01
5.478059730904625013e+01
5.650839314860959206e+01
5.464504496516059362e+01
5.712208881511766378e+01
5.683589021093103355e+01
5.409330325311577070e+01
5.447376294387523643e+01
5.674910056496410249e+01
5.601737231808800033e+01
5.366616622268485770e+01
5.347060727569441241e+01
5.593135029848475170e+01
5.533306245995910899e+01
5.398281121431365648e+01
5.560605723648783538e+01
5.508727981855216882e+01
5.783055916810835839e+01
5.258056966176877012e+01
5.614929564848670651e+01
5.648100012378824175e+01
5.582510066334055665e+01
5.287641238559734802e+01
5.680910936838801462e+01
5.413298917482428152e+01
5.715597348980617198e+01
4.827876560351796087e+01
5.378648372097843833e+01
5.617990501939932102e+01
5.310265067956138552e+01
5.379414988541437026e+01
5.679287823967490567e+01
5.543246896698963866e+01
5.649756544638017175e+01
5.919233276206486494e+01
5.342301960593128030e+01
5.761660109313534406e+01
4.871755766218456785e+01
5.327776925379875195e+01
5.531644582858048409e+01
5.700676772257930480e+01
4.992494138218157929e+01
5.412569432089777877e+01
5.591423377901784164e+01
5.649559219136203581e+01
5.187204274670107651e+01
5.394984208348888899e+01
5.470022407782234808e+01
5.610517787590782035e+01
5.111234381905965307e+01
5.385383553759311326e+01
5.516181935272383896e+01
5.595996511466211842e+01
5.724771447848266348e+01
5.819259090635662091e+01
5.624010079540700957e+01
5.581969101447280934e+01
5.768884138712225251e+01
5.827440848280465246e+01
5.495504891504182154e+01
5.605858819074238397e+01
5.795271148927023575e+01
5.809818685496470181e+01
5.509271709555721230e+01
5.611970651512403663e+01
5.829184140899980804e+01
5.791975146356926984e+01
5.388753301429289877e+01
5.459916794559982378e+01
5.707733672389217361e+01
5.629695937610041057e+01
5.763601592314680744e+01
5.794431368665507875e+01
6.025194871734915836e+01
5.569452221218540444e+01
5.861620550936857654e+01
6.022496454141631261e+01
5.737396576907137558e+01
5.777046304183731706e+01
6.068848233957657357e+01
5.839464034807971160e+01
6.069138754802316527e+01
5.364105073415420577e+01
5.813087605971768568e+01
6.044729533693001855e+01
5.730083243500525469e+01
5.724828570313032827e+01
6.050759339683519045e+01
5.731246138381028743e+01
6.018863719710243743e+01
5.253532923865693505e+01
5.695437001609676031e+01
5.931256181473052891e+01
5.640201707792833474e+01
5.996917168198429238e+01
5.933675113276182600e+01
5.987735845234747245e+01
5.512942124300242597e+01
5.822925239826385280e+01
6.009401807088101322e+01
6.037115517653286645e+01
5.635100924956820023e+01
5.846908122534833296e+01
5.928196537419514556e+01
6.067292929382014677e+01
5.390959876032125919e+01
5.736090759446607024e+01
5.885644924649520959e+01
5.971446988715241133e+01
5.515736512699325544e+01
5.707621584251909752e+01
5.844278345784177731e+01
5.932687062355249452e+01
6.065752719739083432e+01
6.163807188021730354e+01
5.922583425801116874e+01
5.969725537478110766e+01
6.157670803052706532e+01
6.197897633998280753e+01
5.769026665514592622e+01
5.880896410345680891e+01
6.056971872401261692e+01
6.087324842482363607e+01
6.015111892140625116e+01
5.687815265048840985e+01
5.964240282974212448e+01
5.975086371720650646e+01
6.118826117827607192e+01
6.181958062636041262e+01
6.326771455203880379e+01
5.689459349824706180e+01
5.953063299817761589e+01
6.183893624047342996e+01
6.032352961967301042e+01
6.243339769308897758e+01
5.805580981953626463e+01
6.079710955462637401e+01
5.934519679320383290e+01
6.166367604224805632e+01
6.430767230444206461e+01
6.182530188301173979e+01
6.091305681647953207e+01
5.891873747925602345e+01
6.210333284183221281e+01
6.396588618205129251e+01
5.742234967034428195e+01
6.098502517769995279e+01
6.339550286706490567e+01
6.010973954827855437e+01
6.032658423077808862e+01
5.743628293259480699e+01
6.045240332309185760e+01
6.161955471886678026e+01
5.793341822936057639e+01
6.156225387356765566e+01
6.216805763086355796e+01
5.986067901036555838e+01
6.012143884296460783e+01
6.299913496735418761e+01
5.988735816248245669e+01
6.207612295591116691e+01
5.712338099333774721e+01
5.916029599243296389e+01
5.975926118516136398e+01
6.138530087476147656e+01
6.272982639122012216e+01
6.362563601560070481e+01
5.903409891776031060e+01
6.086182238130047750e+01
6.178249068875339134e+01
6.281818452059930280e+01
5.916319466668654314e+01
6.088196869918252929e+01
6.194989899562772706e+01
6.271491817593573614e+01
5.758677018401827752e+01
5.900346307320941719e+01
5.960652689134933979e+01
6.103514707163682118e+01
6.080647825486197178e+01
6.280885111820149547e+01
6.267277077976354605e+01
5.846910795332839683e+01
5.944780314351152128e+01
6.156849836841204393e+01
6.112264540703936433e+01
6.059633981680389780e+01
5.870581381197186488e+01
6.142995099988522867e+01
6.035646211823746654e+01
5.794536881938763884e+01
5.941801780018169410e+01
5.938788169558523578e+01
6.144473232956767816e+01
5.783378922368572717e+01
6.041681241816561254e+01
6.119255747762162656e+01
5.930782009150649969e+01
5.718175668022011848e+01
6.029625011773303811e+01
5.792011946081784401e+01
6.084615546924847251e+01
6.320424198266619698e+01
6.028733789892041983e+01
6.096064642901747277e+01
5.820515930359988488e+01
6.107077365395084456e+01
6.136716291066682061e+01
5.819936363654338152e+01
5.745125135719850107e+01
6.041957474939405159e+01
5.826644268928748716e+01
6.103752063700580521e+01
6.317214781992689865e+01
5.698046906206378281e+01
6.097427261581779590e+01
5.444928627622073947e+01
5.809627646238219967e+01
5.982913081640133157e+01
5.848389360313761642e+01
5.555921323582313676e+01
5.755985795467885424e+01
5.905405072835630875e+01
5.882658700203781166e+01
5.541952042369410236e+01
5.740824351761562383e+01
5.874025687625543668e+01
5.721610475711701582e+01
5.842299752279122771e+01
5.997327114396067316e+01
5.735302208039102112e+01
5.892221410806827464e+01
5.994945746904291184e+01
6.092446011702273978e+01
5.580707967451790807e+01
5.703307845769094797e+01
5.817924824203219458e+01
5.896943258114244202e+01
5.501120630006444401e+01
5.671752160423890388e+01
5.802383039812004029e+01
5.795243481036138178e+01
5.535456512291676034e+01
5.592792614997463119e+01
5.788779994847742216e+01
5.759675559715488902e+01
5.631943462662352573e+01
5.713574375970524954e+01
5.920089843481024161e+01
5.802019267810453584e+01
6.052272423428096459e+01
5.957731052362581892e+01
5.673076705539883591e+01
5.617336078943124988e+01
5.876679622436162731e+01
5.912191133809961485e+01
5.823566709040788680e+01
5.472308674722118838e+01
5.846047206786007422e+01
5.640019483682669232e+01
5.917435323554843762e+01
5.258312139967510035e+01
5.675747305171234558e+01
5.902605180960222953e+01
5.594039658921695946e+01
5.885637588190567016e+01
6.026849799435335342e+01
5.411597831080952403e+01
5.839424407668176542e+01
6.055502278605216304e+01
5.729649706364993733e+01
5.927074145024469942e+01
5.415712643312984653e+01
5.787929261295793282e+01
5.843878564977610779e+01
5.516658610511154848e+01
5.712363813578199512e+01
5.734873839006962726e+01
5.919400166005074482e+01
5.363005794667848392e+01
5.694885910281848851e+01
5.792125579576151040e+01
5.888198906215771444e+01
5.240724150154681382e+01
5.577444132565405965e+01
5.723681143206816557e+01
5.815855178655416324e+01
5.936826905881142835e+01
6.087102968197942232e+01
5.547011393880791275e+01
5.748348691966607049e+01
5.829431568418380039e+01
5.964344899301919867e+01
5.573561875675952137e+01
5.718252387300488948e+01
5.841407155734260925e+01
5.901770439050023498e+01
5.870982822675430413e+01
6.066946861758440690e+01
6.080048276071530466e+01
5.783047718922188096e+01
5.851944242109323113e+01
6.063307017734632609e+01
6.026022697064426836e+01
5.638542557327508575e+01
5.690623252876943639e+01
5.932073119310571485e+01
5.852979543081137592e+01
6.016260338834395327e+01
5.919893906967479325e+01
6.192335907879418500e+01
5.860862237626965765e+01
5.968207737966285720e+01
6.029707486417451889e+01
6.203580731004306159e+01
5.497868704566081988e+01
5.880025737698517219e+01
6.121048062918757893e+01
5.882431442479754224e+01
6.118944807857106838e+01
6.397644696945773291e+01
6.020572014869275534e+01
6.068709806276432062e+01
5.811000384782914807e+01
6.123147435262945493e+01
6.148309528005928115e+01
5.841866944971987863e+01
5.769162657231541402e+01
6.093814892160757779e+01
5.865925700147455757e+01
6.139003533986894467e+01
6.376672865002053925e+01
5.821112944936999156e+01
6.209572378696145023e+01
5.362035059201433285e+01
5.856981578718104942e+01
5.975391914127499859e+01
6.151524771390048585e+01
5.465469708553537487e+01
5.836778924374974054e+01
6.012417492104994921e+01
6.093580737594982111e+01
6.253103717635207204e+01
6.370761623576103005e+01
5.782928423820973762e+01
6.049354475772183548e+01
6.158580628219727515e+01
6.263657890901640002e+01
5.906775329194599777e+01
6.079067066401258046e+01
6.186058918361202785e+01
6.266505201246960155e+01
5.775496947307549789e+01
5.979579145569768173e+01
6.038679933679259904e+01
6.178174786241970651e+01
5.637649575654155853e+01
5.862015782918984286e+01
5.880939511710347745e+01
6.058617710167248305e+01
6.052013059972229314e+01
6.256361103665335577e+01
6.229316302633708347e+01
5.877973958528579601e+01
6.036253962220880709e+01
6.138243010308767111e+01
6.089204727905536174e+01
6.067868721726029690e+01
6.112703119774644023e+01
6.347099420117561408e+01
6.093958833384249374e+01
6.396221660991568569e+01
6.355739089846367307e+01
6.055845966494033661e+01
5.963387837421746696e+01
6.257589864568465288e+01
6.449597613558417208e+01
5.933698559307109832e+01
6.206279583208978323e+01
6.443796592356085284e+01
6.127770353307659690e+01
6.073323429862085732e+01
6.383062639384083781e+01
6.066341788536794866e+01
6.374412756930673396e+01
5.754590839623893572e+01
6.051207887806084784e+01
6.275177882550647723e+01
5.957082824601669557e+01
5.979757464938740696e+01
6.264004842043610921e+01
6.166265979907684169e+01
6.186986334048551583e+01
6.440245680402794903e+01
6.169254283131802197e+01
6.033290404470408674e+01
6.246049464355542113e+01
6.367680576370702283e+01
6.414429823974383282e+01
5.960570077490932306e+01
6.054768593450042857e+01
6.212373017590578428e+01
6.332647387947074691e+01
5.756947891992017929e+01
5.982653929380892777e+01
6.091335495303586356e+01
6.204078325690726814e+01
5.796666615338568818e+01
5.934857411920192760e+01
6.056749036627934402e+01
6.143139093219649993e+01
5.781935539148240366e+01
5.966842794401826211e+01
5.996606346403704180e+01
6.166037141743400696e+01
6.173111398093779911e+01
6.371681872399245350e+01
5.909338930961796876e+01
6.089490276350677789e+01
6.222607642231496783e+01
6.152909814335796312e+01
5.756505804641195567e+01
5.807139516761996134e+01
6.056318190092517284e+01
5.954034618517622590e+01
6.147614408225562244e+01
6.218540157296258286e+01
6.163981664267490856e+01
6.110900268879464647e+01
5.945361063843105143e+01
6.207322235253524667e+01
6.180337155604690480e+01
5.705745841459541623e+01
6.090723450275097406e+01
5.917533339286906369e+01
6.211169092282992210e+01
5.786564623543142716e+01
6.066739168643222513e+01
6.274909585113945809e+01
5.811036429652694579e+01
6.066542423682020058e+01
6.287181787516095710e+01
5.847661346757547562e+01
6.091633024854265699e+01
6.305082816756903696e+01
5.982432496096306096e+01
6.216233612021527222e+01
5.501275506132915183e+01
5.874925509694604386e+01
6.077139492588695191e+01
5.681404691474803315e+01
5.776965131928279362e+01
6.018253850029324070e+01
6.085209487938755757e+01
5.593792365481253626e+01
5.789648950279195105e+01
5.841216337237385403e+01
5.998814011678768310e+01
5.442215620190044234e+01
5.748215477193762268e+01
5.861340158175190140e+01
5.946032007085350557e+01
5.440175846163227646e+01
5.700740379426216009e+01
5.768715425934763630e+01
5.874780581887090847e+01
5.970396053992061525e+01
6.074042195798663357e+01
5.583580799287118168e+01
5.707661429883373216e+01
5.841621652233138207e+01
5.895049811463393752e+01
5.715505303665908343e+01
5.797539801050359642e+01
5.956424373118129978e+01
5.965346224018215793e+01
5.470990701239711029e+01
5.558756556404289029e+01
5.746107084615435667e+01
5.720727242720554528e+01
5.936863692730992881e+01
5.873749066741177671e+01
6.097515036670378663e+01
5.559437028325447727e+01
5.855812203168613905e+01
5.758229875643631601e+01
6.007214277039736317e+01
5.543930232316506590e+01
5.851918903900423174e+01
5.905805654057515142e+01
5.782282404376905305e+01
6.072840935764368453e+01
6.249581189578987761e+01
5.462817004254661413e+01
5.879596915012820801e+01
6.136026714978775232e+01
5.845659649397138935e+01
6.012662415110378333e+01
5.400936155558299845e+01
5.811288973456625229e+01
6.034671095980176858e+01
5.502521444937058703e+01
5.857765186776372701e+01
6.062335270271513110e+01
5.453299243459419188e+01
5.930331036995193017e+01
6.139250262756055321e+01
5.698711213106882667e+01
5.952706815681928276e+01
6.164088867764306201e+01
6.020907954922002858e+01
5.719250770049342236e+01
5.914437449743135033e+01
6.066695264767716367e+01
6.128762866580010638e+01
5.691821492423014206e+01
5.872380591190672305e+01
5.975419162898548109e+01
6.060572404320529927e+01
5.581794020932851907e+01
5.754920163582626458e+01
5.888648527971565727e+01
6.001893406965052691e+01
5.389151594346525798e+01
5.663837741119392177e+01
5.747934114661227767e+01
5.869514201918499197e+01
6.010328154218752417e+01
6.051272124420288634e+01
6.107440767438849605e+01
5.650378018824184778e+01
5.749484891783110641e+01
5.929327693079401485e+01
5.943498420456236886e+01
5.840180590339957689e+01
6.079413937985047767e+01
6.041691286236919467e+01
5.751809617630561178e+01
5.789127387765867638e+01
6.030468864100097903e+01
5.944686165461321536e+01
5.918787676530820363e+01
5.857128896817252439e+01
6.128760137715796930e+01
5.963780992611158638e+01
6.250404549499167928e+01
6.435349246000070877e+01
5.692996480540451643e+01
6.049096452400497981e+01
6.317935491186989339e+01
6.076755417140959281e+01
6.294569584075647839e+01
5.582954050125140100e+01
6.003630135194362794e+01
6.216852618275983389e+01
5.894732246079377092e+01
6.209643050188672930e+01
6.384250562988377453e+01
5.709373522223649644e+01
6.124840291465307729e+01
6.351563641857816123e+01
6.128674961409696920e+01
6.247150779954270661e+01
5.868350350541227556e+01
6.155586119512202714e+01
6.061160918507568596e+01
5.892035733105397100e+01
6.221866460109909269e+01
6.298117248625836595e+01
5.910511801261110065e+01
5.967507099779511748e+01
6.158206126647676371e+01
6.330661547428976377e+01
5.783103855796139925e+01
6.102920438919488788e+01
6.235400200899881895e+01
6.293671090296091819e+01
5.756424899673351092e+01
5.996116399693746501e+01
6.113724898195037838e+01
6.230390076103125807e+01
5.794848842923416044e+01
5.964911862112052887e+01
6.088262977322710867e+01
6.176946824560976523e+01
6.245883009559555177e+01
6.373280175775042267e+01
5.895918001972443534e+01
6.113174221478782755e+01
6.242897503603011700e+01
6.259588107947391933e+01
6.287744641631932296e+01
6.280982406765831172e+01
6.484935498543184451e+01
6.246044517645074734e+01
6.007475726473312250e+01
6.031982410880553402e+01
6.254675868907320790e+01
6.163926735912676946e+01
6.419496808434233515e+01
6.387708940054528028e+01
6.450401681808503440e+01
6.117601308125034620e+01
6.433415744071265863e+01
6.349200886629004259e+01
6.279416528676142661e+01
6.104338658541032459e+01
6.397157301736117319e+01
6.465189813492210646e+01
5.864358049559395170e+01
6.218714236065729040e+01
6.457275410123685333e+01
6.146408759467360028e+01
6.137911815288480710e+01
6.436305488112131457e+01
6.117386755676017884e+01
6.406183807316494949e+01
5.781101167260494833e+01
6.070301161171665427e+01
6.292153833267123986e+01
5.973222199348366246e+01
6.270111369761214348e+01
6.250808832610049137e+01
6.354283176064297578e+01
5.851164588785029963e+01
6.165296747229174201e+01
6.235011812559420008e+01
6.236482651450065617e+01
6.387492777542412625e+01
6.483904095827487879e+01
6.016301761574380436e+01
6.300377943540740944e+01
6.430172584380629530e+01
6.488153481129715772e+01
6.004918639112290180e+01
6.177486116081783507e+01
6.251471831405204682e+01
6.358134860981619596e+01
5.929043735880036081e+01
6.068550098384496039e+01
6.174265645578422124e+01
6.258200059783460745e+01
5.932600521386699199e+01
6.130989150727608461e+01
6.168049799569023861e+01
6.270414026812701991e+01
6.401456914533461884e+01
6.409509445150195006e+01
6.005339591485830653e+01
6.082563403538366487e+01
6.289296644082811127e+01
6.238964490780079331e+01
6.213882314874101098e+01
5.901394392058726623e+01
6.189044735003834319e+01
6.079767552094226346e+01
6.124195125058217570e+01
6.159960463933240504e+01
6.351211973822671553e+01
6.053415088047394477e+01
6.027155414037701320e+01
6.101521223619101164e+01
6.167969077276931955e+01
5.998654125740338117e+01
6.263307173257718574e+01
6.483539993707566396e+01
5.838256163079595495e+01
6.116400207295770741e+01
6.344813534169961144e+01
6.049613759833426485e+01
6.157703542901229099e+01
5.867646104126165341e+01
6.117415553852640642e+01
6.165344372785155258e+01
5.820625870565638849e+01
6.104692015045677778e+01
6.046306907394255603e+01
6.002595607216619555e+01
5.876593184562835148e+01
6.153821071556713207e+01
6.150466867034752028e+01
5.666974404572211910e+01
6.017409144304382806e+01
6.113680161056829121e+01
5.944905444001064865e+01
5.777797755063522089e+01
6.012516760731009668e+01
6.175756437290336009e+01
5.720654144062599755e+01
5.875815025788107704e+01
5.998935456779172881e+01
6.133097218110717108e+01
5.617504475091167393e+01
5.724939889512193503e+01
5.870355939105165533e+01
5.939581986561411497e+01
5.657826122281242220e+01
5.806266966242373684e+01
5.915004637350822492e+01
5.866227784661952427e+01
5.957683639130213038e+01
6.082421434109673442e+01
6.068430972381923993e+01
5.527464037110976136e+01
5.677530694315053239e+01
5.815005169309153388e+01
5.800545872053131546e+01
5.982064850230165121e+01
5.959477086498323217e+01
6.097715924558356448e+01
5.600246843638906569e+01
5.868334816196882997e+01
5.800860483660636646e+01
6.025509933306677368e+01
5.559219787895647613e+01
5.856719360050433920e+01
5.742894432260629145e+01
5.977974732134389768e+01
6.210593613621401232e+01
5.997103266981870462e+01
5.840940725786105503e+01
5.698946812935270145e+01
5.990091458303825789e+01
5.952578696880284781e+01
5.764527017587846558e+01
6.114296337866635866e+01
5.838072755375256406e+01
6.105405870307910021e+01
5.231073752717698255e+01
5.744647558575432811e+01
5.975551356422886329e+01
5.652035852464616994e+01
5.737845040904102945e+01
6.004392372361058960e+01
5.886439519699887768e+01
5.873228169130693743e+01
6.163526554648301925e+01
5.794481635647480999e+01
5.891261966900678004e+01
5.500571791379821462e+01
5.724123208912360639e+01
5.770472180169121401e+01
5.933044103833694294e+01
6.090189445467640894e+01
6.148149227028581265e+01
5.711202388495442506e+01
5.895028891350096956e+01
5.990665399773111233e+01
6.076710325464844686e+01
5.598325532420665951e+01
5.795785426842026311e+01
5.917064603658502620e+01
5.978505764099633524e+01
5.661254840660453880e+01
5.836207976430238631e+01
5.955219296025558862e+01
5.896561312526426946e+01
5.800356508429923252e+01
5.986596737274762603e+01
6.035475394336707211e+01
5.727507867660771979e+01
5.977300403277525476e+01
5.997763909781053826e+01
6.151111242630802423e+01
5.513720580211100497e+01
5.786764695729191743e+01
5.774457647626811507e+01
5.990744177790924851e+01
5.775826623796908166e+01
6.060113165470146868e+01
5.966541266553139877e+01
5.707157774823679830e+01
5.720199809505849942e+01
5.986789384856484730e+01
5.840730612383498510e+01
6.124252003583416126e+01
6.220877235802824856e+01
6.013744645128493715e+01
5.796184532312125270e+01
6.121877974293537505e+01
5.889247080265729295e+01
6.188164690651392164e+01
5.698707037665455033e+01
6.042586424523062760e+01
6.235241452122865979e+01
5.731327904004609763e+01
6.069149197797126050e+01
6.297768787697804527e+01
5.707944863948809200e+01
6.103792323467966696e+01
6.321985613250636504e+01
6.006629911959498713e+01
6.200859664622734613e+01
5.659583202521009326e+01
6.041538194221234193e+01
6.164052848046943467e+01
5.653128303638687413e+01
6.010623373418073356e+01
5.954442850644156948e+01
6.145929596835506459e+01
5.776465667165290796e+01
6.003296798093174402e+01
6.019521738341664729e+01
6.165352937854643045e+01
6.302758500913423489e+01
6.392208318258410316e+01
5.895129370961670645e+01
6.090832907885059200e+01
6.184696188677125406e+01
6.294871360937033700e+01
5.900400054382409820e+01
6.090260841872903796e+01
6.164088539982834192e+01
6.315652168231742536e+01
5.779619365779107198e+01
5.957887450815170638e+01
6.015113544930429867e+01
6.136397340988134630e+01
6.273865833175556617e+01
6.300864479349153413e+01
6.401615729178473657e+01
5.792767568937978240e+01
5.997525374103246776e+01
6.008928795737833894e+01
6.209146829656434363e+01
6.108462830497147422e+01
6.354011335282990558e+01
6.259419636562020628e+01
5.900266404418512423e+01
5.961037158676518999e+01
6.198813056819774658e+01
6.065998543127986409e+01
6.252379621064454795e+01
6.326645811006029163e+01
6.251667419447774421e+01
6.256455823920390458e+01
6.508530882106343540e+01
6.238604460824283393e+01
6.411089568250788773e+01
6.022438057256247390e+01
6.347918908725186782e+01
6.530840952372362551e+01
5.854010333349692985e+01
6.187620369630330686e+01
6.422376483421918181e+01
6.084775258020462019e+01
6.153333879712008780e+01
6.426749672891645560e+01
6.278693463529575070e+01
6.392868908179249132e+01
5.964647308648002166e+01
6.255466151881788761e+01
6.193245478168309148e+01
6.014196159374942852e+01
6.317897988059737457e+01
6.372567751680139736e+01
6.026075487354814442e+01
6.091206419656809601e+01
6.270211747842113681e+01
6.431220209117589093e+01
5.944679866897113385e+01
6.136050313553827351e+01
6.212278052704254350e+01
6.341671073345086285e+01
5.835297529481081824e+01
6.020707439040983644e+01
6.109212363853496441e+01
6.249151324237830352e+01
6.338083357894220882e+01
6.449794512061757246e+01
5.898130192423949580e+01
6.065849981677914826e+01
6.185533789893607803e+01
6.232112941568063746e+01
6.272356104412286726e+01
5.824652906348263315e+01
5.899265548354658506e+01
6.083345646394660378e+01
6.069998858867949565e+01
6.281866889708312129e+01
6.235091101000058700e+01
6.366587770082847442e+01
5.623811886868907806e+01
5.990468931513162687e+01
5.906369173187866295e+01
6.160976611857863361e+01
6.303772937906929741e+01
6.146359749251188731e+01
6.338270323121172112e+01
5.798463717504434101e+01
6.097598271167095163e+01
6.110779995220971728e+01
6.135193404594854627e+01
5.658385819913608827e+01
6.018542684205215920e+01
6.163088270239752120e+01
5.887466892444769684e+01
6.166648239935254594e+01
6.377741744813714320e+01
5.749212783469339882e+01
6.057731439525888817e+01
6.283168174563235908e+01
5.983092569870584043e+01
5.985854726492048172e+01
6.263880555043789400e+01
6.082508994314766682e+01
6.247474120657262375e+01
5.868426519807879771e+01
6.126482791568651010e+01
6.035188081804168547e+01
5.848736720297421954e+01
6.142240540127034620e+01
6.238114079712518389e+01
5.866853659912986529e+01
5.909375439600213298e+01
6.080732394289722720e+01
6.238308813800480834e+01
5.630450844289592283e+01
5.948237368264093305e+01
6.073841899314768256e+01
6.153639765315587340e+01
5.688237357584183229e+01
5.856239194296752970e+01
5.928480466892442990e+01
6.045250927408257269e+01
6.130846318799373762e+01
6.243839456122988452e+01
5.780803046955257685e+01
5.919729007670277099e+01
6.046711901888169649e+01
6.097947612239266846e+01
5.835592799643372075e+01
5.917488319203174285e+01
6.072450332357793457e+01
6.088307254617850361e+01
5.586420789888424565e+01
5.830180557790080798e+01
5.795571681335415803e+01
5.992365810025199835e+01
5.932149243203684819e+01
6.155815399202267457e+01
6.068990272839812405e+01
5.773206114936821365e+01
5.823194400123878012e+01
6.058406935812219274e+01
5.923584275308061819e+01
6.010867666807101273e+01
6.030797433211997571e+01
6.248270252164122240e+01
5.677800933662550165e+01
6.002647335656303085e+01
6.214498171157642048e+01
5.958255486794775635e+01
5.933833752712181564e+01
6.231279039797281172e+01
5.941187855379386917e+01
6.177153444533433202e+01
5.335084712343646629e+01
5.843437008947822164e+01
6.072489588410436312e+01
5.734595252932502518e+01
6.016055570533060148e+01
6.112122357603320211e+01
5.898305757128618865e+01
5.901585376677550698e+01
6.190819414896649420e+01
5.844115418760821257e+01
5.974692505133835141e+01
6.220013253007950027e+01
6.202288554060981340e+01
5.824146404680323741e+01
5.922269819848708039e+01
6.103608484749554464e+01
6.264651630985379427e+01
5.571965217680702409e+01
5.926888780198162721e+01
6.055710692083541602e+01
6.155981414419277797e+01
5.653263847513364482e+01
5.832521488706244384e+01
5.958720343550797338e+01
6.020580970549024613e+01
5.706962827601588373e+01
5.881632960278159317e+01
6.000458675014038334e+01
5.925898645890558214e+01
6.036330858677362698e+01
6.171141778163648439e+01
6.186172547254788157e+01
5.614568575393825256e+01
5.842786172048972304e+01
5.874437262075348087e+01
6.051791045053471407e+01
6.063299545490481535e+01
6.271076113920758388e+01
6.164749087084185675e+01
5.731123184297936035e+01
5.794420509114866036e+01
6.031023652258343759e+01
5.943560087426626382e+01
6.202451052631521833e+01
6.147195924101645659e+01
6.369019387186655479e+01
5.695029751434708487e+01
6.036433386240136656e+01
6.005805963304418071e+01
6.246900303589374204e+01
6.478772572872952651e+01
6.235027027754836837e+01
6.368580726260724845e+01
5.984319415362161010e+01
6.300128058868609315e+01
6.491689878791645185e+01
5.718361374275011855e+01
6.146446808625277924e+01
6.386795185311485312e+01
6.044301656052896732e+01
6.164100363646232950e+01
6.434940668078216675e+01
6.266631037648325986e+01
6.323540285380827441e+01
5.972861365086574637e+01
6.257560890139709642e+01
6.168624530326183475e+01
5.969962355498105211e+01
6.302260842947643482e+01
6.388453305184617648e+01
6.009590012585958618e+01
6.062721361801229847e+01
6.251552988625864771e+01
6.422518848030368588e+01
5.872225103050939055e+01
6.185732829150097700e+01
6.290863996611088282e+01
6.399227056910688560e+01
5.813859437750734571e+01
6.064417022142201574e+01
6.215197575248529205e+01
6.281924186138081012e+01
5.879069268730346209e+01
6.057689022260815648e+01
6.178118800205533745e+01
6.235181820980766076e+01
6.303840823655546899e+01
6.390530699532467196e+01
6.359327651919547009e+01
6.527028093249735718e+01
6.525261657835575591e+01
6.237924734445456920e+01
6.293260252021993040e+01
6.492789991887053702e+01
6.467609086529265028e+01
6.212119905669050013e+01
6.237799353301583949e+01
6.450700275688541296e+01
6.409801765101938997e+01
6.057466347899976711e+01
6.129717010659703647e+01
6.367444332538453011e+01
6.226547766036075160e+01
6.255095048191425633e+01
6.258527798538698761e+01
6.508344582253752719e+01
6.266603051318493556e+01
6.563613566816177070e+01
6.630484811174920878e+01
6.034306756194757781e+01
6.384334245862003598e+01
6.621723446667262181e+01
6.307429002840974164e+01
6.293808114456203384e+01
6.031833764956618893e+01
6.333397515461795280e+01
6.529636430033828276e+01
5.912069926922741558e+01
6.199193315519045200e+01
6.419393007617641445e+01
6.144603229145104706e+01
6.443732117922942848e+01
6.433977642921010442e+01
6.372673006507547200e+01
6.179448585368822933e+01
6.448269690438662849e+01
6.533628097070554475e+01
6.110972078946143426e+01
6.396038542154609985e+01
6.444510067306967471e+01
6.470231441557085361e+01
5.924643755610778584e+01
6.160369613116708365e+01
6.299604107594039704e+01
6.377073464729758712e+01
5.926936920902753059e+01
6.116257432246968051e+01
6.181340324120208862e+01
6.307694259719307439e+01
6.394037081621377183e+01
6.509035738225192347e+01
5.985270464449731520e+01
6.115272520359221176e+01
6.230735562931990756e+01
6.275353612842789630e+01
6.366783263308125385e+01
6.530271025389465933e+01
6.507980623964112965e+01
6.068838623453544301e+01
6.159872149408501230e+01
6.362959760256902797e+01
6.314307841536950150e+01
6.287358686042806966e+01
5.998870132058374338e+01
6.280759987180307746e+01
6.155958250111564212e+01
5.999601866413870965e+01
6.071001555275284289e+01
6.273264577755755056e+01
6.103762547288550167e+01
6.152904027611648274e+01
6.197363889230084766e+01
6.282008668616018809e+01
6.037741153083374002e+01
6.309235375127766332e+01
6.532978353436905650e+01
5.894906303620492594e+01
6.173080198671041074e+01
6.399924131009615991e+01
6.103424778885383972e+01
6.202650479767291358e+01
6.457978860277997057e+01
6.133832061304059380e+01
6.183533966046822172e+01
5.874688169386087111e+01
6.151039450670711517e+01
6.171375653278827400e+01
5.922400054235064459e+01
6.208647977864884382e+01
6.126777909541450384e+01
6.184143689669912192e+01
5.822741019948853847e+01
6.069473353874484900e+01
5.997227982174140237e+01
6.157246589147256799e+01
5.714965755502368694e+01
5.944925429809641315e+01
5.946965212638767184e+01
6.073617720052935454e+01
6.205817120413392729e+01
6.283932083544603842e+01
5.814011684967047700e+01
5.969933587912372985e+01
6.079967868437484668e+01
6.134797522514801216e+01
5.804477949791725422e+01
5.959167653713687685e+01
6.051406910851842724e+01
6.122611074780422769e+01
5.590254844591161287e+01
5.739559267316329283e+01
5.808182320322202941e+01
5.932661661783112095e+01
5.977202311117110156e+01
6.137801782928004002e+01
6.125466878575246454e+01
5.571202386998280076e+01
5.802862492445652265e+01
5.761064595879699368e+01
5.957119601697159794e+01
5.856517837646703128e+01
6.084131981924150523e+01
5.992925591070539326e+01
5.679868734859149271e+01
5.738487685220569290e+01
5.967100419146562729e+01
5.829772789404010780e+01
6.083706400403597314e+01
6.103590991789958053e+01
6.067240289470898773e+01
5.552569987662995032e+01
5.941487156174251538e+01
5.812802427931297444e+01
6.101074350577194139e+01
5.626434357778471451e+01
5.974655081263604472e+01
6.137651448323684633e+01
5.438476226241421330e+01
5.856220128350227583e+01
6.084357976804351154e+01
5.763641774972251852e+01
5.779635357801912221e+01
6.065498131718543817e+01
5.949383692993659878e+01
6.042817134761933318e+01
6.294241863518760738e+01
5.751459190604170857e+01
6.123704354722649157e+01
5.253118162690910964e+01
5.751542478051290885e+01
5.865808237942339076e+01
6.028985118027375023e+01
6.175826053333980070e+01
6.237265680545583990e+01
5.796529144259005051e+01
5.953448914879217568e+01
6.069069264782283568e+01
6.158759800863065692e+01
5.671079535849064968e+01
5.866092024132042582e+01
5.989660854706524162e+01
6.052140821626486655e+01
5.715448767194028079e+01
5.890406133715788428e+01
6.011854771275569220e+01
5.972023235461428925e+01
5.800890844768588295e+01
6.010403782280877039e+01
6.065748021327711115e+01
5.884496666318661084e+01
6.120204813628001972e+01
6.136918946201787861e+01
6.022936750106940451e+01
5.914841598393518041e+01
6.161819260552622524e+01
6.120773198962640294e+01
5.717822591190775938e+01
5.768971658792153079e+01
6.010541319042997088e+01
5.927647883732650769e+01
6.064249891109054857e+01
5.957934164145118672e+01
6.231971333019455273e+01
5.890233323512007502e+01
6.190508673305721743e+01
6.382556616471575950e+01
5.720597943950345154e+01
6.073168316900277119e+01
6.346415113224448135e+01
6.098233554596258443e+01
6.217899849119779532e+01
6.489397920970742462e+01
6.170424275180715767e+01
6.161734658121097397e+01
5.911369021803788826e+01
6.231319917193538771e+01
6.344768123952002981e+01
5.912376774681138158e+01
6.239721208202762881e+01
6.291153371110926429e+01
6.048164162428156487e+01
6.039101601699017152e+01
6.373066461999069787e+01
6.016929233197777194e+01
6.304131489148413436e+01
6.427236462337172895e+01
6.520999159806545720e+01
6.092157368107966420e+01
6.166330087442664620e+01
6.360400083895221002e+01
6.527720435703761837e+01
5.856022071833471188e+01
6.184308871639731109e+01
6.334825937020561071e+01
6.424565580614030580e+01
5.906413141246498100e+01
6.137478135612457208e+01
6.252373093942392046e+01
6.335736747906351951e+01
5.795185305956632504e+01
5.987185707578379379e+01
6.095175966142009116e+01
6.180751589074110086e+01
6.339423518431589599e+01
6.397159254551299057e+01
6.427018283318133740e+01
5.891364363610241384e+01
6.151097665754592470e+01
6.169523069991993225e+01
6.334560051439613204e+01
6.474446379935339735e+01
6.441791736117112066e+01
6.392068431288623032e+01
6.277865486968871522e+01
6.553324012807451027e+01
6.484013806480221831e+01
6.108028084760383081e+01
6.199595588275142433e+01
6.460656570918739305e+01
6.324513217508436469e+01
6.092624345075600445e+01
6.113030034250348166e+01
6.410314853802030655e+01
6.207375729935892394e+01
6.529108927115613881e+01
6.779240632053253535e+01
6.121868727765345142e+01
6.505597598857859509e+01
6.760424724586836476e+01
6.419503623647459278e+01
6.363395823338176172e+01
6.103445571690470928e+01
6.448147189288093273e+01
6.670823598014531797e+01
6.006754743984564726e+01
6.335765355883524563e+01
6.590086038211836694e+01
6.195342671359008335e+01
6.245458014577457106e+01
6.559018007749270396e+01
6.447517469940586921e+01
6.427826674411493002e+01
6.740905309598265660e+01
6.339154444954120038e+01
6.583659453955529273e+01
6.116085131030416733e+01
6.312887887290998634e+01
6.515897288735146731e+01
6.164475207384819555e+01
6.439277702913834389e+01
6.611403448924639292e+01
6.564595108741174556e+01
6.079338270777165576e+01
6.277078128171951477e+01
6.389894576501761492e+01
6.519431366382022475e+01
6.059542635348967110e+01
6.251901609510454705e+01
6.388340732479555584e+01
6.393049743057895995e+01
6.486354664792413871e+01
6.659083872874801102e+01
6.131335273504483752e+01
6.378638678862444777e+01
6.412584037515031810e+01
6.646794798130365223e+01
6.265615571381280802e+01
6.587415977658245936e+01
6.559300300726951605e+01
6.704164737826059195e+01
6.775894153835648126e+01
6.870998746477015118e+01
6.304079734795870849e+01
6.554799131558935699e+01
6.783329562054650808e+01
6.613874756775446428e+01
6.398422953458426576e+01
6.418871065413543420e+01
6.715257140718607332e+01
6.535117232006069798e+01
6.378063602040946733e+01
6.673835544063410907e+01
6.428456137346039156e+01
6.752333756959777133e+01
6.177218594453226075e+01
6.529886672463463526e+01
6.755483777190066519e+01
6.369763499914277105e+01
6.691815600886204152e+01
6.919123620921904205e+01
6.228177184922967768e+01
6.600327595720143847e+01
6.867747441377656514e+01
6.488953839485088793e+01
6.577987752635002039e+01
6.885233697026980337e+01
6.641428177404095834e+01
6.690408556180031496e+01
6.277941032563090573e+01
6.639704078756054173e+01
6.696124394214203335e+01
6.374944497301848401e+01
6.481554056808117537e+01
6.767953171789442024e+01
6.435515838455451387e+01
6.705928755894005633e+01
6.869458595881646090e+01
6.668936470569252606e+01
6.729635140553409656e+01
6.209105925603281406e+01
6.423413635163122137e+01
6.569476412897931539e+01
6.721307828996027922e+01
6.865574516696207752e+01
6.988217734068916798e+01
6.296625142167922462e+01
6.598122467784492073e+01
6.772609070091004924e+01
6.835958982833969344e+01
6.314942713779932859e+01
6.658444558807812541e+01
6.692227929168484479e+01
6.874604938991032554e+01
7.061698584667163914e+01
7.040776229108477935e+01
6.601603649930083861e+01
6.684857791335048205e+01
6.965347147560733276e+01
6.913601354988000480e+01
6.526575714690676477e+01
6.568527127063994442e+01
6.877247830900124370e+01
6.781371922863270640e+01
6.768456920622878670e+01
6.745409302731989953e+01
7.062126797447395177e+01
6.776624522495853853e+01
6.584618306455867298e+01
6.710757326401829914e+01
7.013876571415623573e+01
6.721894390958969723e+01
7.066367350752841503e+01
7.305922853551923879e+01
6.489359014320992003e+01
6.963971293196972567e+01
7.275894391323431876e+01
6.903929719390760056e+01
6.926400191364419356e+01
7.298274263595699551e+01
6.924121960075399329e+01
7.135326508456290640e+01
6.689698645352272877e+01
7.031556016318846503e+01
6.990006147142470638e+01
6.684789763935252438e+01
7.000979560080475039e+01
7.238870660565969217e+01
6.563975098466193003e+01
7.088449455240787245e+01
7.320043819396566676e+01
6.740855929051660667e+01
7.208699631941732378e+01
7.410598128935056650e+01
6.953305436305539899e+01
7.269950413020400504e+01
6.783353714140218926e+01
6.977148721526889119e+01
7.142539915832132635e+01
7.330632950598318587e+01
6.731771318787029657e+01
6.950359119636330263e+01
7.152705123166482792e+01
6.978055214171654086e+01
7.186190476309587893e+01
7.393133889011143367e+01
7.170332094323731553e+01
6.888981188874024042e+01
7.223202238656598695e+01
7.281013342702034663e+01
7.233233026603139137e+01
7.325277964185964663e+01
7.601389762090077795e+01
7.063645585842299113e+01
7.363652092423863849e+01
7.430546322925398783e+01
7.655064693506987794e+01
6.945357220910176466e+01
7.332860072401020091e+01
7.298171050687206218e+01
7.619579953907587822e+01
6.945429595603170014e+01
7.373058419773708749e+01
7.326584410566508154e+01
7.644581945159018233e+01
6.898179402617499534e+01
7.356300084680651707e+01
7.346509565760113958e+01
7.619077208933826739e+01
7.896692875987338311e+01
7.507861405383216891e+01
7.608464981590987009e+01
7.944620584751770309e+01
7.573149254750354942e+01
7.608508602305893476e+01
7.290975568945069085e+01
7.710445989937723255e+01
7.922409646496734581e+01
7.322385140526751002e+01
7.737485342219899564e+01
7.981470317057062402e+01
7.252841890625862220e+01
7.747533786638953757e+01
8.020151794875434348e+01
7.343032831077300671e+01
7.898676933086963459e+01
7.216097962226439222e+01
7.670921816423995665e+01
7.762844022871307459e+01
7.467281306088567305e+01
7.797490694851865101e+01
8.042879220754410596e+01
7.289289681858200254e+01
7.747972557466941623e+01
7.916942980026854570e+01
8.014446050936204813e+01
7.453577466551368502e+01
7.835720527870047647e+01
7.994781954338623109e+01
8.069381383150590636e+01
7.508135449737282840e+01
7.777570929890124773e+01
7.912378923471206349e+01
8.113448670539976604e+01
8.188392207773273412e+01
8.373839361045186536e+01
7.742967778642328369e+01
7.984725333769813460e+01
8.221536063170462683e+01
8.246377183258599075e+01
7.669705337677415002e+01
7.893740159384381627e+01
8.271703639621928517e+01
8.173004170460450268e+01
7.746022012778615817e+01
7.843933981582048887e+01
8.249918791230096815e+01
8.104091352478823751e+01
7.753409527225878151e+01
7.806180884324530211e+01
8.171403596985845752e+01
8.048665740815820868e+01
8.410078165128932426e+01
8.550634450180392321e+01
7.988217482175234352e+01
8.374722053108010300e+01
8.665320781461998934e+01
8.039585695490326600e+01
8.426960353031030593e+01
8.766244753772450338e+01
8.192344751651252466e+01
8.611763799418788778e+01
7.867197648676615529e+01
8.349676973749767228e+01
8.610446896691945540e+01
7.967025668952824446e+01
8.389829900915702865e+01
8.710664806221430467e+01
8.080130815069665573e+01
8.477355169812217639e+01
8.773341671874852921e+01
8.093155771968719137e+01
8.532907401541972092e+01
8.812208255830780956e+01
8.262187396052192412e+01
8.719715099647363843e+01
8.132594742087344741e+01
8.484771391495932846e+01
8.626864776713620131e+01
8.139702110317590211e+01
8.514300156692763721e+01
8.699040072757024689e+01
8.543791895310521056e+01
8.524005370578338159e+01
8.789537100193527408e+01
8.731423580122313410e+01
8.310797941270504907e+01
8.581943374784766831e+01
8.861470701308032005e+01
8.472813873305015875e+01
8.844010814005423526e+01
8.942866235160848021e+01
8.766622478311680311e+01
8.840366023569438880e+01
9.203884923554636543e+01
8.762367675887578855e+01
9.153638142298845537e+01
8.395668820731842175e+01
8.850363861440996516e+01
8.826697157531533833e+01
8.834059926942326513e+01
8.819357037001788058e+01
9.236428492621405439e+01
8.553807445976362089e+01
8.974602061094648775e+01
9.209497194934158415e+01
8.627067462340097848e+01
9.152941955519632700e+01
8.381454667244450718e+01
8.914799825763894603e+01
8.751696267145611330e+01
9.100255250241828264e+01
9.390348728205029261e+01
8.907775007014163293e+01
9.278860469765751873e+01
8.660164943093236900e+01
9.131545035144843325e+01
8.983640753341593665e+01
8.962496410991997209e+01
9.238568948914277712e+01
8.991716131829123526e+01
9.337923773690765472e+01
8.604164848294880130e+01
9.101290356812603477e+01
9.437297540492487258e+01
8.824064186881668093e+01
9.221067003458232136e+01
9.540883330742850887e+01
8.892640794017061978e+01
9.300253761868307834e+01
9.581008813657264511e+01
8.933224165397565741e+01
9.372093608887529115e+01
9.628299207488007028e+01
9.086974513387700370e+01
9.513182992662413540e+01
8.852524590539088933e+01
9.248036841423623855e+01
9.484586753498265921e+01
8.907455954654126629e+01
9.302998240394697405e+01
9.554411087708938055e+01
9.363723575392891973e+01
9.309619346079978186e+01
9.633400038272984034e+01
9.608519169224352652e+01
9.103141539701923080e+01
9.434177342054006488e+01
9.754188638994040161e+01
9.576057978426995021e+01
9.153356736439522479e+01
9.605825386879087091e+01
9.664266655943443141e+01
9.481392673372960189e+01
9.526952366484299262e+01
9.959812099924764084e+01
9.352541071254179883e+01
9.737814012339781300e+01
9.926706846284366748e+01
9.561528504116564875e+01
9.580670057760855229e+01
9.358911409299264506e+01
9.410131346324817514e+01
9.900565126077742661e+01
9.505786856578160382e+01
1.005378126849375491e+02
9.818800489855716762e+01
9.993040734982248807e+01
9.689598234290595258e+01
1.015039081021948135e+02
9.623058741792922888e+01
1.006210183031133312e+02
1.046965760194684520e+02
9.624522132753858727e+01
1.024898020766974440e+02
9.712824715463126779e+01
1.016896680202833352e+02
1.015578405752728770e+02
9.581910533348226977e+01
1.014766714659681526e+02
1.049988479862879984e+02
9.830231168534764663e+01
1.026275298659782749e+02
1.060649335873472410e+02
9.935792926499308919e+01
1.037548002587651013e+02
9.828179765703303872e+01
1.022774207237295911e+02
1.048884611380217535e+02
9.938265489022126076e+01
1.033386405764485119e+02
1.057584765057482059e+02
1.002719991165105000e+02
1.035327606112650045e+02
1.064041868458436397e+02
1.006987189835563754e+02
1.047177500441358262e+02
1.080740694406327549e+02
1.025040723321317984e+02
1.064214691317816062e+02
9.999631790147489596e+01
1.043472257435572601e+02
1.063659245490877225e+02
1.004751392063137843e+02
1.045072669721954099e+02
1.085142061236527553e+02
1.057024326239913279e+02
1.051226715663381981e+02
1.100497152489613484e+02
1.055640289703312504e+02
1.106518267070436536e+02
1.107892654337278202e+02
1.064166082441341104e+02
1.087131121383987988e+02
1.140388233350231246e+02
1.087837060786180245e+02
1.144636514442625383e+02
1.061325414246514924e+02
1.124743187396821185e+02
1.110490002386938357e+02
1.096508788916113701e+02
1.091070285747729827e+02
1.147601990461796078e+02
1.074352956595063660e+02
1.131832744899333107e+02
1.161946285903426315e+02
1.089735642483657330e+02
1.154561417433033910e+02
1.080269443969147716e+02
1.139181109515531034e+02
1.117174602199453801e+02
1.124201837568195117e+02
1.100704835253733052e+02
1.156223221010276490e+02
1.104403964873339419e+02
1.159700941385673332e+02
1.202324286798199324e+02
1.127565219918286203e+02
1.180698101698321949e+02
1.217030531857372608e+02
1.144594651694902865e+02
1.195371724184249302e+02
1.136918370543321259e+02
1.184621781936717326e+02
1.193382359641824308e+02
1.143744406628049148e+02
1.188036635033835893e+02
1.214257058550890349e+02
1.154057761375031532e+02
1.202856679796946935e+02
1.240691753288168258e+02
1.169247699886759335e+02
1.224396014304978451e+02
1.247975299703712011e+02
1.191177867386313238e+02
1.232550459590348311e+02
1.176522692373073937e+02
1.214964585392346663e+02
1.262385014350415986e+02
1.183906774185414719e+02
1.231334739403172875e+02
1.255565378259826730e+02
1.204796742770745794e+02
1.237975809630918320e+02
1.290452474110438175e+02
1.218951196781210342e+02
1.274735562361918255e+02
1.194821314802887002e+02
1.259209377278510829e+02
1.263675661282575930e+02
1.230118133142229766e+02
1.249535132054682407e+02
1.307367255561226500e+02
1.232403787904313361e+02
1.300475574863273494e+02
1.293888720233993865e+02
1.276547000627974882e+02
1.277786439170750725e+02
1.339456767873639365e+02
1.268133047197050018e+02
1.324830279251434604e+02
1.261080910026591937e+02
1.319709390327039955e+02
1.319212336031914390e+02
1.309125687146500923e+02
1.338943535497009805e+02
1.354607063834105247e+02
1.288471625760967640e+02
1.349291809749244919e+02
1.391405672502755806e+02
1.311127255721953304e+02
1.376744254455509235e+02
1.410241655578456061e+02
1.333688167401183193e+02
1.396022848576121476e+02
1.327370193007973569e+02
1.388874104920425339e+02
1.374865774687000908e+02
1.361922878917843036e+02
1.417883893946618628e+02
1.379984817252939422e+02
1.425295394181633242e+02
1.361105457393163363e+02
1.419872128586336828e+02
1.390304685094951083e+02
1.438923181490762317e+02
1.462578436794506445e+02
1.408883356809263319e+02
1.453151290821783732e+02
1.395738146707066107e+02
1.441595894928044856e+02
1.489435728172561824e+02
1.408780512905572948e+02
1.484845961004909611e+02
1.478421443437802907e+02
1.440194527278296448e+02
1.473791454515507837e+02
1.520516383644361724e+02
