0.000000000000000000e+00
4.521000816174684900e+01
-1.813362862763530359e+01
1.886075105902536109e+01
-1.143185983630804792e+01
1.668306227994954938e+01
-8.415120220273081486e+00
8.958015493090110581e+00
-6.652004947288599368e+00
6.772285419569092468e+00
2.186221470675590584e-01
-2.166211606436510895e+00
3.446662509680881392e+00
-1.723328764589059814e+00
2.775057644472870955e+00
-1.656497518213361442e+00
2.411275867657205918e+00
-1.366254602972394316e+00
2.330714330348191421e+00
-1.046672699418230268e+00
2.354782625314870703e+00
-7.642878015241894030e-01
3.114595263696084970e+00
-5.879255694003820976e-01
3.403274191975442342e+00
-4.142392641363573658e-01
3.711749078678188152e+00
-2.048151442219403318e-01
4.023970541141535406e+00
3.536076727805095299e-01
4.248492344591402237e+00
5.000997541480419750e-01
4.454528590622764739e+00
7.047553194254273512e-01
4.794052820400263037e+00
9.566872032794483394e-01
5.140100532484163764e+00
1.237193981023078537e+00
5.503231054149519963e+00
1.538691238412007944e+00
5.883996890364288745e+00
1.857810932907580259e+00
6.278055238753741385e+00
2.191658565890174160e+00
6.795160835835044821e+00
9.034036336651563914e+00
1.069620888601206765e+01
8.104740228232934385e+00
1.174600126559249524e+01
8.676526822035475206e+00
1.219835058873453271e+01
9.077781816439353335e+00
1.262630418555523448e+01
9.459791806810018855e+00
1.303376571385759064e+01
9.826154900033092332e+00
1.343117105679501577e+01
1.018600027818084186e+01
1.382263077426428133e+01
1.054176443967261179e+01
1.421119840876741769e+01
1.089557313786313841e+01
1.459787192270213119e+01
1.124801732134144849e+01
1.498322750565648676e+01
1.159934806387328088e+01
1.536729153323211605e+01
1.194945361209008361e+01
1.574994142390189289e+01
1.229809696056423185e+01
1.613091641002641907e+01
1.264495214480629492e+01
1.650991002042149347e+01
1.298965630248224556e+01
1.688658402860679786e+01
1.333182569555982866e+01
1.742579072850065813e+01
1.988257922259343857e+01
2.286628414535138987e+01
1.910880682603670877e+01
2.381469740478351227e+01
1.952641547887795426e+01
2.417207149269430033e+01
1.987099480385799311e+01
2.451308688380168732e+01
2.020049667559451123e+01
2.483546782963733079e+01
2.051309613231713058e+01
2.514147511108178179e+01
2.081029064500306092e+01
2.479602978706116190e+01
2.112377945137097868e+01
2.511567442453940302e+01
2.142714163789063164e+01
2.540271416017903405e+01
2.170371108281985428e+01
2.566973716620778134e+01
2.196252210985208819e+01
2.607071516779121367e+01
2.893150473671918377e+01
3.029289749866581261e+01
2.988765495105921488e+01
2.922439597919717968e+01
3.132188059938829383e+01
2.909166861377194380e+01
3.121733819153162770e+01
2.929386124301268168e+01
3.162801558555317527e+01
2.951023669108905167e+01
3.173820553713745696e+01
2.895348270724934281e+01
3.178540680069653490e+01
2.912712943177242764e+01
3.183983077353587987e+01
2.929973374029315636e+01
3.189021371338549216e+01
2.947081633542515888e+01
3.244367064508234222e+01
3.629035810655923910e+01
3.898113170530768201e+01
3.589286328607868626e+01
3.906873881142767146e+01
3.601077968719049238e+01
3.900277821715591386e+01
3.573976964223533059e+01
3.891792477645622483e+01
3.588614649604392071e+01
3.892306261088818786e+01
3.562897361985693578e+01
3.896634714993292903e+01
3.583114852392277072e+01
3.894749567470947227e+01
4.193252570872765261e+01
4.378950308350637499e+01
4.130049641110129954e+01
4.375973154776077934e+01
4.110563684245726535e+01
4.252763915671249606e+01
4.081489274246381171e+01
4.460684665975112750e+01
3.974744702950590636e+01
4.519452191583690848e+01
3.921118261930981674e+01
4.400003554318023902e+01
3.893148495611126236e+01
4.418953293124781823e+01
3.873513222430830893e+01
4.409767465379529483e+01
4.441647863193846035e+01
4.912873112962497402e+01
4.262541329708238180e+01
4.950712498380082849e+01
4.198369368158368786e+01
4.983335775911796617e+01
4.128988039032396529e+01
4.930320738087592503e+01
4.051797046181080475e+01
4.886089864466322297e+01
4.194209822399612619e+01
4.584856940297512296e+01
4.131802885885804244e+01
4.845611596127878329e+01
4.926164701780791688e+01
5.086308010477470276e+01
4.992602664761422204e+01
4.917953554169640995e+01
4.932423162524967353e+01
4.853844593706277522e+01
4.871239379691969873e+01
4.807240891359287360e+01
4.822324321222338028e+01
4.752501775221653446e+01
4.766886771667607547e+01
5.258280837400762664e+01
5.256019263131917540e+01
5.233314797842778177e+01
5.196960773243362297e+01
5.159165147937863338e+01
5.136168537402985379e+01
5.095060454115228055e+01
5.089270907667400223e+01
5.043209513829513213e+01
5.017055575515895782e+01
4.971216407060899201e+01
4.952109855793772653e+01
5.446979681040485133e+01
5.262935033617624470e+01
5.598496677759622742e+01
5.113518798661116449e+01
5.632981898278712407e+01
4.949991325579085810e+01
5.528592163234169732e+01
4.907631635242196211e+01
5.460541002733941696e+01
4.865791736498555053e+01
5.395415984958659550e+01
5.745539544156086009e+01
5.362679037958022121e+01
5.745739163358611279e+01
5.143487904834217517e+01
5.685915509145536362e+01
5.039789674190411972e+01
5.582932748213102059e+01
5.067164802578947302e+01
5.532408698168282513e+01
4.888166025092867528e+01
5.421486280603629382e+01
5.776212959521833312e+01
5.342344332868079704e+01
5.796522764309938935e+01
5.169798874985497150e+01
5.682316010654731286e+01
5.066320549866866685e+01
5.576924381961431010e+01
5.068833782442589353e+01
5.513328372758405749e+01
4.827625186919153322e+01
5.394531979558750123e+01
5.732751193392708444e+01
5.220398042687845219e+01
5.764081042078196049e+01
5.183079655864700186e+01
5.652339706361482996e+01
5.112466637238463818e+01
5.551555002469130073e+01
4.910662446901513789e+01
5.427876502323805852e+01
5.732281295258342624e+01
5.476479425690025238e+01
5.789473383422018316e+01
5.179026565736517540e+01
5.735979213014584133e+01
5.105223237986433560e+01
5.581336469923427046e+01
5.004514396548744770e+01
5.453406301463974160e+01
5.702153928853897469e+01
5.614749599407647196e+01
5.512592619046484543e+01
5.701287440494194669e+01
5.363966741604754418e+01
5.526407997043974518e+01
5.199632978517028903e+01
5.392648902003305267e+01
5.066654879536669398e+01
5.228492189840903848e+01
5.538162159280607000e+01
5.658476573942336785e+01
5.310350770558972755e+01
5.507991754148142860e+01
5.172979805808869003e+01
5.383010832712893290e+01
5.034087441818743969e+01
5.232369316228739820e+01
4.873600941978516943e+01
5.177023634291077059e+01
5.306714292935446764e+01
5.501660221365820291e+01
5.094930096700782229e+01
5.377145080582349834e+01
4.931546339276545865e+01
5.210896367428473042e+01
4.769786302770530995e+01
5.025762765589173142e+01
5.265894694588412506e+01
5.432785762333114121e+01
5.150966338490052010e+01
5.398533100026689624e+01
4.835084511064096802e+01
5.198429272382249167e+01
4.690414745787491313e+01
4.997657200788749776e+01
5.176899698839943653e+01
5.359486950397478466e+01
4.878660342110258341e+01
5.163639799153143173e+01
4.688100785410846782e+01
4.991082045726802363e+01
4.576895527058155722e+01
4.836407199874629015e+01
5.047868340727783476e+01
5.182675637630158150e+01
4.947514407622803390e+01
5.115631578728309137e+01
4.579194906580025304e+01
4.871041674920147813e+01
4.553627168787718915e+01
4.729208255538703298e+01
4.976598955209177433e+01
5.049618409943155939e+01
4.866697528873141465e+01
4.956567509677882555e+01
4.599085383903940993e+01
4.737201805702252955e+01
4.500078448975928325e+01
4.608299516789758599e+01
4.912624941244486365e+01
4.900247363436952952e+01
4.692979232476859863e+01
4.727449956243012252e+01
4.607203285558717454e+01
4.627760876948566704e+01
4.365516963898014069e+01
4.405947509602111722e+01
4.758282728077092116e+01
4.679539099683212555e+01
4.613641306562931277e+01
4.581179457707541047e+01
4.409502578798573325e+01
4.380503750191348189e+01
4.347869012039829784e+01
4.295160466828334478e+01
4.669445950902517950e+01
4.600423534771235268e+01
4.434008831720433363e+01
4.353524751934926229e+01
4.471506848512044741e+01
4.301108875894759365e+01
4.145741629159389419e+01
4.057860988507920297e+01
4.454834129195864278e+01
4.493019588495515393e+01
4.172389037395836198e+01
4.102905781117151918e+01
4.300740562923680699e+01
3.977102782384758939e+01
4.074925972613707614e+01
4.375585591800599161e+01
4.261415706330816988e+01
4.255846039189697194e+01
4.071224388414285755e+01
4.159783680411139528e+01
3.955193736743753163e+01
3.891025812824724284e+01
4.226118351463610168e+01
4.060919375697410771e+01
4.421268819847759346e+01
3.683702700343690850e+01
4.123015082951966548e+01
3.743762270476295129e+01
3.965706909409181691e+01
4.244512283490100657e+01
4.089642361059945586e+01
4.235438268879668300e+01
3.867883930692800476e+01
3.920855123317073776e+01
3.674930727892542137e+01
3.753135990451610127e+01
3.493907720093846336e+01
3.846421542362113399e+01
3.769164552216795983e+01
4.002160497315358612e+01
3.388357677673638335e+01
3.866967931027190275e+01
3.064877346262525037e+01
3.611430981360157233e+01
3.858338894943814523e+01
3.797269501382907464e+01
3.601946990220971401e+01
3.823082132675681066e+01
3.262034684730780754e+01
3.680751562392745058e+01
3.733865545771877947e+01
3.954498688425677244e+01
3.381455991425122676e+01
3.758293517161983743e+01
3.144551115122884966e+01
3.522302644424972584e+01
2.968719989392591430e+01
3.354267919778951779e+01
3.569591093593076181e+01
3.683256227497233937e+01
3.264538953390222531e+01
3.577818070251261418e+01
3.019424662267164194e+01
3.324883216455569368e+01
3.433635697452314162e+01
3.645245275178643851e+01
3.240427312505205037e+01
3.479797903709081197e+01
3.038662656675470330e+01
3.276330092933163485e+01
2.856580347857816449e+01
3.101195997720714814e+01
3.240350646578840355e+01
3.415533707452723888e+01
3.127893984503505109e+01
3.355073508852198927e+01
2.888757332673744571e+01
3.104427086607968889e+01
3.292819485225901133e+01
3.415731145899881227e+01
3.150616631460131245e+01
3.334169962284765631e+01
2.897726338711576233e+01
3.082641256525329254e+01
3.311639744679745689e+01
3.384897308351603584e+01
3.281320099596935336e+01
3.353992045890986162e+01
2.942409218928941428e+01
3.088071875507156960e+01
3.371770095927666944e+01
3.373482688947778030e+01
3.239429489007930130e+01
3.280110040211958022e+01
3.038153079799550937e+01
3.082794495964568782e+01
2.878639789317814035e+01
3.122444169473606124e+01
3.122738540273899233e+01
3.457078616407798677e+01
2.755237077743384333e+01
3.238530363214399443e+01
2.687086367073255744e+01
3.152275333523630962e+01
3.131072095778158371e+01
3.467391776553154870e+01
2.692288458474936519e+01
3.267934344682689130e+01
2.661774200941184887e+01
3.170576203208034372e+01
3.348263223872844208e+01
3.182985844715993551e+01
3.352574765934934220e+01
2.825765175268821139e+01
3.243512409285970222e+01
3.544153607188888344e+01
3.370429195438627801e+01
3.284521964995646925e+01
3.169200224477761552e+01
3.216334948570547425e+01
3.076277081718468054e+01
3.382453220537868788e+01
3.557532612512405734e+01
3.110453086531462930e+01
3.493124316721938527e+01
2.878443435519754345e+01
3.222620619781329054e+01
3.524360347270927463e+01
3.577643561987167686e+01
3.094092254743131321e+01
3.580627345407492612e+01
2.980336592528821527e+01
3.391326987356580958e+01
3.679179998556709563e+01
3.269383169317310234e+01
3.635861541369314409e+01
3.048812552502487705e+01
3.426880552786428069e+01
2.830220214718841021e+01
3.237326984629140014e+01
3.513740924284034861e+01
3.507912601447687706e+01
3.236346296524259714e+01
3.362785771029658122e+01
3.088629863673170917e+01
3.438268290003506422e+01
3.415900872701414670e+01
3.698522284307016861e+01
3.225877466004067884e+01
3.545180601541566290e+01
2.896234320338818335e+01
3.329040396449222072e+01
3.568565159855438651e+01
3.665081903087958892e+01
3.306073678985196551e+01
3.515956724692930635e+01
3.134724607218198500e+01
3.420648099475474169e+01
3.570962380973169559e+01
3.722098417994997988e+01
3.389715180779680281e+01
3.606365335065835609e+01
3.182850770795420203e+01
3.502279271472412603e+01
3.670928239349549216e+01
3.790868085605591631e+01
3.495252827454409328e+01
3.734807547607582023e+01
3.230878291489067067e+01
3.555456186155966947e+01
3.729702062149788588e+01
3.934603009680002828e+01
3.375099941900718648e+01
3.696906654577729512e+01
3.869801792290099485e+01
4.085344140035885374e+01
3.961282755614887918e+01
3.849133332870218283e+01
3.914040672244033203e+01
3.455627858515624240e+01
3.720286635583573798e+01
3.958897814115093894e+01
4.054466143491169561e+01
3.763703271372671821e+01
3.910576504121859642e+01
4.184718013955392024e+01
4.234052684742816552e+01
4.065966223653388312e+01
4.144557954071436257e+01
3.830117625799013581e+01
3.975926085426197432e+01
4.286119316915903710e+01
4.341380951935930455e+01
4.071450568490017474e+01
4.123316044080682019e+01
4.195065866342940097e+01
3.882843011940094868e+01
4.270797375337731694e+01
4.405780248924718734e+01
4.185591119091712642e+01
4.222753718537201451e+01
4.047197985407352405e+01
4.444177430776062465e+01
4.327865702401172143e+01
4.698417632662312116e+01
4.074359156632746704e+01
4.519624398386415010e+01
4.809072319038148180e+01
4.585940960890073370e+01
4.613329161599832418e+01
4.499602857533844258e+01
4.394905302326269236e+01
4.299029941521200726e+01
4.698737356328035020e+01
4.896757826788473267e+01
4.321637199886931313e+01
4.805287200739066122e+01
4.097462569538068777e+01
4.603171102832852313e+01
4.933017562716522519e+01
4.559868737946982975e+01
4.726654767552123815e+01
4.607527161209284827e+01
4.576852755743791334e+01
4.893696958524288476e+01
4.982280094797310710e+01
4.716295149276736254e+01
4.858135345222018486e+01
4.591459959670649482e+01
4.910648958490978799e+01
5.025494193274554533e+01
4.941531432162412329e+01
4.998079263330072308e+01
4.702058123217138785e+01
4.840567626142535573e+01
5.145056299034324354e+01
5.283495044850976541e+01
4.700153620130132026e+01
5.059963776247770539e+01
4.599292424485680897e+01
4.958500783358638131e+01
5.003680210616266066e+01
5.322348796140358473e+01
4.738336039851048298e+01
5.133584786886510187e+01
5.241828530413177134e+01
5.489914043518196962e+01
4.806582334767529829e+01
5.283919896646233383e+01
4.812533969596828598e+01
5.099733795899979327e+01
5.226453060034471321e+01
5.433738112923990826e+01
5.121714761711830022e+01
5.358413423670123876e+01
5.519606515953755377e+01
5.678247447432588046e+01
5.193094712910821187e+01
5.477029831830371620e+01
5.063567123653532320e+01
5.304555218968891950e+01
5.536846456854186016e+01
5.680169101486893624e+01
5.176713672214148687e+01
5.456461226665432918e+01
4.955710730301053246e+01
5.260283496144910487e+01
5.481021003767610722e+01
5.575386537092334294e+01
5.343698650195383948e+01
5.510034738625348893e+01
5.789442462383236432e+01
5.812046558867337609e+01
5.434607109852726126e+01
5.603226471151442922e+01
5.379728479570832889e+01
5.581576238031385628e+01
5.679573811391700389e+01
5.892742712368401214e+01
5.586574261676287989e+01
5.807810774276101284e+01
6.095558350400931147e+01
5.805642455019500403e+01
6.021938948870685238e+01
5.481786964653826288e+01
5.905321438135652556e+01
6.162579184655537290e+01
5.863592386981066795e+01
6.082337193618212723e+01
5.613563546042059471e+01
5.990853256694876450e+01
6.311367219109689586e+01
5.961608149547098634e+01
6.151240636565650277e+01
5.814592819164865034e+01
5.901648565403110780e+01
6.252638662886582210e+01
5.989932201883372187e+01
6.123089768771695418e+01
5.892592090268924920e+01
5.814766793953453572e+01
6.227145464762942595e+01
5.934597265319949599e+01
6.296538387217744770e+01
5.496101266492688353e+01
6.053664591899653402e+01
6.337221064172155138e+01
6.013851496083935899e+01
6.228164031316673999e+01
5.673854724288462137e+01
6.179159702540932386e+01
6.410774764797054104e+01
5.893497723490132501e+01
6.203030176561274800e+01
5.887688335624621061e+01
5.989725824443436863e+01
6.250120778047941172e+01
6.459873668373802502e+01
5.855373669453827290e+01
6.230967648706911177e+01
5.635570659668287163e+01
6.013538318437325358e+01
6.216469108234613827e+01
6.290940823256175918e+01
5.887654576355454594e+01
6.070561900830674062e+01
6.295470575311846062e+01
6.397067028888336182e+01
5.972497547960612252e+01
6.237921112341564367e+01
5.553223207000897332e+01
5.951510394969664475e+01
6.071545533463359590e+01
6.270933700913243314e+01
5.660937602513886446e+01
6.008568065954428761e+01
6.140637622291578168e+01
6.302673375824956281e+01
5.835177814677327746e+01
6.130024151408487398e+01
6.278182111850992442e+01
6.404438235258108136e+01
5.975312614474367479e+01
6.178098623489918140e+01
5.839104878408535626e+01
5.957614752922314239e+01
6.154562140186497032e+01
6.220803725224180170e+01
5.973244324126742555e+01
6.087795097240199027e+01
6.331671860312739142e+01
6.340086543564328281e+01
6.166254126614472142e+01
6.172999421257642183e+01
5.749865910126580815e+01
5.883197649373575189e+01
6.142953101038315822e+01
6.105428061165694231e+01
5.853583902237338066e+01
5.896222149330413487e+01
6.175657796612387074e+01
6.117220865059491786e+01
6.037454089220858577e+01
5.963651261006428683e+01
5.730544625742565046e+01
5.772957676793070192e+01
6.087710303248526600e+01
5.927849505777338379e+01
5.953018178406870220e+01
6.278007404562014671e+01
6.045245457453085436e+01
6.340110506572953852e+01
5.799882808619013019e+01
6.076192158757829276e+01
6.337934533115177516e+01
6.045231531245715928e+01
6.000585531675271511e+01
5.785018090952486602e+01
5.913896589133364756e+01
6.238920955423495229e+01
5.918045574510551887e+01
5.972728752592185231e+01
5.705648484140007071e+01
5.737024010318159384e+01
6.070647788142455425e+01
5.800360787141711683e+01
5.999765790867373738e+01
5.634938130980778226e+01
5.968079051315040573e+01
5.891595839151477776e+01
6.052978852999788728e+01
5.630104937235981311e+01
5.755277167988343479e+01
5.972841437651471352e+01
6.164656466739393892e+01
5.586947990069658232e+01
5.871759787903198458e+01
5.377566603860127259e+01
5.642800691191531115e+01
5.739607886186559682e+01
5.911882950128107694e+01
5.284985872293211173e+01
5.601278489901781654e+01
5.762429675838557586e+01
5.847733138590680824e+01
5.419250342923848507e+01
5.647660710783240035e+01
5.745212382526240447e+01
5.875741708577324829e+01
5.463991751317452383e+01
5.645023426900231556e+01
5.755190470741177933e+01
5.901406957149338695e+01
5.522436742431104761e+01
5.740160819449670981e+01
5.208027635969263258e+01
5.383947286436042390e+01
5.455882210165921720e+01
5.614973977175770159e+01
5.475650517949600271e+01
5.127722196785271080e+01
5.242621602978042006e+01
5.453570602606878026e+01
5.469479662919415830e+01
5.073259986160012147e+01
5.161882270910727755e+01
5.392172388051526610e+01
5.367439382820983695e+01
5.526194860398213393e+01
4.977918608601110151e+01
5.219858750198805808e+01
5.185291161665256965e+01
5.434387841637256855e+01
5.253816613529948398e+01
5.531369130348601715e+01
5.502239303469400511e+01
5.344129492687633842e+01
5.266341402566813912e+01
4.985641196491681626e+01
5.265016171352953478e+01
5.082150497575838699e+01
5.385758665045201354e+01
5.007300403898521068e+01
5.227037745102524013e+01
5.487846315164406263e+01
5.219110713729318007e+01
5.148225061633057464e+01
4.960201843068004024e+01
5.273171192577712674e+01
5.451335488317062072e+01
4.770703226690472576e+01
5.174653129617817626e+01
5.420907608284571211e+01
5.134994011126727997e+01
5.142679111764924471e+01
4.895325610290779395e+01
4.897726889086267477e+01
5.223065640058125325e+01
4.973483100522099676e+01
5.065266457168613101e+01
4.772324543795440377e+01
4.818418487972912345e+01
5.043879066316861781e+01
5.240013756031135017e+01
4.515434543830490810e+01
4.941301523259764394e+01
5.143728874986977928e+01
5.155579326802425300e+01
4.746223693352749251e+01
4.851259259469192386e+01
4.485563218681447495e+01
4.706860875308009895e+01
4.726278143670826637e+01
4.915476223586524895e+01
4.357996374608995183e+01
4.659933721128729900e+01
4.710003983378856418e+01
4.882479785954854634e+01
4.471181275688769574e+01
4.695461600208340514e+01
4.793947470493719720e+01
4.925909544198453460e+01
4.536375830011396459e+01
4.677085379292956446e+01
4.810344524299470237e+01
4.906906932647860486e+01
4.664762827330835648e+01
4.749150427817730957e+01
4.913960190284571183e+01
4.983824156173765374e+01
4.513572774016093803e+01
4.656068790140832903e+01
4.833611436934758387e+01
4.875119117781949285e+01
4.880789394258384561e+01
4.467729323397517049e+01
4.731441591265139834e+01
4.743439220211546115e+01
4.959559794341168981e+01
4.494495108436358777e+01
4.789994790607773467e+01
4.809009662563066456e+01
5.024394179465188159e+01
4.529282890321073296e+01
4.860643826787485722e+01
4.085955970978410079e+01
4.506350586117282830e+01
4.465719877677728533e+01
4.755328135868725070e+01
4.442507601161427289e+01
4.766584509803534786e+01
4.854848859317854703e+01
4.422785115425784142e+01
4.755955768190954558e+01
4.999553090507343001e+01
4.755730371208094454e+01
4.751761537070912311e+01
4.576459009711987846e+01
4.401845546573542123e+01
4.778267947965035489e+01
4.507812427157810475e+01
4.838339058311898810e+01
4.180822156762607023e+01
4.536835245438918207e+01
4.805931887566254090e+01
4.490606363306873305e+01
4.560685686140621442e+01
4.337120771652555362e+01
4.574752495163258459e+01
4.634394758087709221e+01
4.784125672847144983e+01
4.176703089503893551e+01
4.436623749178855292e+01
4.672285489942216685e+01
4.855030843864324908e+01
4.298456299896596278e+01
4.568077248624972242e+01
4.787532187694057484e+01
4.810366527408582726e+01
4.411087431828833871e+01
4.531682202945583526e+01
4.773444311734355949e+01
4.924922879653683339e+01
4.207545659156706108e+01
4.640038226142541333e+01
4.788306491994045899e+01
4.891949658576194082e+01
4.519465667181902546e+01
4.690690429958591778e+01
4.861834465854427378e+01
4.971982224498852787e+01
4.643242602966514454e+01
4.841535455565301760e+01
4.325280654053486984e+01
4.550992591412729382e+01
4.643709960085066513e+01
4.805218281800348734e+01
4.442500986629335102e+01
4.691285386889308029e+01
4.804419305354428360e+01
4.941377291902711022e+01
4.405432054247707896e+01
4.698960335405574540e+01
4.772502401401764871e+01
4.972964648879434435e+01
4.710887473431338179e+01
4.985537357885754517e+01
4.988322457178747982e+01
5.050761435743169869e+01
4.898762011382305559e+01
4.572561406158772002e+01
4.827282191132390921e+01
4.803370101115481106e+01
5.061548481573244374e+01
4.509389312131551009e+01
4.873224934719777934e+01
4.959699957224309230e+01
5.074722487637702528e+01
4.585593405091712071e+01
4.950134854985226696e+01
5.215944350648808836e+01
4.996482206249451963e+01
4.868726703509457820e+01
5.238198580733488541e+01
5.008071520235395724e+01
5.356759507946140531e+01
4.575922419447711320e+01
5.080418541322614345e+01
5.348829767045985051e+01
5.058606670736301680e+01
5.122029991882576638e+01
4.892587285031475375e+01
5.235173191922010005e+01
5.183402070858422661e+01
4.962660426904125899e+01
5.028549497612242902e+01
5.380758069846594793e+01
5.184446860235989618e+01
5.213623829363547202e+01
4.916686875745919849e+01
5.180538137453684300e+01
5.406128884448103378e+01
5.333861979638198392e+01
5.008742036672698106e+01
5.262635889069244399e+01
5.361958721440861098e+01
5.544755790415245400e+01
4.761984796410807519e+01
5.230119992443517418e+01
5.434227192243731963e+01
5.514505666961940022e+01
5.108744941475256951e+01
5.305781864122672431e+01
5.469937624548267507e+01
5.538705692150849558e+01
5.176409472136760570e+01
5.351039199088987885e+01
5.480964968758545552e+01
5.607744146762327375e+01
5.289723748178239049e+01
5.484912853457420567e+01
5.623287082641233781e+01
5.731219649069493727e+01
5.188566220246553939e+01
5.407183372536823640e+01
5.541148260691850425e+01
5.637121181730915964e+01
5.542432574470086593e+01
5.517953830001503945e+01
5.746049450213320853e+01
5.785936971433465459e+01
5.316923631489825652e+01
5.481594393314361469e+01
5.179778261867332390e+01
5.280136424132600581e+01
5.501263959371090095e+01
5.499472302291501791e+01
5.738611437406446925e+01
5.758165488315469815e+01
5.770499366419044662e+01
5.633812007882600170e+01
5.259916504398204751e+01
5.340946126495452262e+01
5.626215598635744186e+01
5.506657098462157052e+01
5.468737847252770479e+01
5.734838733493205609e+01
5.541728935410591816e+01
5.840198008590125767e+01
5.232084266925732408e+01
5.615619479148895010e+01
5.844002227898529611e+01
5.583500393750671265e+01
5.529959352161179709e+01
5.870980276573990864e+01
5.593029127696075165e+01
5.927615429821103277e+01
5.301780596731365591e+01
5.641029684427061142e+01
5.899696822090974280e+01
5.571685496897254808e+01
5.588480835062787122e+01
5.914449196103279860e+01
5.838648802709724350e+01
5.914644241497278188e+01
5.533416484638177479e+01
5.645272589793609086e+01
5.956588882811337271e+01
5.528828094375473512e+01
5.760787784377444609e+01
5.204179742858678992e+01
5.599988217224211695e+01
5.808575150084934080e+01
5.767173598672835766e+01
5.982314340366121996e+01
6.131349664971046565e+01
5.645508936462524474e+01
5.767232342924336308e+01
5.360517240690980145e+01
5.583284954562999047e+01
5.657147242309429203e+01
5.843121496331250597e+01
5.282879112209040073e+01
5.539010268461842657e+01
5.628534523400424661e+01
5.773132338278305298e+01
5.374449777703308229e+01
5.634870269602476611e+01
5.717279218514044459e+01
5.869581202443189483e+01
5.397877448799488320e+01
5.567969268895241441e+01
5.659224072482163592e+01
5.817229376768155902e+01
5.429680781431502368e+01
5.687376586343314244e+01
5.706404788014890528e+01
5.885912946041454319e+01
5.463151322667987841e+01
5.747586218274241787e+01
5.724774744472594534e+01
5.958443947336417068e+01
5.437378225329944570e+01
5.707078067608169647e+01
5.641472690644567933e+01
5.910505308213484454e+01
5.580744526731639610e+01
5.851918498312242889e+01
5.768809663606974425e+01
5.891042690873602794e+01
5.615922605441212312e+01
5.891598116876284053e+01
5.972146285388914322e+01
5.496984159974070394e+01
5.847672519971926874e+01
5.252008038246826516e+01
5.587487952857207318e+01
5.692122405051522804e+01
5.530389349555333922e+01
5.835604471240492330e+01
6.064237682357916270e+01
5.415729023900093608e+01
5.769749200681069112e+01
6.015865292925465724e+01
5.730753999223109219e+01
5.726625922569830607e+01
5.451053385195545076e+01
5.571956768836641771e+01
5.857209878988670226e+01
5.572735278795800440e+01
5.601035813691109411e+01
5.310030219898209225e+01
5.606403509752148295e+01
5.666759029307449680e+01
5.640616429823526801e+01
5.225706287795435401e+01
5.579492912133034110e+01
5.782769918594021874e+01
5.431339445751008554e+01
5.689189085563380388e+01
5.752751106845600759e+01
5.853295775509628385e+01
5.240802960500629837e+01
5.566820380600150031e+01
5.705710812139997046e+01
5.801776129028096562e+01
5.281400696680316287e+01
5.540643701308098201e+01
5.662646118760327596e+01
5.792575216114166636e+01
5.345002963149304520e+01
5.492293540449782796e+01
5.637038397558463743e+01
5.728900658450914563e+01
5.593071429341401313e+01
5.208129038901591201e+01
5.419940479826637159e+01
5.469398071039736209e+01
5.634004596962635247e+01
5.287192452163100853e+01
5.530180376806604414e+01
5.577730876590172215e+01
5.635658047744814780e+01
5.446754576793883018e+01
5.688621185645546774e+01
5.669227579330905797e+01
5.459980239327822460e+01
5.559233014857898070e+01
5.797766815032023402e+01
5.713526442292523200e+01
5.354393231140388565e+01
5.380993793135891679e+01
5.640094136487087439e+01
5.547941139003253852e+01
5.640360008324741870e+01
5.851986004629134897e+01
5.655322662391101574e+01
5.768982080606789253e+01
5.504177471102096320e+01
5.353802283035233955e+01
5.679604856095720322e+01
5.447795761567498829e+01
5.759782368267573105e+01
6.007505277291265600e+01
5.696271657871069749e+01
5.665277885711514472e+01
5.452372284973314720e+01
5.424003324413977367e+01
5.752119477089711808e+01
5.444069651520993602e+01
5.718732807271050689e+01
5.952719601641412339e+01
5.623872754765675097e+01
5.829306021244891411e+01
5.377246641388562409e+01
5.746484961469486308e+01
5.699631513958159701e+01
5.541528714252572030e+01
5.775682843630863772e+01
5.905025034072519929e+01
5.944487757967434760e+01
5.551486046378465744e+01
5.650525302759371016e+01
5.839104970923624904e+01
5.994469582824768850e+01
5.274325023971555737e+01
5.668407503382287871e+01
5.824956955804209713e+01
5.916249304152343313e+01
5.431605490492429311e+01
5.662233783346745497e+01
5.748422324537080641e+01
5.879962051802841927e+01
5.460174088870410003e+01
5.665289181370104643e+01
5.746756553767867359e+01
5.922285375877005720e+01
5.427251790299325052e+01
5.661212217252874268e+01
5.704133419724298903e+01
5.876903911026270322e+01
5.707845086351178310e+01
5.502897745805746865e+01
5.669771315555765057e+01
5.855259217035462171e+01
5.495866563190571696e+01
5.760463768361200465e+01
5.773193137560503629e+01
6.002449912401622356e+01
5.466113298855716351e+01
5.734739661772013619e+01
5.789568363916764326e+01
5.986229228947001246e+01
5.324774198185900786e+01
5.655191280145776744e+01
5.768539205095688516e+01
5.698916548715767050e+01
5.836328970515084080e+01
5.582770405721336004e+01
5.882779387016938699e+01
5.903235241748589601e+01
5.421534352097049947e+01
5.860838469327541844e+01
5.663966660386977026e+01
5.999164609944696736e+01
5.565513478116564983e+01
5.856558753789627758e+01
6.119839351233188296e+01
5.671920653950644464e+01
5.953609762054817622e+01
6.216117047081501568e+01
5.675738647746702981e+01
6.065762062609808680e+01
5.277005644221642910e+01
5.732968918854624718e+01
5.973409499222350405e+01
5.688871466356907547e+01
5.712854277602149722e+01
6.050377247102046141e+01
5.725507005870917254e+01
6.034310460890642958e+01
5.380658596127870652e+01
5.698774451926550455e+01
5.901475083313449232e+01
5.980782484670451282e+01
5.573077649162852509e+01
5.775444274824256752e+01
5.831463626760861274e+01
6.007035340129809242e+01
5.467241245827678853e+01
5.724172304336335060e+01
5.803734486080927013e+01
5.965164788436013055e+01
5.377438427727678061e+01
5.668092182635318466e+01
5.762018837952883388e+01
5.891106693208678280e+01
5.569299264946953798e+01
5.773417896356507129e+01
5.868366953108886008e+01
5.977163407744136236e+01
5.492168113976705968e+01
5.695253232886528849e+01
5.761442948074436288e+01
5.916060243864487234e+01
5.527691111636295318e+01
5.776907210949323002e+01
5.819976312538555163e+01
5.996898190488388991e+01
6.011597997336599519e+01
6.220177539439073655e+01
5.867116176331505528e+01
6.049843164608854806e+01
6.049166892222623915e+01
6.270677753124684983e+01
5.743472006844469746e+01
6.009929771554629951e+01
6.166236832364727150e+01
5.986774863239507027e+01
5.755875347996515501e+01
5.703916637485144747e+01
5.991774938549469454e+01
6.067610953558510545e+01
5.792246627561189598e+01
5.820226175572575045e+01
6.105240327073042295e+01
5.848499208073278055e+01
6.112168328988677501e+01
5.475215641675981715e+01
5.844638186210771380e+01
6.070102841337896393e+01
5.754356246950032272e+01
5.733822210304095535e+01
6.046726185209216453e+01
5.724369289699860275e+01
6.022733063064612935e+01
6.249343235436993638e+01
5.950262920182299098e+01
6.146608999185915678e+01
5.598455553507504590e+01
5.949925810701882511e+01
6.147032264912871113e+01
5.510444673475887356e+01
5.870289783376367154e+01
6.065401466024243149e+01
6.076583327690277514e+01
5.675201482154363930e+01
5.760956264070719612e+01
5.945772745277344740e+01
6.111132372241081612e+01
5.529437226215501511e+01
5.834643966405908344e+01
5.973425600510754663e+01
6.055716119752337789e+01
5.611535434115746313e+01
5.801131466452540764e+01
5.884518106874945431e+01
5.994416938547774265e+01
5.629193762342709562e+01
5.797867732488179371e+01
5.868741099991198951e+01
6.008698873154220621e+01
5.549897572892323439e+01
5.705574081854140900e+01
5.811082700438411308e+01
5.850755127627660102e+01
5.719578355190505903e+01
5.784973794241378897e+01
5.987049364930935269e+01
5.863987514477808816e+01
5.471174189321419590e+01
5.531389493499162313e+01
5.749846594613145356e+01
5.697522709546976927e+01
5.703767964555135705e+01
5.664493556259456142e+01
5.916300571685095377e+01
5.744486022404729653e+01
5.394788802013982831e+01
5.446222779804030267e+01
5.697391038850725664e+01
5.568148091142905542e+01
5.694823682650587671e+01
5.934585087332428799e+01
5.727368995974296695e+01
5.702336075834710272e+01
5.956961753823971861e+01
5.712011678339825949e+01
5.978745144646552490e+01
5.321837799052561024e+01
5.644334419903610467e+01
5.870789949982760447e+01
5.570020731538657799e+01
5.645116700237626617e+01
5.922394087975047228e+01
5.599876877813017728e+01
5.708070765012428893e+01
5.422202091840082261e+01
5.683058374989577999e+01
5.598691257604713201e+01
5.605793523228804531e+01
5.385822745011662249e+01
5.671014050779293569e+01
5.762590171987013576e+01
5.368695578449359829e+01
5.381183533723041279e+01
5.579946194206805643e+01
5.767471638372720122e+01
5.227881932717693303e+01
5.530531977527145671e+01
5.649241147467339630e+01
5.745363490552723107e+01
5.090202353089215848e+01
5.411268549194433319e+01
5.553018277646409473e+01
5.638392421845596658e+01
5.200335825541626633e+01
5.390023655690568205e+01
5.474976464584555913e+01
5.596712510290598885e+01
5.686701145648357425e+01
5.806414609922516945e+01
5.396256106364124605e+01
5.533475947326997613e+01
5.649236233138623930e+01
5.713420424932596120e+01
5.721684209333516691e+01
5.275626316076964173e+01
5.385932524935514465e+01
5.542396889445983987e+01
5.565004506069342938e+01
5.277954099078989003e+01
5.371333507564941812e+01
5.567174518170779152e+01
5.535394573753090697e+01
5.245118823935028729e+01
5.292825197246761348e+01
5.523634993220267830e+01
5.443761137048761611e+01
5.391341368497401731e+01
5.381482561799071362e+01
5.631455786785794260e+01
5.483602852265410377e+01
5.746139206837917612e+01
5.936724063596916068e+01
5.153398241835665061e+01
5.570149744745985743e+01
5.823820439677115957e+01
5.580680778231697303e+01
5.808560490471007398e+01
4.971175497362964535e+01
5.495839560881386632e+01
5.707703450492912367e+01
5.412537101348197410e+01
5.501968785859114064e+01
5.785901392864401060e+01
5.477876174803176923e+01
5.526968369316333707e+01
5.821667549958112176e+01
5.741406973770510547e+01
5.684113843346970185e+01
5.357732063516543519e+01
5.682221471861592477e+01
5.577203443804847893e+01
5.622056695551813021e+01
5.290307082049766052e+01
5.553192729779738812e+01
5.653221537876876823e+01
5.596037616141446591e+01
5.477375748531149924e+01
5.705133858750952669e+01
5.871722469679818346e+01
5.172888713298137020e+01
5.543899799014767638e+01
5.687786262385757396e+01
5.782595428050420594e+01
5.298050054607173109e+01
5.522607637164677641e+01
5.621741977051615180e+01
5.705238370475824183e+01
5.544153843119460134e+01
5.707928266304140408e+01
5.830374575307460105e+01
5.631142895869302833e+01
5.426268911796285721e+01
5.687599503462976713e+01
5.715452611945582362e+01
5.831606285038687787e+01
5.248948308875218771e+01
5.499109794798139461e+01
5.537733134355961795e+01
5.644580729764692961e+01
5.559503442752686198e+01
5.771280511514340361e+01
5.751557660107119574e+01
5.374274040288290877e+01
5.476343419801140300e+01
5.717416470046931920e+01
5.640100056947443363e+01
5.800218253425439485e+01
5.818587826709944721e+01
6.066791778806656765e+01
5.572962898616135874e+01
5.846764563799514747e+01
6.052368507185823887e+01
5.820265346345070867e+01
5.719276488071879072e+01
6.030049009612019972e+01
5.801850991116351253e+01
6.105375572685478858e+01
5.363548541020021787e+01
5.817342826211161366e+01
6.042887680734160938e+01
5.734930614466210841e+01
5.795047321626675085e+01
6.103658499973657570e+01
5.782348422767581297e+01
5.952476827992085617e+01
5.570532171735130333e+01
5.892558611537896951e+01
5.856266959305555275e+01
5.785736843750421343e+01
5.862054514532723459e+01
6.145391776156645136e+01
5.608913035713730011e+01
5.909535307683956518e+01
6.100016122108272043e+01
6.140849697872074842e+01
5.755541356309348089e+01
5.945629535717303327e+01
6.094905913368822326e+01
6.191561005562775932e+01
5.761266102918185794e+01
5.882496626025165654e+01
6.042165976718213471e+01
6.181524300331405186e+01
5.667244670389984407e+01
5.800926132060022411e+01
5.948193982530826673e+01
6.062862012596949057e+01
5.879741691589732966e+01
6.006157028101821993e+01
6.161447236930978733e+01
6.086005755331919431e+01
5.686356699211966514e+01
5.836199841278922662e+01
5.989060621664431494e+01
6.054948004347969004e+01
5.621534753252287686e+01
5.783246110132326123e+01
5.951257603994402245e+01
5.963785708507744943e+01
6.165376444165640635e+01
6.156597738596914837e+01
6.306416719463290832e+01
5.729254132838132563e+01
5.992883228776808835e+01
5.939817115944195791e+01
6.187762863650003453e+01
5.939557742610126212e+01
6.226617159786611211e+01
6.125479277210119733e+01
5.852110757841948896e+01
6.028334192941341740e+01
6.146983318722192280e+01
5.989044747541216651e+01
6.172281443817296775e+01
6.438266572035348645e+01
6.189920366057010881e+01
6.145345682171235069e+01
5.937085168708902216e+01
6.255075092584398533e+01
6.411577265824796257e+01
5.726202287283062020e+01
6.073302429188117202e+01
6.316308506845001602e+01
6.002794903301770546e+01
6.095029079279198214e+01
6.373937590196297265e+01
6.243791734857756381e+01
6.299020319793758915e+01
5.946898684554545156e+01
6.232132219944253393e+01
6.158236062260716892e+01
6.024846721265090821e+01
6.081975552577770117e+01
6.348427260105961523e+01
5.982789795479162365e+01
6.259834265646870932e+01
6.380922008267001644e+01
6.452956754581111909e+01
6.006324796804366883e+01
6.158038285984455484e+01
6.294132534428366910e+01
6.398915703802461508e+01
5.914822093435650174e+01
6.040630690691522631e+01
6.168539769731852118e+01
6.306885938469545749e+01
5.756239018781314343e+01
5.928236140394298559e+01
6.048202490725171288e+01
6.134519679331810948e+01
6.146040090954998902e+01
6.311189637201442793e+01
6.343801562691290741e+01
5.884057950321054875e+01
6.017090964840546263e+01
6.207122838350245786e+01
6.201286933835471871e+01
6.089512405621463387e+01
5.952249283827263326e+01
6.208169733622480635e+01
6.139610290447031815e+01
5.742035026663918273e+01
5.790245929792549617e+01
6.043924133948775790e+01
5.945185279217704988e+01
6.139138809247148743e+01
6.214617921213112339e+01
6.161152896714838079e+01
6.104152864150618285e+01
5.950814257338851121e+01
6.214534097571657156e+01
6.190197949603719962e+01
5.703651064441275054e+01
5.685335630082827407e+01
5.962653582693553744e+01
6.187226951843027223e+01
5.761985881347676042e+01
6.010960645723083928e+01
6.240193644515624527e+01
5.879479432059414279e+01
5.940139257709711984e+01
6.209557088878931097e+01
5.907863957522252463e+01
5.965604730690889568e+01
5.660127475602389069e+01
5.948731659449165932e+01
5.961627599491832541e+01
5.757305674880537083e+01
6.051813522646106946e+01
5.976459004924193863e+01
5.955499996286550868e+01
5.772653027548487614e+01
6.027567479559754560e+01
5.963219531695357745e+01
5.793892171284926462e+01
5.906530478120559735e+01
6.064200256790968524e+01
6.116435987088861737e+01
5.652872515828772748e+01
5.789083019391896556e+01
5.921326303881572528e+01
6.069979613219555148e+01
5.422636060553781334e+01
5.729371089775569459e+01
5.763110202382490854e+01
5.908292327624259599e+01
5.429961213938744891e+01
5.583553869023960203e+01
5.676638875989105060e+01
5.774779462070605973e+01
5.759700622454420937e+01
5.914400383671341643e+01
5.982904993148479633e+01
5.447808292454620016e+01
5.575418715156695271e+01
5.721138493951990256e+01
5.749381582676018354e+01
5.686285819719935830e+01
5.703852321616810173e+01
5.904743082553552114e+01
5.856956970128632634e+01
5.378000922868383782e+01
5.551121453058951971e+01
5.619019125379287516e+01
5.648031229802170117e+01
5.711884070041004691e+01
5.948885286039129028e+01
5.809681204657560016e+01
5.553110710075659284e+01
5.688777548642126192e+01
5.794728644261669359e+01
5.639310450889603743e+01
5.717063715301542004e+01
5.976445541703807862e+01
5.734893288389985599e+01
5.930936741056868300e+01
5.203706371262280328e+01
5.647110937244843143e+01
5.863539162672350358e+01
5.563076592337313286e+01
5.854609868915074600e+01
6.036623606781007823e+01
5.216682532649355863e+01
5.745965457025146605e+01
5.969551435545103146e+01
5.861725513283816014e+01
5.642570245471963375e+01
6.022923725285804863e+01
5.918160918410690385e+01
5.993018254654849386e+01
5.459617039485811318e+01
5.753130577666171064e+01
5.936815606724288585e+01
5.607459586350248060e+01
5.809572171732072832e+01
5.969186328632713412e+01
6.019094501377981032e+01
5.581327148144923456e+01
5.773840022817447704e+01
5.867947221173757555e+01
5.960543887445990663e+01
5.468359407930661575e+01
5.677818742342547864e+01
5.782901475754343323e+01
5.890759535837791105e+01
5.280530904667433134e+01
5.559461254919311557e+01
5.638792764598691321e+01
5.773620881107731151e+01
5.891779006946582342e+01
5.960392672121368207e+01
6.009311194626976516e+01
5.562748798060318478e+01
5.661472720103973444e+01
5.843246184207817606e+01
5.858789464253437274e+01
5.804267378048960779e+01
6.017349813811679837e+01
5.982708615259764429e+01
5.651646869081660185e+01
5.697215608302870749e+01
5.940447635254780323e+01
5.858308639875011892e+01
5.920255323990509311e+01
5.844010408571460857e+01
6.118358094264797842e+01
5.901503972886613525e+01
5.624987156687045342e+01
5.806506374077881105e+01
5.836052536403901314e+01
5.891434948202870459e+01
5.680047820297357219e+01
5.981921647791207874e+01
6.184509762088823948e+01
5.442568049927547236e+01
5.864931249186417261e+01
6.130701551531340243e+01
5.825798694252818422e+01
5.956843050188599165e+01
6.236576507343637132e+01
5.911475845005517726e+01
5.940587638372908685e+01
5.657705060907401418e+01
5.963300492085116389e+01
6.012214675492670324e+01
5.759933490008857149e+01
6.073014511640288049e+01
6.017644552550181203e+01
6.096046625113785211e+01
5.584587199280695557e+01
5.879214418328837866e+01
6.059797392067409305e+01
6.088394484794544326e+01
5.682172432413243968e+01
5.887937319012596760e+01
5.969553066786787099e+01
6.104915511862253652e+01
6.262248957217794043e+01
6.279596920653115433e+01
5.874824002752754382e+01
6.126963460669160355e+01
6.231508221261416480e+01
6.323985568196547291e+01
5.846267902491148760e+01
6.000626150427672201e+01
6.087209286517769868e+01
6.242995953058044023e+01
5.752191884732458504e+01
5.952485756092588787e+01
6.014388729118914512e+01
6.143417247582085849e+01
5.623419768671716668e+01
5.876625924118970801e+01
5.895621042289756275e+01
6.060835995482001692e+01
6.013078880591605468e+01
6.216583877652894330e+01
6.192682147946133142e+01
5.938068478255163996e+01
5.993171565552481184e+01
6.217406335322625210e+01
6.124844765477646291e+01
5.784493402750430135e+01
5.801554581397245869e+01
6.056823428342460858e+01
5.932529865820516335e+01
6.216469104332816187e+01
6.391701865723659637e+01
6.086055638215248820e+01
6.059901067782006834e+01
6.352249436715616326e+01
6.090643646370032371e+01
6.376664881286929898e+01
5.736723488777876412e+01
6.094239438913320583e+01
6.295874754045614452e+01
5.975110798070630125e+01
6.280885998510633783e+01
6.472425113068413793e+01
5.868725933317774945e+01
6.169988193481768235e+01
6.394173182394079902e+01
6.247822557491468132e+01
6.194133558165528797e+01
5.862949253524928395e+01
6.153887861403374160e+01
6.235105041555669203e+01
5.893750596159941324e+01
6.153417950394076996e+01
6.108120123116608369e+01
6.289396673037368402e+01
5.876335972819728681e+01
6.092066917506439694e+01
6.113238156503712872e+01
6.258050522869359611e+01
5.756970637478612218e+01
5.948541777008077247e+01
6.019342770371284956e+01
6.153566862828566286e+01
6.297651525527715677e+01
6.366442906945485447e+01
5.938393160356166334e+01
6.073116698116429291e+01
6.197609755944269949e+01
6.290006436593080963e+01
6.003865807803327215e+01
6.204318879179597701e+01
6.227050688900489206e+01
6.346178054114255929e+01
5.817962359573010644e+01
6.006914495505772322e+01
6.016456556734004835e+01
6.141870962603351813e+01
5.629723922858138252e+01
5.861554818714538584e+01
5.840254400004042168e+01
6.059142145634501020e+01
6.077430439766425252e+01
6.267953553952282419e+01
6.142917316352922086e+01
5.770186809610438416e+01
5.826361818470457621e+01
6.062784903957532379e+01
5.926265344591667628e+01
6.081689374593196362e+01
6.291272726032867979e+01
6.074765695209841709e+01
5.988936293193678040e+01
6.245744815925059612e+01
5.999830475448939637e+01
6.282806889231250835e+01
5.655063967784042234e+01
5.966378650360211822e+01
6.176430103683195227e+01
5.872585000033453184e+01
5.922127369912683292e+01
6.195827570238986226e+01
5.868559089854809940e+01
6.025129200145998709e+01
6.270075421902729573e+01
6.060684132066957375e+01
6.027138417754420630e+01
5.723746749060110517e+01
5.991205801912305873e+01
6.160903723909773078e+01
5.474582778846949793e+01
5.857504221076239048e+01
6.040365288220688456e+01
6.040376078524863601e+01
5.663394725591399492e+01
5.827505669792140708e+01
5.864176849246801027e+01
6.027293472254987705e+01
5.544239168222330250e+01
5.766636075584175813e+01
5.826574199322067926e+01
6.009992060743191900e+01
6.077302333366563403e+01
6.197146089252759538e+01
5.651104427880716941e+01
5.838759073545728739e+01
5.925062449879366966e+01
6.038958327379625501e+01
5.672725543892443056e+01
5.806375153859558935e+01
5.943585363836178459e+01
5.988441942728623246e+01
5.562322374041017525e+01
5.658452294084874268e+01
5.808143967004533437e+01
5.835931158216627068e+01
5.722844756313124748e+01
5.907672276502019315e+01
5.851785166637922941e+01
5.992089673501246949e+01
5.503383203957920244e+01
5.773417504863650151e+01
5.712989311094550260e+01
5.941306953240329136e+01
6.107736956626740010e+01
5.941440720963932876e+01
5.924944945262871698e+01
5.788295492773440287e+01
6.046336147602230682e+01
6.057145113455762697e+01
5.499182066298001814e+01
5.901476501069443259e+01
5.906193472544192957e+01
5.949922877236606666e+01
5.558021541891636730e+01
5.944268729603934531e+01
6.160961294101741004e+01
5.511130072224354848e+01
5.920268328664291602e+01
6.149521848331211515e+01
5.787583829160866600e+01
5.829761723448845601e+01
6.114222825051485444e+01
6.004193343028753560e+01
6.082040241048971296e+01
5.660738616439486748e+01
5.965572406897472035e+01
5.868135549460159694e+01
5.700171280285623965e+01
6.020921787223969801e+01
6.106177612571777757e+01
5.764745767868092940e+01
5.808846973481095688e+01
5.998584312435496457e+01
6.169720191083985128e+01
5.513575527656919206e+01
5.876861282030725420e+01
6.024757783849795345e+01
6.072231687914723608e+01
5.642543079784534399e+01
5.864588385636144352e+01
6.026265281836580101e+01
5.980610221013675698e+01
5.726693917039619208e+01
5.912732743245943823e+01
6.033593248669561149e+01
5.746614994376507468e+01
5.877083679820626116e+01
6.002290963300774251e+01
6.051496549716844697e+01
5.775556864645466248e+01
6.027961966216823697e+01
6.049110035764917370e+01
6.179756669076112985e+01
5.547676843794319979e+01
5.823920961873904645e+01
5.814358255804832964e+01
6.032903269115661971e+01
6.008333071050295615e+01
6.243186772730676637e+01
6.098730586653711327e+01
5.724312165876259684e+01
5.769163166759739170e+01
6.037670131781839444e+01
5.893992852053784048e+01
6.181477684613037127e+01
6.239748759130923617e+01
6.111427423414924931e+01
5.934431371268322408e+01
6.245166949849071614e+01
6.010720141380225101e+01
6.302867855249014895e+01
5.551484774761641461e+01
5.973149640567105934e+01
6.221720328443904435e+01
5.908568104092670126e+01
6.222806913993394318e+01
6.429992092465437281e+01
5.693917534975540917e+01
6.114618390392871561e+01
6.344653741535916680e+01
6.177708736631016251e+01
6.215085128605469578e+01
5.873493786955592810e+01
6.164371011883600460e+01
6.085615800889446092e+01
5.885723601474684585e+01
6.220419234436591438e+01
6.292371251964846124e+01
5.958148068006020281e+01
6.018633960698028318e+01
6.209128563249123545e+01
6.380709950090856353e+01
5.818437070501821040e+01
6.101100438313411445e+01
6.218632810842514402e+01
6.327046462286648421e+01
5.758441114794784710e+01
6.005548152839511289e+01
6.123498509118507371e+01
6.240227918874852975e+01
5.820560743587486741e+01
5.995168992980693901e+01
6.078698201291738457e+01
6.231666629759527609e+01
6.277538786679210858e+01
6.431557040083559684e+01
6.242002559477182189e+01
5.905037808963633239e+01
6.004149906010961502e+01
6.174019090682989486e+01
6.188683072700294474e+01
5.900417475319265748e+01
6.147964964853337477e+01
6.118559361170876798e+01
6.311015594045574062e+01
6.351437109053433261e+01
6.517798154535749688e+01
5.890084106154087351e+01
6.149193548061573722e+01
6.340156225452818006e+01
6.164476655813004413e+01
6.344197632456822333e+01
6.520970068476945869e+01
6.293397525937619008e+01
6.268338988749017915e+01
6.092665550550805165e+01
6.384972070851630122e+01
6.550821765575607003e+01
5.858095659009490674e+01
6.195002794067006135e+01
6.437214366146689315e+01
6.130575447384897103e+01
6.304551578412356605e+01
6.558467607290519652e+01
6.224861044864506709e+01
6.217804509247076794e+01
5.925245164550184285e+01
6.221957541178694839e+01
6.396344408950759686e+01
5.816989955066182461e+01
6.167006386027811260e+01
6.371795227994962119e+01
6.235713897879033141e+01
6.040878755539748823e+01
6.343956068280373017e+01
6.363699863304528748e+01
5.994986886595265219e+01
6.111211196663625600e+01
6.273633049465529155e+01
6.422620378681793341e+01
5.856752589737841674e+01
6.087989525084154252e+01
6.225820064269239396e+01
6.301022596810756227e+01
5.844555409469885632e+01
5.996237219812530128e+01
6.101335874860936315e+01
6.227217247528405863e+01
6.311767192463631915e+01
6.431134635172008984e+01
5.879591296358667307e+01
6.046666669162993912e+01
6.165756351737618957e+01
6.212382314414058015e+01
6.261460281552175644e+01
5.787703616349033098e+01
5.888803673015695495e+01
6.043517497162149965e+01
6.055152356289822535e+01
6.267282680167122066e+01
6.220814167444501663e+01
6.358539644296269699e+01
5.615628862477406358e+01
5.984021702423792277e+01
5.896422398460489944e+01
6.152362560759413412e+01
6.293593331010085024e+01
6.136873230861871065e+01
6.326690325414828209e+01
5.789922720677807177e+01
6.089899722357635881e+01
6.110480088634844265e+01
6.112158125072346593e+01
5.637565612199445297e+01
6.055886320898707709e+01
5.967257321716437701e+01
6.211644645395527675e+01
6.437174593842166814e+01
6.130364017409460331e+01
6.062884251312931383e+01
5.815838294444949241e+01
6.100125147050678720e+01
6.301255058183240720e+01
5.623528130649942369e+01
5.969513313283422917e+01
6.184946330115222679e+01
5.933784683153842110e+01
5.928988950743329411e+01
6.217982199701329193e+01
5.874574351397931338e+01
6.157572584068218191e+01
6.328411009485152050e+01
6.146003323033042420e+01
5.908282925322513535e+01
6.081271127837017332e+01
6.227306396187105264e+01
6.269550765495827704e+01
5.805253182784603183e+01
5.983932655449696369e+01
6.088439027352504240e+01
6.170529209805348358e+01
5.699514217008964323e+01
5.865707443498802576e+01
5.943438581063426085e+01
6.055678264717789006e+01
5.459140574552237268e+01
5.703471029618629018e+01
5.792430025810335081e+01
5.881539767571316446e+01
6.004969488450079496e+01
6.061630266830616875e+01
5.999645002633793922e+01
5.951262041862246122e+01
6.133624607577314691e+01
6.141469703518550460e+01
5.619510123384110756e+01
5.705078218581508054e+01
5.887396880936309884e+01
5.863945324069376142e+01
6.023532972700716215e+01
6.014402781031454026e+01
6.223381599357189486e+01
5.831313352189089017e+01
6.022625262812790226e+01
6.082978999097461781e+01
6.063743572947945637e+01
5.676627723458976504e+01
6.004832704657503228e+01
5.838944342989307756e+01
6.123639204677872527e+01
5.709344676122164230e+01
6.020692262523147065e+01
6.021775501355193683e+01
5.782808370488876903e+01
6.191268771176135033e+01
6.089795345787407399e+01
5.996777984451907884e+01
5.772988176188465559e+01
6.060999856137959085e+01
6.228082993139433654e+01
5.459756365590988736e+01
5.917392571834263038e+01
6.137991887994384399e+01
5.864714973099452777e+01
5.920895309043699939e+01
6.195537594235415213e+01
5.932054010727677706e+01
5.978671385366892110e+01
5.586479570456933885e+01
5.897886665854462507e+01
5.994975904871609629e+01
5.750892703321322585e+01
5.783267587692313327e+01
5.967621860521325772e+01
6.125758696465045716e+01
5.442652973602504574e+01
5.788520607313600408e+01
5.918257070931338149e+01
6.014697645909329538e+01
5.517083770138223286e+01
5.705292929985792938e+01
5.825595830328841629e+01
5.887523671333174491e+01
6.017720135052005048e+01
6.115761017845296266e+01
6.015298163936876819e+01
6.225885037751563544e+01
6.256115480082642932e+01
5.957995498271895940e+01
6.107012422144843100e+01
6.127431520154548394e+01
6.310852124172065203e+01
5.786001449373126349e+01
6.033085975196640760e+01
6.045830526577385911e+01
6.238702247600966899e+01
5.804372944518596711e+01
6.090830374876410502e+01
6.021635975645202876e+01
6.243439785162317435e+01
5.708885265348195759e+01
6.023043802344839293e+01
5.917360448829538200e+01
6.182826865272039640e+01
5.664247371035731504e+01
5.998596349168008857e+01
6.011662794204930549e+01
6.077315075857666926e+01
6.350226378059323906e+01
6.093837778520439485e+01
5.935916072169656843e+01
5.776957351716239941e+01
6.071263675033486606e+01
6.317748256085871361e+01
5.792865643392891428e+01
6.128075261471173008e+01
6.357561944256560338e+01
5.862098570591044222e+01
6.176108268506764176e+01
6.392304129993239314e+01
6.032055932119562414e+01
6.310504546574630069e+01
6.512051533796110903e+01
6.009265456861044186e+01
6.351929850394310506e+01
5.528066221593986285e+01
6.007155402035154879e+01
6.122737952492663283e+01
6.288512416897362556e+01
5.594199036688198134e+01
5.950125053079180049e+01
6.121650556892678452e+01
6.200701261285792754e+01
6.353734191009660037e+01
6.466582316442601552e+01
5.878547311733014880e+01
6.131835309235844989e+01
6.237031837770366849e+01
6.338549523313964329e+01
5.982396279239106462e+01
6.139490062066711573e+01
6.225424892799888710e+01
6.373375905177249479e+01
5.838149592802984245e+01
6.018794959431873082e+01
6.066452764352524696e+01
6.206463031994623947e+01
6.318492075074031789e+01
6.321223042224626454e+01
6.449405484422720747e+01
5.866104740886525093e+01
6.089731814805080745e+01
6.087013355641226298e+01
6.272182822746000852e+01
5.939326289708602502e+01
6.212847111569518432e+01
6.168252697873177937e+01
6.356826826595252555e+01
6.549727879174740508e+01
6.340403618760703353e+01
6.086396798108786044e+01
6.019455500320996322e+01
6.307469713447437698e+01
6.199256505381315208e+01
6.393268362079938072e+01
6.643408687812907942e+01
6.368653135517646291e+01
6.198188214819183628e+01
6.021727816474387396e+01
6.334478468894296554e+01
6.479891176009560638e+01
5.850109077544519209e+01
6.198373096991218745e+01
6.430167862738078099e+01
6.105416218266931594e+01
6.108537359026516356e+01
6.396152975527314766e+01
6.258086090132290735e+01
6.466836946540831832e+01
6.666945295936993432e+01
6.104325590202194007e+01
6.453901194776706518e+01
5.864608203124474528e+01
6.175431991470205872e+01
6.336493548569311685e+01
6.066449886535922786e+01
5.958979727566034512e+01
6.172782533219606194e+01
6.323439103157509322e+01
5.888154190368165075e+01
6.099029193973093754e+01
6.158214307938632714e+01
6.297753735326757152e+01
5.891610947312644697e+01
6.075894731648556757e+01
6.176302713343746120e+01
6.233325777218521324e+01
5.798081540052999827e+01
5.913034136377895322e+01
6.034450078369436454e+01
6.131463248292035928e+01
6.182423816920554316e+01
6.295728395849798886e+01
5.949499543278010805e+01
6.141847992980148518e+01
6.259335073296161767e+01
6.226225952382992546e+01
6.019214971021561666e+01
6.054289581796972897e+01
6.268879627757157635e+01
6.180407401357531683e+01
5.760633963151448000e+01
5.797910301693428892e+01
6.049444378948160050e+01
5.940422182343353796e+01
6.200545656215678747e+01
6.068344913556843778e+01
6.309934532980456368e+01
5.751270610423048879e+01
6.047425809316302292e+01
6.111173594149627775e+01
5.981791879146449986e+01
6.244514574723977063e+01
6.472882077562137226e+01
5.920569324355514595e+01
6.186372766014923741e+01
6.410508239920844176e+01
6.106345605307912905e+01
6.055701173475495835e+01
5.803759281859935726e+01
6.085756763271680114e+01
6.278089413413878361e+01
5.596916601937140001e+01
5.940171901457281933e+01
6.154232915955530814e+01
5.898671591416562165e+01
5.894955767195675378e+01
6.181491523280753597e+01
5.847687040412475312e+01
6.126653054453343117e+01
6.297783964696887438e+01
6.072763789578610982e+01
5.833499961632995223e+01
6.072886699190608795e+01
6.154261141481232755e+01
6.180292279805330224e+01
5.628615780393833035e+01
5.919862918301728882e+01
6.054545122862814566e+01
6.139282595791787855e+01
5.662133502277282560e+01
5.816975284665239343e+01
5.911888277392716162e+01
6.000890634437527638e+01
5.423239511612359109e+01
5.674894426644720369e+01
5.760670052938516505e+01
5.866291303580155159e+01
5.999621324930612332e+01
6.051888061834985422e+01
5.738525586811213230e+01
5.970610321143389854e+01
6.013214165236908570e+01
6.144341168794738195e+01
5.534183298608109425e+01
5.740001442237989693e+01
5.762858865262116126e+01
5.945138086041024650e+01
5.867318066472149241e+01
6.088533804012217843e+01
6.005931848059253042e+01
5.709293409258254570e+01
5.799795506534257328e+01
6.031429473693420817e+01
5.874898013878647873e+01
5.984864341854658676e+01
6.010169372854251435e+01
6.197533170029635841e+01
5.515059168877186124e+01
5.888104703156687236e+01
6.111452108096619185e+01
5.864997493000967665e+01
6.038266325479283836e+01
6.302791317874550714e+01
5.962583653260971062e+01
5.939332979540759538e+01
5.701517913842975815e+01
5.985400210018156031e+01
6.100990433629439735e+01
5.580081326655594864e+01
5.930560440546173595e+01
6.122097826405698839e+01
5.478211361670185653e+01
5.959581160655631749e+01
6.165397305350231250e+01
5.746146302361783142e+01
5.977302138160570877e+01
6.204894433228659523e+01
6.054908145771820926e+01
6.007262337145794362e+01
5.714892561458225373e+01
5.908426972835093949e+01
6.052694617124394938e+01
5.901595810385955332e+01
6.105875511659522203e+01
6.238682919292327966e+01
5.733658947720413579e+01
6.023531232221930054e+01
6.090465204066178728e+01
6.209551693781518367e+01
5.629534431883526224e+01
5.840386879401032161e+01
5.927848572451343045e+01
6.049989593187689252e+01
5.608711401421159337e+01
5.751190119310241045e+01
5.867849271139497347e+01
5.925113145799615921e+01
5.945790589794793846e+01
6.123756447018276816e+01
6.130287908312470080e+01
5.775852320652258243e+01
5.859293028891619315e+01
6.063457424647422300e+01
6.023220021474292452e+01
5.679891327121600142e+01
5.722103607049628238e+01
5.959263901508568750e+01
5.872340719237060824e+01
6.130504271121486681e+01
6.081162727250705302e+01
6.310791487590047666e+01
5.638875369152692230e+01
5.981217762329735166e+01
5.947404391552662872e+01
6.193037439190312909e+01
6.422877111862112542e+01
6.178665324416547833e+01
6.316699038744035732e+01
5.918468958281407311e+01
6.235234877936043318e+01
6.433288972237767211e+01
5.666093759799726115e+01
6.093215833648127244e+01
6.333138785652316471e+01
5.990607122648404470e+01
6.105960817525033946e+01
6.377842121045637924e+01
6.215357607350108538e+01
6.269898889992052915e+01
5.919820671864908945e+01
6.204705512080880681e+01
6.115166176782736329e+01
5.919783741640417674e+01
6.251347817265322249e+01
6.336713205914603719e+01
5.955840327397621792e+01
6.008154611673407430e+01
6.197220598063788799e+01
6.367958004664960470e+01
5.822373712913544352e+01
6.136417768980608400e+01
6.245330332008602880e+01
6.346055743374670755e+01
5.767980529686716551e+01
6.012469103872427212e+01
6.126872819984108531e+01
6.244363721157842662e+01
5.812465602936750031e+01
5.973171684689404515e+01
6.102681167854122180e+01
6.196014227981188327e+01
6.257245711293701618e+01
6.375708958873743626e+01
5.931971592766693391e+01
6.054987445415665803e+01
6.247920068046656894e+01
6.240952278035497613e+01
6.313707847973933696e+01
6.295231138593808140e+01
6.498804105468309444e+01
6.227122905617235205e+01
6.070360943132880038e+01
6.083287700592558878e+01
6.303828093125569154e+01
6.202856027972124764e+01
6.457255745066059660e+01
6.433131196022344511e+01
6.223612193829447392e+01
6.126900887361435366e+01
6.412427921629026173e+01
6.370758795658098705e+01
6.124541292367255352e+01
6.465259363664725356e+01
6.203770902395805820e+01
6.501194688014689405e+01
6.005231686756236797e+01
6.284080778466748995e+01
6.498293477468783408e+01
6.145025945952656343e+01
6.104384992299004864e+01
6.407343561001054866e+01
6.069101245881589790e+01
6.365748912378884938e+01
6.581435361125957684e+01
6.175332217381708944e+01
6.537423604115241460e+01
5.863454934865140444e+01
6.169557543186025583e+01
6.375222714585100903e+01
5.947838428243090192e+01
6.240314613505821484e+01
6.178631073640078597e+01
6.429973560976553415e+01
5.881266886806153593e+01
6.099443011219193522e+01
6.216681119951083900e+01
6.318258598118703162e+01
6.414796649540969042e+01
6.535866531058070450e+01
5.992115149895690251e+01
6.213385574858212124e+01
6.355748322710550724e+01
6.413538863490381914e+01
6.043139271657690159e+01
6.211102791021171754e+01
6.309673462545277545e+01
6.314801245569081090e+01
6.068862325880861874e+01
6.272746618365054161e+01
6.305269339511479387e+01
6.307753920217407995e+01
5.853261851829585538e+01
5.928438625528421113e+01
6.111183779780100167e+01
6.096827317076554920e+01
6.307281311811073721e+01
6.259708812007907852e+01
6.387708852462112930e+01
5.644655946762831178e+01
6.009628177510896307e+01
5.923491250322646096e+01
6.177591688518791813e+01
6.317513270023766125e+01
6.159381714460581492e+01
6.352372020344127179e+01
5.811532519446772227e+01
6.108728369782233614e+01
6.119911430229331728e+01
6.145244009552266817e+01
6.387614231299463086e+01
6.304899055994140866e+01
6.176681938994337173e+01
5.984725047810572107e+01
6.263125178981621133e+01
6.430911246738314446e+01
5.776693486694191648e+01
6.081193101488678820e+01
6.307727004200875598e+01
5.973353711534341670e+01
6.036697202883271984e+01
6.297730893940424579e+01
6.110286035255606407e+01
6.123455253476033988e+01
6.406740257102558189e+01
6.053759082727447094e+01
6.294059169763922057e+01
5.513263654016751758e+01
5.921278346496153944e+01
6.102250484564638811e+01
6.097795733314210054e+01
6.245258224136035352e+01
6.412825307508146011e+01
5.714259076832971829e+01
6.020943254448527426e+01
6.151942945018527098e+01
6.226714033505859192e+01
5.855449687391875813e+01
6.032717265580032517e+01
6.147459420759769699e+01
6.182166479172055062e+01
5.793452349094676634e+01
5.938941322571100301e+01
6.039766598581522317e+01
6.119573120403467215e+01
5.492823969414753549e+01
5.735709879024475555e+01
5.840565256156492779e+01
5.902884559112550988e+01
6.048375336322754947e+01
6.078071501766809348e+01
6.103203538582321386e+01
5.682014877374916040e+01
5.928478544601303923e+01
5.910166458359744013e+01
6.100021317491155060e+01
5.646582423683323526e+01
5.922506057048692441e+01
5.850729183542329537e+01
6.066455258337711598e+01
6.113869058262655187e+01
6.119972188554758930e+01
5.873471719914206801e+01
6.188642768055637333e+01
6.022462796718145484e+01
6.249858628708280861e+01
5.590748925332884056e+01
5.964580636499634636e+01
6.043065820930387133e+01
5.856756686071495466e+01
5.788108821773383994e+01
6.103938759400101333e+01
5.815422797956640721e+01
6.107739691322777986e+01
6.334371209998874974e+01
5.960774595525504083e+01
6.032169275555850874e+01
5.736674103408634551e+01
6.011797392432040965e+01
5.910380015914808638e+01
5.858039612079060277e+01
6.137729845817941055e+01
6.244642666094073746e+01
5.746404138814823881e+01
5.854688587422379698e+01
6.118490780871231038e+01
6.172078665006958431e+01
5.757395539221971603e+01
5.941102578431254955e+01
6.091354297833153453e+01
6.145591213944453557e+01
5.700984891136741339e+01
5.872013059621351516e+01
5.942204839424672258e+01
6.129390482977778021e+01
6.203199706103631428e+01
6.328992699319363879e+01
5.758614857428132439e+01
5.965653546669313556e+01
6.059402250515566379e+01
6.185347920635155106e+01
5.727995711766099163e+01
5.879929671476505604e+01
6.025289503438504113e+01
6.059839181961425680e+01
6.101683263999728268e+01
6.279395658636195066e+01
6.287970705725196296e+01
5.812592631954276357e+01
5.929555986784528443e+01
6.130774271005478937e+01
6.121710398147167353e+01
6.007600989678227421e+01
6.023361485550525174e+01
6.259948106188467420e+01
6.129635924783577394e+01
5.774142982129045976e+01
5.839162025945140755e+01
6.100613563031340192e+01
5.954824901882265920e+01
6.249116749194640619e+01
6.263247679315811922e+01
6.222076718780427740e+01
5.811565757664011045e+01
6.131179236403291810e+01
6.397631391437440129e+01
5.964643177714513911e+01
6.296369766978683913e+01
6.546277406247131125e+01
5.817705836089338334e+01
6.255156616483197496e+01
6.504237165240999730e+01
6.138596992878864711e+01
6.135720659627740758e+01
6.458069212270909532e+01
6.193554244808127152e+01
6.356640570266775825e+01
5.993653190684349852e+01
6.299729121191058567e+01
6.231082916933480220e+01
6.061341686264603368e+01
6.404639163528668178e+01
6.443049467390302709e+01
6.090886526070369911e+01
6.199724973782588933e+01
6.390140338769136719e+01
6.566355382347977354e+01
5.893539102271314789e+01
6.230553777102505819e+01
6.389891391597587500e+01
6.482530645576025563e+01
5.962561234133220012e+01
6.204477685082836302e+01
6.311861631229481162e+01
6.419999221148464130e+01
6.532774326502428153e+01
6.631525033198767005e+01
6.204260964619967211e+01
6.450524955414088879e+01
6.506453551574365690e+01
6.707623364733014171e+01
6.096561767381641062e+01
6.292557370237464198e+01
6.426956539705435034e+01
6.440018972189744773e+01
6.259594745700606921e+01
6.312274639350164307e+01
6.535599635319968570e+01
6.504692762783167836e+01
6.038196898564306281e+01
6.218186414506702420e+01
6.336011307121077607e+01
6.300845520496554997e+01
6.556074309298018932e+01
6.733535717523993469e+01
6.055689082879673890e+01
6.368716161564516653e+01
6.658468303803836363e+01
6.447367574360127662e+01
6.511927110979235067e+01
6.589251225907666765e+01
6.666914298202866007e+01
6.361645910637014367e+01
6.371281624528010212e+01
6.707634954456958098e+01
6.386961114317814747e+01
6.678167922493204856e+01
6.012551543077196214e+01
6.410015897444201016e+01
6.663689853327106505e+01
6.220108581178410390e+01
6.572607633490180490e+01
6.651092163120182477e+01
6.301127827073900534e+01
6.293961511352105020e+01
6.622740333194725793e+01
6.477677911998208060e+01
6.661942746957682004e+01
6.906900800197070112e+01
6.219740439235425811e+01
6.617488213920989892e+01
6.025745788936381331e+01
6.374636723638041502e+01
6.361345214315109331e+01
6.562261268334958686e+01
6.745463983886683934e+01
6.872077519302337123e+01
6.351265596110602729e+01
6.516115523897479989e+01
6.664214478970053790e+01
6.830666230490055568e+01
6.282591354343558265e+01
6.441516290396485545e+01
6.599929721404595284e+01
6.662267178581728899e+01
6.310917907438633279e+01
6.546258091155188197e+01
6.622324869625941801e+01
6.720666921427053353e+01
6.769982276060254378e+01
7.005381937118929159e+01
6.375496710728186400e+01
6.514408827738549235e+01
6.776607437830443814e+01
6.740494107403776525e+01
6.464100694237505706e+01
6.720695492262187543e+01
6.658272331806496425e+01
6.877745977009702472e+01
6.257591461291533363e+01
6.604862079530228414e+01
6.475807439588562886e+01
6.739765001787695553e+01
6.365745220377738889e+01
6.683011432503035110e+01
6.685526568855557628e+01
6.477482451016609843e+01
6.848718048539804215e+01
6.624925530846732613e+01
6.840487965514174107e+01
6.383159442184657451e+01
6.730087385678011458e+01
6.836613406997088305e+01
6.335426393811815160e+01
6.720096851160626272e+01
6.993227557404374295e+01
6.339706243914469042e+01
6.730988429469938694e+01
7.003473634617103016e+01
6.535001130309792927e+01
6.777986595287180194e+01
7.053970784298742558e+01
6.442932991209187321e+01
6.943399740535971887e+01
6.297569270322706814e+01
6.694396086932609080e+01
6.876855679294142476e+01
6.224836673957753419e+01
6.659967061793555843e+01
6.797039166806898436e+01
6.840264815644594876e+01
6.194825264789096764e+01
6.665607588545960027e+01
6.792301672481468700e+01
6.652534663757353428e+01
6.690455430338772658e+01
6.916144201508888045e+01
6.617927797424076175e+01
6.856081233780041373e+01
7.000444795243804208e+01
7.070540530278783820e+01
6.395975110213350945e+01
6.704098050942064901e+01
6.880526536142645000e+01
6.948489195959592735e+01
6.432442508844917484e+01
6.751227000758824204e+01
6.788074761869786755e+01
6.991511253947331284e+01
6.363726334328790557e+01
6.677202844792708447e+01
6.669078277330964966e+01
6.914178437421072942e+01
6.991479903113619798e+01
7.223399568170897567e+01
6.506365256796749463e+01
6.817815893478326927e+01
6.954605170050132301e+01
6.897204174450010328e+01
6.589002617550868024e+01
6.716696941282413036e+01
7.029914295214663866e+01
6.864876488548489419e+01
6.878922333705020264e+01
6.978014721466101378e+01
7.218595365331421476e+01
6.479012053872597221e+01
6.892514108824521202e+01
7.236188011341489812e+01
6.927147719928869662e+01
6.863143827506982575e+01
7.255945769452671357e+01
6.924951026994651215e+01
7.253432900098236757e+01
7.558721844362628417e+01
6.717303718032454185e+01
7.253071499208039086e+01
6.709327108887261204e+01
7.110221702989043990e+01
7.237073578305266608e+01
6.847253118583917342e+01
6.882178425388747200e+01
7.241830244752706847e+01
7.047834920000443049e+01
7.118772962924903425e+01
7.471971626686129753e+01
6.979071684322231306e+01
7.227724404450555085e+01
6.692380870860590392e+01
6.958359290241283190e+01
7.112290966893489497e+01
7.272290381399061232e+01
7.458346189016862127e+01
7.585312987280990171e+01
6.933520923487417065e+01
7.275030420631111383e+01
7.445712177827138589e+01
7.480945648681962723e+01
6.920020791768132540e+01
7.233835734568850739e+01
7.347091073916971027e+01
7.563837186142201574e+01
6.870499879966693868e+01
7.223540139023899087e+01
7.282011660732065650e+01
7.540798464331599860e+01
7.592798624844409972e+01
7.852992915704362531e+01
7.125780304376965546e+01
7.438148649116617150e+01
7.649876670082335295e+01
7.594455183525026598e+01
7.262773029284556969e+01
7.359920846595606747e+01
7.706737931355890225e+01
7.581289537481497121e+01
7.263065759171145430e+01
7.309224938139938388e+01
7.678852667751064587e+01
7.507624027767901964e+01
7.902251370432117028e+01
7.927438207994477182e+01
7.479648195284302403e+01
7.847242443740063322e+01
8.130483545671405921e+01
7.417475645151917263e+01
7.875530453901367878e+01
7.334196483340848260e+01
7.782571677105586616e+01
8.005127472064860683e+01
7.117521953324875028e+01
7.677410401856334943e+01
8.048444243199718073e+01
7.523820765231340602e+01
7.807095713484714850e+01
8.165325174851084000e+01
7.481252658305210446e+01
7.978242728069649559e+01
8.229473034280857746e+01
7.589432593904903968e+01
8.144940249629711104e+01
7.340646735150855307e+01
7.851682650012305942e+01
8.129871789412223393e+01
7.318865508876390891e+01
7.893367348612255796e+01
8.123214321851635589e+01
7.892695370598478632e+01
8.090779322365274595e+01
8.340206404145664010e+01
7.878879068325611001e+01
8.228495569351088079e+01
8.475683686397832162e+01
7.788221038816341490e+01
8.212667729349750800e+01
7.507273949736560326e+01
7.904926009270226928e+01
8.123806555056438583e+01
8.262765155998168609e+01
8.600457888971003229e+01
8.483194924926125680e+01
7.901820145657036676e+01
8.203091418410865288e+01
8.585964014230387420e+01
8.491750169382154922e+01
7.963752372359627429e+01
8.200977910163007323e+01
8.622720563073798417e+01
8.488896048949217743e+01
7.967868832350977470e+01
8.160141629844056865e+01
8.608860790731424117e+01
8.418873398763597038e+01
8.085224112808444374e+01
8.144596325413162674e+01
8.551115514182275490e+01
8.414217970792078916e+01
8.817237781753880199e+01
8.658153156689522234e+01
8.550224179989632489e+01
8.340769371025710655e+01
8.449387249296391644e+01
8.854048508687570518e+01
8.410335919399820170e+01
8.942987286044190398e+01
8.774971793970924239e+01
8.485761996101908267e+01
8.923843061449018421e+01
9.146248452376811144e+01
8.670456584494891672e+01
8.809816317047518908e+01
9.110236448992328917e+01
8.631984366078394544e+01
8.849777179015579520e+01
8.386592828420704393e+01
8.889953938887528295e+01
9.009340060881308432e+01
8.507244932803338600e+01
8.968320808172853731e+01
9.102943931120320542e+01
8.637454318157786304e+01
8.992995670358763505e+01
9.334660491210222233e+01
8.683661140339982865e+01
9.127449136050039158e+01
9.342542785371460923e+01
9.255150202290241168e+01
8.919606757368859462e+01
9.276471442970769488e+01
9.551635928907469975e+01
8.878487411837704713e+01
9.280875033102131511e+01
9.539921836051213688e+01
9.263062301709085489e+01
9.525859921166927791e+01
8.806523534973723599e+01
9.247594985344417751e+01
9.380568142197188308e+01
9.144218749206838481e+01
9.663887602978427083e+01
9.671181659234477479e+01
9.184015601742159163e+01
9.358570147735129297e+01
9.817917829283256026e+01
9.347510830758373856e+01
9.819422215257218056e+01
8.990260496589367278e+01
9.560542889625378393e+01
9.492599627572934651e+01
9.290720106653819244e+01
9.330725753639394782e+01
9.846239400508474660e+01
9.394888821241676169e+01
1.000035897324514167e+02
9.704453185305590068e+01
9.949020605805323214e+01
9.473463577798708002e+01
1.007760434304935160e+02
9.480362978446216005e+01
1.004678438888952741e+02
9.319553753441515198e+01
9.854672329343901538e+01
9.752176376463222596e+01
9.775826372297163402e+01
9.796600994837457677e+01
1.030281854224382982e+02
9.713884708953521852e+01
1.012977308521936948e+02
1.044514599808365034e+02
9.812404913033120124e+01
1.027019527168713893e+02
1.056916893151661299e+02
9.995822306831242088e+01
1.033106147821635119e+02
9.771826786923492136e+01
1.025413694927349155e+02
1.041133102436092202e+02
9.835338907088960525e+01
1.028804177533928055e+02
1.054693597167393051e+02
9.974449220357254831e+01
1.035366074742751721e+02
1.067128790566639935e+02
1.005329394012388775e+02
1.047289787573353834e+02
1.080791554686658174e+02
1.023961829051300469e+02
1.067408015401478139e+02
1.002448072588631334e+02
1.048892185118430973e+02
1.070704146141776931e+02
1.009400903002272969e+02
1.046962581406783386e+02
1.086484516150475343e+02
1.059752475958042908e+02
1.053628798126688366e+02
1.085359966058638150e+02
1.085470867547685714e+02
1.084159662564425304e+02
1.031635098675289157e+02
1.082722614698714239e+02
1.085219386942024613e+02
1.045623439291972119e+02
1.062850886748081365e+02
1.118159245864699898e+02
1.087244100174675481e+02
1.076077068291687908e+02
1.111633729366240004e+02
1.105785104027054473e+02
1.084034001161180214e+02
1.088424531367971895e+02
1.145399339097606912e+02
1.078662858178098674e+02
1.126261447710803338e+02
1.169527468363336453e+02
1.111793821058797533e+02
1.142649622354963554e+02
1.192278656751894630e+02
1.111524884348884115e+02
1.172216567683379083e+02
1.095570796203707857e+02
1.161873677158858129e+02
1.138682392639377667e+02
1.154700690877800895e+02
1.173137313133653521e+02
1.181609723027404186e+02
1.117567215745321505e+02
1.176902662921329181e+02
1.216048165945639141e+02
1.153229433818711414e+02
1.196054079173934070e+02
1.133891410392505463e+02
1.191353104453114895e+02
1.192388285935098793e+02
1.141698989384778002e+02
1.191112211069298326e+02
1.218752355422899285e+02
1.168152156162345534e+02
1.212885937474447502e+02
1.239506514305011819e+02
1.183965283756717213e+02
1.225467310909028811e+02
1.272914631098656031e+02
1.203685043622932511e+02
1.255796143614931708e+02
1.271409866742817769e+02
1.229983163101840233e+02
1.262924319929254011e+02
1.210531889009878768e+02
1.253727774610533601e+02
1.287610504715659943e+02
1.215608396907666560e+02
1.281130334726423143e+02
1.282987591544089128e+02
1.247228221871861678e+02
1.273199504045434196e+02
1.332436939731341852e+02
1.253980915730262780e+02
1.316501042424571892e+02
1.235766781879215159e+02
1.304562888380910124e+02
1.301383333160345046e+02
1.275991263564672664e+02
1.289226946855440303e+02
1.353237132867982382e+02
1.270605608015904693e+02
1.341069232394766573e+02
1.337867134328519967e+02
1.330242994573873716e+02
1.321826489264054203e+02
1.388510037104793184e+02
1.305320311398184003e+02
1.371134587855951281e+02
1.298918050527450987e+02
1.366780685605035330e+02
1.387607748465518682e+02
1.320339627955419246e+02
1.390750535731045545e+02
1.410554021042777890e+02
1.334584146223620280e+02
1.402458346157985716e+02
1.447908218827124927e+02
1.373788358156256209e+02
1.432239608128446662e+02
1.471348475363918453e+02
1.403152087386780806e+02
1.457170253683171097e+02
1.374691574193564350e+02
1.447308373876290375e+02
1.443963975388212191e+02
1.410824500542471753e+02
1.450506404435428180e+02
1.487091125133834737e+02
1.427611534981845125e+02
1.478254161895056029e+02
1.520040218520603332e+02
