0.000000000000000000e+00
-1.327962123288094176e+02
4.312906068553646577e+01
-4.363025492324477028e+01
1.581078699781103047e+00
-1.087231863409041033e+01
6.514754568838053039e+00
-5.977378219612362820e+00
5.045164616899372234e+00
-4.527613876202357446e+00
3.668994476505911262e+00
-3.530913649672089871e+00
3.287014823209201353e+00
-2.801033688387797316e+00
3.016269385357781996e+00
-2.218415022425487049e+00
2.713878360193950456e+00
-1.712217878584830988e+00
2.635294000380960178e+00
-1.259924054311103658e+00
2.657172723913202361e+00
-8.455349282648046971e-01
2.737285242721368750e+00
-2.349618166204004155e-01
3.490202534527603984e+00
-3.718826127883499977e-01
3.817023801867707178e+00
1.907774542709480547e-01
4.104093052909163930e+00
3.751778139388677324e-01
4.324731766397998278e+00
5.907122970716237598e-01
4.670452795862535034e+00
8.473688905708806063e-01
5.019418518230071236e+00
1.129982469800379308e+00
5.384350978769568030e+00
1.432417398338853953e+00
5.765982235261037481e+00
1.751821953264645959e+00
6.160477115510368584e+00
2.085613259302256051e+00
5.435150647375138533e+00
2.450153071472452648e+00
7.123555160856732016e+00
9.342219909446965787e+00
1.084956136149836503e+01
8.337833120430300227e+00
1.209579393822214755e+01
8.969308216129569189e+00
1.251583750859139244e+01
9.346370007276016523e+00
1.295155403248414494e+01
9.739420277398998849e+00
1.336167811786850912e+01
1.010787963774392750e+01
1.376477398161805432e+01
1.047337953495345886e+01
1.416126083475589326e+01
1.083421643710810045e+01
1.455571184297853549e+01
1.119337620627666219e+01
1.494787596460417589e+01
1.155076960631558336e+01
1.533858893575855120e+01
1.190671062904274180e+01
1.572763206284479764e+01
1.226097531807319108e+01
1.611492138266620699e+01
1.261332256837205357e+01
1.650015488892202242e+01
1.296340587202767480e+01
1.688303494979118824e+01
1.331085757144602688e+01
1.726322288019246542e+01
1.365528785065780148e+01
1.780922799205252005e+01
2.023234403252935820e+01
2.319449458188183399e+01
1.942133917396928311e+01
2.414157734288733081e+01
1.984293940133850143e+01
2.450242390967267525e+01
2.019080057953296503e+01
2.484646422842124736e+01
2.052276609209961933e+01
2.517125486420859559e+01
2.083726131505649448e+01
2.484251474501264312e+01
2.116790365912907745e+01
2.517976782267708913e+01
2.148658393880026551e+01
2.548233467951047970e+01
2.177675247144899018e+01
2.576329347409884463e+01
2.204792642099253897e+01
2.602249355307822398e+01
2.230031646121352296e+01
2.642005634384646129e+01
2.926131253002499477e+01
3.063228953521259257e+01
3.017218036230329403e+01
2.964034347480409082e+01
3.170283574521454995e+01
2.947559853696775178e+01
3.156668773042590814e+01
2.965265124648961503e+01
3.195594182315177889e+01
2.918622993661726639e+01
3.209595908185273316e+01
2.933266372105498121e+01
3.212988824496148510e+01
2.949689328886332262e+01
3.217304378062809178e+01
2.965236776272414687e+01
3.220515786101787370e+01
2.981408513194851650e+01
3.280050661421888236e+01
3.662045006395256763e+01
3.929131242037988869e+01
3.625072228358327919e+01
3.936975830673854659e+01
3.636068240083582026e+01
3.929196493682287183e+01
3.610357623170339281e+01
3.841685209000878132e+01
3.294350364871429804e+01
3.845297844429794054e+01
3.556649794498431305e+01
3.853498145126103935e+01
3.542011193983659467e+01
3.856067342195944292e+01
4.142699366511236292e+01
4.257318861476797167e+01
4.144265241135380506e+01
4.288171742031111222e+01
4.148740707189398336e+01
4.288854768291499653e+01
4.127232643460057204e+01
4.275594685041888710e+01
4.102014234961969663e+01
4.256973801102833477e+01
4.075504666011141808e+01
4.235820948152471033e+01
4.047197599720727368e+01
4.199661949095105484e+01
4.068921711536751928e+01
4.475314230424603323e+01
4.556170343727482930e+01
4.998162335264705547e+01
4.335105177087661588e+01
5.054455291792995553e+01
4.265925014045937758e+01
5.013293062268520117e+01
4.187990777911789309e+01
4.988507492238672114e+01
4.324700451573347237e+01
4.520940267604800766e+01
4.601844354564202888e+01
4.564367606817482681e+01
4.451737994887670880e+01
5.051176567553601870e+01
4.881699263122990828e+01
5.315710411239520283e+01
4.649799393793067992e+01
5.346478432973437833e+01
4.552153755871701435e+01
5.246021076458820431e+01
4.527710691729867420e+01
5.176115579505282227e+01
4.435515795596975153e+01
5.100603141201509771e+01
4.378595218707732073e+01
4.985459652070149161e+01
5.267315869999988109e+01
5.121884982620548499e+01
5.353260750545540958e+01
5.125109937241182223e+01
5.159816558755098015e+01
5.112063453353528786e+01
5.077240170801111674e+01
5.033987433116524102e+01
5.022958641650755141e+01
4.974912940181255294e+01
4.952668359779279683e+01
5.445529834584323936e+01
5.263407265388739376e+01
5.611068602020266383e+01
5.084642062638447868e+01
5.622340903658745503e+01
4.943835889966879193e+01
5.522279680798865797e+01
4.945666045491117302e+01
5.469042382447399575e+01
4.810993178896098499e+01
5.374486941214844649e+01
5.743140111971170825e+01
5.372992262818658560e+01
5.705450683217016916e+01
5.237086591363050303e+01
5.707630154306517056e+01
5.058330564529029516e+01
5.594854516925116172e+01
5.032087419801809602e+01
5.520847198380175769e+01
4.941082641628284478e+01
5.433919123456581701e+01
5.779806007640367227e+01
5.307845522635486191e+01
5.781376375383192823e+01
5.151525880761390397e+01
5.665492549306846115e+01
5.115572026962869501e+01
5.583514974647385998e+01
5.016283659198463596e+01
5.491751598179297389e+01
4.935827089449773553e+01
5.403290504783952031e+01
5.736565000954354332e+01
5.216965300274488015e+01
5.753525491961356408e+01
5.225059523719680499e+01
5.661156208786346866e+01
5.005101064886665796e+01
5.534766693946068727e+01
4.825620441149497708e+01
5.446866065202822682e+01
5.719713367924744318e+01
5.527818400464164483e+01
5.666513791873830286e+01
5.191841113834189514e+01
5.680222374289756715e+01
5.151408205573707022e+01
5.604239814873128012e+01
4.975148815279709424e+01
5.442723937775999588e+01
5.652703487278198935e+01
5.742964632646110346e+01
5.428492395561310957e+01
5.616062007660081434e+01
5.278026176237668210e+01
5.474252277075923701e+01
5.177397172064055297e+01
5.342847605542237233e+01
5.030740837234677798e+01
5.232249725807802321e+01
5.530059071376971502e+01
5.635743489290850050e+01
5.291531061108994294e+01
5.515863305589414267e+01
5.087309652320467279e+01
5.372845519415885462e+01
5.024150712452360779e+01
5.222932174883009537e+01
4.863594740199860667e+01
5.166688283831465611e+01
5.296721241258580903e+01
5.490718126453723613e+01
5.084724703837145654e+01
5.367357605118719732e+01
4.920688061126065094e+01
5.198919565735467074e+01
4.759251938999656772e+01
5.015726619660139818e+01
5.255008288219692503e+01
5.421653299787731584e+01
5.139560752668150201e+01
5.387261505806704776e+01
4.823356152089787230e+01
5.186347338449109401e+01
4.678835138813406047e+01
4.985266164301052072e+01
5.163951049780555280e+01
5.346580817729098101e+01
4.867376583227052578e+01
5.151193687336212435e+01
4.677220829597859364e+01
4.979285058040255763e+01
4.564844978490513228e+01
4.823763472386576012e+01
5.035057929391347642e+01
5.169769050860241322e+01
4.937253800621459021e+01
5.104210145347490624e+01
4.567760179137463439e+01
4.858934754570645964e+01
4.540462056146201775e+01
4.715790866740656639e+01
4.963052379909235157e+01
5.036022625857955148e+01
4.856129198714684492e+01
4.945173770087308895e+01
4.586785553125216097e+01
4.724298513993355186e+01
4.487432061279420736e+01
4.595347873753429724e+01
4.899622492421640629e+01
4.887200367989416350e+01
4.679918645391329335e+01
4.714161915623254373e+01
4.594348330957921434e+01
4.614714931079208071e+01
4.352951303606511857e+01
4.392847033997093575e+01
4.745182561865097881e+01
4.666404255465143791e+01
4.600651972597167116e+01
4.568135271973434186e+01
4.396344699350470364e+01
4.367254579763771716e+01
4.334710034899428166e+01
4.281985952646959248e+01
4.656334009749517833e+01
4.588041751100973897e+01
4.421248583266804388e+01
4.340702923456619544e+01
4.459781560815224566e+01
4.287250602839493752e+01
4.132459888922689828e+01
4.044628872426604715e+01
4.441884963879930837e+01
4.478734181161048866e+01
4.165509956240701683e+01
4.091502001060997884e+01
4.288949213831734397e+01
3.964694607347306743e+01
4.063931742168362860e+01
4.364623531019835667e+01
4.248649808168473641e+01
4.241952741781910419e+01
4.057649964003209675e+01
4.147507945557939024e+01
3.942631959824240084e+01
3.878514236492333822e+01
4.213942252989692605e+01
4.049791546494243732e+01
4.408421610097033039e+01
3.672552056467364423e+01
4.112631961321820739e+01
3.729836897079287183e+01
3.965853087096957097e+01
4.239740781874750297e+01
3.914190801642811834e+01
4.320133036861837894e+01
3.674893150778942186e+01
4.137024539784235344e+01
3.339943433771814796e+01
3.907538651591946888e+01
4.183307719349740950e+01
3.690280779650014864e+01
4.061801344983640405e+01
3.475684674357345472e+01
3.837531112218341178e+01
3.213787362439285289e+01
3.687377120933461327e+01
3.836723761517888676e+01
3.991488978169805790e+01
3.639635631746136113e+01
3.712542432369917833e+01
3.485903171298767234e+01
3.610472163929661349e+01
3.258546963067033886e+01
3.394144984832795586e+01
3.659921536511143358e+01
3.859120272501228754e+01
3.222750032646258234e+01
3.608742409520032624e+01
3.048785472785365513e+01
3.449257594404676297e+01
3.573528437031729510e+01
3.828672617139476131e+01
3.260541973951227845e+01
3.581372058783010459e+01
3.039235016857504235e+01
3.378431908224012403e+01
2.876906969695293625e+01
3.196791327231282054e+01
3.305586443375248251e+01
3.518361959591160826e+01
3.179383060792031657e+01
3.427243508746829548e+01
2.957217522725983372e+01
3.183277581825413804e+01
3.329787447807243694e+01
3.497209646421702445e+01
3.235413088233413248e+01
3.458967127974162281e+01
2.990047454916486558e+01
3.205238395878688351e+01
3.394049331790108681e+01
3.516879874445012888e+01
3.200587202362679307e+01
3.394048914647095216e+01
2.969012947550220005e+01
3.156266282756421049e+01
2.809494963147128033e+01
3.007375630653077181e+01
3.236063911187164166e+01
3.306433415776118068e+01
3.119958925425218865e+01
3.209553246440788143e+01
2.821692977163963434e+01
2.983094463278895603e+01
3.265139015966730796e+01
3.267485193091143714e+01
3.242889158431525942e+01
3.247236231177994625e+01
2.937058800096255240e+01
2.982345747122841928e+01
3.303974092151515407e+01
3.281764943872849472e+01
3.095091175933826833e+01
3.108453520865486297e+01
3.126236667630066179e+01
3.030058774557977941e+01
3.387423190322861899e+01
3.366589264832668960e+01
3.113028945377329393e+01
3.111906202480782113e+01
3.281877388742615409e+01
2.687831300698177728e+01
3.210769409147538056e+01
3.265189953621287344e+01
3.487796533487306050e+01
2.966891264223033531e+01
3.257410707264737226e+01
2.844841825132510493e+01
3.228744564284844643e+01
3.528061622521831708e+01
3.128910519286948144e+01
3.525590250165476647e+01
2.910885547035116261e+01
3.219622218881055176e+01
3.520416390852926014e+01
3.398184769968521124e+01
3.341054992709435112e+01
3.188583919283933099e+01
3.309261419660986547e+01
3.070908917331682986e+01
3.406973913760675288e+01
3.432430075751388898e+01
3.343070162919962485e+01
3.325756821818779940e+01
3.108545370408550568e+01
3.237118928924897432e+01
3.603708261364926102e+01
3.386096829490275439e+01
3.444905142478117455e+01
3.215951226286962594e+01
3.341250366740785438e+01
3.087927466475052540e+01
3.448665425266121787e+01
3.388251747789506396e+01
3.708249178230020959e+01
3.147911942887477466e+01
3.549528928857839816e+01
2.798123012673891452e+01
3.323950175666795559e+01
3.565651864070700583e+01
3.623959658192641342e+01
3.275730987891220991e+01
3.431940880865801802e+01
3.095174624245728623e+01
3.423804657374572002e+01
3.469044124370969229e+01
3.707692546269443312e+01
3.327959342399934428e+01
3.652283113044863683e+01
2.958392744459805712e+01
3.348202905020473708e+01
3.572740980987479276e+01
3.715431474358940278e+01
3.400507951228128434e+01
3.620772984492420932e+01
3.187128010136409983e+01
3.498780831115875145e+01
3.672640746154303315e+01
3.795301941599964124e+01
3.490566928856609508e+01
3.751603509341307330e+01
3.223311897964742201e+01
3.533215990505589588e+01
3.722849529303188376e+01
3.929546867318739345e+01
3.375555326393365618e+01
3.695702240901772484e+01
3.869135568780932743e+01
4.084491463110234832e+01
3.971035739827240008e+01
3.839117084642808919e+01
3.934456023327715712e+01
3.463735827369178821e+01
3.725180945528589405e+01
3.965192000491284574e+01
4.060659039472655252e+01
3.767647298707653647e+01
3.916268956704834636e+01
4.191099415390760186e+01
4.239547264885271716e+01
4.067648464113179330e+01
4.146915856840501391e+01
3.828104422842032761e+01
3.977275751377367641e+01
4.287015657972065696e+01
4.356627547286974789e+01
4.075337570023162925e+01
4.127742884986506056e+01
4.201721011678390738e+01
3.841594340087697645e+01
4.242486636593427818e+01
4.443648012436671735e+01
3.973306658312440476e+01
4.358484252555170002e+01
4.063145950831707154e+01
4.459749491440625491e+01
4.650614540296864874e+01
4.039784856171310423e+01
4.483687442673381440e+01
4.229340356323039174e+01
4.279306448385314354e+01
4.691784762711250067e+01
4.495825010391905607e+01
4.642488103037918279e+01
4.321963052410693251e+01
4.441609417546230532e+01
4.849989388583642835e+01
4.607610675724738059e+01
4.754329224846272695e+01
4.484964919730479238e+01
4.488566413995342685e+01
4.346204637226437484e+01
4.763746961250855350e+01
4.735615211570883787e+01
4.701934191919993822e+01
4.658166807584847646e+01
4.449760897035770313e+01
4.771906622005378296e+01
5.128176561806416345e+01
4.447776774169785341e+01
4.822949629085551493e+01
4.567394752237981237e+01
4.882818950835783056e+01
5.131907136374007194e+01
4.660291679129414888e+01
5.025132290947820479e+01
4.557293095610816636e+01
4.900309232042197038e+01
5.165608079352158910e+01
5.177002001564198252e+01
4.860134063551384287e+01
5.060149643048478652e+01
4.674735439806505610e+01
4.916641550020445095e+01
5.157658263803206466e+01
5.255598809656851245e+01
4.871390684570113905e+01
5.074275160472370771e+01
5.349790317310039711e+01
5.442706401935183891e+01
5.030828462939468437e+01
5.270669860529660156e+01
4.851939187923883878e+01
5.149719557744815290e+01
5.264438087004638334e+01
5.472189524692232965e+01
4.942818053782890786e+01
5.299093147098025725e+01
4.852881128006691114e+01
5.108405276206840284e+01
5.315684125440147767e+01
5.443692074634724065e+01
5.134636681536485270e+01
5.364183886450611993e+01
5.597023553185079692e+01
5.730676914772732289e+01
5.219634509942569878e+01
5.498959405026798919e+01
4.939827544692910521e+01
5.253696728459463827e+01
5.473942241476413528e+01
5.569255162865035658e+01
5.386961509625145794e+01
5.534746694607652273e+01
5.815777396994452175e+01
5.833394504878547338e+01
5.436285921710838664e+01
5.610572942659584328e+01
5.370999039597150215e+01
5.573800544762298870e+01
5.647348343436942741e+01
5.942225022852775140e+01
5.432908629850124527e+01
5.817226542654115207e+01
5.911591088010100492e+01
6.173128972724920516e+01
5.434087367514198519e+01
5.892548397569588303e+01
5.580794295213608791e+01
5.951568502802620486e+01
6.053062185326576383e+01
5.699355375362794973e+01
5.711686804821373897e+01
5.720373195499499985e+01
6.068774544941283722e+01
5.860941005334795051e+01
6.218974141382071252e+01
5.473585551958327500e+01
5.982537085942379207e+01
6.285106898398719011e+01
6.038729500801293426e+01
6.025822148295346636e+01
5.852005684558658061e+01
5.897087248421134120e+01
6.280135990099120846e+01
5.983881004799764014e+01
6.179895931108756457e+01
5.785672285262068471e+01
6.040056420000218651e+01
6.403498382479408235e+01
5.748353605807374578e+01
6.277210465032037234e+01
5.547752287507520208e+01
6.074153577218247335e+01
6.341277591695404681e+01
6.083201270840530128e+01
6.342589349494397055e+01
5.681021106092459405e+01
6.098590163299436995e+01
6.346503794382778807e+01
6.411981479022881558e+01
6.040610055570087411e+01
6.146958246620776123e+01
5.783332822595804856e+01
6.046887430432008159e+01
6.145759897870940591e+01
6.344174098007971452e+01
5.710045312113073379e+01
6.101535025831162784e+01
6.328819229359680776e+01
6.307876980748328322e+01
5.999495214420738876e+01
6.193186225514617860e+01
5.766002740047153452e+01
5.957435332075817058e+01
6.099262322348631926e+01
6.300235980635146404e+01
5.727951086540958414e+01
6.047109943710408686e+01
6.167841524419463894e+01
6.331653353358485248e+01
5.803587530009164652e+01
6.121080656672130260e+01
5.637922011669457589e+01
5.875012882628785604e+01
6.036876235111089528e+01
6.154750797662211426e+01
5.916389940021633009e+01
6.172880644675423412e+01
6.229173776838136689e+01
6.435853068907729835e+01
5.893237568838032558e+01
6.100298989047099951e+01
6.333006501539129829e+01
6.340730910302625034e+01
6.245700082628818706e+01
6.104115812920620954e+01
5.750498171278378834e+01
5.883835317617105432e+01
6.139204913124814311e+01
6.106957989896724825e+01
5.859659731028481389e+01
5.901611185591027464e+01
6.179048599112596207e+01
6.169940178887107152e+01
6.277905075909135491e+01
5.934634876909077406e+01
6.074516055959425387e+01
6.302344115709710337e+01
6.089327220240321026e+01
5.993150238962285670e+01
5.875545884551531373e+01
6.200648908085951660e+01
6.461858465155677322e+01
5.816243755885066946e+01
6.219210846569751538e+01
5.763219430368572205e+01
6.108068917029567046e+01
6.338124989340962401e+01
5.862394287476065813e+01
6.198064811718356992e+01
5.558288950628064384e+01
5.904614507939289325e+01
6.170683682823408134e+01
5.835208153285643817e+01
5.855146153791248054e+01
5.592427005556980646e+01
5.932060259394091872e+01
6.030695292403655117e+01
5.918714784004614415e+01
5.779907260961367399e+01
6.137806723405698506e+01
5.936608033333988033e+01
6.051080128582621143e+01
5.688291296661523688e+01
5.864039835285318958e+01
6.067164585134381127e+01
6.202385200328077985e+01
5.649996667178939447e+01
5.913008316983447799e+01
5.299629948074883856e+01
5.614022446668460731e+01
5.805053886562957643e+01
5.874140511026071465e+01
5.440438212979721300e+01
5.652491937721585202e+01
5.739606520083251695e+01
5.930637251619861416e+01
5.350592606589468403e+01
5.631095980373823551e+01
5.713397682700126978e+01
5.879234234226188960e+01
5.401390814487755421e+01
5.630176471707290631e+01
5.762684274485202707e+01
5.882226406273407804e+01
5.453824546940684570e+01
5.633239156907463752e+01
5.232807699036312954e+01
5.368882074044766739e+01
5.516149925807130217e+01
5.589364969828145036e+01
5.483560273895909631e+01
5.639522844849557970e+01
5.747994670845367438e+01
5.616315985952130774e+01
5.452091633369313683e+01
5.463931869193243074e+01
5.708798992715613707e+01
5.657632871342373448e+01
5.250860209730905837e+01
5.338318537593157487e+01
5.169048501349761437e+01
5.198977949318204139e+01
5.441630134719553524e+01
5.368334926169696075e+01
5.109713850752330444e+01
5.236144982300175599e+01
5.448772381308595669e+01
5.299495847254964076e+01
5.380025583763548980e+01
5.144372051409438740e+01
5.420344167454143047e+01
5.438359465158480788e+01
4.978857901850859946e+01
4.983806079879851580e+01
5.281620359037450640e+01
5.525494535818221919e+01
5.104144167973547752e+01
5.385613553315502600e+01
4.667759162548006202e+01
5.055173344087889120e+01
5.304826457903943293e+01
5.038037723357837194e+01
5.105002767999033608e+01
4.827760585209962585e+01
5.129753519306517973e+01
5.106251231131089696e+01
4.960503552735087851e+01
4.894534190847515021e+01
5.242607748019096903e+01
4.881044499349545873e+01
5.194035032391362705e+01
4.343231292996729564e+01
4.867477025690236303e+01
4.999874562347425666e+01
5.204555462214025852e+01
4.467102922532676956e+01
4.907761321021685319e+01
5.112312571809677308e+01
5.177979519573547407e+01
4.765929636320819895e+01
4.837975249012935564e+01
5.056428575932779523e+01
5.217580122320386948e+01
4.527967400809521337e+01
4.905141215060027093e+01
4.274884738556382047e+01
4.649646491138567228e+01
4.720291596184865313e+01
4.883659872979455230e+01
4.477602299826462939e+01
4.696706509786994133e+01
4.796552049344938240e+01
4.924824047216693401e+01
4.533540337906715223e+01
4.672491425220229644e+01
4.805713801966630427e+01
4.901749972328715188e+01
4.663562712538681154e+01
4.740217172515309585e+01
4.904872417789569283e+01
4.974976546275011913e+01
4.506304495849915526e+01
4.647913899495634382e+01
4.824885793431408132e+01
4.866144141419371039e+01
4.880554887094932326e+01
4.437683892142679554e+01
4.702166857692026269e+01
4.717329131947708021e+01
4.934132330602915317e+01
4.538938967869910357e+01
4.816183609089627282e+01
4.816781258198919602e+01
5.015547488494399886e+01
4.488416904916834937e+01
4.835478973448348228e+01
4.080879739776958814e+01
4.495695763092017216e+01
4.446784803617127579e+01
4.737394067604064674e+01
4.436147691528050530e+01
4.758045890750051399e+01
4.853418068446607947e+01
4.435490564031463379e+01
4.769400043419474855e+01
5.015593843211637193e+01
4.754181652540854941e+01
4.680619210844550793e+01
4.524313926328220248e+01
4.448424185015242927e+01
4.803166873093512379e+01
4.530935526411529679e+01
4.846766465456498452e+01
4.179208054874896305e+01
4.528123942649362732e+01
4.795583649632010292e+01
4.476161396879828658e+01
4.534583188614121951e+01
4.319349171503479567e+01
4.558531245963478540e+01
4.639591599982045977e+01
4.732737081805748147e+01
4.165517416896343406e+01
4.427413048988169209e+01
4.661930775480647071e+01
4.831777785105636980e+01
4.283169240375580245e+01
4.558051866650357908e+01
4.774627472535038919e+01
4.783124897868871273e+01
4.376507687693077742e+01
4.524328701330380653e+01
4.767550407850292515e+01
4.840081219137483970e+01
4.444892174969237431e+01
4.573625542446622205e+01
4.794547580621836147e+01
4.937268411809787239e+01
4.400428184833873502e+01
4.667599462312097813e+01
4.826555256014425055e+01
4.924240586710521939e+01
4.654482522961973956e+01
4.805173755894033860e+01
4.935902697496667457e+01
5.052662241650731545e+01
4.628009648489489081e+01
4.782585855874813063e+01
4.386877656972387030e+01
4.584665524433629713e+01
4.770126416049740214e+01
4.826672849101463214e+01
4.369521184208726794e+01
4.543043127501800882e+01
4.730134385929524399e+01
4.786225145927316049e+01
4.798017587405609419e+01
4.857134533223756989e+01
5.092847295281754327e+01
4.992422888595696406e+01
4.587182377329243366e+01
4.699034010178619525e+01
4.960841548121037903e+01
4.906273991027685355e+01
4.892561928198315968e+01
4.844944987626960398e+01
5.122972259156066599e+01
5.060760525068229043e+01
4.768900362705758766e+01
4.753240857646154183e+01
5.065305318689701863e+01
5.153885481600885754e+01
4.793632281747281354e+01
5.089890798004010719e+01
5.347875834081374080e+01
5.104186816795429138e+01
5.092286817988253489e+01
4.922460247453277304e+01
4.798124311064577086e+01
5.178012335360993745e+01
4.900337167555309748e+01
5.252164557679726187e+01
4.454580844049953470e+01
4.964936998674122748e+01
5.233169499874738051e+01
4.915026225523601511e+01
4.954094482118180309e+01
5.312736775488394159e+01
5.231824779184322693e+01
5.298998743768787278e+01
4.976400052655919382e+01
5.227854901337394722e+01
5.273073569720039444e+01
5.232139231246554090e+01
5.208157712815591367e+01
5.456892398808918898e+01
5.639047748788938463e+01
4.885527511170492687e+01
5.341757717473468148e+01
4.825014498060547652e+01
5.135304833301471206e+01
5.184788739639563460e+01
5.418411886815477629e+01
4.780399076006924020e+01
5.153793163641172725e+01
5.251478021468440005e+01
5.464402288816214792e+01
4.787892684692558021e+01
5.144808828179009907e+01
5.243871914630596365e+01
5.397907476945582061e+01
5.127394297504690712e+01
5.321805054273821867e+01
5.441200735176420267e+01
5.568239697626358264e+01
5.027199514639126932e+01
5.291500850816080970e+01
5.372946942922656888e+01
5.522961144303242520e+01
5.464091685711431978e+01
5.694205819426234427e+01
5.735317231696295437e+01
5.348195386505845050e+01
5.490886287568306301e+01
5.705454181072011011e+01
5.713684197751688032e+01
5.680582649032745479e+01
5.516543502287604639e+01
5.151101628486976125e+01
5.255791813825799608e+01
5.497705754204293527e+01
5.453569261180003025e+01
5.363705198818306030e+01
5.452952313081991775e+01
5.711351282349802716e+01
5.575817606969913953e+01
5.309181051961641629e+01
5.392434906449337717e+01
5.686045562019729260e+01
5.513542075961736089e+01
5.595880126622819972e+01
5.874033840257717998e+01
5.628560635367502130e+01
5.812226374385038241e+01
5.465072221168811950e+01
5.783469133204254575e+01
6.019775591690885364e+01
5.395100230609271108e+01
5.735696364841670203e+01
5.995143151614150412e+01
5.683900246392231992e+01
5.696070670544561665e+01
5.435439404466002600e+01
5.767076522046665588e+01
5.893074850943820309e+01
5.524508488245082560e+01
5.802108248370476673e+01
5.455046215231473639e+01
5.779217970803147608e+01
5.682574181529972890e+01
5.571161455201601598e+01
5.821046172467687541e+01
6.000261328503750491e+01
5.726457566450153536e+01
5.814034959668821756e+01
5.964142043248864411e+01
6.152676379582835864e+01
5.583953692956620074e+01
5.828938148739904790e+01
5.217556417198503738e+01
5.533864768096213993e+01
5.685211696826608119e+01
5.772265305829712645e+01
5.360770724716583402e+01
5.546893451227659000e+01
5.685060355378753627e+01
5.801101036452024573e+01
5.258497328989150787e+01
5.520706789480514942e+01
5.659761066458509760e+01
5.749351182730125487e+01
5.460136653579962029e+01
5.591288954698470093e+01
5.738991506302570400e+01
5.805456662474306739e+01
5.375570682262291911e+01
5.631106612530998490e+01
5.673219363102945323e+01
5.845762385238185033e+01
5.532584268844308895e+01
5.777336248797253404e+01
5.750797911053604139e+01
5.909548827623657985e+01
5.527245522118598586e+01
5.780936818935125387e+01
5.708219265145049803e+01
5.965493252020120707e+01
5.409847408060942087e+01
5.674230514891159771e+01
5.619493191636838247e+01
5.886582488417194270e+01
5.609989918821943178e+01
5.524498181086826776e+01
5.803028134368398838e+01
5.615656838260620987e+01
5.782478049802563902e+01
5.328217985527337675e+01
5.654410917551886939e+01
5.851186194271567587e+01
5.489716576630157618e+01
5.678762067451771856e+01
5.948272115288657602e+01
5.663437051577830772e+01
5.624227099729252188e+01
5.389266406770490647e+01
5.698240128033756946e+01
5.815203099987289193e+01
5.423937232647202222e+01
5.615507387723016564e+01
5.875663423241649497e+01
5.444066440257298467e+01
5.902459230532340939e+01
6.076892074382450915e+01
5.449276516803113424e+01
5.885842428649966251e+01
5.167345069838868454e+01
5.590800929880967374e+01
5.710805657472970154e+01
5.866292789421800080e+01
5.199260527226419981e+01
5.590849339197802692e+01
5.763218871681298339e+01
5.817440005858998120e+01
5.368409767924435982e+01
5.576337879999496039e+01
5.708003625448463225e+01
5.789147755325216593e+01
5.367318950001406819e+01
5.515625481622287651e+01
5.653092739121252208e+01
5.745414497254974151e+01
5.415222436529162309e+01
5.600766802535962086e+01
5.757123223334739492e+01
5.746787833332523121e+01
5.424758163197530791e+01
5.533848168116752930e+01
5.690990867106692974e+01
5.767884457584801083e+01
5.281495496225490172e+01
5.420055202019823071e+01
5.583315871955714726e+01
5.628631906927068229e+01
5.463890580994446111e+01
5.581801372357124791e+01
5.790042732424268479e+01
5.751787529688625966e+01
5.295353710861989072e+01
5.383776621026233045e+01
5.621155961277747082e+01
5.559706687971552697e+01
5.662913822764862459e+01
5.306777553988993645e+01
5.601534997799978299e+01
5.547329964593523499e+01
5.622764396626399730e+01
5.742835302937612596e+01
5.733695351709440757e+01
5.886052001631713182e+01
5.111240037477799092e+01
5.549668317665049955e+01
5.790531762905192892e+01
5.550500430869033863e+01
5.730521417945137586e+01
5.084267265053087925e+01
5.532453961091643890e+01
5.751762643012519760e+01
5.412060437167884430e+01
5.459380604663583370e+01
5.767247216780629770e+01
5.470791289219179276e+01
5.595143914279697839e+01
5.886552695595445783e+01
5.773792415918916276e+01
5.658414197142241875e+01
5.352782740797780292e+01
5.698130615574320501e+01
5.726349261171467475e+01
5.561813859970790475e+01
5.624612798066830521e+01
5.827739028837539337e+01
6.011217875953099821e+01
5.247489417948730761e+01
5.691642417268898413e+01
5.879096221133075062e+01
5.937217585662575914e+01
5.506424213846207749e+01
5.681714561025665233e+01
5.823063620269971352e+01
5.911448136746054871e+01
5.429550149369737966e+01
5.616828406352361469e+01
5.747058074533595828e+01
5.887806241362306992e+01
5.429997824324438938e+01
5.616228519981528677e+01
5.714117539535668300e+01
5.864939374104103109e+01
5.633993907969558279e+01
5.698801591508189546e+01
5.779070772496056208e+01
5.954449747656973813e+01
5.469515262846490344e+01
5.725243390247692332e+01
5.741323553686015657e+01
5.943454004439917782e+01
5.544372005972243755e+01
5.797593634995624967e+01
5.793870043469176068e+01
5.978608465655827331e+01
5.520230899808299085e+01
5.803843216887550938e+01
5.793802049109531538e+01
6.040309104180280997e+01
5.443876656917326784e+01
5.755546986125568765e+01
5.812363327366829679e+01
5.893335946501676403e+01
5.398823436603649384e+01
5.816113812448112697e+01
6.037852319484657926e+01
5.794345922267274318e+01
5.708407510576954280e+01
5.582405701500532302e+01
5.886506635996279613e+01
5.973141996263740339e+01
5.319019827211026552e+01
5.787678073201494300e+01
6.040323885676136939e+01
5.733537848610884424e+01
5.709444826291069575e+01
6.045284289258572130e+01
5.758302723454669092e+01
6.062935747787505392e+01
5.288400789782993883e+01
5.741697722374151169e+01
5.982560870963725108e+01
5.671326126911281307e+01
5.701960624133309352e+01
6.038453875838936113e+01
5.783174857688738513e+01
6.055659086292540394e+01
5.576294012864312322e+01
5.804092703656434793e+01
5.930054537037978690e+01
5.897895964303963723e+01
5.492450895996351790e+01
5.831370585191961453e+01
6.016363449644335759e+01
5.849215986619021379e+01
5.693469505151260535e+01
5.846963140955322302e+01
6.020276415182243568e+01
5.694536579126413045e+01
5.893759378364767798e+01
6.030381012294483867e+01
6.164078711990946857e+01
5.565794750329264673e+01
5.780320346911017282e+01
5.916863735895792331e+01
6.016852923982261103e+01
5.710355960969315703e+01
5.850621855136063942e+01
6.002358422670073423e+01
6.072468975239392819e+01
5.602117868723838257e+01
5.723883052066159394e+01
5.901213194055775091e+01
5.934584330003378483e+01
5.906794165334721924e+01
5.463605877215267270e+01
5.725497405182759536e+01
5.745923669359493147e+01
5.957527692840809408e+01
6.035790946949308733e+01
6.110659641578947543e+01
5.730071089693393560e+01
6.047530920057051418e+01
6.216522641497460455e+01
5.963347420103868757e+01
5.911324985516407082e+01
5.797320035544630912e+01
6.085518518328711934e+01
6.125141051758905064e+01
5.575597479535179701e+01
5.913477218995522122e+01
6.149110429943724654e+01
5.891931547473769371e+01
5.994291363480831336e+01
5.742118468166624012e+01
6.054987322189130339e+01
6.129122330713256162e+01
5.710851735925243133e+01
5.842570491879261851e+01
6.123284834514165453e+01
5.795364389415975381e+01
5.826303939323927494e+01
6.122777923538740907e+01
6.021572111105353997e+01
6.127220002597871940e+01
5.674133535531247929e+01
5.961830708198360895e+01
6.048639623329175663e+01
5.796809129841583541e+01
5.836316982223243599e+01
6.128535184189177443e+01
5.778499791286179743e+01
6.002191428467930479e+01
5.490465289752985001e+01
5.714560302667971570e+01
5.765157845184375418e+01
5.938356694614954989e+01
5.461757771970275854e+01
5.687882451447283927e+01
5.756863064046565626e+01
5.901991441612739919e+01
5.430234988701424470e+01
5.608880545734896117e+01
5.698416112058134786e+01
5.813012402635379772e+01
5.511027696241076512e+01
5.677225457553687704e+01
5.758973991079049881e+01
5.893782013131561826e+01
5.944359342855383943e+01
6.094090032482569796e+01
5.691575117295117536e+01
5.882767402497205467e+01
5.917936306491744602e+01
6.079987063480780307e+01
5.606197875091288552e+01
5.808187202062945431e+01
5.846619269248866857e+01
6.015033536788239132e+01
5.490205622476977965e+01
5.699247861647346980e+01
5.748946539040380799e+01
5.848481872249815439e+01
5.708914799053604128e+01
5.355463390359370379e+01
5.460379963414178661e+01
5.699602789023757055e+01
5.565912415892655929e+01
5.692955140573664607e+01
5.901401885098636058e+01
5.689824749292311168e+01
5.645333908758453134e+01
5.921955342509423303e+01
5.679245564406918589e+01
5.958957978158532853e+01
5.301455814170105896e+01
5.625165028132160927e+01
5.844843993147102168e+01
5.542063064984829879e+01
5.622736871021906779e+01
5.898040096706902347e+01
5.574263406449358627e+01
5.668882073045534753e+01
5.389956988710392949e+01
5.650376025005272140e+01
5.578282037248371239e+01
5.575231970697774386e+01
5.216110303538030735e+01
5.666053829937241204e+01
5.776930829740000917e+01
5.245900732862718741e+01
5.572243931712409193e+01
5.555757245645577314e+01
5.731322327576803133e+01
5.271780441946228279e+01
5.512955443907888053e+01
5.550897434002686026e+01
5.711486604641117992e+01
5.189859999135020274e+01
5.422579768074249529e+01
5.483927716734146429e+01
5.618545295346347501e+01
5.177193552691321088e+01
5.394188609192442385e+01
5.535824982614565926e+01
5.536010579801450149e+01
5.240367268963388625e+01
5.414611233448090388e+01
5.516477245854913747e+01
5.482594778026464155e+01
5.318933234426874179e+01
5.487356429644270150e+01
5.559033397235278784e+01
5.192954278177214178e+01
5.304470877523353778e+01
5.461807744691502364e+01
5.489628876741596031e+01
5.415519081937343060e+01
5.616219114972128068e+01
5.591070935297273081e+01
5.588937898684944372e+01
5.386321189748291971e+01
5.636800708392174641e+01
5.558629792097560340e+01
5.456967678579665204e+01
5.399885678474884543e+01
5.649418938876387841e+01
5.547634212966836031e+01
5.270265615623067390e+01
5.571650819897603668e+01
5.374965267232143873e+01
5.673058946715188000e+01
5.372813982857231707e+01
5.666764587208347592e+01
5.856960280715971834e+01
5.054792566535277842e+01
5.525833811972260889e+01
5.770592082587002380e+01
5.486774494783708178e+01
5.660456188478576678e+01
5.037548948115865954e+01
5.471721245935894018e+01
5.702884337456929131e+01
5.146666345456209513e+01
5.534251258640723847e+01
5.760017842173047597e+01
5.353797611925417499e+01
5.658440856508835282e+01
5.876145941105936998e+01
5.450201349259256745e+01
5.630016359074168975e+01
5.296169341946031750e+01
5.542843072246336789e+01
5.584465577848548890e+01
5.618310653016649070e+01
5.205162740899665152e+01
5.418762776657204228e+01
5.595809668308033480e+01
5.640941468202407805e+01
5.179455300493097525e+01
5.390063448074376140e+01
5.464669175955613412e+01
5.604620899085086450e+01
5.079690921731357633e+01
5.400992809529030581e+01
5.483641426205284120e+01
5.576141439733436300e+01
5.706825934230546693e+01
5.798884529395652976e+01
5.640826174006278393e+01
5.533588539063542555e+01
5.701626338107250547e+01
5.764787554392655267e+01
5.652021539240371339e+01
5.320273106443191580e+01
5.574597334983615582e+01
5.605162759944760609e+01
5.799506794914246655e+01
5.184890576535320861e+01
5.481385095491508963e+01
5.477689150418702013e+01
5.705559534546261347e+01
5.690847711782772222e+01
5.941883602517233243e+01
5.795195400875039127e+01
5.426986911163695737e+01
5.480590864129132456e+01
5.755681879936658873e+01
5.619553002409481479e+01
5.704966564273873786e+01
5.739614264953171130e+01
6.000555821011729307e+01
5.676199525111217525e+01
5.667033345994673255e+01
5.911112845276841909e+01
5.666298152214824313e+01
5.899862648893217454e+01
6.183510068695144923e+01
5.828742499072932759e+01
5.853807972655561542e+01
5.614810774773903290e+01
5.931894329908581653e+01
6.016418022717858349e+01
5.680710180184520652e+01
5.612888877383343100e+01
5.944528234816360168e+01
5.916919146716670497e+01
5.821709374553272909e+01
6.143601970829060122e+01
6.073711413964286265e+01
5.736278634632736129e+01
5.975701606284303580e+01
6.117772790715135045e+01
6.214361247611167016e+01
5.801234588900216949e+01
5.870575762202790315e+01
6.066111621861212200e+01
6.235906487772210482e+01
5.577756967751088979e+01
5.917044956297339553e+01
6.061233037951696190e+01
6.156703330080509318e+01
5.672270538285005159e+01
5.876900840659723002e+01
5.985280648134742876e+01
6.097537358050433198e+01
5.719856795976434682e+01
5.909972950544276671e+01
6.008432000306972753e+01
6.166397503994715379e+01
5.631501478021239393e+01
5.801560885972570247e+01
5.888558314881424849e+01
6.047922497165985334e+01
6.101257188913676544e+01
6.263798105696012186e+01
6.192620959782043144e+01
5.792519387454303370e+01
5.886520791912305839e+01
6.090879218117532190e+01
6.075040340513175607e+01
6.036249874885988476e+01
6.113951982842377930e+01
6.327306127702158278e+01
6.054017839098659692e+01
5.882075131378980615e+01
5.912007506871056961e+01
6.154806261420990410e+01
6.020862591802492858e+01
6.311159095197138669e+01
6.367272409647018350e+01
5.896984607217701324e+01
6.232056962853111770e+01
6.482283577873502622e+01
6.208194172660481058e+01
6.112339509887828370e+01
5.913290702218475303e+01
6.233004538697416308e+01
6.397961350961296034e+01
5.733278839274901628e+01
6.087739953523453096e+01
6.329976811178894280e+01
6.013957078140264656e+01
6.070052124813210526e+01
5.774323071077566993e+01
6.073745169513878750e+01
6.131794275000930128e+01
5.885874684987899741e+01
6.177830340114739016e+01
6.113116788240298405e+01
6.216319323152421106e+01
5.823617705889895291e+01
6.083391678481142861e+01
6.027554183314682490e+01
6.203364777067328362e+01
5.787842337733241749e+01
6.012166976771229798e+01
6.014653545330022411e+01
6.173342619185038416e+01
6.317820700303266790e+01
6.400788772176805708e+01
5.925744087696852347e+01
6.107655169617414970e+01
6.196472143417342693e+01
6.300349798743746277e+01
5.921796625328393304e+01
6.091609128515725047e+01
6.200580163342596052e+01
6.242984024701919310e+01
5.881796053084443088e+01
5.983044778071396763e+01
6.148057556534313761e+01
6.180172510146793741e+01
5.761141377089327165e+01
5.989485822814582860e+01
6.018434455451601650e+01
6.177507861767272601e+01
5.627734875542189741e+01
5.856924900757646668e+01
5.831478658656952518e+01
6.051883579555993009e+01
5.899018929726222638e+01
6.161088580389623814e+01
6.052600534194363036e+01
5.818964957290797457e+01
5.940883195362281555e+01
6.024603242685583382e+01
5.937393665969417356e+01
5.930385913044487012e+01
6.115126137875020618e+01
5.921976659091431117e+01
6.174204699055940893e+01
5.579926653251857971e+01
5.885242974260910387e+01
6.079160701838421943e+01
5.822779188622450164e+01
6.108615184602244597e+01
6.328531719178150894e+01
5.712357457610750089e+01
6.032683986290891909e+01
6.263210310902912425e+01
5.943823939259683442e+01
5.927799027124423503e+01
5.639106034117888555e+01
5.933217933596592530e+01
6.094942400981869213e+01
5.500718245941355633e+01
5.913158510750638186e+01
6.112830751266150742e+01
5.834525896618585961e+01
6.017141544950845145e+01
6.261288699472268604e+01
5.654538283005170030e+01
6.080655784174843603e+01
5.489817904789049408e+01
5.727979041167770191e+01
5.858047341609240988e+01
5.940054767413858627e+01
5.485657963921636338e+01
5.643657882365781830e+01
5.780032866352573251e+01
5.858871648847709679e+01
5.961876888018646525e+01
6.098061882676236678e+01
5.589738421160013360e+01
5.776374726728908371e+01
5.855351262750442487e+01
5.967917620940889378e+01
5.648401316364397928e+01
5.763266363467098330e+01
5.879546555105482497e+01
5.951276800188580296e+01
5.463538261649996031e+01
5.620100138597911865e+01
5.757808522549981944e+01
5.787041081890678385e+01
5.735672121267776902e+01
5.752552101486780600e+01
5.953058578220684893e+01
5.899889771818785533e+01
5.448674654626767477e+01
5.538286906014773336e+01
5.757310016849883993e+01
5.677875030945283186e+01
5.922276569544685287e+01
5.867026937119677399e+01
6.008516897024404102e+01
5.689619206450025501e+01
5.959439836966945592e+01
5.937278355282890629e+01
5.837523071476687164e+01
5.700773414657218296e+01
5.967366822721603370e+01
6.098328735307227078e+01
5.376104728647791120e+01
5.806158749651587669e+01
6.040523858702262316e+01
5.747922627773685633e+01
5.813117912039717794e+01
6.097651038392690737e+01
5.789771163999487413e+01
5.887334854291474073e+01
5.583937199461559686e+01
5.863868725825528117e+01
5.750996025970514580e+01
5.718325375203143324e+01
5.800129752778243386e+01
6.059698191389990996e+01
5.446314052015480200e+01
5.905843009500041063e+01
6.102215269800191777e+01
5.749011780734555543e+01
6.039440690647052890e+01
5.282963894739489064e+01
5.688020156958948803e+01
5.863688230727013462e+01
5.928366860846151098e+01
6.078853467767288521e+01
6.200362852057426721e+01
5.596725909652429465e+01
5.862150121444798145e+01
5.969426127694644890e+01
6.122949225951568764e+01
5.572118739976766477e+01
5.765548435106273928e+01
5.849648419239634478e+01
5.978455270593997284e+01
5.593713776540179339e+01
5.733461007620935135e+01
5.855322566740482415e+01
5.910692268669196636e+01
5.896746311993125289e+01
6.082155391337631301e+01
6.094714171310192796e+01
5.789198765470425911e+01
5.858704220601794077e+01
6.069452492508790442e+01
6.032554635704612878e+01
5.651553635013154064e+01
5.701984185234506697e+01
5.943097500241267284e+01
5.863593377453040034e+01
6.024434433944181677e+01
5.927040777383672321e+01
6.199208875082552339e+01
5.871812394614290298e+01
5.961155621370248525e+01
6.026856111648977787e+01
6.200152879963719244e+01
5.516524202412167455e+01
5.895238094901124981e+01
6.135428951178293744e+01
5.895892773620248306e+01
6.118795662586514084e+01
6.394736734968334702e+01
6.033013224859335111e+01
6.037531072355129425e+01
5.790725602589566989e+01
6.104459254783574806e+01
6.209963657834004636e+01
5.773737297138217173e+01
5.970640277371982307e+01
6.229549728848432011e+01
5.822078986048922644e+01
6.114439311539459965e+01
6.364078452079792214e+01
5.919138897304029712e+01
6.217185042165299080e+01
5.506533455469759986e+01
5.903700617745887769e+01
6.019854960704642366e+01
6.231451061279091874e+01
6.363145662332329522e+01
6.218052757981661927e+01
6.233641548364052909e+01
5.574574449651950658e+01
5.915540788011389850e+01
6.068405235633482420e+01
6.154246331215819055e+01
5.684798224233606589e+01
5.910861355075057588e+01
5.996691638479511255e+01
6.082398831328104905e+01
5.747604819362660322e+01
5.982095068404274230e+01
6.085819106308447601e+01
6.141835753810958920e+01
6.280788992838527207e+01
6.295968860888695673e+01
5.973819822380978195e+01
6.070589704347769811e+01
6.244911302997513758e+01
6.263384433701417464e+01
5.863238106234385327e+01
5.957372939479209606e+01
6.155518774252757908e+01
6.135591670185069546e+01
6.131977825602492516e+01
6.236939705636449105e+01
6.311967802630704938e+01
5.914489877218113634e+01
6.225673768020512000e+01
6.324937095753004712e+01
6.197499559832573368e+01
5.895250132532050458e+01
6.086414286955888997e+01
6.107440833520923462e+01
6.168343409144132750e+01
5.949327283062829252e+01
6.255554992248844570e+01
6.488225349117500684e+01
5.814458658254277879e+01
6.154423629562477061e+01
6.392034445443035651e+01
6.081970523226151926e+01
6.158011583517977527e+01
6.440226857756692880e+01
6.109582720144064183e+01
6.281309540904219091e+01
5.889471824302086844e+01
6.190981348407667184e+01
6.187034030048780409e+01
5.995652730945206343e+01
6.293113895542862934e+01
6.277422228262263104e+01
6.085897534982724721e+01
6.153097930510304536e+01
6.424767564184776347e+01
6.029499456024021953e+01
6.209246689742366243e+01
5.771428652522339320e+01
5.981154697079256266e+01
6.020315284074646911e+01
6.170437538308264891e+01
5.643183779792892096e+01
5.890772274364528727e+01
6.005613613692854358e+01
6.110916201220346977e+01
6.218278888380605451e+01
6.333467510549311186e+01
5.894327438092415861e+01
6.023851858751227439e+01
6.142065903610935607e+01
6.235331737616272818e+01
5.968618529629635816e+01
6.154312144637079030e+01
6.196839761432633509e+01
6.293159228255843374e+01
5.738294958193700523e+01
5.911655400660552573e+01
5.922225640749311992e+01
6.082180895827904976e+01
5.952626655846739112e+01
6.198642548247706685e+01
6.123737307250517148e+01
5.720011054867487132e+01
5.763965252824710461e+01
6.015194772018135438e+01
5.911629246361564327e+01
6.096875278755345562e+01
6.159986157328309275e+01
6.118483025433280176e+01
6.008560556042409218e+01
5.888971854338632284e+01
6.144783211045478311e+01
6.132070793393413055e+01
5.613538095196049227e+01
6.022492734326071684e+01
5.864029204557083830e+01
6.156077959891889151e+01
5.728622780788879254e+01
6.008401169691666155e+01
6.215280831689913299e+01
5.754143768845751339e+01
6.008081766238615984e+01
6.227883131437017283e+01
5.788086461452979847e+01
6.033236015417164566e+01
6.244646281927072096e+01
5.924481525299110274e+01
6.148057409152763597e+01
5.437365407610367640e+01
5.811474903226631739e+01
6.012643962778446394e+01
5.622651922631505528e+01
5.723564175142140442e+01
5.961927718601076975e+01
6.008897241532923061e+01
5.531810826092942079e+01
5.720987199490608077e+01
5.785431812516132766e+01
5.936939424515432506e+01
5.378878948494658374e+01
5.680482958212411404e+01
5.802875693425325210e+01
5.888088847903230061e+01
6.038442541811355824e+01
6.099551750686534035e+01
5.669398841256545296e+01
5.811872034976521917e+01
5.895890974892692071e+01
6.002147747609640760e+01
5.409297948858515070e+01
5.651405415784802244e+01
5.761099376397428529e+01
5.832592849952261815e+01
5.600287664692059764e+01
5.735273296631557116e+01
5.889103357465288724e+01
5.894083894068818097e+01
5.439226376145842323e+01
5.507498731584229290e+01
5.698405476879779030e+01
5.670589691932965337e+01
5.888591189552368377e+01
5.821292843647456294e+01
6.043488858692973764e+01
5.487339367562528736e+01
5.785085692429406379e+01
5.681699037374497863e+01
5.931081966659218097e+01
5.506715006442202309e+01
5.813497985331683537e+01
5.871566828809869776e+01
5.678426264376608401e+01
5.989763256270845915e+01
6.189219363952757647e+01
5.404475922136539623e+01
5.839537467813243410e+01
6.073250377721915783e+01
5.782060559783597853e+01
5.941297413442563169e+01
5.378603214907758456e+01
5.758665677714318321e+01
5.980171159778023338e+01
5.371672930123850875e+01
5.757955561737139050e+01
5.972263997129969937e+01
5.615577153253198617e+01
5.913526175963670539e+01
6.114616754821012279e+01
5.386362200651675636e+01
5.883807306455813091e+01
6.073839874252569615e+01
6.012098910154818299e+01
5.638537439098205795e+01
5.818505985274866532e+01
5.960314877449212645e+01
6.048313999831435694e+01
5.610205460003998468e+01
5.721446576520855842e+01
5.864110349273410350e+01
5.988931106180223907e+01
5.529933775640319737e+01
5.771074071307038622e+01
5.903126989204120889e+01
5.991504812293113247e+01
5.361366677867221853e+01
5.632853022814932586e+01
5.718733715006954554e+01
5.834637874190164553e+01
5.975937468473481573e+01
6.013791167875004362e+01
6.101090315587165946e+01
5.526573639979033459e+01
5.760192774581858544e+01
5.779758855210418744e+01
5.956092598905116375e+01
5.755750301903631083e+01
5.965305338902523857e+01
5.935905672328286897e+01
5.829757811027382530e+01
5.823267653993593740e+01
6.066472721526663747e+01
5.969971344842961969e+01
5.636378407105171817e+01
5.682504085753454603e+01
5.949203792905051102e+01
5.806527401888587292e+01
6.093237213648379935e+01
6.163661590083924580e+01
5.995956982422271864e+01
5.761890781014931662e+01
6.087065483968701329e+01
5.842833048737419688e+01
6.146508164891891113e+01
5.770986075978248664e+01
6.102788972385678790e+01
6.299243154694566016e+01
5.544381778504477865e+01
5.975986897497439543e+01
6.217747047634543378e+01
5.884799950394937440e+01
5.960370774104754332e+01
6.248650999996552002e+01
6.123916380162000905e+01
6.138064313444145625e+01
5.804228242351580747e+01
6.109677223273856583e+01
6.029346081211490116e+01
5.840064442760805008e+01
6.173836794073317691e+01
6.246473822315325464e+01
5.902829954108294430e+01
5.963303068435677545e+01
6.154878868595046271e+01
6.327342727158264779e+01
5.736698176905861857e+01
6.057021741923737324e+01
6.184833320791796751e+01
6.279145655818782501e+01
5.722309311876455240e+01
5.966873259975681520e+01
6.085290578750410617e+01
6.202847381622355982e+01
5.780809173696111003e+01
5.955606355511222461e+01
6.039215475192564497e+01
6.195547540428438538e+01
6.236744042111794784e+01
6.419323537044527939e+01
6.067706463133581707e+01
6.272402695032710085e+01
6.291763014641726670e+01
6.467121948205897297e+01
5.947870735158092259e+01
6.126858685819432537e+01
6.282868881265443406e+01
6.254720872691468259e+01
6.062705224781120705e+01
6.201624893767854729e+01
6.360837338297554311e+01
6.090539164773410619e+01
6.120970975236194533e+01
6.154019608992104651e+01
6.374669232743785585e+01
6.189489600812520820e+01
6.462857995147622603e+01
6.501212612209094743e+01
5.951729927966916733e+01
6.249645122460478319e+01
6.481023964706083973e+01
6.227408866119937869e+01
6.321015284423460656e+01
6.592833490417052644e+01
6.281984679441249853e+01
6.461196115300950282e+01
6.056823049795733027e+01
6.377242483945389040e+01
6.546382518184277899e+01
5.951780957073484046e+01
6.248579991143617463e+01
6.469704742447498802e+01
6.141883576024838476e+01
6.192219217499231831e+01
6.471381609325204920e+01
6.265380973411496512e+01
6.392218040780416999e+01
5.995658108193549651e+01
6.271993132339557064e+01
6.214986203177507917e+01
6.268439196691269899e+01
6.432584247331021743e+01
6.568628959610860818e+01
6.021053026429196109e+01
6.249370532304990888e+01
6.380093881662058664e+01
6.464385409962339679e+01
5.995541581930900321e+01
6.171884746996972382e+01
6.253103983079557793e+01
6.355274164288321970e+01
5.980793893677577699e+01
6.144878150932113670e+01
6.247757713137975344e+01
6.261595226685570736e+01
6.005358363183802339e+01
6.202180096763944306e+01
6.241169488934686882e+01
6.268644383318596880e+01
5.756683233889041418e+01
5.955475575530419263e+01
5.957057282589421021e+01
6.148526336819740834e+01
6.125097777373631658e+01
6.344194985193571057e+01
6.192144078696185971e+01
5.774344453687462675e+01
5.829685069354152205e+01
6.079259155375067536e+01
5.969486490568426973e+01
6.229208741806267113e+01
6.106326934243912063e+01
6.230714829144075395e+01
6.020375619070485129e+01
6.284111200592131041e+01
6.304493639676277184e+01
5.764732374088141142e+01
6.123864740567453424e+01
6.303955091882046702e+01
6.044227402935462834e+01
6.104480225457574250e+01
6.369992624126249581e+01
6.077582600506010380e+01
6.234067937957233596e+01
5.813392017779527521e+01
6.091331152206501542e+01
6.297194879652983701e+01
5.626972428806475790e+01
5.974637906301300205e+01
6.189585750598929792e+01
5.930451704116248379e+01
5.927489061872818610e+01
6.216508676436861691e+01
5.877494337634265520e+01
6.159782854303752231e+01
6.331089025706341289e+01
6.121981135172023869e+01
5.851475706362669627e+01
6.094686951389493146e+01
6.178367299015195613e+01
6.241288521920456134e+01
5.624128015592039276e+01
5.934183193175414317e+01
6.070787617087719923e+01
6.156518292976459605e+01
5.691544700951383362e+01
5.855478409603988155e+01
5.950105104397416511e+01
6.043053824821160447e+01
5.490158057464204688e+01
5.727783057267990330e+01
5.803881277854394938e+01
5.911540949470064987e+01
6.032022589690946290e+01
6.098508091708195877e+01
5.894616538404869743e+01
5.967592723382008302e+01
6.127241479710606598e+01
6.137926831913839010e+01
5.667953028630372359e+01
5.739218134836263374e+01
5.928144167804453701e+01
5.903437348234064075e+01
6.012794971988856219e+01
6.031170044180354495e+01
6.229575267365348168e+01
5.710093259733903892e+01
5.983480375352874603e+01
6.000993797390285067e+01
6.104160472252126368e+01
5.660183721655980094e+01
5.966311159703740685e+01
6.189635296207509185e+01
5.954055986863956917e+01
5.739365230377211446e+01
6.054791356458185447e+01
5.818402883720798968e+01
6.086363482512204115e+01
6.336728761256838283e+01
6.032651819271136873e+01
5.994308740514511413e+01
5.761100792890849220e+01
6.046549955102157270e+01
6.184631878181536990e+01
5.552978839858134563e+01
5.959969002608553978e+01
6.172966063500426515e+01
5.786035135586707412e+01
6.085008262373048638e+01
6.284744343601628458e+01
5.605928114202602330e+01
6.084786888441175279e+01
5.346277594262138422e+01
5.793425216031067038e+01
5.899799031636965907e+01
6.037712458159178652e+01
6.179317953255049645e+01
6.273323563266342973e+01
5.822723036578178579e+01
5.907272666563704888e+01
6.056349127884150363e+01
6.186899204583443890e+01
5.634960391416478842e+01
5.929754423126157548e+01
5.994921875581459858e+01
6.120838710275274508e+01
5.544084887464348554e+01
5.757551108950250551e+01
5.843782191025524497e+01
5.966706882294192127e+01
6.110007254699682733e+01
6.146655066753486096e+01
6.183061677834428593e+01
5.729812586626196946e+01
5.819703440682263107e+01
5.997022537075012139e+01
6.008674016436680176e+01
5.881570507882075560e+01
6.126180969058071923e+01
6.088966531669348115e+01
5.827994982520230849e+01
5.855496926892597287e+01
6.095239562734100502e+01
6.006265304401461691e+01
5.903049304145685738e+01
5.860091589236583332e+01
6.128739441419995160e+01
5.975407307279785840e+01
6.257219926391967135e+01
6.442544089005527042e+01
5.731800964549478294e+01
6.080694017254091222e+01
6.346938288904932790e+01
6.103916941224570536e+01
6.319131410397995552e+01
5.608057054928590190e+01
6.024738283857644205e+01
6.232411933078340383e+01
5.909680277953982142e+01
6.221624310970606331e+01
6.411579679332707826e+01
5.693135042437827309e+01
6.106196078648062553e+01
6.332753195532027490e+01
6.176513162389504430e+01
6.172486142440282464e+01
6.464796117304207712e+01
6.109166544584736869e+01
6.263768849219678003e+01
5.867864153230222257e+01
6.064849063837246490e+01
6.092194319331487407e+01
6.264433080592888814e+01
5.748107712730111274e+01
6.002423573118500144e+01
6.100455597273340658e+01
6.212706776510078299e+01
6.332368054709899496e+01
6.435963950429886893e+01
5.876356967932663622e+01
6.121655448444837333e+01
6.239198941742245097e+01
6.354252364232481654e+01
5.924066046535396879e+01
6.096916031456679264e+01
6.219412301518615038e+01
6.299460138117146357e+01
5.926598849546023473e+01
6.159453432619427815e+01
6.184044194026978403e+01
6.330570746502510815e+01
5.791592684287557091e+01
6.016563431020144037e+01
6.024861065068135701e+01
6.172700994268875974e+01
6.305767941383938080e+01
6.252771850995173253e+01
6.411391639982061008e+01
5.837293846801729558e+01
6.088039518020070062e+01
6.042604393518160322e+01
6.258836354836924443e+01
6.444923969979366518e+01
6.265244162172513853e+01
6.339778114874083315e+01
6.152030028340106327e+01
6.444269161917983979e+01
6.324574660909831181e+01
6.092008676426791425e+01
6.392832589850976177e+01
6.134373106234433948e+01
6.433566251744944964e+01
5.991319314228780968e+01
6.279917420981340825e+01
6.499584937671880880e+01
6.079400153901756454e+01
6.305372866871124415e+01
6.533060892017428500e+01
6.095093502675012331e+01
6.341639879659722823e+01
6.556754400432951968e+01
6.210971650164761826e+01
6.460176638931491766e+01
5.824710021272844784e+01
6.143213301954413197e+01
6.357619589321614484e+01
5.902220281914193123e+01
6.165945968216735906e+01
6.183575594048488711e+01
6.407783611500353516e+01
5.721859842698087562e+01
5.974576711236556292e+01
6.145233346644685213e+01
6.277319238259479306e+01
5.739647663905689257e+01
5.977217903051418091e+01
6.101255387993603563e+01
6.181131138881623599e+01
6.299008695855982864e+01
6.428644588600278098e+01
5.896034358213692883e+01
6.065722540424390985e+01
6.149961171818406314e+01
6.263065506989352116e+01
5.797612266730789088e+01
5.938763212328738206e+01
6.050113571555542791e+01
6.100915891169953653e+01
6.127827702880863825e+01
6.313832536085587321e+01
6.295050563886324824e+01
5.953472149889084619e+01
6.015756218568047586e+01
6.228420932402323018e+01
6.153224921993479768e+01
6.405022675531564857e+01
6.284521325604542596e+01
6.179358484222400705e+01
6.112942139525321750e+01
6.378315589063020496e+01
6.223911624347747562e+01
6.140141340687224414e+01
6.021745514326272541e+01
6.276488870537247777e+01
6.291417382357678889e+01
5.805007684768703058e+01
6.182300355264332126e+01
6.256869804399192248e+01
6.065621546266690700e+01
5.976835417285541752e+01
6.273919322118880615e+01
5.986188746201663236e+01
6.272478375397646744e+01
5.654275406244603630e+01
5.969341793898630755e+01
6.191684634150934841e+01
5.834974238726253759e+01
6.118028843076199053e+01
6.194042179313876062e+01
5.928451628067618628e+01
5.908818784146843228e+01
6.197233965093249708e+01
5.890402688415642984e+01
6.167690107523051779e+01
6.340141157733604871e+01
6.026312650846149666e+01
6.036707896295802556e+01
5.876416723592349456e+01
6.050685378703807515e+01
6.179914511201015870e+01
5.766871976683944467e+01
6.029607346554764291e+01
6.160927891605931705e+01
6.183530260010728341e+01
5.708157503240629893e+01
5.869124204178122994e+01
5.939057926530924902e+01
6.054531905189188024e+01
6.143725155603738131e+01
6.251824789036701446e+01
5.747636378850101124e+01
5.881217492889412313e+01
6.007097867804726832e+01
6.059351929855703389e+01
5.890489248797851474e+01
5.951659169216355139e+01
6.112814709729122598e+01
6.121521296957113378e+01
5.567830850186010139e+01
5.810505613983244189e+01
5.775429661710975182e+01
5.971211475154447612e+01
5.910225460659304275e+01
6.133383279664435861e+01
6.045845080696884111e+01
5.754186526764372900e+01
5.802562567388735459e+01
6.036855962025415323e+01
5.901214667408007131e+01
5.980776741281925268e+01
6.002741164808116991e+01
6.218250910807140031e+01
5.661473765166539351e+01
5.985186280307130602e+01
6.196152158661631404e+01
5.934565069786720670e+01
5.886215446437708465e+01
6.189646302275506429e+01
5.899531582874641344e+01
6.168817032999676542e+01
5.288901406064267974e+01
5.804108359571105780e+01
6.033642658452557583e+01
5.697428058385904848e+01
5.979137733083205575e+01
6.099740807751088312e+01
5.632538401422758767e+01
6.114417006306079827e+01
6.209238008790320151e+01
5.855311626429033112e+01
5.887875772910511074e+01
6.163642389142119526e+01
6.173124646950072503e+01
5.821341866020042488e+01
6.010584389305522990e+01
6.154969506523915612e+01
6.204381666780741256e+01
5.761604867370542138e+01
5.914825120744571763e+01
6.028645813185628555e+01
6.119322274210999524e+01
5.621585482984061599e+01
5.818858911657255817e+01
5.899241064747203467e+01
6.024714761216203129e+01
6.111375509034660780e+01
6.233803596186261586e+01
5.782675047925640399e+01
5.917825717294674348e+01
6.062587476687332355e+01
6.095790663251644048e+01
6.118574479545772249e+01
5.663798248075467967e+01
5.749975037488354701e+01
5.925778864219763875e+01
5.935819155952253823e+01
6.138158671580358572e+01
6.108987961768821862e+01
6.105891024119574695e+01
6.003731586792321906e+01
6.260545423876674676e+01
6.160798849369187025e+01
5.811691047149488298e+01
5.844900898040575044e+01
6.109836966109065770e+01
5.967554221187021568e+01
6.146225178292128533e+01
6.092666495051498998e+01
6.352381255690080053e+01
5.945950397874263871e+01
6.124170632796194269e+01
6.407656882067914239e+01
6.115325907906014180e+01
5.969481230314848119e+01
6.307397190366433648e+01
6.004685447612975935e+01
6.321003206424670395e+01
5.593074834744301427e+01
6.015272424003158136e+01
6.247862204992389934e+01
5.889519599180214726e+01
6.191819165722983342e+01
6.279671245114798239e+01
6.024239860587020701e+01
5.981457702687863787e+01
6.290346817886831587e+01
6.138251087569204145e+01
6.310485838850202356e+01
6.528497152837739748e+01
5.875999918459250182e+01
6.245667481266206522e+01
5.914917487473719149e+01
6.138148856232118078e+01
6.179588274531029413e+01
6.254350911484396391e+01
6.418856908855971710e+01
6.481808490904954567e+01
5.961515868225991710e+01
6.088345998539185899e+01
6.222342292803846675e+01
6.333113050224950058e+01
6.255860793405633302e+01
5.860453400954826009e+01
6.034153477658847464e+01
6.157516567442885957e+01
6.174457092992806650e+01
6.247948449493510026e+01
6.329900983919658586e+01
6.380309263610809722e+01
6.431925428699088343e+01
6.607852118702271582e+01
6.153444924588562515e+01
6.381348706906915424e+01
6.406535956939401899e+01
6.571246620156173890e+01
6.001207753483609508e+01
6.229882098600737805e+01
6.284770328712816934e+01
6.354276254329461437e+01
6.187641335015755573e+01
6.411350581239348401e+01
6.456896889740953327e+01
5.995035964686121588e+01
6.472278756198294047e+01
6.529973564093327809e+01
6.305729033258654681e+01
6.123192844842981231e+01
6.373269313891064058e+01
6.131342011753741161e+01
6.431218315585097400e+01
6.032787037404660424e+01
6.356873437857465348e+01
6.572978801439433028e+01
5.925430877180374267e+01
6.265256768943720544e+01
6.496615541269500227e+01
6.154346510768042577e+01
6.157933581996488925e+01
6.443950525860414302e+01
6.297006985776246069e+01
6.510578962845245599e+01
6.710184858694555032e+01
6.142847099201338068e+01
6.488050817655947355e+01
5.904701287887257877e+01
6.214712243354667009e+01
6.358915232463862566e+01
6.209256947232082524e+01
6.482455842690360726e+01
6.554545417238253435e+01
6.175072325773597726e+01
6.383710022632921977e+01
6.507889427469547172e+01
6.478129690145527775e+01
6.052043552890040701e+01
6.253410220470885861e+01
6.361469774335434124e+01
6.464469996834040444e+01
5.996310233630547515e+01
6.120559635131796483e+01
6.219559078277808339e+01
6.303166348498744753e+01
5.688187452608751471e+01
5.930698517430883498e+01
6.044581972194910691e+01
6.091163347166368425e+01
6.116141921061653619e+01
6.299310128336922787e+01
6.280542897035166305e+01
5.965218131243504729e+01
6.016313976225065829e+01
6.227686586381848599e+01
6.149784819218751863e+01
6.400376209894513124e+01
6.277648500968423662e+01
6.139261983564977498e+01
6.077686660917256489e+01
6.341024822793955451e+01
6.187547450267357618e+01
6.188151763476297873e+01
6.035941881210847981e+01
6.290420581615808260e+01
6.295209962953953919e+01
5.755415218115092557e+01
6.116772772703480854e+01
6.200481114310422726e+01
6.006086698159280246e+01
6.067561201166957829e+01
6.331364586930667571e+01
6.038279887230221732e+01
6.215491940877434018e+01
6.456015607598499173e+01
6.110070042364742449e+01
6.082161015240382085e+01
5.789252077363191518e+01
6.072327976313226827e+01
6.246270845132804084e+01
5.615765930638888648e+01
6.006665386365397552e+01
6.202596375920542471e+01
5.966776804599624739e+01
5.991090712137600605e+01
6.242480730458699867e+01
6.170714859249387985e+01
5.913688676838663127e+01
5.941802478633631068e+01
6.116528400093461215e+01
6.246862669878663610e+01
5.673918033666995342e+01
5.911962750050619064e+01
6.003643589175202067e+01
6.142311262350580137e+01
6.187302954479147132e+01
6.324731560002489772e+01
5.817269956790427443e+01
5.927553205987271667e+01
6.032438964640599721e+01
6.142817655170146907e+01
6.025021519972725770e+01
5.608631725605408036e+01
5.723587206007662331e+01
5.840352269813252661e+01
5.902794203192483025e+01
6.050915880593324658e+01
6.074000227891841064e+01
5.889067279525923482e+01
5.920606715036428369e+01
6.114601645384605177e+01
6.074837741223114307e+01
5.699736215005604123e+01
5.748119056639374946e+01
5.964979378085291728e+01
5.883876052270343848e+01
6.002060882117239515e+01
5.925151679370891600e+01
6.168438463496437407e+01
5.832423320419695756e+01
5.925163974219471896e+01
5.993652245047002225e+01
6.014769686685241368e+01
5.601248373454568963e+01
5.983233464882665231e+01
6.020518369664414848e+01
5.877181426018968580e+01
6.186726388172605340e+01
6.319304498505922396e+01
5.586414357397318042e+01
6.011199387630397695e+01
6.240657796397707813e+01
5.914084433387464657e+01
5.935770063005875841e+01
5.653024154472520735e+01
5.929274358460784100e+01
5.919251721732520366e+01
5.754806060790566846e+01
6.021665143427439659e+01
5.947103843237874798e+01
5.895650180537942475e+01
5.872169908225650659e+01
6.127565478045236347e+01
5.947979217321876177e+01
5.672609738258805123e+01
5.890563551107647555e+01
6.026524499536307644e+01
6.095150951395154237e+01
5.646521296844439775e+01
5.799298612639692863e+01
5.876385886368694855e+01
6.049613165239669854e+01
6.107613543146038637e+01
6.244519722792745142e+01
5.647980425501238244e+01
5.877723233952462323e+01
5.960301674305092945e+01
6.079118187419565800e+01
5.610322435472883740e+01
5.838640001306683303e+01
5.958123739542176622e+01
6.009263905073606082e+01
5.979768741429832346e+01
6.158227019611148023e+01
6.166050310046146876e+01
5.850059788898214919e+01
5.909808553460831604e+01
6.112706811525925588e+01
6.070804975158291938e+01
5.706995408843573614e+01
5.748987015056723493e+01
5.984190849553047542e+01
5.898176181159543319e+01
6.053295813295827088e+01
5.939048873033475928e+01
6.205829075867374911e+01
5.885329442610649409e+01
6.175082104300317809e+01
6.348846355994089663e+01
5.687137526195541426e+01
6.030504508689426757e+01
6.295497161400108155e+01
6.049851633129424755e+01
6.229218205342372272e+01
6.472532266146771462e+01
6.143809417508774118e+01
6.099152129621956675e+01
5.858535801743532545e+01
6.167463420035452515e+01
6.361089785456875489e+01
5.628518463680251926e+01
6.039314751933827807e+01
6.265212842044092412e+01
5.995305973198099281e+01
6.003302617543632635e+01
6.322499544924166059e+01
5.953067012092017762e+01
6.258644936866476627e+01
6.417601578748734426e+01
6.347602223539902866e+01
5.973336900618102874e+01
6.179339671874924278e+01
6.304848437662653282e+01
6.390914605094859269e+01
5.956955420739031126e+01
6.074263921213115225e+01
6.219349959337696987e+01
6.356538038024504544e+01
5.829570192010415042e+01
5.953639412292961453e+01
6.082716240644308670e+01
6.224662884117279305e+01
5.739244003851811726e+01
5.924874093940439224e+01
6.017177115689139555e+01
6.099347737776827927e+01
6.247234832277099059e+01
6.273401805379359075e+01
6.420457063623712202e+01
5.840051564133168682e+01
6.028116765127040111e+01
6.066415301271845806e+01
6.206453006049655130e+01
6.345482983027255841e+01
6.314503724487266823e+01
6.461691880515282094e+01
5.869800874642150035e+01
6.119079748825166121e+01
6.076016919530022165e+01
6.295411567398529940e+01
6.039305113672358516e+01
6.321993687681021612e+01
6.241406732560896842e+01
6.161765901031066051e+01
6.372045869065285473e+01
6.156230605002045309e+01
6.380525381679471764e+01
5.922883274150809996e+01
6.186350430633731889e+01
6.411542589455648056e+01
6.083187518789886639e+01
6.398556161111245899e+01
6.596745398836698371e+01
5.916140762379183116e+01
6.254271517206663589e+01
6.492705214954929716e+01
6.149965691285238023e+01
6.171307886337412185e+01
6.461413026711784369e+01
6.300704024431860972e+01
6.514908599814404511e+01
5.852759249238906847e+01
6.172930390415240254e+01
6.383449359448381699e+01
5.922975283798747625e+01
6.237935874460056596e+01
6.185706218959460045e+01
6.442012728994474458e+01
5.880059341736274803e+01
6.103425292698466365e+01
6.237684018045298018e+01
6.320202844125734742e+01
6.466329125956853829e+01
6.526370795150963033e+01
5.998266237394226863e+01
6.233198007029365328e+01
6.380826171847220962e+01
6.436709566520110570e+01
6.017645256103797635e+01
6.176108791508952578e+01
6.284078124309765201e+01
6.351009863410570944e+01
6.003836561710440378e+01
6.220324545675847361e+01
6.261102765898399980e+01
6.316513223383781650e+01
5.850015301767929543e+01
5.945829466888081782e+01
6.137588011017638934e+01
6.125600732359550449e+01
6.346578115944110721e+01
6.300796604005356016e+01
6.406549721203350600e+01
6.535540602163754897e+01
6.378003204343480093e+01
6.080724897785481176e+01
6.072900691235359005e+01
6.345329259425103174e+01
6.215128437065750688e+01
6.236374956005123238e+01
6.084119040463897221e+01
6.351712975703016895e+01
6.388757476897504262e+01
5.811044816190981521e+01
6.130077772970081895e+01
6.376287817764077914e+01
6.115954121489410511e+01
6.143084597102564004e+01
6.422002401020064610e+01
6.121750303224103362e+01
6.312335023423865010e+01
6.569691789483158573e+01
6.228725056259799686e+01
6.219815230096089920e+01
5.915408611738155997e+01
6.211347847291185786e+01
6.245880630983904780e+01
5.945038313010079634e+01
6.238585142802036643e+01
6.168489942894923672e+01
6.287747435817024666e+01
5.888591947353423706e+01
6.151529703105437363e+01
6.083052672423696094e+01
6.237857109678846257e+01
5.775569004901217340e+01
6.019590079396750326e+01
6.055194005856361628e+01
6.152632455968409886e+01
6.289067423166017790e+01
6.385762826555126281e+01
5.897494351079898678e+01
6.048283179153464317e+01
6.193018323954085957e+01
6.252809074882710405e+01
5.857983755626991496e+01
6.027075756399863593e+01
6.140202735265913958e+01
6.235117286761317246e+01
6.388816434799696964e+01
6.445514548412263878e+01
5.888645474016110626e+01
6.022837720308787368e+01
6.209539308787326206e+01
6.216456303646152293e+01
6.006500026687108829e+01
6.059545979834342688e+01
6.268171648795014761e+01
6.238953384222430998e+01
5.778053549189438343e+01
5.881439406015378069e+01
6.107335837439241999e+01
6.036456754023922855e+01
6.195590591603687614e+01
6.184947325282630715e+01
6.415610328671073148e+01
5.861674450190116659e+01
6.188722938586975886e+01
6.186238304733846149e+01
6.313549263071267603e+01
5.682920413339326160e+01
6.076293788380019123e+01
6.317294213650927048e+01
6.052325978820443453e+01
5.973166494010892791e+01
6.303618481128440720e+01
6.011190317755036006e+01
6.302947862650527355e+01
6.546635723791594330e+01
5.956861807701399414e+01
6.344840822830295224e+01
6.577872854239311096e+01
6.133943310504493951e+01
6.439218455326150092e+01
5.714214955778444249e+01
6.179824652972922649e+01
6.398674195563694411e+01
5.597348731817841383e+01
6.134005486555382447e+01
6.340673994808338421e+01
6.247751396030023585e+01
5.905907064175097787e+01
6.106560770986599351e+01
6.223354339003201829e+01
6.350237699394486413e+01
5.652586374089453614e+01
6.021079267883402508e+01
6.182530332895561287e+01
6.287751165128754138e+01
6.473888174099430159e+01
6.490842560222407087e+01
6.041129861027440029e+01
6.235288137092688032e+01
6.373082991772309924e+01
6.476753464935157467e+01
6.006773397965861960e+01
6.226427536282631081e+01
6.291449322089500384e+01
6.470618966711820974e+01
5.900717466478347717e+01
6.155187591689457349e+01
6.205487404518783734e+01
6.399661705110415255e+01
6.443673540965259861e+01
6.654487595841389691e+01
6.278117749425027228e+01
6.503803935078701670e+01
6.525654882588267469e+01
6.741029595120824069e+01
6.041337060158772232e+01
6.407275349575525070e+01
6.327518520746519215e+01
6.624402670107724589e+01
6.192514957703291856e+01
6.524383185872017066e+01
6.497918694346540747e+01
6.577953140480266825e+01
6.813869877761521821e+01
6.523385207701097954e+01
6.437162563134081950e+01
6.270086395323885142e+01
6.603145626482120178e+01
6.868823896559101172e+01
6.062181990394741860e+01
6.543077033370022377e+01
6.817876586855544474e+01
6.452449817161060253e+01
6.468910783115816798e+01
6.818082011381319774e+01
6.477061028361755746e+01
6.689353645410045601e+01
6.259687520090475488e+01
6.596553702536063213e+01
6.517358949703417181e+01
6.495824151201574637e+01
6.824100512163560950e+01
6.810710279660445110e+01
6.398087085065255053e+01
6.587106270460196811e+01
6.851672061722085516e+01
6.583586567946630907e+01
6.625392188484315170e+01
6.826742813486578143e+01
6.982220767759253022e+01
6.485333477895325416e+01
6.640370210606378976e+01
6.800262529827600133e+01
6.991530123986547096e+01
6.405264232503940036e+01
6.611695545228816684e+01
6.779026293278521109e+01
6.874440973483127948e+01
6.480063016476040616e+01
6.729589978006720230e+01
6.777175891329630986e+01
6.969266897871118260e+01
7.011807066382264964e+01
7.212000879097374195e+01
6.602536862419573538e+01
6.862424582365116521e+01
7.031664819627215479e+01
7.008128170991840022e+01
6.615717507982429879e+01
6.695395074349445963e+01
6.970066329579813669e+01
6.928120036578214069e+01
6.712081195270036460e+01
6.793846231995486562e+01
7.088385454857198908e+01
6.928385278961074789e+01
7.271441893316601579e+01
7.208415939269741557e+01
6.770866665149401342e+01
6.731335207157933098e+01
7.101609121094955412e+01
7.320588569512378285e+01
6.558119625241822348e+01
6.958537886030400443e+01
7.290477720709816367e+01
6.949579102387026808e+01
6.906164780235094725e+01
7.297532559454566581e+01
6.918876906507151148e+01
7.298832174198905420e+01
6.560418177751250823e+01
6.992458457785654957e+01
7.279980773822661888e+01
6.745168915606342352e+01
7.150592901369270749e+01
7.199629400564424486e+01
6.883509065802599025e+01
6.992150759640163926e+01
7.339964128333265592e+01
6.915548831240013783e+01
7.119767590548441660e+01
7.434612873421284007e+01
7.106122133839674859e+01
7.427720407913474787e+01
6.705346117815876994e+01
7.090009503963689497e+01
7.266891806305493162e+01
6.762564255591357210e+01
7.096899848859047211e+01
7.285721156769506024e+01
7.341568896081194850e+01
6.796997250189670581e+01
7.111041420334244378e+01
7.248423489045838153e+01
7.363880195836760834e+01
6.778136227842870198e+01
7.039151269025784075e+01
7.159493066987843690e+01
7.342896360608381201e+01
7.441300619458544929e+01
7.639681249458658385e+01
6.955953030709855511e+01
7.216738886269853026e+01
7.414181574188228296e+01
7.425164360362593641e+01
6.942559619661639658e+01
7.082980349088832384e+01
7.426309298943654369e+01
7.351812839576484748e+01
6.957878822349522352e+01
7.098016085686096233e+01
7.466195898700438249e+01
7.262186461718994224e+01
7.684461420723322078e+01
7.365840003058521290e+01
7.420651897851188039e+01
7.258771892192372377e+01
7.642934983821429284e+01
7.255722786778163425e+01
7.805896143061663395e+01
7.862923731404059424e+01
7.238436400749606037e+01
7.665220707003038569e+01
7.228709323820351074e+01
7.606356211245773125e+01
7.795101861223193396e+01
7.050363560609325475e+01
7.481152222774515792e+01
7.802787105784226185e+01
7.323611514607443951e+01
7.478384451626149598e+01
7.843532661662730732e+01
7.398219378850832584e+01
7.522286854169328763e+01
7.881825171602744717e+01
7.516923529054149355e+01
7.685101188190969879e+01
7.227470410749828034e+01
7.600670319558530252e+01
7.654808190271468504e+01
7.389833510842113640e+01
7.764525008929003036e+01
7.843137902784867777e+01
7.432664507494175155e+01
7.782954720641133406e+01
7.905101037100808981e+01
7.838119470322776294e+01
7.468868201745378599e+01
7.716061330026526832e+01
7.957118712404989935e+01
7.277466060418610994e+01
7.651610963643059904e+01
7.843130950750713737e+01
7.959538192875358220e+01
7.521127161020139340e+01
7.815259517154190405e+01
7.882210242415541757e+01
8.076757095806817688e+01
7.402238146924398166e+01
7.790434285359417288e+01
7.807497798798601707e+01
8.011058316288770698e+01
8.252793592180516669e+01
8.191962866610143124e+01
7.596964728656487864e+01
7.782252243911001699e+01
8.102170658797771807e+01
8.151541207648567422e+01
7.568134939694226659e+01
8.086105133248140930e+01
7.950479848490861912e+01
8.267966363297237820e+01
7.833713421983874525e+01
8.231338298956806909e+01
8.063363409947929483e+01
7.898771039178680553e+01
7.767313806329593717e+01
8.157467102464674724e+01
8.174798488916921713e+01
7.804856891186301482e+01
8.192702521663584037e+01
8.109328938211952220e+01
8.403681791226763664e+01
7.603266462707536277e+01
8.076840527218647026e+01
8.422078942848889938e+01
7.995043164877633046e+01
8.363318666320047612e+01
8.394098968022517226e+01
7.994779397807630517e+01
8.245636289961788634e+01
8.573692652127853364e+01
8.000272157337884948e+01
8.396780768949562912e+01
8.549654177761753715e+01
8.320581925714844829e+01
8.502080407150612018e+01
7.977614869519003094e+01
8.346440875780589863e+01
8.487866605748689608e+01
7.944340440968584005e+01
8.295975542560655924e+01
8.481175707968115773e+01
8.453265409905503702e+01
8.033057607283905099e+01
8.410304148219158549e+01
8.584909396971352180e+01
8.260286422019746055e+01
8.612770423982996704e+01
8.721954609662510904e+01
8.279870947919143020e+01
8.676979811488205030e+01
8.743418768661895513e+01
8.754501403487992661e+01
8.405587125726641773e+01
8.635847588735005331e+01
8.681296915790130697e+01
8.709794083082466898e+01
8.584267480752959045e+01
8.940687855690148922e+01
8.833541089111449196e+01
8.372600001785608015e+01
8.538261724879247083e+01
8.907956336430530087e+01
8.810369835974651664e+01
8.459449384321736432e+01
8.560023062726493492e+01
8.947059736228408156e+01
8.740195080778342174e+01
8.516726713161324369e+01
8.519467153295279616e+01
8.920514975670884894e+01
8.675058425962193098e+01
9.101875907899147933e+01
9.067414797419895933e+01
8.811455349702495710e+01
8.724030359271581858e+01
8.664617215574089926e+01
9.083382687774597741e+01
8.675446815025276237e+01
9.132627755344346099e+01
9.189196418832889890e+01
8.796593151614631267e+01
8.986455912511289057e+01
9.366127815388367139e+01
8.903771210860405461e+01
9.106447108827074999e+01
9.485271666866242413e+01
8.968631585288449060e+01
9.233617898055469198e+01
8.719300578352050479e+01
9.154460647251566741e+01
9.286198386549921224e+01
8.751805875708220128e+01
9.140961518736997959e+01
9.397683261916905906e+01
8.825460398610208301e+01
9.328242033255899912e+01
9.555324484044891165e+01
9.081351766310100970e+01
9.466512184213330272e+01
9.690088578656235541e+01
9.100205139895629713e+01
9.534057866984626628e+01
8.862793197726895755e+01
9.229689483717984899e+01
9.494165741904821232e+01
9.502020948708437231e+01
8.863615424622234684e+01
9.326153314919216086e+01
9.423140894135407564e+01
9.558191261518815907e+01
9.631762503743208015e+01
9.859724485956130025e+01
9.190912996952499725e+01
9.524864923118383331e+01
9.797585671279844632e+01
9.549016227998285444e+01
9.504815279232784064e+01
9.628362154431093245e+01
9.966170929548006541e+01
9.349269420921297069e+01
9.741005387747522093e+01
1.002990249725928322e+02
9.522318968857791788e+01
1.004416110094340269e+02
1.002561136507995485e+02
9.876673708286695330e+01
9.709916483265783427e+01
9.639969908480536276e+01
9.992795211209779893e+01
9.721666423295623360e+01
1.001432731870205544e+02
1.013062870689771842e+02
9.846115807048030888e+01
1.011708614832890873e+02
9.297641535864495665e+01
9.821978724684279882e+01
1.025730664185056753e+02
9.704160035423998920e+01
1.023657109558139524e+02
1.027152381980758520e+02
9.826219082278440453e+01
1.012972278083999669e+02
1.025658339740364369e+02
9.985584619572706799e+01
1.027660230796736016e+02
1.062319657856952944e+02
1.001127795548741233e+02
1.041917465477266518e+02
9.842182701567246284e+01
1.021203767062392842e+02
1.048286120490874538e+02
9.881801790343052971e+01
1.026695038902605290e+02
1.052781860649672439e+02
9.944441877428891985e+01
1.037946213038023444e+02
1.062154518212042120e+02
1.024909795072516658e+02
1.054489361747852456e+02
1.088348453125513231e+02
1.026969569401826448e+02
1.069904416078613991e+02
1.001687470225604528e+02
1.045552655239954021e+02
1.062077285392404349e+02
1.018768047151161795e+02
1.047160774167725918e+02
1.082872831618207243e+02
1.074452434350440342e+02
1.029634828017761947e+02
1.069718179564701899e+02
1.068893545149479394e+02
1.089846126323942741e+02
1.098537459685466473e+02
1.076682887259661499e+02
1.080013869688540922e+02
1.041958980340502023e+02
1.101927956486328526e+02
1.088442713422091259e+02
1.075912806835529523e+02
1.073322233560164847e+02
1.120698846849733599e+02
1.071624641939165627e+02
1.110604807405424168e+02
1.097465308905275378e+02
1.131396530508495033e+02
1.072927542303030464e+02
1.122060167967896263e+02
1.148569356701971174e+02
1.077268592537762970e+02
1.120690881831968539e+02
1.072523639132869704e+02
1.125987628575276744e+02
1.094406586875592069e+02
1.122933584961000548e+02
1.154832813061501895e+02
1.099456045961001251e+02
1.134782672199008573e+02
1.081580801320193075e+02
1.125092392011113560e+02
1.153141062672050765e+02
1.099899998531113283e+02
1.137453713922505756e+02
1.151293198906450783e+02
1.099670436165536955e+02
1.133326371522962006e+02
1.163714233822270501e+02
1.119260087026032551e+02
1.153548858474464822e+02
1.179369034091997719e+02
1.127891788700220701e+02
1.163855061605449634e+02
1.110737872065512306e+02
1.142888854720183360e+02
1.168320482475425877e+02
1.117351252756503897e+02
1.158825784598164859e+02
1.173343939504888880e+02
1.160269069513929452e+02
1.160977751984511315e+02
1.203942654863337225e+02
1.147140014050237937e+02
1.190247065349677342e+02
1.198514451539447663e+02
1.186509162063267695e+02
1.199035268342998108e+02
1.154842359562529737e+02
1.191724263051976180e+02
1.192140050323842502e+02
1.167896380768204807e+02
1.179006864031909316e+02
1.222398005750688696e+02
1.202404277151821077e+02
1.168422717079048709e+02
1.218151522303452623e+02
1.205359323040726593e+02
1.198028926383284869e+02
1.196081730877769189e+02
1.236086434167028898e+02
1.218680550092301900e+02
1.204395392569832950e+02
1.227947918705149561e+02
1.229685055807744760e+02
1.206236591582958226e+02
1.252105344004357192e+02
1.233059020330722149e+02
1.270200665584595470e+02
1.202898294740295739e+02
1.252720692394250364e+02
1.245090017812794230e+02
1.253967716244349049e+02
1.224179515788266315e+02
1.263710141805033658e+02
1.258239724230935082e+02
1.227663956337754030e+02
1.267577667760685927e+02
1.281559836014965015e+02
1.244297311804778303e+02
1.273624475183933100e+02
1.300339335257960158e+02
1.247189826072724941e+02
1.284428247886567647e+02
1.311171222775936656e+02
1.267953880588029421e+02
1.299814531547323782e+02
1.250533615284262510e+02
1.283593799400529463e+02
1.306507324740371985e+02
1.253911892853919170e+02
1.292365896787516704e+02
1.313338134172408616e+02
1.279405802122178386e+02
1.305886914945741353e+02
1.344403228968168662e+02
1.283789020742361231e+02
1.317759251010678270e+02
1.340982457934130991e+02
1.331961557198465869e+02
1.311923554987209570e+02
1.327784751329400592e+02
1.375285555703793534e+02
1.306201769524524821e+02
1.337918248163072690e+02
1.374755887792499038e+02
1.357011850794912675e+02
1.332632944671016446e+02
1.341237635824408301e+02
1.385871840537558910e+02
1.348975301958267039e+02
1.369471478825232396e+02
1.382967496608841316e+02
1.388116499411725897e+02
1.335663434978019950e+02
1.386548419756205135e+02
1.399001751382700149e+02
1.359284848874591773e+02
1.401636517336046097e+02
1.435434174131264342e+02
1.370865485570619455e+02
1.413142535492929994e+02
1.365645722639322059e+02
1.406238873869435793e+02
1.413248526562154268e+02
1.368598349008324533e+02
1.411649179631063191e+02
1.450792102530115528e+02
1.392301913190121923e+02
1.420448408885656875e+02
1.457865503450679796e+02
1.402288621492814968e+02
1.443812011980217562e+02
1.474433660016912597e+02
1.423113510299018287e+02
1.461041620625516657e+02
1.413056482256734512e+02
1.449557474260926995e+02
1.476653516617653281e+02
1.426140652083562657e+02
1.460393011129521597e+02
1.481866827083187275e+02
1.434714778515416640e+02
1.469874745882875118e+02
1.494873192819644032e+02
1.482396206198838513e+02
1.469877816855708659e+02
1.496797972250097928e+02
1.527441493199073648e+02
