0.000000000000000000e+00
-1.355631714618058083e+02
4.564265075042684572e+01
-4.442387283164256218e+01
2.113906338609123914e+00
-1.123989219104301363e+01
6.169560684915696314e+00
-6.371578092307066399e+00
4.931258148871190627e+00
-4.695663773094590709e+00
3.605787409265671872e+00
-3.618873509600710303e+00
3.270323043519076656e+00
-2.853885234561448492e+00
3.020169379071734994e+00
-2.253543163696892115e+00
2.715690237522719208e+00
-1.736356279472044184e+00
2.638193877268855125e+00
-1.276855388406135328e+00
2.661129570046107062e+00
-8.576080415518652078e-01
2.741956343942365315e+00
-5.231135572742088291e-01
3.574948983986729889e+00
-2.769916886751168095e-01
3.908156424955205654e+00
2.690375057597369501e-01
4.146200696112516404e+00
4.105477608171521631e-01
4.346611051500755885e+00
6.117208160258765792e-01
4.684330838177006129e+00
8.607511610701743532e-01
5.029159971721285594e+00
1.138996212720845280e+00
5.390499152849910658e+00
1.438470181167262885e+00
5.769986873202299194e+00
1.755873232760176483e+00
6.162873338083762143e+00
2.088241386301025404e+00
5.436766369524479892e+00
2.451679609220744016e+00
7.124518925410365355e+00
9.342938652106523634e+00
1.084839390909457890e+01
8.338225915274474431e+00
1.209633050024866030e+01
8.970033754481416821e+00
1.251551346768459005e+01
9.346362056332580437e+00
1.295088734725237956e+01
9.739166945286793720e+00
1.336073493200352047e+01
1.010735284198637807e+01
1.376356851389748215e+01
1.047263128259513998e+01
1.415984749658459840e+01
1.083328785988998888e+01
1.455411794415949345e+01
1.119229101295126050e+01
1.494612110807574901e+01
1.154954399742822702e+01
1.533668468230198378e+01
1.190535558372175728e+01
1.572558656522501330e+01
1.225949888323023984e+01
1.611274019518174683e+01
1.261173126343338957e+01
1.649784241938693086e+01
1.296170545077737479e+01
1.688059490635770743e+01
1.330905330159816558e+01
1.726065819669817358e+01
1.365338462480987758e+01
1.780648103144872962e+01
2.022985000687201307e+01
2.319289641231475230e+01
1.941989639066799711e+01
2.413990838652336279e+01
1.984129350686717430e+01
2.450055735549600655e+01
2.018898021177657398e+01
2.484440674730340604e+01
2.052077529681229606e+01
2.516902809817070619e+01
2.083511773560052660e+01
2.484015029005018960e+01
2.116560714529098419e+01
2.517724181917182591e+01
2.148415138673533775e+01
2.547967592621645849e+01
2.177420605640516271e+01
2.576051960510153904e+01
2.204528053615000971e+01
2.601961981671365010e+01
2.229758457717421649e+01
2.641710530021745384e+01
2.925830093046163682e+01
3.063014227629448527e+01
3.016644179244329393e+01
2.964243666858460458e+01
3.170329878757864606e+01
2.947558865729967081e+01
3.156541794778610210e+01
2.965127671848912883e+01
3.195377398775551114e+01
2.918428254712280889e+01
3.209357060549289287e+01
2.933043938168901832e+01
3.212725339955147064e+01
2.949445892876213549e+01
3.217022098199937830e+01
2.964970480328660329e+01
3.220213458932627049e+01
2.981124630354666039e+01
3.279778679935633789e+01
3.661789453975084996e+01
3.928783235943705421e+01
3.624773334438580719e+01
3.936644092678940154e+01
3.635763204082311262e+01
3.928860698246762695e+01
3.610053105428441711e+01
3.841342771340257656e+01
3.293696429231775369e+01
3.844871970808215167e+01
3.556188564928832818e+01
3.853077884241196216e+01
3.541566165757889451e+01
3.855636469441133585e+01
4.142269547237049920e+01
4.257095527543197022e+01
4.143870296426672439e+01
4.287807960027193133e+01
4.148387407772641211e+01
4.288513442205403692e+01
4.126863658168941384e+01
4.275236116611620929e+01
4.101659999032132475e+01
4.256619869085696450e+01
4.075152624420384484e+01
4.235468735928494510e+01
4.046847455152710893e+01
4.199310892332088230e+01
4.068573353972686135e+01
4.475007152678648481e+01
4.555820290475180911e+01
4.997787135218791121e+01
4.334766824653297590e+01
5.054056380734866849e+01
4.265591187516822913e+01
5.012983748604914069e+01
4.187662854681947522e+01
4.988132297100073487e+01
4.324372276080315203e+01
4.520593368145461710e+01
4.601525996564412679e+01
4.564022356640818856e+01
4.451396465818920944e+01
5.050753498565556043e+01
4.881360410796956728e+01
5.315522915242407720e+01
4.649496123963913163e+01
5.346321122112496482e+01
4.551851952800043932e+01
5.245798449006237263e+01
4.527364312778579603e+01
5.175726499424399663e+01
4.435182843589012691e+01
5.100337835408184617e+01
4.378258825831114365e+01
4.985171192659565520e+01
5.266639375128568190e+01
5.122200680092591796e+01
5.351816042899624648e+01
5.128868531064094327e+01
5.154831368013919501e+01
5.108475048690285547e+01
5.075724125111904783e+01
5.032477372266755822e+01
5.024015559041217216e+01
4.975628012737990247e+01
4.951553574215684250e+01
5.444658333292033348e+01
5.262618051645947759e+01
5.614617595316316567e+01
5.072582871553751716e+01
5.618616130172535605e+01
4.941139631793328846e+01
5.520538639726695607e+01
4.954022811238325374e+01
5.471806723088620572e+01
4.803109354847789092e+01
5.370309121434434729e+01
5.740358896668072219e+01
5.382151759785291034e+01
5.659506986809022067e+01
5.316044972895191023e+01
5.671248631379921790e+01
5.084740421917503284e+01
5.621162794110278327e+01
4.979393130553813052e+01
5.516328228911631726e+01
5.000629562516369475e+01
5.464835143417841579e+01
5.783912047466862560e+01
5.266223250341611362e+01
5.753361727380093527e+01
5.157936736901422847e+01
5.659004433593014483e+01
5.145695777136721460e+01
5.593717391534574546e+01
4.924954019079043377e+01
5.483518596715524751e+01
4.975125849149314661e+01
5.418447470580286307e+01
5.741376068371258867e+01
5.234592888217196105e+01
5.761885765863746656e+01
5.232105500623803351e+01
5.667927363074296210e+01
5.013422234625974738e+01
5.541631659539108767e+01
4.830942930165444693e+01
5.452821399148301396e+01
5.727112621231243139e+01
5.487923697155755320e+01
5.751675513352788016e+01
5.145505941467388311e+01
5.714573652307605300e+01
5.083673185927104043e+01
5.559984360977122719e+01
4.986609066465019424e+01
5.433666280369457979e+01
5.673880415081557516e+01
5.660925841580282736e+01
5.453671811159153293e+01
5.665773692578831344e+01
5.336320164883753137e+01
5.499480810082675930e+01
5.178579478996957874e+01
5.374871939285993960e+01
5.050272813814366657e+01
5.211957027044927315e+01
5.521795982272789161e+01
5.647415655240921240e+01
5.300598959639680174e+01
5.498845007358629999e+01
5.161249699356879006e+01
5.371705553247350196e+01
5.021494102150960970e+01
5.219035149744490809e+01
4.861483048812371521e+01
5.164428043247520606e+01
5.294138540796844694e+01
5.488747227759914438e+01
5.082579474952529353e+01
5.364468814648656547e+01
4.918701710190032372e+01
5.197065316880820518e+01
4.756980132806364736e+01
5.012715115946603106e+01
5.252459110269288800e+01
5.419137544569733933e+01
5.137305771678894928e+01
5.384793919947408369e+01
4.821290321001521306e+01
5.183965528200178596e+01
4.676502436789558459e+01
4.982817531529452992e+01
5.161412310214301868e+01
5.344069063578108825e+01
4.864771825402412020e+01
5.148549141837292353e+01
4.674944739026280871e+01
4.976739552042450754e+01
4.562269271678832183e+01
4.821095132551928941e+01
5.032361207364170497e+01
5.167050237918587641e+01
4.934892020157662529e+01
5.101671045063314835e+01
4.565295944575949960e+01
4.856308968997345943e+01
4.537727044364577011e+01
4.712986880938150591e+01
4.960226424990087679e+01
5.033181810264666467e+01
4.853713560674368210e+01
4.942625524085430300e+01
4.584223574495797493e+01
4.721563186713319027e+01
4.484717574075399682e+01
4.592582017405110406e+01
4.896847747118799532e+01
4.884421432287503961e+01
4.677156267793091615e+01
4.711352648275941846e+01
4.591605554463949801e+01
4.611938527134105215e+01
4.350300731688805200e+01
4.390083023977523879e+01
4.742422185647409094e+01
4.663636337300893331e+01
4.597902647284264077e+01
4.565379447193217999e+01
4.393574951785966931e+01
4.364468341700873566e+01
4.331934496715111038e+01
4.279211019784747805e+01
4.653576032692110687e+01
4.585445146804703143e+01
4.418570374887038099e+01
4.338014558100910989e+01
4.457322603389077642e+01
4.284342944086576921e+01
4.129680493063962388e+01
4.041862413774435936e+01
4.439182376864744128e+01
4.475736686030575129e+01
4.164113332511096388e+01
4.089168846433722848e+01
4.286480925149102461e+01
3.962291993639646392e+01
4.061178789339403039e+01
4.361997472001563381e+01
4.245619133793071143e+01
4.239693738406262469e+01
4.055304925590472465e+01
4.143264082994566877e+01
3.939090421283702170e+01
3.875398585517531558e+01
4.210936674353018816e+01
4.047100104521343411e+01
4.407050306800149286e+01
3.669509011342095306e+01
4.109981653672720370e+01
3.728515771540001111e+01
3.958696603801836034e+01
4.235109589833193411e+01
4.045399494262296969e+01
4.282163631329755304e+01
3.682545200011977471e+01
4.115997847566174528e+01
3.315070655607458150e+01
3.885067378936002314e+01
4.160872364202057838e+01
3.689595022563715787e+01
4.089370094466158179e+01
3.331102656541244755e+01
3.875904373235298550e+01
3.133461409316662483e+01
3.674304599673192939e+01
3.918345518216016643e+01
3.882107923047446008e+01
3.614816266881576468e+01
3.918415591232739814e+01
3.180888945296764092e+01
3.644288626958459076e+01
2.981460555496205345e+01
3.449873051664539503e+01
3.631424546977751788e+01
3.762786657452482331e+01
3.392547057122871479e+01
3.543650468551521016e+01
3.264365127724364868e+01
3.466242360267561651e+01
3.635668378906059672e+01
3.772939135887875750e+01
3.396076501638356859e+01
3.615980800901844106e+01
3.180567667256602959e+01
3.330830581320476114e+01
3.122821082881780441e+01
3.335803188000213737e+01
3.519376376455753075e+01
3.550070851849359599e+01
3.221951594779147854e+01
3.462705680418844167e+01
2.978921516451745433e+01
3.185626088491725483e+01
3.368068099014273287e+01
3.526357120372205145e+01
3.381497135675088117e+01
3.357506572325726779e+01
3.069729101549334516e+01
3.305006806000744035e+01
3.441553818500417350e+01
3.623243797845900360e+01
3.148119272215588893e+01
3.453957137119434151e+01
2.914820253887286583e+01
3.221203828467852048e+01
2.752434712891722413e+01
3.051555195489765282e+01
3.145863385178586569e+01
3.389878946572032703e+01
3.133896775231954734e+01
3.352737165275761555e+01
2.720397728347572652e+01
3.105603097556256031e+01
3.132659257569387989e+01
3.427861213143050634e+01
2.969763225100101423e+01
3.355183359264022869e+01
2.686143262083350791e+01
3.123977853262686111e+01
3.105239920402459219e+01
3.436978446546721955e+01
2.960976562170409565e+01
3.379471618235570674e+01
2.617375212587483091e+01
3.147901226420505338e+01
3.200527717997265142e+01
3.548302081938952313e+01
2.788765988892490810e+01
3.351440049467777271e+01
2.837076231572763518e+01
3.302129224239821781e+01
3.310973997514227563e+01
3.579923984550387672e+01
2.839231142211707848e+01
3.466596514529494755e+01
2.616665735941137072e+01
3.145139478792119547e+01
3.453364600751603319e+01
3.328887049961244315e+01
3.384808226352720339e+01
3.237588259532520851e+01
3.125328159218061685e+01
3.003405385783848303e+01
3.313671693479221148e+01
3.590153626082779681e+01
3.062841986590429144e+01
3.405787477057029378e+01
2.940163957301513875e+01
3.295363100521434774e+01
3.592765335162854967e+01
3.268705898300611778e+01
3.680940616934987020e+01
3.060335431301422204e+01
3.451448784554791871e+01
2.852635579228016027e+01
3.268382117011369559e+01
3.566065010494379806e+01
3.134640500511808980e+01
3.545927928336396917e+01
2.767296518490081070e+01
3.318316708279757421e+01
3.592375867400590295e+01
3.535620233355676589e+01
3.290364578981643007e+01
3.547170309170167712e+01
3.097573865993257769e+01
3.218033420583468995e+01
3.542619801851572703e+01
3.761085058406556669e+01
3.094571633049353920e+01
3.565922367008895577e+01
3.096798266791757115e+01
3.411676567323322473e+01
3.621900224711022531e+01
3.755131464061781799e+01
3.371453575891152354e+01
3.540502124439139919e+01
3.206063658652126946e+01
3.412307852774645767e+01
3.622051142152344028e+01
3.896511599966392225e+01
3.271623447432489229e+01
3.662070332682669260e+01
3.077649614107862419e+01
3.479023355897302139e+01
3.644960112849186373e+01
3.832323598450722102e+01
3.506770395705232346e+01
3.755884828355324601e+01
3.244653871419072289e+01
3.546305818923985953e+01
3.716618358073679218e+01
3.895648920031484863e+01
3.616865288943417767e+01
3.810071147362749855e+01
3.372097215553931449e+01
3.602354905261692153e+01
3.800123315815559266e+01
3.949388557212041917e+01
3.728509562822096512e+01
3.884858636777683216e+01
3.394560214161415956e+01
3.667992358237847839e+01
3.906257291201097814e+01
4.005062025584795293e+01
3.797100129395285961e+01
3.932392130983330958e+01
4.209504492007526011e+01
4.243665186044428594e+01
4.059321438437349627e+01
4.139169385560968806e+01
3.779123328658111092e+01
3.934252735918705213e+01
4.243982366016646068e+01
4.295974782453871654e+01
4.042803239749929389e+01
4.094092078294642789e+01
4.169142806770576470e+01
3.861828776443930167e+01
4.248816986918770056e+01
4.371837300802540938e+01
4.211334076538791749e+01
4.211648542591392186e+01
4.011685485008774066e+01
4.412440217392036601e+01
4.297766078895051578e+01
4.691466300222712249e+01
4.036024644669398498e+01
4.482048094394657056e+01
4.773948359996533242e+01
4.558518283272040605e+01
4.605616520233972722e+01
4.485305204223366360e+01
4.373336292832985350e+01
4.277945683413356193e+01
4.677899722624834311e+01
4.867453856115051281e+01
4.339876575089321165e+01
4.797483369232621442e+01
4.082555678423231171e+01
4.588922670957318672e+01
4.917596465182894860e+01
4.512177450634199971e+01
4.750278052855780686e+01
4.412932671919321592e+01
4.776469561398175045e+01
5.062085818871405252e+01
4.691751963657780777e+01
4.960933207615471474e+01
4.395125522522985051e+01
4.791424462576717502e+01
5.078647949679362483e+01
5.202038085620500851e+01
4.850322934990122548e+01
4.949545244305498670e+01
4.654708044740950612e+01
4.819403409522278281e+01
5.117028748711600628e+01
5.209529082652022680e+01
4.775732191362476442e+01
4.984871379802440572e+01
4.661914123751277117e+01
4.974381733687474849e+01
5.042569029461103725e+01
5.315357406043520427e+01
4.738466311231103134e+01
5.107576568427634101e+01
5.284899660460056481e+01
5.401860855677338691e+01
5.077007616266923407e+01
5.281473500986770375e+01
4.870986837655997448e+01
5.167885881173903329e+01
5.324810102065085005e+01
5.440539853378546553e+01
5.075544949915624215e+01
5.356891250143937810e+01
5.477191257164270155e+01
5.674416323458191869e+01
5.254497177482385695e+01
5.495820781964884105e+01
5.073801259601704317e+01
5.352927675448157885e+01
5.458796217304288234e+01
5.701236772452011081e+01
5.243559543859264238e+01
5.548709978109020113e+01
4.977560033643624138e+01
5.317712777910350042e+01
5.435476144745101834e+01
5.686711700542378622e+01
5.381382287803589293e+01
5.573822337984429964e+01
5.856271660844720373e+01
5.834265258691502254e+01
5.428816296118498741e+01
5.606664148893277400e+01
5.318380369701876020e+01
5.514540232083834326e+01
5.574682221443273988e+01
5.883573631050950326e+01
5.536164397030685080e+01
5.802050258163694707e+01
6.093806917801859413e+01
5.839095744501621255e+01
5.941083485631331484e+01
5.798281455960810149e+01
5.481797168274539445e+01
5.770325982165788758e+01
5.917194222871722786e+01
5.845386516857984560e+01
5.660004808250626240e+01
5.617613179425484304e+01
5.954987542092315778e+01
6.248624328902373293e+01
5.577196087581285866e+01
6.026723970916651041e+01
5.627171647311277525e+01
6.028111880044522053e+01
6.323069525907608579e+01
5.536702968694520877e+01
6.099963520880909584e+01
5.597976664160095339e+01
6.034230340517741098e+01
6.315832315356084337e+01
5.579957308084125600e+01
6.120073810020632976e+01
5.546677386871095194e+01
5.983258085567665319e+01
6.260090274255125564e+01
5.615180104773487102e+01
6.154781385401680893e+01
5.420011050591583768e+01
5.948566051609115846e+01
6.120591071165304697e+01
6.409606427507725357e+01
5.595217845502434528e+01
6.073753788949503729e+01
6.324536152833704250e+01
6.383351768767005296e+01
5.983567389309782669e+01
6.132446095889110893e+01
5.764044111433495488e+01
6.025154967095863157e+01
6.116887786970748664e+01
6.324518717102041876e+01
5.745754321550626287e+01
6.092284985486212889e+01
6.225601486394746331e+01
6.432304954134728803e+01
5.771942150545354622e+01
6.187701339050533988e+01
5.554521811515397189e+01
5.951740027288229129e+01
6.065178494446136170e+01
6.268945635278377182e+01
5.667268532640490264e+01
6.003413478830047012e+01
6.137551115209914343e+01
6.298736635409355955e+01
5.961055237749011582e+01
6.130611486791968900e+01
5.632872009052065465e+01
5.864884977151551482e+01
6.027880380433428087e+01
6.146217353232623992e+01
5.891539608498249692e+01
6.041854571272442342e+01
6.236637824860876123e+01
6.294540901627878071e+01
5.831728721000818183e+01
6.028012459629781716e+01
6.270291063669109377e+01
6.285176539795730122e+01
6.354901695243653137e+01
5.923552131199649295e+01
6.156990644309225758e+01
6.337517689001332855e+01
6.254979477117466757e+01
5.913150806658529035e+01
5.981311117648944276e+01
5.889921023372810538e+01
5.897028624629941618e+01
6.174569069452483205e+01
6.083506527335960357e+01
5.827248537655052019e+01
5.974981683421413692e+01
6.263374772683817326e+01
6.096973999579633841e+01
6.165883978306064961e+01
6.002606788278796301e+01
6.332796180443401823e+01
6.317529255832011614e+01
5.792181372424800401e+01
6.035818072614184615e+01
5.560277229409288680e+01
5.927505598224738748e+01
6.202428507953558068e+01
5.918527137204366539e+01
5.966931524787748486e+01
5.734050515544392113e+01
6.076777278751387001e+01
6.184559622616615115e+01
5.822054366369614087e+01
5.886935543749391542e+01
5.617479851629181553e+01
5.955129641049902034e+01
5.992973656958213979e+01
5.764008102151359481e+01
5.774603878855291583e+01
6.109297293204863877e+01
5.925689243443990506e+01
6.098048890274499456e+01
5.728029126830833917e+01
5.775735679880770590e+01
6.008322540638566522e+01
6.171028928016612980e+01
5.633099965776406748e+01
5.903288840312412589e+01
5.298424717753518820e+01
5.617313584675843430e+01
5.805488237901364101e+01
5.866916464650383745e+01
5.436905765455829709e+01
5.658327809234761219e+01
5.737619959265534675e+01
5.931784673709762501e+01
5.360362904290893482e+01
5.636887340728158335e+01
5.722895792738804488e+01
5.881589350117147319e+01
5.413773357286538612e+01
5.623826056776911742e+01
5.757650194810418043e+01
5.882990682043475772e+01
5.473156428027066056e+01
5.637984819122905833e+01
5.212154961483054194e+01
5.374856143446626078e+01
5.549366433357880624e+01
5.601259388408965378e+01
5.408962967478106521e+01
5.670295719473472218e+01
5.685121844123001011e+01
5.724405313174155197e+01
5.421349658909655744e+01
5.554126988473750259e+01
5.699739873730301554e+01
5.614225373713583167e+01
5.249862436900270524e+01
5.335323090707790072e+01
5.181826830794069849e+01
5.204426897532142249e+01
5.447720836210439188e+01
5.374671008132310135e+01
5.118266812027772517e+01
5.238304128503356338e+01
5.466250673785565084e+01
5.319419416582449855e+01
5.388352160055666928e+01
5.170795980717520024e+01
5.443802966023113044e+01
5.427285163206103391e+01
5.154118764186187462e+01
5.065978974271403246e+01
5.368357998930227382e+01
5.581499982959398665e+01
4.972541801257754912e+01
5.329794226388904121e+01
4.790454080614411225e+01
5.153253285920067839e+01
5.393819153584397696e+01
5.038931650675397123e+01
5.100074049773091645e+01
4.857222188067165547e+01
5.153901567321905475e+01
5.107790218160832296e+01
4.883689801961167376e+01
4.913222156404470553e+01
5.234786811175397503e+01
5.042759832679724497e+01
5.074480860245840574e+01
4.773677055064153052e+01
4.995674594241746291e+01
5.155565280397171080e+01
5.189920553397341507e+01
4.796407709029771382e+01
4.829515288680939733e+01
5.061519805184232723e+01
5.245472177328562680e+01
4.554481899217885399e+01
4.966073887474228599e+01
5.096462172205859531e+01
5.193216029666195510e+01
4.781098618371648001e+01
4.856972441010765351e+01
4.508452221029050122e+01
4.706697597975011860e+01
4.767480793666392458e+01
4.933235145090208817e+01
4.427963854091834861e+01
4.656567625004473143e+01
4.746942899885969069e+01
4.882824583248593342e+01
4.639264356565590930e+01
4.764187306526278576e+01
4.879529789563292042e+01
5.010495165059909795e+01
4.501852504068320826e+01
4.665781094661998196e+01
4.791875581688375263e+01
4.877364069764974630e+01
4.611207275349730139e+01
4.755611909983251451e+01
4.256894150859370285e+01
4.501393641821402269e+01
4.558239016641084618e+01
4.747780789349037889e+01
4.522226927944691965e+01
4.763652783449909833e+01
4.756232345761804936e+01
4.796324641077615070e+01
4.569920260728163441e+01
4.834968921598578362e+01
4.779801415294652855e+01
4.726408653382097214e+01
4.681254677841183565e+01
4.261884312226634819e+01
4.519981431265306782e+01
4.516932374302935926e+01
4.795269619789003457e+01
4.363952713226804292e+01
4.725177816390850438e+01
4.714422137955659764e+01
4.895685323702792147e+01
4.063507259205620414e+01
4.630529579885800473e+01
4.757906945659915721e+01
4.614948487997401116e+01
4.650812370476566571e+01
4.462724337511903627e+01
4.783783171326251704e+01
4.781671171824285693e+01
4.586477670257104222e+01
4.461902417369866924e+01
4.849587246245254590e+01
4.533001021429240751e+01
4.868170108670569363e+01
4.191199825647952082e+01
4.551039070160891953e+01
4.795980995931839885e+01
4.680086776109038027e+01
4.635792902673568960e+01
4.349132568927913667e+01
4.599195245923100117e+01
4.760909781314835243e+01
4.495161456188383653e+01
4.829914057469876099e+01
4.918351777979784600e+01
4.841184714522361077e+01
4.667333786188893185e+01
4.387599718839849317e+01
4.603440850050660060e+01
4.812632488624138460e+01
4.829622875779986657e+01
4.430804976433852005e+01
4.679697644039984539e+01
4.832036100264991063e+01
4.895653923051610690e+01
4.515023747621970784e+01
4.713772599326244972e+01
4.858060138734803957e+01
4.988606209522097146e+01
4.546101840838151986e+01
4.758664647212791010e+01
4.870564077461064301e+01
5.033774163573458793e+01
4.693503442329649999e+01
4.932443289529113173e+01
4.348607588655948319e+01
4.595064646220655646e+01
4.714470023820602052e+01
4.877387146313083122e+01
4.553556155346053202e+01
4.821237762179204367e+01
4.880474514693595722e+01
4.995756190412559050e+01
4.579443876636319288e+01
4.883681712918540541e+01
4.894193714216724089e+01
5.120779305343609167e+01
4.558841443142870986e+01
4.902317733792637711e+01
4.869134093190596246e+01
5.142824368142005653e+01
4.760440813715723607e+01
5.044183637874589721e+01
5.105499435953100118e+01
5.162859192170169109e+01
4.893346896234916699e+01
4.864976068434437195e+01
5.044245377401868780e+01
5.047424274062630190e+01
5.290278684434082379e+01
4.472376149464541584e+01
4.977067501162571972e+01
5.207803978918021670e+01
4.959734574388485129e+01
5.043805497516142822e+01
5.382486120168275789e+01
5.108986422075461320e+01
5.215938146652954543e+01
4.972770951511875381e+01
4.867637510254044031e+01
5.242231623075173275e+01
4.957037045649754248e+01
5.301816172946341510e+01
4.487540845369917264e+01
5.020131458645203537e+01
5.274234907589106314e+01
5.032715106110281056e+01
5.176115010173281661e+01
5.417693064009503701e+01
5.607063029928746545e+01
4.957723892292306545e+01
5.313929694219084610e+01
5.528312257714396338e+01
5.526974004661722262e+01
5.149131447053702004e+01
5.351481507056272591e+01
5.534643514626963423e+01
5.605562975861396069e+01
5.198869020686534270e+01
5.404750077633811856e+01
5.555268992785113369e+01
5.633649654350564617e+01
5.198649508059055790e+01
5.453816766323559051e+01
4.936083143416509245e+01
5.078094339011634162e+01
5.294084159850660853e+01
5.376400762348144013e+01
5.248914328495901316e+01
5.455331635485616459e+01
5.581925869731575318e+01
5.209597857594404502e+01
5.389914613174126146e+01
5.549836045353909242e+01
5.641676617836086649e+01
5.289948010244077636e+01
5.463739818336971865e+01
5.656231443971375228e+01
5.700418469257751042e+01
5.351844803544796747e+01
5.458621205348074312e+01
5.674721648698227483e+01
5.675475127024614608e+01
5.358832734689714528e+01
5.448993280571231423e+01
5.692160070358249868e+01
5.652580849290120568e+01
5.667908279912848002e+01
5.592060709715079980e+01
5.201106542172453828e+01
5.281445648360311651e+01
5.566056955698268638e+01
5.446672793688569669e+01
5.437209987830697600e+01
5.689654407352861654e+01
5.495678163510975622e+01
5.780507258933731407e+01
5.163016048062610253e+01
5.544927698026318552e+01
5.786205573161873872e+01
5.530381150584992156e+01
5.484826740879459805e+01
5.824264297422410408e+01
5.544302306111528367e+01
5.876086766859961585e+01
5.247592240009006304e+01
5.584446404511210460e+01
5.842701859747594284e+01
5.513717697261154171e+01
5.533367377572874801e+01
5.858605400411140351e+01
5.784638862683000582e+01
5.849810042576436331e+01
5.494258570282417509e+01
5.555669115535872038e+01
5.870509263311357273e+01
5.498031779221322068e+01
5.618141795296170926e+01
5.284432397375759649e+01
5.523957335461081897e+01
5.591311471654068299e+01
5.780873941812532735e+01
5.207939899931056260e+01
5.497925223864564970e+01
5.677184460587545800e+01
5.737555184792034169e+01
5.307972159751808050e+01
5.529618672136837887e+01
5.601145727785179673e+01
5.787235160220273400e+01
5.228217216631353637e+01
5.484053502781133460e+01
5.571918345992921928e+01
5.717618024003128596e+01
5.322588168456576341e+01
5.581948989144370898e+01
5.668750485102553682e+01
5.818007924397213060e+01
5.344378831673210328e+01
5.513426651251163690e+01
5.602931567508223765e+01
5.763434608579606078e+01
5.400466163560437138e+01
5.662642906082939476e+01
5.680266143447632743e+01
5.855643097417733856e+01
5.396702816340855691e+01
5.639338430392815837e+01
5.622349862683186217e+01
5.865131677743939775e+01
5.482357104692172811e+01
5.743649189633810437e+01
5.671180352268453362e+01
5.929520470763722528e+01
5.375169594738767387e+01
5.640224452955896339e+01
5.583308282045635451e+01
5.850725095850238233e+01
5.570555026739835114e+01
5.506426090607396162e+01
5.771453198452014277e+01
5.583103706884475059e+01
5.735162853784560610e+01
5.342649421908750895e+01
5.645730748043567360e+01
5.849107240880685765e+01
5.405521597283389923e+01
5.697857115522408833e+01
5.943348377725445886e+01
5.587733126425161601e+01
5.679527040557497486e+01
5.964941227955520731e+01
5.696354648539950460e+01
5.705370197017870737e+01
5.425908259291296787e+01
5.525842633532731440e+01
5.815207060087577418e+01
5.524914360925582457e+01
5.585053014150368966e+01
5.290238043561183900e+01
5.584477980600271252e+01
5.567557370937877437e+01
5.649185688550490170e+01
5.825906178136647640e+01
5.969935313424069534e+01
5.503401208573887260e+01
5.588002046042438309e+01
5.237836948983751739e+01
5.442046020587711297e+01
5.522019730330600851e+01
5.686633768331242322e+01
4.998704670163450459e+01
5.371992018471135566e+01
5.518716192104560747e+01
5.605945880137145565e+01
5.204811911027739768e+01
5.360872958675341948e+01
5.463926186990752143e+01
5.587936280733353556e+01
5.327180841804713651e+01
5.459198579504330695e+01
5.594384811857334938e+01
5.676433224670525846e+01
5.171671954544824956e+01
5.383480344276175344e+01
5.428057005510679289e+01
5.592528625780199292e+01
5.391905262038619639e+01
5.602068618202196859e+01
5.639262154781116720e+01
5.515858308370461316e+01
5.570324329761322701e+01
5.786237481831920348e+01
5.750696228479305461e+01
5.315295419646049879e+01
5.396848206114502489e+01
5.637041409088352140e+01
5.573369361665822197e+01
5.666376849641108038e+01
5.332063444324917612e+01
5.630108220364141403e+01
5.555292708113920952e+01
5.604747920080836820e+01
5.817775306339185448e+01
5.627005788015699039e+01
5.834564730779657538e+01
5.232472098701389029e+01
5.636284170520517023e+01
5.885614779893809612e+01
5.620321006365667671e+01
5.541173630704027175e+01
5.881231842072205751e+01
5.606924412670198876e+01
5.914534248447581888e+01
5.011279661716546485e+01
5.585649082057069137e+01
5.834859250483078341e+01
5.514112708118275208e+01
5.577227415424665224e+01
5.877538004699797369e+01
5.767034554843626637e+01
5.852740519286808762e+01
5.470374169764084371e+01
5.797995022421924460e+01
5.690912616220556686e+01
5.547480681103154865e+01
5.700358690729489552e+01
5.338781248469015850e+01
5.551793304226814740e+01
5.585010841846914786e+01
5.547251311829169396e+01
5.470378607998490850e+01
5.681864689169584892e+01
5.749501995118264830e+01
5.332855498764102720e+01
5.541041662451751648e+01
5.607177730343041588e+01
5.769034874381171818e+01
5.280966907261517918e+01
5.590899245252404626e+01
5.707968799610140564e+01
5.758606681269339589e+01
5.365386327405349220e+01
5.594464591885420646e+01
5.764456689988066529e+01
5.756471774825015331e+01
5.436635415740470023e+01
5.562596997936297782e+01
5.729862515135005907e+01
5.784997798605540709e+01
5.367862632643679888e+01
5.636827183898545712e+01
5.660333985999189821e+01
5.859188036359253715e+01
5.336310012898322697e+01
5.640358422481755696e+01
5.641225160907762159e+01
5.874212825376589819e+01
5.527210497503221376e+01
5.813286688390370927e+01
5.746170586491687260e+01
5.911755268779558747e+01
5.497429533343164820e+01
5.802205815846480164e+01
5.701861958263769736e+01
5.921189248147377526e+01
5.393761105418204238e+01
5.747384214897282106e+01
5.861133375166849646e+01
5.706853617408491175e+01
6.029069810156363474e+01
6.251656339826728015e+01
5.498282200027983890e+01
5.945136407238312870e+01
5.524342639750427963e+01
5.879934147116047427e+01
6.083483437162777818e+01
5.348995247653644469e+01
5.802219283716521403e+01
6.054951891399760200e+01
5.736823341133482757e+01
5.771396395593320960e+01
6.089170129931188313e+01
6.002230112483371727e+01
6.038984011840094723e+01
5.706902127461502516e+01
6.022229341642753297e+01
5.916929032998343985e+01
5.922275379710313814e+01
5.722151682825388264e+01
5.932195832935099844e+01
6.052758094501805886e+01
6.042873144310088662e+01
5.347708870668100190e+01
5.744439182499005625e+01
5.932498314806744588e+01
6.041628223396212150e+01
5.611807313206218595e+01
5.808024095675133935e+01
5.881871525458466010e+01
6.026804526921634420e+01
5.439037532808944064e+01
5.723253598365541706e+01
5.846432280016554017e+01
5.981656861206280240e+01
5.550065560521068164e+01
5.729214195857189651e+01
5.835508683602624558e+01
5.947116203064688733e+01
5.667228705039260461e+01
5.885076089478886274e+01
5.950000321233729039e+01
6.063775871346552293e+01
5.564397410120849230e+01
5.788160938177026082e+01
5.834892448164702472e+01
5.999809651881384553e+01
6.132068490273323391e+01
6.089204691509833367e+01
6.197788801811919512e+01
5.686692293640747664e+01
5.971188004172603314e+01
5.924317726548328977e+01
6.166139968644348812e+01
5.821529717770745549e+01
6.079543498503772980e+01
6.036309327390591051e+01
6.232869912153007164e+01
5.620134371526410888e+01
5.941043779636793687e+01
5.940539007480334988e+01
6.152887961680996654e+01
5.547959516432380411e+01
5.891176925578091783e+01
6.141881995569356434e+01
5.876559465629864576e+01
5.879759578164496503e+01
6.185897433197457929e+01
5.887233006593422857e+01
6.184549848978947040e+01
5.551499634288177276e+01
5.865398054982704679e+01
6.107692167427543239e+01
5.761518936406670832e+01
6.068063301960455647e+01
6.155513173419277706e+01
6.031092550540950725e+01
5.936080025426328888e+01
6.245437898279953259e+01
5.931893050194503303e+01
6.158822948998737701e+01
5.714237013033044121e+01
5.982128900550416972e+01
5.919820810764932872e+01
6.105960824665984887e+01
5.693960509204612919e+01
5.872292525296742838e+01
5.958805732985144488e+01
6.097654201087718207e+01
5.501500637913390790e+01
5.759618272805685280e+01
5.903406670569077619e+01
5.980359366084443451e+01
5.551178886730622253e+01
5.718138401270713445e+01
5.831888196233168742e+01
5.929890323994515455e+01
5.507321825325931286e+01
5.716827977360483715e+01
5.856708907288297894e+01
5.915638723078946981e+01
6.083808744446452721e+01
6.123545536890426888e+01
5.783415630945062702e+01
5.903758284409686752e+01
6.096307714776409625e+01
6.084252610354231905e+01
5.779736138900696574e+01
5.829948129976895643e+01
6.055157727253531874e+01
5.990213582988025820e+01
5.596893178761119003e+01
5.657587127382328873e+01
5.907260778756771913e+01
5.813590894920876195e+01
6.008868047973435722e+01
5.511557955120812125e+01
5.775035721769474861e+01
5.667716865763340195e+01
5.922909082102903966e+01
5.502058242844020697e+01
5.755490820151668885e+01
5.809258448154039201e+01
5.709195976774498149e+01
5.996979581291610373e+01
6.158583594900559177e+01
5.499392732439608977e+01
5.807858302664008932e+01
6.048889712030846511e+01
5.763286343634724318e+01
5.898711418525594752e+01
5.563218192342311141e+01
5.843264796252794469e+01
5.960914824690732416e+01
5.500307127061338974e+01
5.775378166867572816e+01
5.993877816692003080e+01
5.639493462067727592e+01
5.901759033975650226e+01
6.108618993619386117e+01
5.595661807430975898e+01
5.947541264227952240e+01
5.131607782405627205e+01
5.588762686840986049e+01
5.791720145759374105e+01
5.653305236656473198e+01
5.428172981544940967e+01
5.629998580483074022e+01
5.691064132830727118e+01
5.817277959291688205e+01
5.172243688919250815e+01
5.500406297894976149e+01
5.639424853079275124e+01
5.707380839553994178e+01
5.256895350682932389e+01
5.533859452687817537e+01
5.599303919259623541e+01
5.710907028230674598e+01
5.803093211419028563e+01
5.914919342354298948e+01
5.285131276830325220e+01
5.558150712735254473e+01
5.671158446605521419e+01
5.726927960093173908e+01
5.767492293280762539e+01
5.319859290550043340e+01
5.409234018726203885e+01
5.580742081775746755e+01
5.599736995717671562e+01
5.339727915540830594e+01
5.409282893283809557e+01
5.609457746443322179e+01
5.576797399937001387e+01
5.275387145728355165e+01
5.326978807575640928e+01
5.556957983335738049e+01
5.475887940920245711e+01
5.438938557003805130e+01
5.419932673472942497e+01
5.669707795305962605e+01
5.515475251033709014e+01
5.777969871179505645e+01
5.968893377852990056e+01
5.186535203615056133e+01
5.599404609243994457e+01
5.850203744669980921e+01
5.606606471726141905e+01
5.830963858086152385e+01
4.996666631240496770e+01
5.516885002333393118e+01
5.725735152599752098e+01
5.429880352022033208e+01
5.520966325362505245e+01
5.802813054119004477e+01
5.493610339243508633e+01
5.538951147268364394e+01
5.833086652257969007e+01
5.750989606734087545e+01
5.705043310810020785e+01
5.373642812889199405e+01
5.695119665609216497e+01
5.586343050549411515e+01
5.627251484521029568e+01
5.300653378011140404e+01
5.562389548062186861e+01
5.658017792189400552e+01
5.596395968142624611e+01
5.487781742881890779e+01
5.711869546714955703e+01
5.874489064039075004e+01
5.177151660327384519e+01
5.542861494666174593e+01
5.686744244383657332e+01
5.779976336770558021e+01
5.294455400140687829e+01
5.517578300155371096e+01
5.579622274186245789e+01
5.699372931220215577e+01
5.535415088077379409e+01
5.697631952678691647e+01
5.818812952706554142e+01
5.630093364079144891e+01
5.428351481933194123e+01
5.634900793392309026e+01
5.673161230032349067e+01
5.826396950452730295e+01
5.234661975828529279e+01
5.482861361346486007e+01
5.520491607074065143e+01
5.678553402210956591e+01
5.835384306107747676e+01
5.807219809608469774e+01
5.858838727028793869e+01
5.686670823692698207e+01
5.931536292506296348e+01
5.846462016279328111e+01
5.607721440894584930e+01
5.596557648510394500e+01
5.873185466822417311e+01
5.744909464417404621e+01
5.719275181854792578e+01
5.600258470480238771e+01
5.887087638422429592e+01
5.963655774510397123e+01
5.276234050331108705e+01
5.731878188196957780e+01
5.974614446257938027e+01
5.734975409327507379e+01
5.847017392719440920e+01
6.132994262010142705e+01
5.830942605166310244e+01
5.900625573670757262e+01
5.639921611680188107e+01
5.954600076844722167e+01
5.934102961140535371e+01
5.655483467273324294e+01
5.636158671388691488e+01
5.956949185260315716e+01
5.826595137966264559e+01
6.075065715912845832e+01
6.280770584287881775e+01
5.539198955636620525e+01
6.052632910817841605e+01
5.445185197518049591e+01
5.740158443044257552e+01
5.930453928782750950e+01
5.969088589631604691e+01
5.572584051228271562e+01
5.784528041670882459e+01
5.858824210333096971e+01
6.021677959982353912e+01
5.379061115342503285e+01
5.715845712977282744e+01
5.882155879524330544e+01
5.939542165219493342e+01
6.055313285363860132e+01
6.166420838039971386e+01
5.882230229226325235e+01
6.047412474411257222e+01
6.139621497557860152e+01
6.290316475260681273e+01
5.742092285507082750e+01
5.922072170080296871e+01
5.985402778341261154e+01
6.137754927240234792e+01
5.813181253887658073e+01
6.021801887952816656e+01
6.059228991277045395e+01
6.236721017482745566e+01
5.717892965042661046e+01
5.968368344327526387e+01
5.968460060745054818e+01
6.156508197528218318e+01
5.643182290041231397e+01
5.922189820564948093e+01
5.905826437824046593e+01
6.133002993687954785e+01
5.808658589207770717e+01
6.102669793697752709e+01
6.052461738617553522e+01
6.142084965117874162e+01
5.771917641464283122e+01
6.048235930886645662e+01
6.023744036015722969e+01
6.081591479948097856e+01
6.341411594475795255e+01
6.078368063148094791e+01
6.090819964985485768e+01
5.872307778746080231e+01
6.183297155680127588e+01
6.366163008081254304e+01
5.693753626273075952e+01
6.039304839394635138e+01
6.279405722088015551e+01
5.947254085208361118e+01
5.982905741589849669e+01
5.690319348332381111e+01
5.988888329807545574e+01
6.067142163851618619e+01
5.833046422369557149e+01
6.134908469387035979e+01
6.074103135558277700e+01
6.018177538398276027e+01
5.862771490854191825e+01
6.182948872006351593e+01
6.125437569262764015e+01
5.780299779073900623e+01
5.979942737194276248e+01
6.140780853184531196e+01
6.195804546208837849e+01
5.753609708025826563e+01
5.941418268374650324e+01
6.009997661403507152e+01
6.154067179911387342e+01
5.681597995955058167e+01
5.838491263046412172e+01
5.931294620343735602e+01
6.040829516295671908e+01
5.732881747309873077e+01
5.894514979848143810e+01
5.970875859501239802e+01
6.102401323295851654e+01
5.421637237315834312e+01
5.729619839660069402e+01
5.785558909601316202e+01
5.902213607856162270e+01
6.062198093327223347e+01
6.060401369482729450e+01
6.148280071778485478e+01
5.567369937628969012e+01
5.779703147747500225e+01
5.759143707157529235e+01
5.980282731347531922e+01
5.776744691618808503e+01
6.043633271070889634e+01
5.940699845408082780e+01
5.785331158455786493e+01
5.909850593047056577e+01
5.956453651080785505e+01
5.967084859601009583e+01
5.696146682644994996e+01
6.023364140764206098e+01
5.858437406082926913e+01
6.107878956132162784e+01
5.508385155038854464e+01
5.814384279674372635e+01
5.972914323402826398e+01
5.714620168559637392e+01
5.998832928753045479e+01
6.220156101117177627e+01
5.613444144196279950e+01
5.937451743505351232e+01
6.166420495268550184e+01
5.869421929348121125e+01
5.839843665669025086e+01
5.549714201447773831e+01
5.847562989538437961e+01
6.029121668795600186e+01
5.351270909962421030e+01
5.803293200552357689e+01
6.005842666132501506e+01
5.780087384196745859e+01
5.783922807590825244e+01
6.050408302968408236e+01
5.985684347682784079e+01
5.639097462775878711e+01
5.801277019866306262e+01
5.955290370061015892e+01
6.006981335778627340e+01
5.562116415230401145e+01
5.751245893486031946e+01
5.861073663022362723e+01
5.944591116119555352e+01
5.502186098207535281e+01
5.685741041015365482e+01
5.771496618421769398e+01
5.884122583710971810e+01
5.287331834921661766e+01
5.543172392283369732e+01
5.637434034205666222e+01
5.731183842664117378e+01
5.861912709311661729e+01
5.922543387162135531e+01
5.863217162906763491e+01
5.828599819052671904e+01
6.013578831266324443e+01
6.026039905339850122e+01
5.507446431140360943e+01
5.605046186552743848e+01
5.792752601336702867e+01
5.773186062148796793e+01
5.933889208315269315e+01
5.392171064682283799e+01
5.667101586421507875e+01
5.605302158466252394e+01
5.838153064113939195e+01
5.510923593833317824e+01
5.771877694127515213e+01
5.662605305227267394e+01
5.793455680285251930e+01
6.017417291692498793e+01
5.800197941451926908e+01
5.821106537450874185e+01
5.658750093378895230e+01
5.928392714290395560e+01
5.970813861406263356e+01
5.285179953138126052e+01
5.740192820656891826e+01
5.977582319145213319e+01
5.685783445327388819e+01
5.707756009144876685e+01
6.004551076436248991e+01
5.716094370654581525e+01
5.882236698610034153e+01
5.397048561810412082e+01
5.753134663415834638e+01
5.915379980598972764e+01
5.439981976826028642e+01
5.746041712581112648e+01
5.950394589943538648e+01
5.694138933278890846e+01
5.840501049422282165e+01
6.012508139264944163e+01
6.148844648790594647e+01
5.608243756894140120e+01
5.783867294266603665e+01
5.949945572095528235e+01
6.076644830711246215e+01
5.380187790660330194e+01
5.737244878811972626e+01
5.877214473670906614e+01
5.967824058245850694e+01
5.473648791637462807e+01
5.686460478968339771e+01
5.763416553086977245e+01
5.901938143784478541e+01
5.278515393479348461e+01
5.562878644441374831e+01
5.650603117055701574e+01
5.772263002258116416e+01
5.887309905895956064e+01
5.956740914379050622e+01
6.025698885222073642e+01
5.540500284400745556e+01
5.673621533815916962e+01
5.854028817784566741e+01
5.867167087063323550e+01
5.810511666096621042e+01
6.023453933986341724e+01
5.989245922380811749e+01
5.668415602342657422e+01
5.713931556389399447e+01
5.957854959027664421e+01
5.875574025663194533e+01
5.899282504210677303e+01
5.834014997241962419e+01
6.108715052978686799e+01
5.924695312334971220e+01
5.634167384584712579e+01
5.820919059620204195e+01
5.838470670553065389e+01
5.941043624448482774e+01
5.654281286937950313e+01
5.970331823003521521e+01
6.196253172697543476e+01
5.541236185607037612e+01
5.923801176229395082e+01
6.186728611235131581e+01
5.873208574036436147e+01
5.866055475161180510e+01
6.186193047457617666e+01
5.866129008137403389e+01
6.152257578179486330e+01
6.379694123640985737e+01
6.055008888812199785e+01
6.267997857345903157e+01
5.722859166760117944e+01
6.116983906244483649e+01
6.251163583150122349e+01
5.711034868921868224e+01
6.047716421983076884e+01
6.204401800929817767e+01
6.182219202099577160e+01
5.799940015691271356e+01
5.972914821502909888e+01
6.119535845929659956e+01
6.263080220601993631e+01
5.745633790341811675e+01
5.895486700691089510e+01
6.056184380509923670e+01
6.185897260495109151e+01
5.677029993180264711e+01
5.814486748535649241e+01
5.948384679053033608e+01
6.093551565833276129e+01
6.196587949487077651e+01
6.273753256441133885e+01
6.323059020710859102e+01
5.795439473467070712e+01
5.981917090157475769e+01
6.040230273986510667e+01
6.180359061138608467e+01
5.651906653073398701e+01
5.881925949967720157e+01
5.900974314861899472e+01
6.079434608389139783e+01
6.069108350770473947e+01
6.274567826097461420e+01
6.247517641311735304e+01
5.883116090007647614e+01
6.047794829109416526e+01
6.139188782447687487e+01
6.106278541876003629e+01
6.045482154984570400e+01
6.077806188095881623e+01
6.308521006116469465e+01
6.147952638237010348e+01
6.439946121162590487e+01
6.382370445673721093e+01
6.075192155127071203e+01
5.978918261751915963e+01
6.275622636340096960e+01
6.434782277981257437e+01
5.920768107517039880e+01
6.200033545381755573e+01
6.440738535849067148e+01
6.132379379786647888e+01
6.095600962595305106e+01
6.402689670185139903e+01
6.096947786514259349e+01
6.401923305654973717e+01
5.778835979739169204e+01
6.074961154740496028e+01
6.299762940786722254e+01
5.975884782417941921e+01
6.000548477322830365e+01
6.284472960182985446e+01
6.209449627177093589e+01
6.141232982245247740e+01
6.414287040106762561e+01
6.330214192787641991e+01
5.973188200639312839e+01
6.235495960542762361e+01
6.342381193186420774e+01
6.371218010975511703e+01
5.863355529872492156e+01
6.109872121481595997e+01
6.258479185632003805e+01
6.324993700890973969e+01
5.827736889972428003e+01
5.944380144605188576e+01
6.058212741927067668e+01
6.172335266086069083e+01
5.905966866389066183e+01
6.071223065419130194e+01
6.198784904329745871e+01
5.965151850248647492e+01
6.060237378536311326e+01
6.196685807128371692e+01
6.245571909973331515e+01
5.834440265693688588e+01
6.042843095168975509e+01
6.060384823169241031e+01
6.221157260691441593e+01
5.844298983582729079e+01
6.118084875528663247e+01
6.062446862344291532e+01
6.149511930902411905e+01
6.080772532644152051e+01
6.343764252038852902e+01
6.170739015477921185e+01
5.794285254963622123e+01
5.864178592521259503e+01
6.102363221570296048e+01
5.963889495299973476e+01
6.098419284565346743e+01
6.189625385404318791e+01
6.065413612153200518e+01
5.959094780500776523e+01
6.238235685801751629e+01
5.995442527620308226e+01
6.283624304281473627e+01
5.746985207478625313e+01
6.045721973768688429e+01
6.240431926400719931e+01
5.905998826642986899e+01
5.861404074453799495e+01
6.155955533972785076e+01
5.832577713076614145e+01
6.115339182903637294e+01
6.327865517467884615e+01
6.025833986900070727e+01
6.282817124410185272e+01
5.539878661412515726e+01
5.914115608891535913e+01
6.116905190366362177e+01
5.713505166490173082e+01
5.810479634120245862e+01
6.051212320081973672e+01
6.116661231045984692e+01
5.645362550536790991e+01
5.831096191639188930e+01
5.867888170992651453e+01
6.032009754775712906e+01
5.563570250865807054e+01
5.792713608727521546e+01
5.854283535996760435e+01
6.034803745568373046e+01
6.102026872156100268e+01
6.221229625041373623e+01
5.669125718223330779e+01
5.857495851648501173e+01
5.943176641039804053e+01
6.058099868079251138e+01
5.673960824919417689e+01
5.810886011432661036e+01
5.946106756087960576e+01
5.991935348856332411e+01
5.585761917542592414e+01
5.680446799016173998e+01
5.830564113796750547e+01
5.857408265512594880e+01
5.667558325901052996e+01
5.876540911756306684e+01
5.863951851666578108e+01
6.050239634357034646e+01
5.457890184676153211e+01
5.717225251158443911e+01
5.661116528912350532e+01
5.891784327900715823e+01
6.053190577266200023e+01
5.894845638229020324e+01
6.073617784971221312e+01
5.508686913168554611e+01
5.822567505795806397e+01
5.874373410938000717e+01
5.797815621802330099e+01
6.080220963735999362e+01
6.249577998299211146e+01
5.489540149781477396e+01
5.898347507172228887e+01
6.156265133862074634e+01
5.868167418285295867e+01
6.051679658921129601e+01
5.385673279867281593e+01
5.812453910455059258e+01
6.039601827116746335e+01
5.659471884759743432e+01
5.940494446402142614e+01
6.022488031848637036e+01
5.956825676495590471e+01
5.408318034398045171e+01
5.886066878111247291e+01
6.090520015288481659e+01
5.533052042910159685e+01
5.881156571719829884e+01
5.913147820210193828e+01
6.063932879722784719e+01
5.416582858635447195e+01
5.810188347339558135e+01
5.969287221764557216e+01
6.018723187912621597e+01
5.579736771997782085e+01
5.755288087961992716e+01
5.824414532741669603e+01
5.954966685035326890e+01
6.075732731541263121e+01
6.197993952202927659e+01
5.750372104850220722e+01
5.912988680357344151e+01
6.037752158259554136e+01
6.144027618044403027e+01
5.757267212199580797e+01
5.948866130068616798e+01
6.077176997151135396e+01
6.062088078692786297e+01
5.770078582548472212e+01
5.854418318589868875e+01
6.036763288583400566e+01
6.044785803166955418e+01
5.640398179365728737e+01
5.932605016319556057e+01
5.913680786826589042e+01
6.120231985808342046e+01
6.072404419580196588e+01
6.318348983372828087e+01
6.026233528122649119e+01
5.945902779343593636e+01
6.013478767082884957e+01
6.258102472259561466e+01
6.043511334839347882e+01
5.716932054959670495e+01
6.026919939006911164e+01
5.810190257113784185e+01
6.103667981281827082e+01
6.372469158263289302e+01
6.129930568031650040e+01
6.235526689687830526e+01
5.929853684381081536e+01
6.238297519334522434e+01
6.364094394840618918e+01
5.671052066224960697e+01
6.094249914588559136e+01
6.332003702811747559e+01
5.975062601736011203e+01
5.979030283484778607e+01
6.285404545630893836e+01
6.142563829825532196e+01
6.372043771724559491e+01
6.579256528032072993e+01
5.844234119863271104e+01
6.337428891095670025e+01
5.742470224095038134e+01
6.104852415581856206e+01
6.183968840188065030e+01
6.285798839509831737e+01
5.595209578674495532e+01
5.964627020308850547e+01
6.140716281096655393e+01
6.251976460208415176e+01
6.393338323503730436e+01
6.516082177260027208e+01
5.995263694614288141e+01
6.132266016231483263e+01
6.267288800308746488e+01
6.378139098257120310e+01
5.995512777260897508e+01
6.233914357849250365e+01
6.337630723178804004e+01
6.409822053104369388e+01
5.903556030653987108e+01
6.086004727708950668e+01
6.146682666319278354e+01
6.293612858094414975e+01
5.787805325718562699e+01
6.022158104165889370e+01
6.034971392270499280e+01
6.212047339637468468e+01
6.115185469784877625e+01
6.346815670422855504e+01
6.318803814464706647e+01
5.957043297754565714e+01
6.186874258179737751e+01
6.111302601975477700e+01
6.335072027027231911e+01
5.991899048085942781e+01
6.284728824090129251e+01
6.247532482476974991e+01
6.296080050589063859e+01
6.394096116700049492e+01
6.362066076011091553e+01
6.370230140790773987e+01
6.048905466570966638e+01
6.357006660562521461e+01
6.556481716826191075e+01
5.876839264973817478e+01
6.213712413005469415e+01
6.451716768740251950e+01
6.141214886513829185e+01
6.263936385531906126e+01
6.531973725491189953e+01
6.197229751284908872e+01
6.265495323490227264e+01
5.957621122647611855e+01
6.247779168157996565e+01
6.274888103002356132e+01
6.032539300642669389e+01
6.322405560196960295e+01
6.268789234298198920e+01
6.300031071704420071e+01
5.925850394945113209e+01
6.194952797848675630e+01
6.176837466578607660e+01
6.311331810324236358e+01
5.839395043376453032e+01
6.050750961282851392e+01
6.099665074449183066e+01
6.250002441970413969e+01
6.382692919625365136e+01
6.461600395335130997e+01
5.988071926933258737e+01
6.166519780721031907e+01
6.240207989280570899e+01
6.347304001701915155e+01
5.943576141037915761e+01
6.089097718302866014e+01
6.199587226295093245e+01
6.272145745553298468e+01
5.920839667772877135e+01
6.115724209465462735e+01
6.139980441543151812e+01
6.276972077487607038e+01
5.765470110721539498e+01
5.954656471270486406e+01
5.961520613828571413e+01
6.076976118290762940e+01
6.254318430013835695e+01
6.188305878798903592e+01
6.084901873628127333e+01
6.050776766990237121e+01
6.311800581413311306e+01
6.191556554967787207e+01
5.936789005636815375e+01
5.994269931741452240e+01
6.216146955166103538e+01
6.065780224891805261e+01
6.059485335000103845e+01
6.145094477531456789e+01
6.170367312687815087e+01
6.070285526038687607e+01
6.322288758063562852e+01
6.415160376260824648e+01
5.862071483010119977e+01
6.169988038860359580e+01
6.398204399085123129e+01
6.093613182618400970e+01
6.031712910032734953e+01
5.782871854825402380e+01
6.066137112444756951e+01
6.264698347435874126e+01
5.585347460392095797e+01
5.930692246257633116e+01
6.145340929784801887e+01
5.905966322743053354e+01
5.896209327863104477e+01
6.185286246377152963e+01
5.863441920033307042e+01
6.120675734295273429e+01
6.271766934148815409e+01
6.146397413660755404e+01
5.840630796356991539e+01
6.028197036325406799e+01
6.144817292501674189e+01
6.207707604386717293e+01
5.745998605499447365e+01
5.890132247691993683e+01
6.012344885637500624e+01
6.147395145287614326e+01
5.634064478350675387e+01
5.739173374894587454e+01
5.887612501237884288e+01
5.958803433397189764e+01
5.678357118120859326e+01
5.829145069189966932e+01
5.938809755915179522e+01
5.895379495160164396e+01
5.988172352250677477e+01
6.111975370376573835e+01
6.078667341171510685e+01
5.553360964127315924e+01
5.688842503697893704e+01
5.829994187920829773e+01
5.847091945107549549e+01
6.034426534901825079e+01
6.011068880510082835e+01
6.143107400065801471e+01
5.537712000282344604e+01
5.792027582426405985e+01
5.734870298603306793e+01
5.962592877425213089e+01
5.800207006640199126e+01
6.056421869368847410e+01
5.930625666448960942e+01
5.667438162465460749e+01
5.938790161621994201e+01
5.739930313925945171e+01
6.026079108777894788e+01
5.708326027446454276e+01
5.991898483235430461e+01
6.160351941635682493e+01
5.403467672089497142e+01
5.827354799109716765e+01
6.062789035159509865e+01
5.772281654389684746e+01
5.951763909769668004e+01
6.212931590365829493e+01
5.841374500274331893e+01
5.938738988749958736e+01
5.629971844098773914e+01
5.903930646007130179e+01
5.791230598006287522e+01
5.745505363407359312e+01
6.026138552038960938e+01
6.153063922683410425e+01
5.556080761459813999e+01
5.917147617075544730e+01
6.022276718704694076e+01
6.087738637767776595e+01
5.445894414848871889e+01
5.825392829217191348e+01
5.993325949901465322e+01
6.048284911381576734e+01
5.605935255842434373e+01
5.775573770401428675e+01
5.842300528117434766e+01
5.970987515419974301e+01
5.489892419734793805e+01
5.722891010702568337e+01
5.851085290275274531e+01
5.894614241210788919e+01
6.033596939887710420e+01
6.126428390001099444e+01
5.807439822062539747e+01
6.000832595852834572e+01
6.040029943566413095e+01
6.192638984318236339e+01
5.602194504743006576e+01
5.827846710812400488e+01
5.862379399735948482e+01
6.034907896589214715e+01
5.615445393294420739e+01
5.890206448831816033e+01
5.875426116182640612e+01
6.080156533953915954e+01
5.627457157760236583e+01
5.916976357039226997e+01
5.842036292045465018e+01
6.073338592567195349e+01
6.154948460824447665e+01
6.108089145200684555e+01
6.127133084204999136e+01
6.247898528398680185e+01
6.208050217091517453e+01
6.142570694932978626e+01
5.964498761359164547e+01
6.281238811095442998e+01
6.295638858434089258e+01
5.640641087020973998e+01
6.070255708710119080e+01
6.330401083813342211e+01
6.019829150438834375e+01
6.043407055250491311e+01
6.349128370088807571e+01
6.030642102715616915e+01
6.263725249720954480e+01
5.591191170766617091e+01
5.994453114322364939e+01
6.217085379543936341e+01
5.776716885165597404e+01
6.158431807794665502e+01
6.254483373535892810e+01
6.156564853520173841e+01
5.897749588262009723e+01
6.271214182767305800e+01
6.301485041950935084e+01
5.861943240475271466e+01
6.154860278539702279e+01
6.258869784862719143e+01
6.340086943615345660e+01
5.904626690473364903e+01
6.055290469340034321e+01
6.131571294095198255e+01
6.270669282164624292e+01
5.771038350666768935e+01
5.958117312875403826e+01
6.054051473459713861e+01
6.201688949967378761e+01
6.298302157067808338e+01
6.382397698649004525e+01
6.148444851593087890e+01
6.077209246447921487e+01
6.164967243471802050e+01
6.315225261313943150e+01
6.006721745791584510e+01
6.269611514230127369e+01
6.269801764372792263e+01
6.435841891225135214e+01
5.887424492226858774e+01
6.119239916328037054e+01
6.114229041218951721e+01
6.292169385835710926e+01
5.823780445499886582e+01
6.103821279548738232e+01
6.075267166500323412e+01
6.295319328828576033e+01
6.482210433008836503e+01
6.296244723156075196e+01
6.146408914948139568e+01
6.057456987826613215e+01
6.345057807508975856e+01
6.243067261345149177e+01
6.310253168938039181e+01
6.562826267374695988e+01
6.290127031688140136e+01
6.338688105919000293e+01
6.100534540287461738e+01
6.406843329315688607e+01
6.528993795007106371e+01
5.871361271214858135e+01
6.207979301576921927e+01
6.441080246881007554e+01
6.104280838863424208e+01
6.132794053293170577e+01
6.414849204677997818e+01
6.273880394212318379e+01
6.454557131166578188e+01
6.665609092439761696e+01
6.118311272775757459e+01
6.465300536059800152e+01
5.843648450238013226e+01
6.154668360131071125e+01
6.334317372170178118e+01
6.086655588879554557e+01
5.927596970829404910e+01
6.143289855005092903e+01
6.269699964414347448e+01
6.130349673880217409e+01
6.106253715001755467e+01
6.267454392543901776e+01
6.380625099341040851e+01
5.805520665138836733e+01
6.017836853671588671e+01
6.158649915607384884e+01
6.216214859549453564e+01
5.856639713968888827e+01
6.018552715053755264e+01
6.110142978078393128e+01
6.193202392312943516e+01
6.245460659156136529e+01
6.388029713702829326e+01
5.940005913684519356e+01
6.122209904047664253e+01
6.152932304765985805e+01
6.314434597535418447e+01
6.071291372722068047e+01
6.332414471823156532e+01
6.281427740491168521e+01
6.309712467558418325e+01
5.591665653679599757e+01
5.955230798516159751e+01
5.902142277560311356e+01
6.134231972851534920e+01
6.279523223763948181e+01
6.122362923965009429e+01
6.333584343756147916e+01
5.785374154249365120e+01
6.082080849236525211e+01
6.087087115875969090e+01
6.137324461249565388e+01
5.652468909746088599e+01
5.986651765827450333e+01
6.198135206348180049e+01
5.925760671920781419e+01
6.204818906684263879e+01
6.400603221899001483e+01
5.754356174912270205e+01
6.057479569334087444e+01
6.283356084580663037e+01
5.957786897248912084e+01
5.993533753942461573e+01
6.262440298733874755e+01
6.103279338696963663e+01
6.123541151865346421e+01
5.761652585980250763e+01
6.064790335078171779e+01
6.108516645172912973e+01
5.808862494082797667e+01
6.051407805875400214e+01
5.974806097609611300e+01
6.227262243680077347e+01
5.631848592954407451e+01
5.862517280556082255e+01
5.999543141331985652e+01
6.053824240063459428e+01
5.594897398615353978e+01
5.770037488103550771e+01
5.835017186345085349e+01
6.008676354293943689e+01
6.065197935204898982e+01
6.190047690046425544e+01
5.637978363002649473e+01
5.832831972707823809e+01
5.911551358977471438e+01
6.022803359129107292e+01
5.691303242077166402e+01
5.806432528089053591e+01
5.945648356762054476e+01
5.986520312806956667e+01
6.138047501753093371e+01
6.162352916554539917e+01
5.854778923099382126e+01
5.921665145916949768e+01
6.109092824725064474e+01
6.077955438057693272e+01
5.887325847014415814e+01
5.885236859562461831e+01
6.105718689372262276e+01
6.020662021723212831e+01
5.790573234637118816e+01
5.820614730162981232e+01
6.054866564393645945e+01
5.917293914605858163e+01
5.869280985779116833e+01
5.923777426643560773e+01
6.140289402145427999e+01
5.863635497535572227e+01
5.776862373089980451e+01
6.041044130970098536e+01
5.801663521645481580e+01
6.061352633771475240e+01
6.307774048292917968e+01
5.954338461159349549e+01
5.965011471749568273e+01
5.720884241033736117e+01
6.002460165557092608e+01
6.060252950615652168e+01
5.735930307601903166e+01
6.012545962157509649e+01
5.921958594925058605e+01
5.947016150898799935e+01
5.694424681093515517e+01
6.008058993282512716e+01
6.076740124439587021e+01
5.713811598281237281e+01
5.696944372104561438e+01
5.975170549253255103e+01
6.042040460003975966e+01
5.491971200114227969e+01
5.821711995972018627e+01
5.974851997380500279e+01
5.940701258853259503e+01
5.614787159597820931e+01
5.879385556631150678e+01
6.010913365132709885e+01
5.631244438983514300e+01
5.777528347894061511e+01
5.940612378310129316e+01
6.009465324273436693e+01
5.603140716835690682e+01
5.760436436274051175e+01
5.889370703390356709e+01
5.968354810446146530e+01
6.059354435689203910e+01
6.195849400309975863e+01
6.055240960951374518e+01
6.280532213312039858e+01
6.294930239136785843e+01
5.959932509093456332e+01
6.201766033029151259e+01
6.164239566619060184e+01
6.373208795428190854e+01
5.773471647648693050e+01
6.047059515947930919e+01
6.061630158084388853e+01
6.265074739545342197e+01
5.891801015145589560e+01
6.169622163706736728e+01
6.086688813653621821e+01
6.195354393651931701e+01
5.969752347145525562e+01
6.273388264941252146e+01
6.201503354906163423e+01
5.926708068575505450e+01
6.254916170609438097e+01
6.021922187393405324e+01
6.320877179446667071e+01
5.868588972500674572e+01
6.190386889865218478e+01
6.411090111287234095e+01
5.799525985977177811e+01
6.177130725285936563e+01
6.410025871437612466e+01
6.015126851051240919e+01
6.070722310915508757e+01
6.361165512521718313e+01
6.200010063577822450e+01
6.365048803521455056e+01
5.739940773433095700e+01
6.117988867861243563e+01
6.324937026660059303e+01
5.573252250510606842e+01
6.014807198358893459e+01
6.208073417067854649e+01
6.252370523833758398e+01
5.819994754389557556e+01
6.042545740211491534e+01
6.029775200497884668e+01
6.203511367327365633e+01
5.775841738113599177e+01
5.989084043593430806e+01
6.105081921058857120e+01
6.174217310465667907e+01
6.305256834287760626e+01
6.412676068492164916e+01
5.999321503308672732e+01
6.180955792663371540e+01
6.283502099587463618e+01
6.361708111739274329e+01
5.922147201625023882e+01
6.124706513688423115e+01
6.180041143228119438e+01
6.325993937792330257e+01
6.373915827749782892e+01
6.531600809097618310e+01
6.215891368810343920e+01
6.374217313264665563e+01
6.347561798948620293e+01
6.551511253633108822e+01
6.170339742204240707e+01
6.246489921483556884e+01
6.462497238465634553e+01
6.360684213174747725e+01
5.995708531481413672e+01
6.033704591449873789e+01
6.269833792227982627e+01
6.135191116346549478e+01
6.313631214547166337e+01
6.346095846448778843e+01
6.434391546917456139e+01
6.064033184246909514e+01
6.384318343327407774e+01
6.611223116252421050e+01
6.188171559741768846e+01
6.416877358986683078e+01
6.661026598309834412e+01
6.253934040659703442e+01
6.347280542375353463e+01
6.622873844248238129e+01
6.286364392439960369e+01
6.393249140425343313e+01
6.070602864719973013e+01
6.357146064405299768e+01
6.319338636627816896e+01
6.115518078263103519e+01
6.414787142330565928e+01
6.471215336418413244e+01
6.176558853049823483e+01
6.200023173454806624e+01
6.473239391776046148e+01
6.327036246866683200e+01
6.432957472517961151e+01
5.906482391791627862e+01
6.114051528126513801e+01
6.252004400470543999e+01
6.305482172956408249e+01
6.456036787173977132e+01
6.568383969457994453e+01
5.994692250175298653e+01
6.201359343769073007e+01
6.308430300716055683e+01
6.415477077458353961e+01
5.989213329373176009e+01
6.128039472768254825e+01
6.229667675986787856e+01
6.311142007026401046e+01
5.987089988733904278e+01
6.191868544803744356e+01
6.225394108333463805e+01
6.275830492506608493e+01
5.810917906428316826e+01
5.924687116065526027e+01
6.089711741506803833e+01
6.077385413044137863e+01
6.288274341450641458e+01
6.239196115681908594e+01
6.317707073538058182e+01
6.529533146737756510e+01
6.384874574784483769e+01
6.032086611464065129e+01
6.023685003022822571e+01
6.290216899646918591e+01
6.136738738465951570e+01
6.338309652459290788e+01
5.817913559637121068e+01
6.078770511258765907e+01
6.025739768012470421e+01
6.249030880895757178e+01
6.464108419305627251e+01
6.207065655017031958e+01
6.168981084677550086e+01
5.955194284574348984e+01
6.234217955277152612e+01
6.382762945206512484e+01
5.719983464607845036e+01
6.023333322593468608e+01
6.249592080763029145e+01
5.920355449052146923e+01
6.011386399695062721e+01
6.264421556455096862e+01
6.092446937801855711e+01
6.044131095671069431e+01
6.338227164002273639e+01
5.988616255694191892e+01
6.243189452666702266e+01
5.462988903330387558e+01
5.872968490493094151e+01
6.054262341831186234e+01
6.041989240721897403e+01
5.719650543021526090e+01
5.945861280433446439e+01
6.043011369118050879e+01
5.736042346463248975e+01
5.908044609973178751e+01
6.098986999586880842e+01
5.798524260173761036e+01
6.019301649071184102e+01
6.106976325838624575e+01
6.170368043408416270e+01
5.652764010781360327e+01
5.799533788075260077e+01
5.873774994532521276e+01
5.976057410486693300e+01
5.524973847918450787e+01
5.727313989947976580e+01
5.838453554680521052e+01
5.900781916923674686e+01
6.049325053179355649e+01
6.074872863180644345e+01
5.879276146092176702e+01
5.996921022094429787e+01
6.183673559047294077e+01
6.132605212071865708e+01
5.677799104521583473e+01
5.783737553945086773e+01
5.985214191494409164e+01
5.898108695070246199e+01
6.012771524049473726e+01
6.018089404262629927e+01
6.229972052980998143e+01
5.689157213831797577e+01
5.978978474192931714e+01
6.120262762338667528e+01
5.886241433342302543e+01
5.795515705689550856e+01
6.087580180973252197e+01
5.868676178365310392e+01
6.133689038036627039e+01
5.440543092073182407e+01
5.852961205380650256e+01
6.049163933043342212e+01
5.745021130703017320e+01
6.029592601494182702e+01
6.212781533467963158e+01
5.391838727191632330e+01
5.903464571185827481e+01
6.122754869324609928e+01
5.990659589032873811e+01
5.910996890711456331e+01
6.222828508212239029e+01
5.877318819674569284e+01
6.103143184144062872e+01
5.394951871009931921e+01
5.831931940970349615e+01
5.917614078066382888e+01
6.062685119267783307e+01
6.199265085967839184e+01
6.277515644366401659e+01
5.831819881073293743e+01
5.949534383589352871e+01
6.081961902472102821e+01
6.234483686634928290e+01
5.630946202399356082e+01
5.859601283990726728e+01
5.989056525840257450e+01
6.050923472073875331e+01
5.779857637222090716e+01
5.952770559557537666e+01
6.077858479488369881e+01
5.879344986142930196e+01
5.988903493792876986e+01
6.119115472249952603e+01
6.158933687312404714e+01
5.691490770115736098e+01
5.932507862314481173e+01
5.960621931990684885e+01
6.139885630309251496e+01
5.655662651314752054e+01
5.934792394278213123e+01
5.915228074407819037e+01
6.124948140211927239e+01
6.092214592552775798e+01
6.323364676119365413e+01
6.042020419905071549e+01
5.906130303532194858e+01
5.959399062210617615e+01
6.208449893944509768e+01
6.031008019708647794e+01
6.321010580449608796e+01
6.290289500037609827e+01
5.952628844926591256e+01
5.850628656267910088e+01
6.166341702531577340e+01
6.344689819428056410e+01
5.707786282363771591e+01
6.080709195565740544e+01
6.341094303383790987e+01
6.026967326887419318e+01
6.013128881716212959e+01
6.329378197654727956e+01
6.013955263881647539e+01
6.292772728909073976e+01
6.517383117809251303e+01
6.184404771759172803e+01
6.466833036949033442e+01
5.707781328373488350e+01
6.120444808586066898e+01
6.348574414921436215e+01
5.880521971831174000e+01
6.040724922772653827e+01
6.288089173277592181e+01
6.285475211805594853e+01
5.877618242556363271e+01
6.074751677797719651e+01
6.127656068823242919e+01
6.297702629127453378e+01
5.802585372674704445e+01
6.042471733251279886e+01
6.113074897271389574e+01
6.255174637339759158e+01
6.375186401462759278e+01
6.497223141935626245e+01
6.019236497402685870e+01
6.185210531898024300e+01
6.310951607569019473e+01
6.408793453661174055e+01
6.056061718557266715e+01
6.308169289577489991e+01
6.349046953288475237e+01
6.406886795860590667e+01
5.893595579933446515e+01
6.088915958189442534e+01
6.194301193627951108e+01
6.193147826594409366e+01
6.384587807101419088e+01
6.390648802664378536e+01
6.503449556181222135e+01
5.948227348294251726e+01
6.222741523470796920e+01
6.178561963786159339e+01
6.401563526073378796e+01
6.015290804160946436e+01
6.322410063637216382e+01
6.251287037070909491e+01
6.411919180367880244e+01
6.655727830650899080e+01
6.426756029477517984e+01
6.196492198357458392e+01
6.345081742911262523e+01
6.445519073368660656e+01
6.233852433028229001e+01
6.309329105992073750e+01
6.601040605278443252e+01
6.289354633177097043e+01
6.499416705768781810e+01
6.051982305758934899e+01
6.348521414218639336e+01
6.572737511489411588e+01
5.956487239835310987e+01
6.264732198891331905e+01
6.495666569825118586e+01
6.159749994084923941e+01
6.193024885854623562e+01
6.486294161598442543e+01
6.274297106338385532e+01
6.424630567636174305e+01
6.682636609945375028e+01
6.244597660995364663e+01
6.392259224989935262e+01
5.995782836689270567e+01
6.257590438545123135e+01
6.229753982667598677e+01
6.405159754850697595e+01
6.561962302563827620e+01
6.670602660941990791e+01
6.170801503233956709e+01
6.299583546834526970e+01
6.429702104446391786e+01
6.573871698913723094e+01
6.019876850779925093e+01
6.210173545946147300e+01
6.306072957673791990e+01
6.432338712317891805e+01
5.902396298122181406e+01
6.057193355921737066e+01
6.189263061347264738e+01
6.242183110633700949e+01
6.269004613830338712e+01
6.472562295747778194e+01
6.455571764148936609e+01
6.010371534456041331e+01
6.117822096121506803e+01
6.350594615411906574e+01
6.303443250028355749e+01
6.220953817808663899e+01
6.438388475081950446e+01
6.323844999776991216e+01
5.990955398186189029e+01
6.077203963423973221e+01
6.335628372872035641e+01
6.200892534024155367e+01
6.388953566647914073e+01
6.443475618894630941e+01
6.445839750355743547e+01
5.987942235578299943e+01
6.407755305466702112e+01
6.234257077428993199e+01
6.530540443900224545e+01
5.931664632906171164e+01
6.281873708943508916e+01
6.505429194253999015e+01
6.151798900147120008e+01
6.471280964750381770e+01
6.603554641032718564e+01
6.139577940110038412e+01
6.398165483672471510e+01
6.635741489445273089e+01
6.016280336450921595e+01
6.436773583136681509e+01
6.665698750416672169e+01
6.220876079306039941e+01
6.616525018530197144e+01
5.839559318058211090e+01
6.245767360149105230e+01
6.454328877105106699e+01
5.859468067748679942e+01
6.264786207864322165e+01
6.379590689339994469e+01
6.459005502076820449e+01
5.805396523866208724e+01
6.157081857221670873e+01
6.317296579144962010e+01
6.415604291479333199e+01
5.940528922367013109e+01
6.123035221208282053e+01
6.206361631540919888e+01
6.351992464260631266e+01
6.472308393047717345e+01
6.596961427397040723e+01
6.034397229794738138e+01
6.201143163628807287e+01
6.361214291164603907e+01
6.440313564746878683e+01
5.896111543926142673e+01
6.076086374455051242e+01
6.236401167338326701e+01
6.279681805622156787e+01
6.286226389265913639e+01
6.505927514131334988e+01
6.479861779556291879e+01
6.056605917307628317e+01
6.126062938664600921e+01
6.378105986834601993e+01
6.317322058766004744e+01
6.196403896311770865e+01
6.180798684329420212e+01
6.463750313230657696e+01
6.322035135478056844e+01
6.617492723241720398e+01
6.758231457065716086e+01
5.974857535468730418e+01
6.362303329355529513e+01
6.666508941950851863e+01
6.415292093811012819e+01
6.404877714565104441e+01
6.723078713378056648e+01
6.438961408533572239e+01
6.713664111622868802e+01
5.880979695916629879e+01
6.383207140749604491e+01
6.645634699354177144e+01
6.273479194580949070e+01
6.282486790227592621e+01
6.630576532271864210e+01
6.270717033684086772e+01
6.471273497026119514e+01
6.755040293527251549e+01
6.430618834936302619e+01
6.743891199139800108e+01
6.931514806118900651e+01
6.239575984077269766e+01
6.718851009280329833e+01
5.831932193782982665e+01
6.373905499570737732e+01
6.589071366334255231e+01
6.470102239626817209e+01
6.695393741712707936e+01
6.885993736616929084e+01
6.289998003131749726e+01
6.611007214343699445e+01
6.821556013633545490e+01
6.708306482075002464e+01
6.589317740906751908e+01
6.436901004155649275e+01
6.644662090830185264e+01
6.790662940219165478e+01
6.342470542021374058e+01
6.578310900475672440e+01
6.659397969867866607e+01
6.868228926652628274e+01
6.248051686796501514e+01
6.527828781979187056e+01
6.599270841457348524e+01
6.794879821390343011e+01
6.988825646871239883e+01
6.975933705760553494e+01
6.531957630477282351e+01
6.634260941511129772e+01
6.918366831052433952e+01
6.884501698442277018e+01
6.579780542362354367e+01
6.683792010685344565e+01
6.997900707397836584e+01
6.865405852838240719e+01
6.546725129858191394e+01
6.591751790908089959e+01
6.933902397063434364e+01
6.749632273732893850e+01
7.119695177261732510e+01
7.311184656878810983e+01
6.456007318966538833e+01
6.931787366570065956e+01
7.283664596612507580e+01
6.944689346397117902e+01
6.876201657337475126e+01
7.300580044086281362e+01
6.906415375101046550e+01
7.298037220303520201e+01
6.498986511535798627e+01
7.024559030866655007e+01
7.318199512650292604e+01
6.736278562033322714e+01
7.143405575467261315e+01
7.389046617370092918e+01
6.633943522558017492e+01
7.134163876633836310e+01
7.403684536389484094e+01
6.970402172408857666e+01
7.302250566251345276e+01
6.809942625563340357e+01
7.151314997943688923e+01
7.190192762352104694e+01
6.921369696432216756e+01
7.280210684266162957e+01
7.455743574549474317e+01
6.898140762338482546e+01
7.085580164499758382e+01
7.292116651306909603e+01
7.534166313395395775e+01
6.843815735149000545e+01
7.205923738654945510e+01
7.360004206748517674e+01
7.482721884582288396e+01
6.881076188286964168e+01
7.193444873797166395e+01
7.319432677681453470e+01
7.520986591789760212e+01
7.615374861985128518e+01
7.784600446339761959e+01
7.188852993025486171e+01
7.342724383188458148e+01
7.675168401529079176e+01
7.635850993130937070e+01
7.172597976839877276e+01
7.302489377843991747e+01
7.673934349344671091e+01
7.587486806470064948e+01
7.166763696782099657e+01
7.310651020252323917e+01
7.645949958891192466e+01
7.562337696652384977e+01
7.144642469784014338e+01
7.345694385797966675e+01
7.694007010939715485e+01
7.499436208531220416e+01
7.899565448785753574e+01
7.816899402559579357e+01
7.308597510197394342e+01
7.837442369402295128e+01
7.949000123528631434e+01
7.506215944009586849e+01
7.915905128505606569e+01
8.256964312831216546e+01
7.605133018350133511e+01
7.997096625664924829e+01
7.381083483846985871e+01
7.807818610275779747e+01
8.082626732087678079e+01
7.322360069484912515e+01
7.806164756870063570e+01
8.123977043876988091e+01
7.535637323274534083e+01
7.939055644557704738e+01
8.151686722994969614e+01
7.690567488073314451e+01
8.007801426073631035e+01
8.293824776987524672e+01
7.680590755020459426e+01
8.122564022964057528e+01
7.543832569916750685e+01
7.883490104780567265e+01
7.969374694448273999e+01
8.062034313210845937e+01
8.330477151085618459e+01
7.868840608182738094e+01
8.254032211570120126e+01
7.613085344676889576e+01
7.930736204059752481e+01
8.077715736416261905e+01
8.223740616270958981e+01
7.623943345618427259e+01
7.920794028201159165e+01
8.071313239255951544e+01
8.173499044552038129e+01
8.281230537917576839e+01
8.531896089604148870e+01
7.843192750614835518e+01
8.131122532439268014e+01
8.359733017081224205e+01
8.378585037753036602e+01
7.882946079070943313e+01
8.036462712743387726e+01
8.408011196165900003e+01
8.307401820252717073e+01
7.821686324852228722e+01
7.968784095449350957e+01
8.363463782385701961e+01
8.234592911213168520e+01
8.638822942821691697e+01
8.268388177000933581e+01
8.448294643055085373e+01
8.266589336688132050e+01
8.669255858403487025e+01
8.121065235693123441e+01
8.496005426735820265e+01
8.856568992660750439e+01
8.514007661737598198e+01
8.447768431214863938e+01
8.222982857300380033e+01
8.657315893758179470e+01
8.517672257118131540e+01
8.344650982451281607e+01
8.793755672991839845e+01
8.425088958075292567e+01
8.755737544754595092e+01
8.226843286824403378e+01
8.656393940148018373e+01
8.739999846169389741e+01
8.329611695102231295e+01
8.707890126659265206e+01
8.792632540382263073e+01
8.359217485986478380e+01
8.671897589269624973e+01
8.960773804701169354e+01
8.347669055910751013e+01
8.775146386081594585e+01
9.025155231951777068e+01
8.528432676289715175e+01
8.960905009350162231e+01
8.391242739863574229e+01
8.695009645670771192e+01
8.872488284061347485e+01
8.461039738309419533e+01
8.793291533855587261e+01
8.981497024972068743e+01
8.447137706343737307e+01
8.807686604655536655e+01
9.031673958847868278e+01
9.122602568331026873e+01
8.492595896185042648e+01
8.872302625624796235e+01
8.969736889641363575e+01
9.189768253779834595e+01
8.474365190884745402e+01
8.900516948516030880e+01
8.950728756924719676e+01
9.126267403694293989e+01
9.183458640806048834e+01
9.496041795001936237e+01
8.738320686974304863e+01
9.045226955823875414e+01
9.339714335854348803e+01
9.253172373554109242e+01
8.764365648594177571e+01
9.017494110169450039e+01
9.378157904572856296e+01
9.182939740021807040e+01
8.924474155007722231e+01
8.938104514564780345e+01
9.315853020956460284e+01
9.079711410845762032e+01
9.498081247073568534e+01
9.489185269790850441e+01
9.242434418182038769e+01
9.127335157008080557e+01
9.161271047420801494e+01
9.547424817557396182e+01
9.166225732202056520e+01
9.175238940300721424e+01
9.233816617421396700e+01
9.589400231484955839e+01
9.111375813147937208e+01
9.502273829822151185e+01
9.711787705902548851e+01
9.255659482475606126e+01
9.374397733938096167e+01
9.702533726247960999e+01
9.253235268972086658e+01
9.506764256899657539e+01
9.801722227003975263e+01
9.356885837142125695e+01
9.632891194467457296e+01
9.123736296116803146e+01
9.469826250350655528e+01
9.657280794930801449e+01
9.147455415659911182e+01
9.475447675957757099e+01
9.682395108260318750e+01
9.576269667149847464e+01
9.312081640267682303e+01
9.656562039390719576e+01
9.876145182440336612e+01
9.268760138706815610e+01
9.623737449234188546e+01
9.789622214473639872e+01
9.581204513628205177e+01
9.812637102166205239e+01
1.012925780387329695e+02
9.701396395771178049e+01
9.842579106573602132e+01
9.249748148817741367e+01
9.544830458173946397e+01
9.932214483563629415e+01
9.563831926082120560e+01
1.005865649118939871e+02
1.001642840516257706e+02
9.546186008632706432e+01
9.735047892740833220e+01
1.011956235517431253e+02
1.001700934933439981e+02
9.692922532041863803e+01
9.754968853820336960e+01
1.016071375477844327e+02
9.991225223388862275e+01
9.754574534597435331e+01
1.021917643856774731e+02
1.000668039803332050e+02
1.010195088724399994e+02
1.049625434783487918e+02
1.008885748362741737e+02
1.020251358873703111e+02
9.921073433673564068e+01
1.044151086629399714e+02
9.840817852666148724e+01
1.028750374420929319e+02
1.065390588852261118e+02
1.007504361751955173e+02
1.048427847352868412e+02
9.828869770628766389e+01
1.028812246441754610e+02
1.059299271762952657e+02
9.933345781695410892e+01
1.038619506251384621e+02
1.070463080096225355e+02
1.004329609721131931e+02
1.049036028207412983e+02
1.076085199993088537e+02
1.012832272675827312e+02
1.057013792954462730e+02
1.084623280084450272e+02
1.025154587463932785e+02
1.065321206683691599e+02
1.000054627536670466e+02
1.041161538244647744e+02
1.065367080099908037e+02
1.010364252510398160e+02
1.048869932281656929e+02
1.071189626921025138e+02
1.045576124131894034e+02
1.069174554546886355e+02
1.103859438774329647e+02
1.038976363395652385e+02
1.072273807376370058e+02
1.014082384913356094e+02
1.052483806334551701e+02
1.066985875539250088e+02
1.046884316778110957e+02
1.063835446551791648e+02
1.101288102946405303e+02
1.056631080969860648e+02
1.112863637411773681e+02
1.110036459961750239e+02
1.060619561636406303e+02
1.082366758134411526e+02
1.123143072124050121e+02
1.068222834637517025e+02
1.126230240526550972e+02
1.054827348196685648e+02
1.097362696473516479e+02
1.091277780999381122e+02
1.083860906699936493e+02
1.120389594296219258e+02
1.099740102033741920e+02
1.101816690351879515e+02
1.084770452780415155e+02
1.137283323409179303e+02
1.079227574673235210e+02
1.135668473633802336e+02
1.168608316404454541e+02
1.099273111578561810e+02
1.140856056981813964e+02
1.081226270754101080e+02
1.129967029518384720e+02
1.145752724972355310e+02
1.078318907064809338e+02
1.123504617663880367e+02
1.161623312891917834e+02
1.101056697918110103e+02
1.144372638654404284e+02
1.180297511187886670e+02
1.116226177228447369e+02
1.156762513103440568e+02
1.091882105192029826e+02
1.142869128080028389e+02
1.169030363726859463e+02
1.101624724529236801e+02
1.148794853656697939e+02
1.171870798225373136e+02
1.110661058073165890e+02
1.153811726531144330e+02
1.181236597077088533e+02
1.124415989995195702e+02
1.170028292851019813e+02
1.192991713105686102e+02
1.142184533871218264e+02
1.177563302824728453e+02
1.120618954556429401e+02
1.154801256569848391e+02
1.195270013283920889e+02
1.121500756356035851e+02
1.179996529249308850e+02
1.191933388728203198e+02
1.156164838795300227e+02
1.178510449527840649e+02
1.220777829346266827e+02
1.154155999053718915e+02
1.215747806240609492e+02
1.220160919268818134e+02
1.190983158782436675e+02
1.202398199900024309e+02
1.165668625138573162e+02
1.181092529947147938e+02
1.231202431014017264e+02
1.187385897587159178e+02
1.246891627597396877e+02
1.223892139271556943e+02
1.211222528715786950e+02
1.209140075637129144e+02
1.256644149612232866e+02
1.195512317008595460e+02
1.257324103552062553e+02
1.296542145970021807e+02
1.217105407682138889e+02
1.272649398751712368e+02
1.194214188978780840e+02
1.256674098016847836e+02
1.243838738456628903e+02
1.249878851082471130e+02
1.274773526332458147e+02
1.264882975663987565e+02
1.269378853579055288e+02
1.237306884322044738e+02
1.290485310367376712e+02
1.256009185349714699e+02
1.267918929401292729e+02
1.307905110992776372e+02
1.263566824424909214e+02
1.293586474378607534e+02
1.248930292213845803e+02
1.294844634272752444e+02
1.322220623781137760e+02
1.272593297669396151e+02
1.309645158142706975e+02
1.333048921516798373e+02
1.270876839825259736e+02
1.320328251210166286e+02
1.361885448857696872e+02
1.288649826706557633e+02
1.343778433508238663e+02
1.277251434541292667e+02
1.333793408854209019e+02
1.350073685823814174e+02
1.290887443627174491e+02
1.336361049678609163e+02
1.391025495413187798e+02
1.294665477588467013e+02
1.379968231021077543e+02
1.383152683335208621e+02
1.336782862832289709e+02
1.365242876414515649e+02
1.431018290100859076e+02
1.336095938670638645e+02
1.419119954880649743e+02
1.410384332067986008e+02
1.389814732114511173e+02
1.404390489075688038e+02
1.374363589859335946e+02
1.395666780066522676e+02
1.456952123751496231e+02
1.367902061707258952e+02
1.431338434398701622e+02
1.442743639471689789e+02
1.418260321470652627e+02
1.421280594119297120e+02
1.484406189501448523e+02
1.399357197385811276e+02
1.475397034720404861e+02
1.389001188259265689e+02
1.466104216863891452e+02
1.451073671528578473e+02
1.452115774210747929e+02
1.505794664362051662e+02
