0.000000000000000000e+00
-7.480297396350897543e+01
2.456980216418372365e+01
-3.114174851182807657e+01
1.296982748205434355e+00
-8.485682928672611425e+00
4.862423256137336836e+00
-1.245734579213523396e+01
4.594489584675015337e+00
-3.742466227300962789e+00
3.317200853732445776e+00
-3.043503860444972453e+00
3.011515364205827439e+00
-2.467827978131636790e+00
2.675462826410322847e+00
-1.968322027974439559e+00
2.505954272874190814e+00
-1.519182217079680486e+00
2.484311740229723231e+00
-1.108592072104815474e+00
2.537397177701922857e+00
-7.251390397693205925e-01
3.465025218791359496e+00
-3.539592426912927525e-01
3.569879072060846870e+00
-3.354606973305241380e-01
3.824865708707342993e+00
2.172916370552681609e-01
4.095496103730128290e+00
3.808396296361780675e-01
4.343307102654495822e+00
5.951103274241517083e-01
4.676539392259532413e+00
8.505769657880858370e-01
5.018361760431974794e+00
1.130893521719437578e+00
5.383813820309742759e+00
1.432305747153150621e+00
5.763848270867814705e+00
1.750739426016739486e+00
6.157839945347848953e+00
2.083868776284520052e+00
5.432198086568701179e+00
2.447888473469349346e+00
7.119984422614119346e+00
9.338734981513079347e+00
1.084792855636398556e+01
8.334798692882266380e+00
1.209067627120761479e+01
8.965378346458631853e+00
1.251130425277064084e+01
9.342808796655198478e+00
1.294679305018408932e+01
9.735621250127744375e+00
1.335675513312830098e+01
1.010394279576055432e+01
1.375969582912068212e+01
1.046929103473235045e+01
1.415600728545707021e+01
1.082996064501934619e+01
1.455027561051057994e+01
1.118895373729547238e+01
1.494225597692637564e+01
1.154618339161204510e+01
1.533278834645857813e+01
1.190196728864143338e+01
1.572165550558371372e+01
1.225608238137894190e+01
1.610877454224274530e+01
1.260828858654074835e+01
1.649384369055251298e+01
1.295823980409316967e+01
1.687656573368063206e+01
1.330556877981887354e+01
1.725660165671969892e+01
1.364988584021720008e+01
1.780236206631185780e+01
2.022609935183670871e+01
2.318933016857446816e+01
1.941649528460231267e+01
2.413636545965173141e+01
1.983786485528088761e+01
2.449699268917792239e+01
2.018553011096031824e+01
2.484082489684454842e+01
2.051731279895833993e+01
2.516543431149868937e+01
2.083164772138313481e+01
2.483656477774514215e+01
2.116213570215368023e+01
2.517365359823982018e+01
2.148068180161464369e+01
2.547609373858259474e+01
2.177074403181599038e+01
2.575694747340736157e+01
2.204183117217552734e+01
2.601606401709183558e+01
2.229415250112277036e+01
2.641356105999568982e+01
2.925496767307982893e+01
3.062609917156848027e+01
3.016531574737007659e+01
2.963469415482525449e+01
3.169700365723800672e+01
2.946963891401400559e+01
3.156052401385205997e+01
2.964646969389395181e+01
3.194967758559010917e+01
2.917995646656235564e+01
3.208968385866445772e+01
2.932634096033275029e+01
3.212360454411289368e+01
2.949052010743091046e+01
3.216675224634840191e+01
2.964594843956718151e+01
3.219886494165560009e+01
2.980762199411504909e+01
3.279394195869821971e+01
3.661435669457470965e+01
3.928465929511300914e+01
3.624394400174244169e+01
3.936336155398613812e+01
3.635394506257863867e+01
3.928567318904653405e+01
3.609668323676543622e+01
3.841070676398133799e+01
3.294055174081658066e+01
3.844743249837060262e+01
3.556142279645364113e+01
3.852939253379323503e+01
3.541496256892074257e+01
3.855522710933304609e+01
4.142146453098969516e+01
4.256577491169307592e+01
4.143760180176371222e+01
4.287616955489526305e+01
4.148172815790647405e+01
4.288262550328397538e+01
4.126683124074457254e+01
4.275020242548880134e+01
4.101459543785637152e+01
4.256402210257108010e+01
4.074956390337183620e+01
4.235256030809911465e+01
4.046656711023513964e+01
4.199105067260407509e+01
4.068380548153253784e+01
4.474661611669507977e+01
4.555635280407744858e+01
4.997448510678007239e+01
4.334655473066545284e+01
5.053627398335830634e+01
4.265495708209614634e+01
5.012787114121727683e+01
4.187583455835085999e+01
4.987943232589871201e+01
4.324276030733764031e+01
4.520415978694947512e+01
4.601373602574705046e+01
4.563933651292795446e+01
4.451287156451024885e+01
5.050638442996984168e+01
4.881252012809432728e+01
5.315441634099556723e+01
4.649429641434088012e+01
5.346386957957201247e+01
4.551803903873312862e+01
5.245838404572316449e+01
4.527208941849135471e+01
5.175561646161105500e+01
4.435044261332718207e+01
5.100288308923639846e+01
4.378125889158976491e+01
4.985085936414258612e+01
5.266167841797765448e+01
5.122745494984744141e+01
5.350579700430085239e+01
5.132776314557525410e+01
5.150817919770491216e+01
5.105618670487311306e+01
5.074923142627181960e+01
5.031637707488513911e+01
5.024909503340823136e+01
4.976287565443943350e+01
4.950945888713523857e+01
5.444235003093061920e+01
5.262238000749071887e+01
5.617145957089329045e+01
5.064663028726867822e+01
5.616393527346641434e+01
4.939624435079262810e+01
5.519727965956290205e+01
4.958779493673436889e+01
5.473639376545551016e+01
4.802285233454849589e+01
5.368222345553662933e+01
5.738411377149066084e+01
5.386069010332827389e+01
5.642260022260025920e+01
5.363629667947546409e+01
5.593910838173441391e+01
5.268328886267772759e+01
5.603014945544192216e+01
5.000755564012074217e+01
5.531969234869110608e+01
4.917368323096895466e+01
5.433653384699065469e+01
5.782843209622549097e+01
5.327628881167905206e+01
5.788341139759415910e+01
5.160053661892584387e+01
5.671723870877770679e+01
5.089750877534881113e+01
5.576483458269427729e+01
5.048072306108858243e+01
5.501298969853568366e+01
4.892338402470095815e+01
5.391582396114429088e+01
5.728667925510574577e+01
5.214811329021534192e+01
5.756539106034835385e+01
5.186621537915514324e+01
5.647772688291639298e+01
5.094978699091784335e+01
5.541264123583517431e+01
4.964089534161377770e+01
5.422961524606019168e+01
5.726637967401649121e+01
5.463855710841816915e+01
5.797000379720164887e+01
5.154422398447330522e+01
5.725549907103113867e+01
5.094454489485301707e+01
5.572818363946849018e+01
4.877990035292394566e+01
5.458821367632245369e+01
5.615979685657077880e+01
5.867428209628180014e+01
5.335236624586769949e+01
5.736160202147924281e+01
5.168515500859023604e+01
5.578250708137523617e+01
4.937505098181967611e+01
5.440280988130692919e+01
4.877710505880308745e+01
5.275108077479800528e+01
5.517218493874780449e+01
5.613513730852825745e+01
5.275687541968580518e+01
5.494318398625492961e+01
5.160697391407351375e+01
5.357580207887080093e+01
5.009322661169650814e+01
5.215042862465811879e+01
4.879974347961221781e+01
5.085102717810796236e+01
5.288438358950666895e+01
5.491294358495449046e+01
5.096929443234581925e+01
5.361232222502597011e+01
4.935885257709961138e+01
5.216404185696146101e+01
4.765474190666912335e+01
5.022927492207599443e+01
5.259825973339550131e+01
5.424352744070468901e+01
5.131393357092622409e+01
5.382482620184880062e+01
4.816112536173044134e+01
5.180340571762405943e+01
4.673321035895421005e+01
4.979589388300536257e+01
5.157984155575400109e+01
5.341104104477997794e+01
4.866918560813837757e+01
5.149609409614051003e+01
4.679302323131528851e+01
4.981156051552467545e+01
4.563621615805800502e+01
4.822922907761060429e+01
5.034212796079169294e+01
5.169155559000933664e+01
4.941804272906411910e+01
5.107408744071875617e+01
4.569768995208713847e+01
4.861228405060313662e+01
4.538331338871117993e+01
4.714803132115601869e+01
4.962040875816337859e+01
5.035321585384864562e+01
4.862061798248033995e+01
4.950019927600072123e+01
4.587330428396532511e+01
4.725929804499585174e+01
4.487862552904019964e+01
4.596182294758236964e+01
4.900524115808500625e+01
4.888254967673913143e+01
4.681961955089271754e+01
4.716230438761922983e+01
4.595005937742843116e+01
4.615686747529711198e+01
4.354967723985276251e+01
4.394908705451477715e+01
4.747349648910987696e+01
4.668570635961986426e+01
4.602282234472098565e+01
4.569952759676217369e+01
4.398596150344984324e+01
4.369601285230660892e+01
4.336723153797674257e+01
4.284124338552091871e+01
4.658571487537210487e+01
4.590453486663540872e+01
4.423671455789094864e+01
4.343213256668703792e+01
4.462025477241211746e+01
4.290159095825802638e+01
4.135272849414641883e+01
4.047496115179517773e+01
4.444816976329212821e+01
4.481611437532193065e+01
4.168248282720435327e+01
4.094393639363556048e+01
4.291795907854857717e+01
3.968010476226107386e+01
4.065931720832242746e+01
4.366914371943767748e+01
4.250994320817939354e+01
4.246401322320289751e+01
4.061835216013840011e+01
4.147351905326699750e+01
3.944028105328865053e+01
3.880828507738413435e+01
4.216343748820145265e+01
4.052269282655525728e+01
4.325327013226889505e+01
3.774463570546262758e+01
4.178330229151429620e+01
3.509741648260206404e+01
3.958876408410104375e+01
3.424502577664573266e+01
3.833119168754603834e+01
4.106217558222645181e+01
3.706836270151158175e+01
4.079734429338289914e+01
3.403811805005695135e+01
3.896609014978112384e+01
4.170019904357950224e+01
3.707563745072378936e+01
4.100523831628763105e+01
3.451808473397817778e+01
3.927092535920766636e+01
3.122309165040780954e+01
3.676788116625565550e+01
3.925020974383313188e+01
3.897532048221187040e+01
3.700321895131929040e+01
3.918279617785709235e+01
3.356694915536492374e+01
3.779735248332393382e+01
3.056462406175825208e+01
3.496859291963506422e+01
3.756642253760160344e+01
3.669182442454363979e+01
3.650269413618034520e+01
3.289827988242110735e+01
3.625650574123135073e+01
3.010666332527361888e+01
3.391625294264230206e+01
3.556573382876168665e+01
3.725893981986661885e+01
3.252833739507056521e+01
3.568378871453477785e+01
3.011615015347456392e+01
3.317687792823640081e+01
3.474094201291550377e+01
3.635855590202107379e+01
3.266666960358463712e+01
3.513494545102656019e+01
3.045272406924535247e+01
3.279346944902266614e+01
2.867058233245491650e+01
3.110800996065655610e+01
3.255676776591977983e+01
3.425627164373830880e+01
3.125054329749323401e+01
3.354434828834933313e+01
2.890123294335294446e+01
3.106571248450136835e+01
3.294914706952829420e+01
3.418833358209713680e+01
3.207201023651280991e+01
3.353619052096325248e+01
2.915749488860431526e+01
3.100478980238456828e+01
3.330289240705135967e+01
3.403079334373239107e+01
3.266645378239278585e+01
3.350105482520341127e+01
2.938424410773392736e+01
3.086327566409473988e+01
3.369742599386879789e+01
3.373330635670565414e+01
3.280103099367825337e+01
3.315412564138213014e+01
3.042461643002175364e+01
3.085342336986481016e+01
2.912495124215575970e+01
3.156732942497794880e+01
3.153834283787049841e+01
3.484721879278685464e+01
2.735416244930662799e+01
3.257151628807952903e+01
2.679202135776603200e+01
3.149298229443505193e+01
3.135502384142451859e+01
3.477279823955362303e+01
2.715330334788789912e+01
3.286002374883041455e+01
2.676475754878274671e+01
3.186608474015093861e+01
3.348199504774590451e+01
3.222928565583320193e+01
3.346116431873419828e+01
3.069846885264831116e+01
3.087195100936596148e+01
3.399113992643356852e+01
3.290538057163823282e+01
3.606715860313438782e+01
2.996567911336128631e+01
3.305586196899056262e+01
2.921533636861213523e+01
3.304222647503240751e+01
3.596849007266578724e+01
3.095187119915366480e+01
3.446748987933798958e+01
2.963933149923326127e+01
3.328150064203582303e+01
3.626150415987648756e+01
3.322607564691260507e+01
3.720865855553462609e+01
3.114699398237811678e+01
3.501873693838128787e+01
2.887327928612081607e+01
3.300752223779720396e+01
3.593726829197542116e+01
3.233757952435412619e+01
3.552740050790362147e+01
2.829329484759244906e+01
3.381619248478746442e+01
3.655447529777032400e+01
3.547948205506040864e+01
3.361585412996839040e+01
3.584882576960280431e+01
3.097370455846687776e+01
3.494646339562425652e+01
3.677282491761467753e+01
3.648129731650298169e+01
3.652492057602723463e+01
3.315717690170328780e+01
3.481716394238423362e+01
3.130521519060934210e+01
3.482628698857231342e+01
3.496542549226184349e+01
3.734765532985139203e+01
3.347043538425000264e+01
3.645460995724640441e+01
3.185132396715173897e+01
3.424606691682325277e+01
3.550199891265323515e+01
3.806212868024231710e+01
3.212883155835046267e+01
3.605331015218598623e+01
3.039546316835814821e+01
3.442590803530400478e+01
3.571919856948630922e+01
3.794695406068945687e+01
3.406651284662336820e+01
3.709527734094651663e+01
3.889289674686744291e+01
4.057340526915901791e+01
3.582182923625998683e+01
3.883150176061843695e+01
3.493323941843206626e+01
3.726655263991419531e+01
3.924983702761158355e+01
4.074133118401540088e+01
3.764207865025144883e+01
4.005731335271556048e+01
3.515992180503596387e+01
3.788900696463040418e+01
4.027429117768367917e+01
4.126048561402006243e+01
3.919757553214599000e+01
4.054400825870742864e+01
3.584721888982668503e+01
3.833879487413471310e+01
4.103286419620019387e+01
4.144244066468844778e+01
4.177850051473178183e+01
4.008522913116051711e+01
3.962459095272162557e+01
4.195974183925189749e+01
4.204702762197803168e+01
4.482497450505639591e+01
3.914994914426907968e+01
4.283281136732534122e+01
3.744707328950148195e+01
4.098260248548256612e+01
4.219519420230078310e+01
4.434258657948620908e+01
4.033807235891760001e+01
4.398003066827960339e+01
4.714600170153816094e+01
4.467367715282283314e+01
4.514909561812548588e+01
4.425338948361925162e+01
4.253704245950899576e+01
4.205739162315077806e+01
4.599139704529510908e+01
4.712266366928314199e+01
4.186435638787619240e+01
4.666021860027233714e+01
4.009741063552488782e+01
4.486080033443361259e+01
4.802024582576073897e+01
4.543422886628009394e+01
4.586495233599551113e+01
4.437312684452483325e+01
4.383901915874014321e+01
4.816813082756596742e+01
4.564247939113857910e+01
4.921377749424037518e+01
4.227101135974772461e+01
4.616241800376732840e+01
4.915665670673289611e+01
5.168033887844809016e+01
4.572977604084665160e+01
4.953716378401479403e+01
4.503371735101330842e+01
4.852067851324470382e+01
5.111922228760468556e+01
4.900349404171893042e+01
4.755974809178430718e+01
4.911890073305854543e+01
4.618249751706633788e+01
4.887058760749324193e+01
4.970715424357930345e+01
5.131523835752926743e+01
4.612147682980637597e+01
5.013251588726186725e+01
5.222726005788447878e+01
5.314067371600071255e+01
4.961592007600321352e+01
5.168296617396531190e+01
4.795346566410852773e+01
4.985700899703364541e+01
5.255234790140658419e+01
5.328289804631961601e+01
4.978650822508942042e+01
5.226488888750614592e+01
5.387896242449430417e+01
5.569302410702341888e+01
5.204789695068743072e+01
5.424387120438763077e+01
4.821305403855536298e+01
5.211643672765988811e+01
5.370192759545054884e+01
5.537959199551539768e+01
5.203476126883227693e+01
5.434515541527157012e+01
4.911774575014202782e+01
5.241328320270557839e+01
5.433265363045286733e+01
5.581290381795840716e+01
5.082065259515636058e+01
5.358005579339864255e+01
5.587709269693030478e+01
5.684501459567662351e+01
5.504825325978284667e+01
5.610629121066827452e+01
5.095746388431368956e+01
5.353040028793554939e+01
5.624546952955277135e+01
5.655943304891201251e+01
5.441600206807785867e+01
5.553263098695580879e+01
5.858733265304054783e+01
5.833606012501822136e+01
5.554325196717513791e+01
5.638647654392615749e+01
5.483918456532902042e+01
5.556145519417920298e+01
5.883476539177298292e+01
5.797952285520545246e+01
5.570363772239867473e+01
5.590999078807381295e+01
5.925196100200580673e+01
6.079104829920709818e+01
5.712239878588164999e+01
6.049242508743624569e+01
5.391783939318509056e+01
5.816109118810310008e+01
6.134435670196335622e+01
5.926732491705735129e+01
5.875952102966085988e+01
5.751396497864821100e+01
6.114916852749797727e+01
6.333268227865124089e+01
5.570668952526845885e+01
6.131441903356589052e+01
5.561315766087329848e+01
6.012582417536285817e+01
6.300391261708597312e+01
5.771328849868506694e+01
6.205341814915706067e+01
5.397443594290317748e+01
5.957545646814620710e+01
6.240677607007348371e+01
5.895322533304259593e+01
6.170610460949752252e+01
5.451798423578437536e+01
5.983481691752076870e+01
6.153420385719179109e+01
6.381447247674929457e+01
5.716413784831831180e+01
6.116624322784810630e+01
6.360734700516072593e+01
6.343508424103589505e+01
5.996466912697654550e+01
6.158475327009043809e+01
5.795986687294398365e+01
6.087351682183796697e+01
6.121739501305015807e+01
6.330006760091055895e+01
5.783916579066670494e+01
6.108184124591961961e+01
6.250160309499373312e+01
6.435259879665095184e+01
5.774462933670383080e+01
6.180848394100135579e+01
5.642401745388233536e+01
5.955343940306914874e+01
6.061577277900178018e+01
6.272080804250203556e+01
5.663873794916835891e+01
6.013998714802118428e+01
6.147896474091730568e+01
6.308785336566428015e+01
5.874544267121846275e+01
6.148406692493129100e+01
6.293881829082229729e+01
6.420084695013444787e+01
5.977017781110959049e+01
6.183094258049121095e+01
5.851679492835996399e+01
5.973951925871187285e+01
6.171469361221600280e+01
6.237521209625649732e+01
5.925573365620805077e+01
6.082393789397657002e+01
6.325911360564159480e+01
6.336249598807238215e+01
6.172093123181243612e+01
6.218449910589751539e+01
5.798823528458379428e+01
5.929047980652008221e+01
6.190612168512890179e+01
6.149123073101137749e+01
5.822398629596580832e+01
5.884572074668699315e+01
6.163797857734123653e+01
6.107702475890101113e+01
6.128744257532276407e+01
6.029540239615126751e+01
5.728012760912682211e+01
5.808306377021011713e+01
6.112713317711313010e+01
5.950253922124421990e+01
5.969874934287918222e+01
6.291081701961766726e+01
6.056789172804695909e+01
6.356573964212023498e+01
5.730468044730245225e+01
6.123783728085827249e+01
6.384029985860059497e+01
6.081777908447663350e+01
6.045986443515074882e+01
5.825992958265867827e+01
5.952443935634357786e+01
6.264802828060421547e+01
5.937488900347997145e+01
6.026081771361689476e+01
5.748394310655879025e+01
5.731262154639746598e+01
6.073932362384176287e+01
5.779174691687789078e+01
6.085696973378290409e+01
5.445031225323533874e+01
5.825282075137982929e+01
6.072581090314869101e+01
5.715896025374125600e+01
5.971076716536686746e+01
5.435435428590977125e+01
5.730759355465868055e+01
5.938316706245795018e+01
5.965491604482603094e+01
5.574276685501939710e+01
5.738119788028392065e+01
5.932530875673730719e+01
6.048671175740563655e+01
5.595180761906090083e+01
5.703597970878062284e+01
5.908620997939439690e+01
6.046497792096305801e+01
5.449433494231536201e+01
5.776844770051448563e+01
5.148374981568871078e+01
5.468221049581762827e+01
5.579411858467580743e+01
5.717949321369643911e+01
5.258691371952006222e+01
5.524418945649994583e+01
5.675635945563416129e+01
5.749256421432032482e+01
5.356258935616509120e+01
5.494722389263435502e+01
5.644035704852174007e+01
5.723581688458894234e+01
5.629384779906482805e+01
5.354669434532568317e+01
5.642763030660317725e+01
5.657446846103901095e+01
5.818439147439578818e+01
5.144067200006551133e+01
5.476615387997768636e+01
5.502780669252025092e+01
5.742416962618197118e+01
5.425205652707594339e+01
5.585059436788941412e+01
4.840710350519611183e+01
5.222115210789142026e+01
5.240976317017041453e+01
5.474312796937039849e+01
5.234401698125537195e+01
5.523884907923960697e+01
5.474274165169359918e+01
5.259850440613115552e+01
5.193178547227032027e+01
5.260650807306214460e+01
5.504662653456374244e+01
5.308554257594983738e+01
5.364987829944860920e+01
5.161465544681063733e+01
5.472144280911581404e+01
5.561825245789606953e+01
4.874191366396702563e+01
5.254184132375921479e+01
4.909829302966836195e+01
5.217163976655607627e+01
5.445583071764775696e+01
4.749214065603419499e+01
5.153238564070064598e+01
5.399351272755436781e+01
5.162663703795852399e+01
5.183665900883408284e+01
4.926739834053336864e+01
4.908884687180552220e+01
5.238151777210175197e+01
4.960118429090581316e+01
5.173245422509286584e+01
4.548428571162732226e+01
4.972715743289246149e+01
5.081044994653547775e+01
5.201833470194424081e+01
4.779090423195794557e+01
4.813095915454937312e+01
5.044626952149590693e+01
5.235910225558058073e+01
4.542812460531266794e+01
4.954640273661574668e+01
5.085814994498602459e+01
5.180217679865548774e+01
4.769759639339985569e+01
4.847753582092669689e+01
4.496870443781558180e+01
4.692946095597324785e+01
4.754289052510293345e+01
4.919587619502090092e+01
4.420183626031555946e+01
4.647565459695390899e+01
4.737721325211554557e+01
4.873122339872303144e+01
4.626431752853828527e+01
4.754648602661319501e+01
4.869238686519320680e+01
4.999566817728108248e+01
4.490774458953493564e+01
4.654307462491654945e+01
4.780139946866896850e+01
4.865599124980288082e+01
4.600852820895869399e+01
4.740661339695019194e+01
4.251573807449845788e+01
4.496293664794418277e+01
4.552455481038340679e+01
4.741808848922394048e+01
4.492907069094658823e+01
4.734985926918660937e+01
4.728962167300228003e+01
4.824854422514341934e+01
4.396042496086150919e+01
4.706294646160842632e+01
4.662427600072685863e+01
4.899392562424576880e+01
4.255591169959851072e+01
4.654180363841923906e+01
4.645359660749650743e+01
4.914734669849610071e+01
4.440340641721607540e+01
4.789427679042466934e+01
4.882426291889932202e+01
4.772311595685640384e+01
4.634611200737676029e+01
4.529930172615258499e+01
4.349734206698030903e+01
4.704045726031245067e+01
4.471511448460868365e+01
4.797634639014446378e+01
4.168149623149366079e+01
4.499595374201384601e+01
4.758019901693621279e+01
4.479033889876671282e+01
4.580741987149523453e+01
4.910252003321637915e+01
4.605430648065093635e+01
4.646563185445368305e+01
4.432610548495355829e+01
4.403995645783961521e+01
4.763453383204696934e+01
4.531495680024509909e+01
4.731061298867154363e+01
4.204919144899270833e+01
4.480179150643900243e+01
4.712864886931797770e+01
4.845708278915073208e+01
4.325671525321369870e+01
4.645687781610835287e+01
4.663451749295414572e+01
4.896297681838325389e+01
4.355324226683992350e+01
4.627433833646362871e+01
4.776025301944304857e+01
4.861937485498118150e+01
4.421274708437095313e+01
4.561159409441301449e+01
4.776977385311862889e+01
4.912189057425428018e+01
4.422901272995756017e+01
4.703150217481708495e+01
4.795008098057664370e+01
4.953664378493112963e+01
4.569725202729855340e+01
4.766611562539116420e+01
4.916416017083197687e+01
5.021705376716928981e+01
4.669398701957991449e+01
4.839580758943360195e+01
4.387783106435266234e+01
4.535183538398519687e+01
4.715943806302870200e+01
4.809828008575404112e+01
4.403076390583586175e+01
4.577919597342997804e+01
4.768322501509484823e+01
4.822092474433411269e+01
4.696731617709232154e+01
4.779632015487477759e+01
5.013872961936602479e+01
4.987157997697018175e+01
4.576527435974581692e+01
4.693795199074563129e+01
4.951814269990543949e+01
4.899772799865091599e+01
4.918137261156216766e+01
4.851483266564078889e+01
5.130270726762663713e+01
5.094144766430177640e+01
4.789819817262658574e+01
4.775625159605532843e+01
5.089681357644432325e+01
5.098193547239789325e+01
5.048295231367646352e+01
4.922962830016710711e+01
5.261769880991617754e+01
5.300493059303946808e+01
4.844162100764464185e+01
5.287815730335609743e+01
5.549219355163963030e+01
5.004248473516052798e+01
5.392435038261905333e+01
4.587872532687839566e+01
5.098049413444896771e+01
5.366589476934276348e+01
5.048428405703467803e+01
5.087384855416609497e+01
4.838600255010732099e+01
5.194618655701426491e+01
5.123234541655047991e+01
5.203806906051693915e+01
5.057697697463132869e+01
5.302759746630925974e+01
5.390295009345936705e+01
5.061056017927787565e+01
5.106996559722355755e+01
5.351727972497521080e+01
5.572005656786622296e+01
5.012743927211407424e+01
5.348228438738922108e+01
4.587918897701035803e+01
5.063201532426788987e+01
5.262711208967547094e+01
5.327423541444883881e+01
4.934029890019640163e+01
5.155615195319312249e+01
5.215291556082380708e+01
5.443625487576239408e+01
4.765012046300785187e+01
5.140772817098395109e+01
5.255722469225846538e+01
5.418783680493379507e+01
4.830434286633501983e+01
5.161253317773520877e+01
5.276787683604077728e+01
5.403052077267323483e+01
5.313843617481069259e+01
5.446326286433399844e+01
5.619293884701914266e+01
5.639204030482093088e+01
5.106478433345908741e+01
5.387163361891433766e+01
5.444561526534926088e+01
5.646076318005770389e+01
5.256737906659977710e+01
5.463765610219804358e+01
5.553169994797555375e+01
5.741775006532493109e+01
5.376112101493460926e+01
5.573875554446076563e+01
5.762077997412983166e+01
5.661884655303627767e+01
5.316735485017893126e+01
5.357676991465246630e+01
5.643030236397792265e+01
5.562773100550827365e+01
5.580087392579255834e+01
5.468211750059585796e+01
5.767593092879017291e+01
5.873948133949033945e+01
5.353968697573510127e+01
5.657114055195805946e+01
5.920136030202828437e+01
5.675611714017485099e+01
5.647772893143701367e+01
5.461405064244029006e+01
5.794496679549123286e+01
6.017576908554883630e+01
5.388746590199338016e+01
5.723947987945105353e+01
5.982936694061243799e+01
5.671888236621195745e+01
5.687288881789667983e+01
5.425513294098453088e+01
5.756073597511019102e+01
5.875037294169273139e+01
5.542076183084296304e+01
5.687439958972968412e+01
5.366820735568670386e+01
5.709113981130160198e+01
5.760967299296668642e+01
5.545848631733780820e+01
5.582380146821076039e+01
5.812868261473040832e+01
5.963623903121337122e+01
5.441959555717458130e+01
5.695961095975232524e+01
5.893386459379079412e+01
5.778568789861935073e+01
5.554828293068345602e+01
5.703533529210847064e+01
5.888099779626692509e+01
5.959042527372803733e+01
5.373332911407430856e+01
5.670035033231671662e+01
5.767734592885706491e+01
5.908907171742652764e+01
5.444179285541749636e+01
5.658884642221975980e+01
5.781285118067027895e+01
5.902370122625147530e+01
5.475276172411907538e+01
5.653235675717256470e+01
5.821395743930568045e+01
5.873368482153745163e+01
5.662011143489153397e+01
5.744349187064349138e+01
5.964320412267120020e+01
5.951179062247914686e+01
5.504577647785495742e+01
5.626948300353171817e+01
5.854867984574100603e+01
5.830953725031235990e+01
5.813356262868633451e+01
5.579750322966120279e+01
5.873960381407471942e+01
5.796384213464985891e+01
5.643791321310634146e+01
5.608354556389791412e+01
5.865951512305739612e+01
5.859464839511224454e+01
5.691213478764743172e+01
5.618289017596420365e+01
5.891527162714498189e+01
5.947369842693367303e+01
5.379938343508455034e+01
5.763261239622818266e+01
5.994702908279153775e+01
5.756556769755857772e+01
5.856492545964870544e+01
5.585770932841386127e+01
5.902168193967956000e+01
5.998746620511594330e+01
5.571924894100417447e+01
5.831339611071493323e+01
6.072301746708841108e+01
5.544209674205277594e+01
5.903284333625038727e+01
5.176960693315846385e+01
5.573121270542713290e+01
5.807075261355019080e+01
5.553524428289097870e+01
5.565092726181010363e+01
5.270254750277791089e+01
5.567426796112153653e+01
5.680874439042687385e+01
5.341912682922046685e+01
5.623666368607447197e+01
5.709693226476198191e+01
5.802501996276843244e+01
5.061926321881337998e+01
5.473083939238293283e+01
5.658738412881228896e+01
5.760280158267124051e+01
5.319678277200468841e+01
5.423061363711313732e+01
5.600523576765546352e+01
5.742794394076113207e+01
5.218288710238307715e+01
5.480144214864478158e+01
5.600353512226839570e+01
5.723245391289029271e+01
5.309286017022452597e+01
5.452879885129281234e+01
5.604749339266442121e+01
5.694281099134427393e+01
5.438455103408423241e+01
5.461278892828050147e+01
5.633620246017756017e+01
5.716952716025369341e+01
5.210449547629279721e+01
5.353947243064870776e+01
5.516282080843255642e+01
5.556974204092168179e+01
5.552950944685910173e+01
5.165222954243574094e+01
5.439633487515092725e+01
5.451252705580724722e+01
5.630379919513567444e+01
5.122023939435002404e+01
5.417521628780142606e+01
5.371335299787250506e+01
5.616271027675644234e+01
5.161539418430199788e+01
5.477874588245060039e+01
5.439521147265016765e+01
5.651785716341577626e+01
5.119842281652440619e+01
5.459056892997364940e+01
5.516335934104472472e+01
5.499518241721688838e+01
5.131405504155890185e+01
5.533379649676815148e+01
5.331931274022414868e+01
5.647943440686500338e+01
5.898343909476371749e+01
5.616101676909772777e+01
5.594018929653709904e+01
5.380210370720993041e+01
5.330143485987314733e+01
5.663524595265962347e+01
5.365952687727843085e+01
5.658108535230809366e+01
5.889753200678207179e+01
5.569862272325242714e+01
5.761971854458071363e+01
5.299089027783566763e+01
5.672529252782795339e+01
5.645554421776157739e+01
5.499275037688455825e+01
5.693976454471350479e+01
5.844324561625665382e+01
5.907239545047826113e+01
5.506929220194449215e+01
5.562357500757919837e+01
5.767363683673997343e+01
5.938498691921754613e+01
5.213374574814481832e+01
5.612082382950880799e+01
5.768016621088489160e+01
5.860171034902003839e+01
5.376663555090628677e+01
5.607713135821121853e+01
5.695518553630094516e+01
5.826021739267052624e+01
5.418177386558490838e+01
5.625340881691895589e+01
5.707271005619031712e+01
5.856744103431895354e+01
5.476395671035589174e+01
5.672469881173285700e+01
5.761934087949808969e+01
5.934520257590251191e+01
5.393868736666973973e+01
5.646168922659043687e+01
5.690346475977912633e+01
5.879696364917526097e+01
5.525580906158145922e+01
5.765121192885280976e+01
5.758430812411187816e+01
5.941867712808241464e+01
5.466134950634275214e+01
5.749238623355322630e+01
5.749833908157167173e+01
5.994775737284370365e+01
5.420293182749463057e+01
5.726617133779230784e+01
5.795878776918073072e+01
5.824120602939420621e+01
5.476187894302072579e+01
5.466224104677790763e+01
5.752338279094367124e+01
5.995477169653694460e+01
5.386973245090710094e+01
5.773353268173112696e+01
6.017329225802029669e+01
5.750111579491154856e+01
5.701727204295185913e+01
6.043911637019312622e+01
5.754699023440656447e+01
6.074248819838830116e+01
5.284804527203615265e+01
5.747489594453912787e+01
5.999828595435015899e+01
5.662044608649217992e+01
5.718880495860219071e+01
6.028924614896281753e+01
5.901581795530042740e+01
6.043732430586067039e+01
5.597899875386640645e+01
5.936217364865228774e+01
5.864226496003981026e+01
5.688625511468912066e+01
5.852741088894188692e+01
6.066920508140289314e+01
6.173229622469127520e+01
5.423352848209406574e+01
5.821513607228260412e+01
6.011356367154816382e+01
6.143751108917440718e+01
5.698068720931562581e+01
5.772005310415013923e+01
5.958785129960446625e+01
6.097804683184240560e+01
5.504826664853545282e+01
5.793336845458766504e+01
5.910301706105116182e+01
6.069351219192066083e+01
5.548038219527297343e+01
5.717382824848582601e+01
5.812291045071808782e+01
5.972715303756140059e+01
5.818364268971325259e+01
6.049642257389537292e+01
6.106959149650733565e+01
5.837643625026475291e+01
5.964608246067574981e+01
6.144432623126418491e+01
6.168162442538024948e+01
5.757805011644021675e+01
5.840314469490534321e+01
6.049497301387388148e+01
6.038865040608463630e+01
6.122297414203651300e+01
5.530672626013792126e+01
5.791800000218912459e+01
5.770841026898698800e+01
6.000817360884443019e+01
5.839419318115039914e+01
6.110258752745580324e+01
6.075970240195206884e+01
5.766041544572549071e+01
5.725479382240141746e+01
6.016206032042366303e+01
5.991110807071608946e+01
5.929933377907891412e+01
5.766178800784871328e+01
6.061217777225371606e+01
6.237212001615973378e+01
5.538603724133361084e+01
5.889188790528866235e+01
6.138419014116195171e+01
5.839418918822586591e+01
5.945465203297496259e+01
5.663085622741567704e+01
5.969605614007277694e+01
5.970692651389968120e+01
5.682031450999344457e+01
5.983566336227720939e+01
5.970028766830262157e+01
5.980515473987693298e+01
5.447905527822130978e+01
5.917535005048081587e+01
6.128755165236994884e+01
5.671597444940773869e+01
5.881949246974383527e+01
6.088049364585500456e+01
5.996880376629287923e+01
5.678134833022133421e+01
5.889503071670429790e+01
6.051870205713528605e+01
6.104159608971033890e+01
5.660045642676602284e+01
5.853171138516420058e+01
5.970991343459479594e+01
6.042003923086632255e+01
5.599346676090708996e+01
5.757056503013109960e+01
5.904157862914900790e+01
5.995163996956423347e+01
5.482993089038155432e+01
5.660683465898369349e+01
5.763016751304606800e+01
5.835807085348702827e+01
5.869625165789145171e+01
5.932650000804566304e+01
6.109614922472962917e+01
5.623977644137885079e+01
5.795880316650730890e+01
5.915510062688218795e+01
5.897288187086336819e+01
5.899871852724117360e+01
5.495559647291726435e+01
5.765575390846519355e+01
5.719765030191364730e+01
5.880218196109274231e+01
5.589746854326779157e+01
5.849577352794518248e+01
5.751092952636991384e+01
5.853811030465197973e+01
5.516678523213485619e+01
5.768149219632191915e+01
5.655429202165002778e+01
5.810274748647886156e+01
5.397048729717318594e+01
5.649608607697602736e+01
5.720109324070379131e+01
5.575985520811601504e+01
5.862510818660935996e+01
6.061184289903751932e+01
5.411995927094067582e+01
5.722711123116643250e+01
5.960914062542586578e+01
5.669997840439424408e+01
5.758357420856206232e+01
5.469217083613341401e+01
5.764809382874933874e+01
5.762313532456902010e+01
5.506499450004801588e+01
5.449586887689756765e+01
5.743492787397531174e+01
5.609655131210523393e+01
5.673548349192525819e+01
5.950299048667812940e+01
5.613313141625808100e+01
5.729947823530325479e+01
5.368542843342818571e+01
5.354426328727605977e+01
5.556888407407101482e+01
5.744417650870525449e+01
5.256897663560353351e+01
5.503787791118266881e+01
5.551578938107637384e+01
5.704794549488632072e+01
5.131748031522815978e+01
5.406107855106324678e+01
5.487902603922454858e+01
5.611039534646955929e+01
5.136922099830434263e+01
5.376655376673895859e+01
5.481394015532801944e+01
5.609442967047548478e+01
5.713026992796115877e+01
5.821482998093041772e+01
5.302127195530022874e+01
5.446343654866799255e+01
5.556391020875679487e+01
5.620619313659143756e+01
5.688918528977752231e+01
5.174817771597357563e+01
5.389943931629048990e+01
5.422297330628549616e+01
5.594887238858271417e+01
5.418346896751187103e+01
5.662951773994875992e+01
5.633427511760209683e+01
5.361605353311548328e+01
5.396674273636399732e+01
5.625684271763424249e+01
5.548430143642400481e+01
5.356796404767571573e+01
5.325415777004518247e+01
5.571978900525992628e+01
5.500158728047050261e+01
5.300524600824256538e+01
5.550229007061926012e+01
5.357826323008051617e+01
5.652327130619803341e+01
5.267394284787857117e+01
5.581438790531675664e+01
5.812391448811672490e+01
5.183759678105201374e+01
5.599186820744716186e+01
5.835397001307310205e+01
5.519849378134254181e+01
5.482033515320429018e+01
5.258280538415976935e+01
5.555775890315839405e+01
5.686804335548036704e+01
5.127813308384602209e+01
5.524165574929113376e+01
5.744831422352016403e+01
5.309708154734861552e+01
5.615941294302192688e+01
5.833016992213055119e+01
5.512868632535316493e+01
5.683477474216261527e+01
5.096041581624098882e+01
5.411252672249287343e+01
5.598397876989258037e+01
5.511728471315972655e+01
5.176865895607231494e+01
5.383518130329938600e+01
5.430908518093025350e+01
5.604824821017249548e+01
4.991247867614356437e+01
5.354741490009196525e+01
5.433913316510557934e+01
5.570481007627176950e+01
5.060055113619173284e+01
5.335413992432913233e+01
5.452301416930731648e+01
5.549348509125807283e+01
5.682291701953159446e+01
5.764268130493638864e+01
5.615966972212408592e+01
5.496786620217208252e+01
5.703967853979449387e+01
5.767080049403686814e+01
5.467365972740063995e+01
5.743620900720640776e+01
5.771190250483826389e+01
5.938058353539204148e+01
5.288051985670159638e+01
5.580250607995667878e+01
5.578585180941233546e+01
5.805519470759314515e+01
5.639757883164481456e+01
5.882975857780314044e+01
5.799579522104401264e+01
5.554418149682159367e+01
5.546133115208547792e+01
5.821178375998529475e+01
5.704755665332864822e+01
5.681093816011428288e+01
5.562630750853062267e+01
5.849256379634530134e+01
5.944032496118675368e+01
5.269440486161729353e+01
5.711907406342714211e+01
5.957827913656741714e+01
5.717949934358355080e+01
5.757778414527590627e+01
6.068459916190599301e+01
5.771608217575551691e+01
5.980036420481332726e+01
5.360320562287275692e+01
5.786597430907706752e+01
6.025545540121377996e+01
5.543095363129322806e+01
5.857174271967056001e+01
6.084059018876050118e+01
5.710721095457633822e+01
5.928602682599537843e+01
5.561270459350631512e+01
5.881214700571351983e+01
5.776521814019161383e+01
5.645689771880084606e+01
5.897428417978041182e+01
6.083058175071407447e+01
5.742957018736257879e+01
5.686541641530499192e+01
5.914493737858904865e+01
6.027640606717840654e+01
5.914766542665745419e+01
5.559839213514146650e+01
5.856313591599570145e+01
6.002306427122135091e+01
5.832422754554337985e+01
6.027675672583597333e+01
6.143633958023551145e+01
5.988276837763341121e+01
5.837367715367935972e+01
6.028834941565934002e+01
6.128123016860408967e+01
5.869488666368384600e+01
5.965853325360087211e+01
6.049857133713999247e+01
6.201799707168960651e+01
5.714926972398532712e+01
5.928004111541465448e+01
5.964168257924245609e+01
6.148304197476666388e+01
5.908729371408877284e+01
6.173046559517598553e+01
6.158823504236504220e+01
6.156816534410572217e+01
5.777602583522821789e+01
6.074006542217799165e+01
6.011103814758502040e+01
6.124771813583593172e+01
5.891906788326934930e+01
6.172453085177959053e+01
6.108534518492692200e+01
5.986801803426708091e+01
5.874725583843911636e+01
6.162252149618373664e+01
6.136224149749750723e+01
5.756623225203539107e+01
6.143102859650136338e+01
5.917406384895939908e+01
6.241515919923595135e+01
5.835837285048460643e+01
6.128910392536090512e+01
6.345478149257013456e+01
5.823890909477816535e+01
6.111220290755068874e+01
6.346198518438230707e+01
5.960976793419447972e+01
6.005982890002660923e+01
5.713932552830474521e+01
6.012769018030127199e+01
6.075727701594224328e+01
5.826736661366833658e+01
6.118200762137411175e+01
6.051062510325927946e+01
6.164032270464790031e+01
5.725020068719128119e+01
6.034196683970134245e+01
5.970546707167984835e+01
6.147188579986644186e+01
5.730223716435739334e+01
5.905415783116724526e+01
5.984576388959784055e+01
6.120452340216699838e+01
6.269849802480138834e+01
6.311228435774173562e+01
5.811060555340574751e+01
5.977814414955246747e+01
6.067083573075021263e+01
6.167975193356342345e+01
6.079801022654190490e+01
5.679341497259142812e+01
5.885317761536717285e+01
5.972401616996472029e+01
6.095612578282366201e+01
6.230989146085396868e+01
6.265127040267736191e+01
5.877588741131641115e+01
6.009320271106288658e+01
6.199181944147498768e+01
6.187803851333383420e+01
5.912157127140585544e+01
5.956428845487063484e+01
6.178296750665093384e+01
6.106498756323101418e+01
5.699986615205529006e+01
5.748683990265290333e+01
6.002808145721903799e+01
5.903938647934160855e+01
6.092652742708595781e+01
6.162379360908207104e+01
6.120835650383408222e+01
6.015758232300937891e+01
5.899387317052797641e+01
6.159267908228692079e+01
6.147295141146411623e+01
5.634089510090099395e+01
5.651012623795499223e+01
5.930725653585768242e+01
6.151046282455084935e+01
5.717593711151441482e+01
5.971776774137589427e+01
6.200140585870126131e+01
5.837241300678952172e+01
5.902906054399656455e+01
6.171504102255571667e+01
5.866495853424222418e+01
5.913545399411162151e+01
5.610554034283070735e+01
5.901089354742443760e+01
5.936466693464365108e+01
5.709140725000345640e+01
6.001353063008492938e+01
5.913646658626824149e+01
5.979787397135957150e+01
5.612959250668285449e+01
5.872325143620148680e+01
5.801333600615863872e+01
5.975703340705705102e+01
5.538450253032421955e+01
5.722590139664315956e+01
5.833528997540233973e+01
5.901982681895422189e+01
5.279239510856973538e+01
5.584902379987669718e+01
5.723132294434540057e+01
5.808688221381707706e+01
5.975161134630356230e+01
6.027059775473723846e+01
5.651515115377124943e+01
5.811536564969044605e+01
5.914978560093825166e+01
6.016568875040614728e+01
5.507012706560889370e+01
5.629806554269088537e+01
5.742213484614553920e+01
5.823583869092570353e+01
5.548718955015414167e+01
5.679648586945184263e+01
5.828046117359325251e+01
5.844287838512970978e+01
5.380244805421234844e+01
5.467252590152440206e+01
5.657788737073956042e+01
5.635768590192636651e+01
5.783314284273978956e+01
5.778322826424150804e+01
5.991646796031412237e+01
5.558177504180014949e+01
5.861453020220777432e+01
5.778712692602211121e+01
5.984502210625872465e+01
5.423182758788564684e+01
5.742075557153666665e+01
5.790508948856790994e+01
5.736258345276824855e+01
5.437320515324823589e+01
5.774098172196357837e+01
5.542020542612245748e+01
5.841355619964498658e+01
6.082859177294153596e+01
5.797271072105432665e+01
6.010343609839473089e+01
5.257165772565199546e+01
5.719563258934012850e+01
5.952858062922892657e+01
5.610129850403849616e+01
5.617386026427907098e+01
5.915128031759574867e+01
5.752785028688433755e+01
5.778394605998663280e+01
6.085224421233418468e+01
5.712592742169407956e+01
5.985688266633717802e+01
5.110920403590457539e+01
5.633903432823614565e+01
5.751524803654495344e+01
5.921896871069781554e+01
5.214458267194114427e+01
5.616829186395539608e+01
5.792464900194608646e+01
5.860827802745050263e+01
5.392947876032007315e+01
5.585073827272269398e+01
5.668738738695203949e+01
5.796004167943792140e+01
5.952562615116394795e+01
6.033463500995050310e+01
5.624611477189860409e+01
5.795886499349906984e+01
5.932558494271220439e+01
6.038423629226372924e+01
5.565735227849772571e+01
5.752336558928241317e+01
5.871382863023524123e+01
5.929270748237612310e+01
5.632653504739603534e+01
5.927829495345273614e+01
5.932600906675306618e+01
6.093424262994152940e+01
5.458578599110929730e+01
5.742183113098320746e+01
5.734987883984172186e+01
5.956914015996996170e+01
5.773295687588985459e+01
6.012142257295468539e+01
5.924845538807922196e+01
5.711538715085468709e+01
5.719682522022521454e+01
5.992329581393352100e+01
5.849040352285832256e+01
5.788746133719591569e+01
5.875919142461849276e+01
6.109385625296727085e+01
5.873158188020235571e+01
5.770721316790750421e+01
6.049904487536354480e+01
5.802134504686331695e+01
6.097434139116086271e+01
6.359115009798447460e+01
6.007875226529763069e+01
5.999212171767633350e+01
5.759813366471018270e+01
6.074215612698002076e+01
6.219224085941605296e+01
5.626748347522703853e+01
6.029592243440038146e+01
6.249601359947610035e+01
5.884438201038812366e+01
6.181121252677586142e+01
6.397364272306031552e+01
5.824850520319750302e+01
6.211323679413883525e+01
5.364753286771097152e+01
5.862316184759306026e+01
5.981284905888966108e+01
6.158812999806263377e+01
5.478698846728444494e+01
5.852794902827139367e+01
6.029289264943761140e+01
6.110887355005643684e+01
6.271228728707984601e+01
6.389833134460545239e+01
5.800585181733548978e+01
6.069374212600933305e+01
6.180446024883952560e+01
6.285308094282243729e+01
5.877259367431637571e+01
6.103051644553242738e+01
6.208431257988947749e+01
6.290058239738508661e+01
5.798648635897541936e+01
5.999335367948055620e+01
6.061641024902572639e+01
6.206347446898042364e+01
5.662531520635969429e+01
5.885981451479555204e+01
5.905873872649480916e+01
6.084334181491768589e+01
6.078908623308665682e+01
6.284052492474987872e+01
6.257678700680843775e+01
5.904878256365938682e+01
6.051323042687629084e+01
6.236048643090717292e+01
6.102958578371573140e+01
5.852045564108136944e+01
5.882265610732628858e+01
6.118638702058831313e+01
5.994358458161114811e+01
6.278154841732253999e+01
6.474953498081205794e+01
6.101406847045261372e+01
6.275775462120516579e+01
6.503193765228594714e+01
6.228151459406311119e+01
6.167189547215346579e+01
5.959117727141892118e+01
6.271289277383399252e+01
6.469144744995591623e+01
5.807372380482546248e+01
6.155344851850245647e+01
6.393007563522053971e+01
6.054446307804273175e+01
6.087807891157329720e+01
6.374402006819711630e+01
6.231896400536476932e+01
6.416123519484861504e+01
6.632908706887897665e+01
6.083346435281551123e+01
6.437590949438720145e+01
5.810425511987251213e+01
6.130565618670184591e+01
6.315035343458838213e+01
6.137046717820677344e+01
6.134812919383685426e+01
6.306359933910784576e+01
6.426830073536268628e+01
5.962147317831497872e+01
6.038828321158241863e+01
6.203925095855591820e+01
6.337087351731059925e+01
5.801643570891585000e+01
6.035591006256285596e+01
6.144577243395668376e+01
6.258607263315802527e+01
5.833681620039160265e+01
5.966733673835844343e+01
6.090807503757662289e+01
6.182941430770990365e+01
5.844888014020630607e+01
6.041245841346097478e+01
6.067811299572567663e+01
6.208169340427716065e+01
6.243792693610286904e+01
6.441205929318896040e+01
5.926091625172806232e+01
6.043792394660102474e+01
6.257844600641534782e+01
6.190035361353649535e+01
5.841526173488806961e+01
5.884297240627647341e+01
6.140394253746612208e+01
6.035665193911268744e+01
6.195935309891542886e+01
6.244547581903687927e+01
6.258719286110878244e+01
5.943291552790283561e+01
6.279035489675483461e+01
6.121388498087420516e+01
6.373083269941729156e+01
5.782997848876227920e+01
6.074804695942576416e+01
6.272203728171221826e+01
6.011872944185686407e+01
6.020502780604922322e+01
6.299258065543570240e+01
6.008450711082249995e+01
6.252814598879363217e+01
5.601154080449724404e+01
5.919321041071347622e+01
6.145938846429611857e+01
5.796730868434071482e+01
6.083277775803436782e+01
6.184500877143531739e+01
5.830747397461696124e+01
6.232246773376475346e+01
6.215877665535043661e+01
5.953285180090113471e+01
6.050934946579747020e+01
6.304741482341639625e+01
6.053317671456375848e+01
6.135985987028691113e+01
5.685155986689021290e+01
5.915358791206298150e+01
6.050772273082729669e+01
6.008837594622315237e+01
5.597258960490278668e+01
5.864020938134616756e+01
5.998193255940841340e+01
6.045055654600975714e+01
6.200358534628384888e+01
6.202679126657233155e+01
5.805593797581875037e+01
5.947525003904546992e+01
6.046640712928595462e+01
6.163051929758127301e+01
5.712052422685776776e+01
5.854661306743212634e+01
5.972445680021194647e+01
6.038360066715802787e+01
5.571054057013039795e+01
5.670852018037493991e+01
5.819528869101956303e+01
5.847901826272802595e+01
5.785117530627825744e+01
5.842589006894420578e+01
6.032244636972239960e+01
5.956900085139970713e+01
6.182426998371776250e+01
6.101752780893890815e+01
5.788911532414523720e+01
5.775331129825980980e+01
6.019184057898778661e+01
5.912934371958814239e+01
6.035645092989044969e+01
5.655968383505472019e+01
5.942010818044644083e+01
5.986632796493290698e+01
5.793008018844172824e+01
6.077742999942174862e+01
6.245856102619318051e+01
5.487151698720589366e+01
5.893937477730366226e+01
6.150732123926031392e+01
5.861822406842886579e+01
6.045445485538286334e+01
5.375460929078894878e+01
5.802084332679568490e+01
6.028397718771577019e+01
5.651746525287035183e+01
5.931465403279936055e+01
6.015850787764200192e+01
5.863132649631122462e+01
5.800805307417441981e+01
6.109947418117240403e+01
5.739981899635606766e+01
5.979972848127734864e+01
6.176452189693959127e+01
6.055178482507148630e+01
5.737106427208884440e+01
5.925436351540507474e+01
6.075537338689975542e+01
6.139373642029784861e+01
5.702607426103342902e+01
5.878795414652633156e+01
5.983344829263351272e+01
6.068973513118107377e+01
5.592931432868932973e+01
5.805811665238675801e+01
5.882724759909751100e+01
6.012428580291901881e+01
5.390478084389863511e+01
5.673226749157260684e+01
5.757448085228966050e+01
5.873812320414880617e+01
6.011678599235587228e+01
6.051520722046496559e+01
6.152379601350294536e+01
5.587694292797405637e+01
5.808245271613193950e+01
5.809653597834525129e+01
5.995145413189295880e+01
5.850054081722416299e+01
6.094263375869590504e+01
6.056809705161366253e+01
5.699796455653611105e+01
5.748135009388222016e+01
5.986479121162167161e+01
5.903517865611597415e+01
6.044377333645081762e+01
5.939388515094789511e+01
6.209883493520960940e+01
5.910146395484607496e+01
5.871428501392348664e+01
5.964698284817315255e+01
6.145159330129008879e+01
5.770979673583107683e+01
6.086079190159644270e+01
6.308549008785640666e+01
5.914573087104950133e+01
6.098076488140634410e+01
6.354282765823754886e+01
6.026619995232130123e+01
5.989341178196188054e+01
6.313276504471362216e+01
5.994096353362817808e+01
6.295761101586857222e+01
5.525635508738137247e+01
5.948756607196603596e+01
6.178237416093708134e+01
5.853082189261746748e+01
6.189915101881182835e+01
6.168139378108562454e+01
6.234138073419023840e+01
5.672563049090936005e+01
6.065278917032939177e+01
6.169928770310531263e+01
6.302641898548334609e+01
5.854948237094561136e+01
6.053042567654232897e+01
6.093253033407620478e+01
6.207709564462071938e+01
6.369725245591712337e+01
6.402190722292453984e+01
5.900631697857579638e+01
6.029322685761498946e+01
6.166498291782517072e+01
6.278297235411442045e+01
6.193190210457125033e+01
5.818386091265455917e+01
5.998444152199127188e+01
6.084935617659735385e+01
6.216419327870011813e+01
6.354934243773669778e+01
6.379960184823482905e+01
6.006113015755416740e+01
6.112693864209706618e+01
6.283296544207745882e+01
6.302203367370633913e+01
5.989045056263359612e+01
6.057133904059637075e+01
6.255557167730049173e+01
6.230791100165964025e+01
6.036583717256260684e+01
6.262249146970948033e+01
6.167508287262316458e+01
6.373554205424910180e+01
5.777801883624000823e+01
6.043961083863251815e+01
6.041727768291639222e+01
6.248616959292533579e+01
6.458868786848005072e+01
6.248255800835632812e+01
6.333847654040281583e+01
6.109559684937008939e+01
6.405174765231461720e+01
6.374384193287297506e+01
5.835503891937144516e+01
6.255685028308146656e+01
6.340362665364720129e+01
6.107465963188394653e+01
6.142428330919399571e+01
6.433261541791380012e+01
6.098269991179081728e+01
6.366265202419481994e+01
5.748605365892551333e+01
6.038675603292200122e+01
6.259284562106437022e+01
5.931971879232138889e+01
6.229371029107734614e+01
6.204432171619696845e+01
6.319511663845860738e+01
5.829323062022493929e+01
6.142173657282032906e+01
6.145534484130918429e+01
6.260433706960376554e+01
5.753545630623411711e+01
5.968655929739362875e+01
6.123765085335501368e+01
6.121247477885003008e+01
6.265478728083569138e+01
6.361237574653125648e+01
5.929272324160870511e+01
6.065909221578976229e+01
6.180272557567580094e+01
6.309791454025653934e+01
5.780001570836657265e+01
5.963675165389594213e+01
6.044046907850830763e+01
6.160972287090645949e+01
5.724554452653684677e+01
5.855864112335861904e+01
5.980764099109892840e+01
6.019992539024531197e+01
6.035889195300769217e+01
6.221764319589719605e+01
6.203102640459922412e+01
5.879147837200027027e+01
5.935767670876360569e+01
6.149627634389945996e+01
6.073838364659865618e+01
6.326053204992259538e+01
6.205193739089857274e+01
6.076493769603303718e+01
6.016295702623818897e+01
6.280019391067645529e+01
6.130506873472252494e+01
6.101666212869272243e+01
5.966976869719651688e+01
6.221276775550521876e+01
6.253271070365859430e+01
5.709904874390529272e+01
6.029684655340370369e+01
6.257411362159272983e+01
5.999622875530629784e+01
6.059981303309125167e+01
6.319139944319502433e+01
6.022797453556067637e+01
6.167300273880610462e+01
5.787611959954158891e+01
6.059813578717056970e+01
6.236726302099332031e+01
5.562985364805624044e+01
5.909326671461239755e+01
6.123420771835058929e+01
5.857656615745712969e+01
5.856468645383276339e+01
6.144498459301458126e+01
5.818316579021233537e+01
6.097316429865227150e+01
6.270120351857011798e+01
6.026231117147028726e+01
5.834574146886008350e+01
6.009445920100884564e+01
6.155484862834633475e+01
6.197512710636935651e+01
5.734333508586782813e+01
5.912942668819789560e+01
6.015502146280159934e+01
6.096699811449988005e+01
5.628447511578590223e+01
5.794897793468554426e+01
5.868837044576423523e+01
5.984259355435612093e+01
5.392825760743765784e+01
5.636884486640326486e+01
5.726147901586875122e+01
5.814245416974526393e+01
5.939264362791733021e+01
5.994431240847236353e+01
5.939418985459811751e+01
5.871804750341234325e+01
6.057187732039056982e+01
6.065464825501066315e+01
5.553274205507698724e+01
5.637480448757727203e+01
5.820040697538326668e+01
5.796178485494245081e+01
5.962599781373939578e+01
5.950997952975232863e+01
6.160880323064543518e+01
5.764539163972246172e+01
5.962019895781256906e+01
6.023343714022337281e+01
5.995586659020145959e+01
5.634284735262544075e+01
5.964998046984235458e+01
5.774846561669869516e+01
6.060213824922434611e+01
5.651851264778521511e+01
5.962796200692753956e+01
5.973901507517125964e+01
5.645519363332869034e+01
6.099908345491299144e+01
6.105072986647563482e+01
5.661361693864065359e+01
5.939439711665366417e+01
6.220419969005816796e+01
5.838323378693789323e+01
5.932142924838331055e+01
5.617915268276908591e+01
5.890103133561775905e+01
5.776519367539065541e+01
5.689407581160074301e+01
6.000628995587946690e+01
6.130420265530360524e+01
5.524673948069074214e+01
5.895678953731181338e+01
6.000102666834320786e+01
6.072926344439534319e+01
5.432287151877631715e+01
5.811290814967821916e+01
5.979595845275068200e+01
6.034526315196281843e+01
5.591645067369882582e+01
5.760755277315021772e+01
5.827449978546773934e+01
5.955996066040040660e+01
5.473882603347688303e+01
5.707298565226676601e+01
5.835320884222171856e+01
5.879510283515771363e+01
6.018438319548480564e+01
6.111410605601126633e+01
5.795414883686553509e+01
5.985662533835250088e+01
6.025443337167805424e+01
6.178445776584847238e+01
5.588746824326235441e+01
5.814952750276537330e+01
5.849517371969575663e+01
6.020562879067946938e+01
5.598922409726524307e+01
5.873568336053390482e+01
5.859603696269631712e+01
6.064959938289197794e+01
5.617580292272512565e+01
5.907352970186427399e+01
5.832271855949798578e+01
6.061064172685741624e+01
6.147261713950384632e+01
6.069673905285099380e+01
5.804296155604495766e+01
5.737659216360809467e+01
6.024359002289136100e+01
5.955973838755327421e+01
6.201649075921868359e+01
6.423568170956441747e+01
6.126362340038761545e+01
6.012060579759695855e+01
5.834830121395683733e+01
6.130880544159293066e+01
6.340365104491007742e+01
5.586198982353414522e+01
6.014032433576355885e+01
6.253818603296559075e+01
5.910562671214023567e+01
6.002074423035126216e+01
6.282100461755487686e+01
6.130232483018388479e+01
6.212097635829960751e+01
6.487607140245467008e+01
6.034980021912392090e+01
6.245050665754568797e+01
5.714489628748329153e+01
6.066785844112051507e+01
6.007491570232519962e+01
6.197203068998820896e+01
5.805557024650946829e+01
6.034401322739599749e+01
6.033512183139295360e+01
6.192875615849312965e+01
6.339939435913349541e+01
6.428254316098855270e+01
5.927981732831002404e+01
6.124694974426173388e+01
6.218718082647531986e+01
6.329060540575959948e+01
5.928539201262891112e+01
6.118592010586205276e+01
6.191732972320115636e+01
6.343097244701576187e+01
5.813068910728448202e+01
5.994702108831803855e+01
6.051259684653179249e+01
6.172119394083518529e+01
6.310097942208105337e+01
6.337214180295822530e+01
6.426446648030311337e+01
5.821378972498966675e+01
6.026747527929502013e+01
6.038498310659325341e+01
6.238780315918459962e+01
6.139817431265758785e+01
6.385348747012294979e+01
6.290624836414137633e+01
5.930898624714582468e+01
5.990182279647518016e+01
6.228435299880317189e+01
6.095322237601544657e+01
6.279180345180775902e+01
6.355271573743164026e+01
6.277745051929624509e+01
6.298685883148762343e+01
6.546888052035828309e+01
6.275975832090043838e+01
6.412310571772643186e+01
6.110157108632930800e+01
6.421951111869107365e+01
6.526041125145133037e+01
5.928768447812655751e+01
6.279522582473460801e+01
6.508474214115911138e+01
6.125471323518170408e+01
6.142514895737611624e+01
6.428245490639788784e+01
6.281017937607858670e+01
6.482445910773336095e+01
5.826513928746843618e+01
6.140707642145763145e+01
6.357509685087070039e+01
5.882635613011847653e+01
6.186970813051605234e+01
6.145894550390634237e+01
6.395372072896592641e+01
5.825013394531629984e+01
6.040622032695610955e+01
6.183812635053925533e+01
6.243849947748510232e+01
6.398935075819656504e+01
6.526133690379487007e+01
5.974175023897079484e+01
6.196491264835734114e+01
6.305090232846829679e+01
6.414407667476827157e+01
5.998214989012708998e+01
6.142441033046871723e+01
6.247897890066099080e+01
6.326290269333665606e+01
5.996948201464268635e+01
6.203991091142067660e+01
6.238625194344197666e+01
6.296506532134818457e+01
5.809460422018464953e+01
5.971283683230669936e+01
6.055778371044442565e+01
6.072236452130540130e+01
6.277637239270137570e+01
6.232177145866956636e+01
6.393120048102872488e+01
5.686650417267744473e+01
6.063862866010103403e+01
5.960949247954880548e+01
6.222543967441443868e+01
6.236513809200067016e+01
6.388949752998663456e+01
6.055075556223281552e+01
6.245021323429068616e+01
6.473782949964976297e+01
6.261473233263890137e+01
5.984827704515346625e+01
6.192596580524995176e+01
6.092556586041461486e+01
6.370552226955084762e+01
5.945952556135934941e+01
6.225556527012826535e+01
6.312664491020701973e+01
6.004967458166153449e+01
5.966511067704366411e+01
6.252574708659233949e+01
5.928328402809598430e+01
6.186515119074896063e+01
6.398505390560100636e+01
6.089952910319971124e+01
6.343753479137125595e+01
5.605350036796964019e+01
5.969944060268434782e+01
6.170032748867062367e+01
5.768762007542400738e+01
6.027097539229366419e+01
5.960660206205140810e+01
6.221421774111280456e+01
5.635583044134069297e+01
5.863351424283516167e+01
5.990590492581129922e+01
6.065484416390111733e+01
6.204726969811732573e+01
6.321792641516022115e+01
5.792960230021740387e+01
6.070249767331016244e+01
6.117358816479706007e+01
6.248547006779057966e+01
5.705723658873499460e+01
5.859889707005882542e+01
5.954762673879902479e+01
6.067005855321318109e+01
5.926246378187568098e+01
6.096096984499614280e+01
6.164839623884891751e+01
5.684338311333165450e+01
5.797746813361140994e+01
5.940090235490932002e+01
5.963409086473708953e+01
5.905652201822323377e+01
5.914580291345995988e+01
6.113386265684363963e+01
6.067172247960839115e+01
5.562620062142399036e+01
5.835266387513919284e+01
5.765957449678693791e+01
5.985298653711898709e+01
6.029667801182388587e+01
6.069588298715149932e+01
6.065201454654653190e+01
5.591602508794505155e+01
5.942055412383987800e+01
5.788502946827258455e+01
6.073913498590688675e+01
5.677908308567996443e+01
5.985941578318099943e+01
6.073505800084123507e+01
5.725036173801644424e+01
6.055832731558880511e+01
6.266288689506073695e+01
5.504288421424861610e+01
5.942182397192802057e+01
6.173237533145749012e+01
5.860985981974816639e+01
5.914349019056925982e+01
6.191507875140471384e+01
6.071752478280154719e+01
6.152852939555856437e+01
5.732051062498553762e+01
6.031301565826449718e+01
5.932025235106713268e+01
5.791245854381185865e+01
6.060490206632203325e+01
6.158769158449632641e+01
5.785419617360405198e+01
5.821723649782805410e+01
6.006945268144401950e+01
6.175570728191630110e+01
5.602573796080835677e+01
5.934523912896182196e+01
6.098196251929648781e+01
6.038633508783261306e+01
5.685883766024018371e+01
5.838933862515859374e+01
5.997696387359665238e+01
6.049915708699616346e+01
5.612210058422080294e+01
5.763013363961475477e+01
5.885514115294315474e+01
5.982758455401731368e+01
6.068691573970082231e+01
6.202364009793792832e+01
6.101915626490406908e+01
6.317041293990560291e+01
6.330651145900253596e+01
5.921972972175304761e+01
6.209310253339698704e+01
6.197590958637712788e+01
6.405374026637268514e+01
5.797522298839044197e+01
6.068543185314976540e+01
6.087782792390723330e+01
6.283635607196857364e+01
5.781327997888036663e+01
6.088075768881216021e+01
6.082397861590620636e+01
6.307455767266062452e+01
5.662044284422822216e+01
5.999955800947089557e+01
6.018738085334943122e+01
6.093705781043252756e+01
5.828325556816849229e+01
6.102509953641241225e+01
6.319807733695757435e+01
5.775247192406690289e+01
6.101423890731081201e+01
6.354199250817381994e+01
6.002824974256298418e+01
5.974303490917289139e+01
6.293116773284637588e+01
5.960827360922987594e+01
6.254951007476743285e+01
6.474947290255850874e+01
6.131113960788099604e+01
6.413361210991250516e+01
5.672936564254572289e+01
6.077447854977143038e+01
6.300864993171883555e+01
5.837946591905921423e+01
6.142125514558660626e+01
6.086497803173844545e+01
6.277005679035331553e+01
5.914418365499453500e+01
6.140310517758760511e+01
6.163528865564587989e+01
6.295642846056973951e+01
6.427730406947451058e+01
6.525401701514518038e+01
6.020669855689333616e+01
6.200932476405608895e+01
6.306528279154644423e+01
6.427376223147373935e+01
5.977800016746355993e+01
6.140568154974243242e+01
6.266470183890250212e+01
6.362667203401650085e+01
6.014386189548247330e+01
6.247984743239280903e+01
6.281890531819610857e+01
6.386627077642785366e+01
5.857051967339366172e+01
6.076669273666143312e+01
6.084380172248627616e+01
6.255069975274352601e+01
6.268867509440781305e+01
6.467853673805576875e+01
6.391354181382718025e+01
5.848104463953777810e+01
6.160911983856080809e+01
6.112150900743832693e+01
6.322803753181330677e+01
6.463761640357095928e+01
6.291598537784331313e+01
6.382623662625368866e+01
6.178472348689844296e+01
6.449719417260611465e+01
6.534490609210450884e+01
5.924975137799674485e+01
6.240139765000022720e+01
6.477053818996483869e+01
6.220449176109480049e+01
6.258492808738517255e+01
6.539820284872381251e+01
6.228135697744578891e+01
6.482431096499649925e+01
5.850937174946229646e+01
6.192582830029378016e+01
6.418673772058272675e+01
6.051837430992407008e+01
6.343890104421848974e+01
6.413030256869636503e+01
6.133427750078214302e+01
6.114975708272978494e+01
6.398399846318745432e+01
6.239048939985487152e+01
6.399824599168692174e+01
6.640083571833545761e+01
6.019506060348040677e+01
6.410915609181355990e+01
5.863065797341023000e+01
6.080825784274046697e+01
6.200717929883395385e+01
6.310979331544024973e+01
6.415770327237127901e+01
6.533702155387533139e+01
6.002630551586836560e+01
6.227241593405446451e+01
6.336258918934392881e+01
6.442109607742236221e+01
6.023402042270659251e+01
6.165331327675866646e+01
6.272654191767303189e+01
6.350618171519093380e+01
6.004423042938344679e+01
6.199145367807255980e+01
6.229522338834456718e+01
6.354028275208877830e+01
5.815805254020309434e+01
5.989948633080342688e+01
5.998033216070892593e+01
6.141941530084576328e+01
6.197934534181888466e+01
6.319934389442898492e+01
6.053296096732448461e+01
6.207321664284704354e+01
6.225235435159768826e+01
6.405975771797639595e+01
5.911948136813433763e+01
6.177134997560913376e+01
6.051266024986527725e+01
6.306572736638374010e+01
5.949258732316632603e+01
6.198065629607641824e+01
6.232269369356012589e+01
6.057638312596785113e+01
6.346846509379581391e+01
6.523910804570151356e+01
5.871051244042545392e+01
6.148953329416818292e+01
6.378313974699242550e+01
6.083800933607717809e+01
6.239729818033128339e+01
6.486275148827412806e+01
6.148603927251453172e+01
6.120581881117641387e+01
5.827553022488488210e+01
6.110067650493823521e+01
6.280108867850074716e+01
5.654995984685454857e+01
6.041473125412200318e+01
6.237275390962348354e+01
6.001337390052378851e+01
6.027374543597739631e+01
6.274665176270600142e+01
6.173698816591109306e+01
5.832354178193083527e+01
6.068399545425459252e+01
6.133217411139574438e+01
6.214092927984371073e+01
5.591120061686944354e+01
5.895847222212307770e+01
6.028707138411127175e+01
6.109818945218511033e+01
5.649075396969636387e+01
5.811317940891600387e+01
5.892384373923241014e+01
5.997494473275052940e+01
6.078892780202708224e+01
6.189748698946923611e+01
5.771836428679933562e+01
5.891440235171275930e+01
6.012377421472238836e+01
6.070014654673634169e+01
5.742320879473975737e+01
5.830351742368334556e+01
5.981510059078350849e+01
5.998138484288710259e+01
5.611154981534401287e+01
5.725749285679640366e+01
5.899644943602603320e+01
5.867563288707720659e+01
6.082451358829726473e+01
6.011303619722061597e+01
6.215444038417457051e+01
5.638218414609843876e+01
5.925639295290666553e+01
5.818761250107956329e+01
6.066368051295994945e+01
5.733987682630588267e+01
5.994559844759374556e+01
6.011612621975091031e+01
5.715503041415997387e+01
6.134510128667091777e+01
6.067779822686014768e+01
5.982046962239326859e+01
6.296254051092707016e+01
6.007674705494432743e+01
6.269800441394111346e+01
5.394219469687660506e+01
5.904328532763339155e+01
6.134446393546200937e+01
5.799982258222166820e+01
5.863680935818663187e+01
6.136336910736932992e+01
5.940892295786254351e+01
5.905022792233078377e+01
6.221733445241002869e+01
5.840616856942248347e+01
6.134515143498485656e+01
5.261317161231130513e+01
5.768361340666825043e+01
5.961359131891954632e+01
5.939500909342541490e+01
5.726154977191674789e+01
5.873447515543698216e+01
5.932712377092754963e+01
5.872098759361462328e+01
6.023464015260076820e+01
6.106390278752139977e+01
5.795567633728307300e+01
6.005423334088096254e+01
6.126268639020494078e+01
6.061513564056770065e+01
5.903421656476790957e+01
6.038522027066997566e+01
6.147196080559736231e+01
5.946295366926006665e+01
6.183261733979286845e+01
6.220557694740801935e+01
6.198629385037593664e+01
5.623495202101033641e+01
5.853717244708994372e+01
5.894276450696040115e+01
6.084875042123034916e+01
5.905476470953711754e+01
6.166530343897696298e+01
6.133265671362916294e+01
5.770536436283799731e+01
5.818262491517060653e+01
6.064591307738268000e+01
5.983475843308959696e+01
6.073266410980545515e+01
5.976302960051110347e+01
6.255457081059284263e+01
6.003253355430788218e+01
6.300843972690010730e+01
6.466455830197958221e+01
5.710461049552581159e+01
6.074481957947104149e+01
6.354858194352394207e+01
6.110964383096703756e+01
6.329362556385813576e+01
6.615282707364374915e+01
6.233834499355058512e+01
6.249577559872052746e+01
5.995201713079692496e+01
6.317617335227929942e+01
6.399536276037568427e+01
6.022579210306393804e+01
5.968602952646276094e+01
6.301199662744685526e+01
5.989597856690467381e+01
6.293070114856498520e+01
6.508818458596668677e+01
6.036699144055689459e+01
6.350069101285964734e+01
5.949051353894186889e+01
6.165492303699634391e+01
6.208543886441713511e+01
6.151650931519383647e+01
6.343037184242648863e+01
6.447450157101853563e+01
6.029732836418484254e+01
6.149195892269931818e+01
6.318564941102695798e+01
6.458102598322773247e+01
5.889835307271295051e+01
6.151293563891859861e+01
6.316027989386395092e+01
6.373828188526154293e+01
5.939238900079068628e+01
6.131914585603688295e+01
6.261017025739535313e+01
6.322846734162297366e+01
6.401005574419787081e+01
6.556611197043736183e+01
6.018038966349221397e+01
6.236556720363451944e+01
6.293475242359153299e+01
6.483627099009476069e+01
6.427254421440531473e+01
6.649367567859499673e+01
6.625663580091018900e+01
6.200344392346933375e+01
6.254752327190580274e+01
6.487277259961756215e+01
6.439148797500664045e+01
6.464139118830215125e+01
6.464572867526412381e+01
6.718141157227307758e+01
6.421415388742974528e+01
6.219703073283695716e+01
6.231229590992492007e+01
6.518525126861248964e+01
6.309045406169991566e+01
6.621737021269797197e+01
6.853625371696524837e+01
6.177994892135043159e+01
6.538034163922137054e+01
6.789377590654947880e+01
6.462094591859995774e+01
6.434220193377390729e+01
6.170989684399278019e+01
6.505546901391403480e+01
6.716520806477699068e+01
6.064073676793567103e+01
6.381614042831385092e+01
6.627699801345963238e+01
6.249654813146811705e+01
6.282106917677338487e+01
6.588872604630614660e+01
6.493219032280018155e+01
6.474715072420423212e+01
6.766170293374085531e+01
6.498980439696265421e+01
6.671486597678706687e+01
6.145511887124565931e+01
6.459827813829927834e+01
6.444782710735211140e+01
6.561198344289907425e+01
6.724545415577321705e+01
6.845944223072740442e+01
6.325260545316357508e+01
6.457523772916421478e+01
6.605819927798545166e+01
6.769389132761499184e+01
6.189073432294890864e+01
6.394969956378542264e+01
6.513157725494060912e+01
6.587001176074379316e+01
6.236829302306536249e+01
6.439246960737732195e+01
6.553823119201456393e+01
6.429562797681307984e+01
6.678162175795070254e+01
6.690342974105234930e+01
6.588525068414180907e+01
6.268353121957553498e+01
6.521296914493413510e+01
6.496038192598128092e+01
6.724666824458770975e+01
5.942396718329980132e+01
6.369972617978937279e+01
6.284749634175857125e+01
6.579946057284321626e+01
6.558385971414232074e+01
6.824964560864211194e+01
6.416868774318220403e+01
6.582659098570623257e+01
6.813622108839390989e+01
6.561004001552741727e+01
6.325050718053955734e+01
6.489761377627816330e+01
6.686208683452825596e+01
6.413017729244187137e+01
6.393546858640561936e+01
6.722490335780585724e+01
6.424770003356354664e+01
6.698331636160187941e+01
6.979770832714353901e+01
6.494729024061665257e+01
6.795121115522412936e+01
6.046241224328370834e+01
6.439659907810656136e+01
6.699294351278594206e+01
6.310931438970087726e+01
6.353635155520665023e+01
6.660526209777424356e+01
6.456506019284381637e+01
6.477860210416062614e+01
6.805862943100707696e+01
6.377954227205159299e+01
6.649558917800355573e+01
6.737061388475621015e+01
6.876034368353117543e+01
6.212843260667452938e+01
6.657698544770616422e+01
6.754757331737566517e+01
6.695444936689078475e+01
6.456361241580565036e+01
6.738354807868118712e+01
6.836613079614299693e+01
6.380582664514542302e+01
6.599301788021693937e+01
6.734998718581086052e+01
6.819577139098464613e+01
6.337031120659296590e+01
6.544146759723247442e+01
6.710016181364308352e+01
6.758267064641124477e+01
6.243154749555512240e+01
6.543445879578152358e+01
6.570640330420644659e+01
6.767935046822140066e+01
6.130660392247823864e+01
6.379235563266446007e+01
6.409008572606408904e+01
6.640053684220438868e+01
6.713455829286171195e+01
6.900385000603510832e+01
6.252566911922762216e+01
6.562894108427370554e+01
6.762543268770845373e+01
6.614139704834235545e+01
6.672555407030812091e+01
6.789105115348807828e+01
6.847650145236636376e+01
6.446635277267758113e+01
6.951370225763625399e+01
7.011866262353768775e+01
6.421672344010609379e+01
6.901286853076004491e+01
7.156548720679077746e+01
6.840105416962296658e+01
6.782504958518903493e+01
6.566674921132336351e+01
6.886129188919763067e+01
7.039551404717094840e+01
6.404821889645370447e+01
6.834199180382508132e+01
7.096898721243734087e+01
6.343560509655423374e+01
6.827679263523521058e+01
7.084664225697397910e+01
6.661208881127807047e+01
6.996768743711386662e+01
7.205926575647677623e+01
6.541170637681668154e+01
7.050110562489345511e+01
6.275060100540605390e+01
6.757417456612344608e+01
6.953433750312468931e+01
6.491417660659438127e+01
6.921323550745766795e+01
7.056822411107762605e+01
6.759369474768176644e+01
6.903764471220377175e+01
7.064866598092775973e+01
7.205060231992058561e+01
6.638050410281486791e+01
6.915278124273056903e+01
7.055527516474138849e+01
7.191780482822353804e+01
6.476313010169138806e+01
6.813607064931530033e+01
6.989965414396455401e+01
7.053219840172911859e+01
6.533514147528551064e+01
6.883247938343097871e+01
6.913896255591575368e+01
7.079842854757799842e+01
7.294516605806681753e+01
7.114719682182072802e+01
6.890858373615220955e+01
6.950256882599690300e+01
7.230295881164337857e+01
7.184931405287511552e+01
6.894787678954453725e+01
7.024251470065922831e+01
7.319186248552257723e+01
7.174416933688341658e+01
6.828269003877592525e+01
6.886375015388460952e+01
7.211529758599832007e+01
7.030726481611304735e+01
7.383245512005174760e+01
7.476923146525247432e+01
6.775138306754155337e+01
7.248884229929322487e+01
7.545798530589509312e+01
7.238339506203455187e+01
7.154494452318519393e+01
7.546624844949222677e+01
7.160381330597924432e+01
7.547824389518486043e+01
6.783242136483239904e+01
7.280118698430881352e+01
7.549060944239040793e+01
7.040730858392500124e+01
7.318529721708378588e+01
7.606624050329432407e+01
6.901803080812905478e+01
7.370015559420325246e+01
7.620462795263469502e+01
7.333972644692137521e+01
7.525620766501600656e+01
6.952321856169022851e+01
7.366253735234707278e+01
7.378251107637215966e+01
7.237916158836414127e+01
7.530276747645042690e+01
7.583409572319732206e+01
7.210600070734396638e+01
7.442296219745047381e+01
7.633353909955111760e+01
7.554046443091833396e+01
7.254399925953227068e+01
7.529361572749424170e+01
7.678317400859329211e+01
7.399404005051628985e+01
7.458807208434657809e+01
7.588951888275749980e+01
7.820364494992337256e+01
7.158187917183651905e+01
7.499980534580265612e+01
7.560322563488114156e+01
7.733578878820263469e+01
7.059979164147736697e+01
7.416522053710831131e+01
7.420182927054952415e+01
7.686239606498266141e+01
7.265064657701569217e+01
7.643183172751307097e+01
7.568167681980285977e+01
7.572946755630911753e+01
7.528598155341194342e+01
7.841803381478874257e+01
7.506443397439443288e+01
7.899982858023943777e+01
8.006703845895353311e+01
7.374616494520329013e+01
7.775665260122859479e+01
8.098111854357394179e+01
7.777784033572933708e+01
7.633365473483823394e+01
7.647769296589227395e+01
8.024417595426058369e+01
7.694218647112354859e+01
7.622106007774746672e+01
7.815306257542974322e+01
7.820266492830403138e+01
7.747479824556070582e+01
7.363975491639698134e+01
7.883900887979386596e+01
7.580220040648009672e+01
7.861943205216932995e+01
8.180540238131413844e+01
7.689936255403600285e+01
7.846680753024108412e+01
7.425857185654579951e+01
7.810624684590585787e+01
7.837243659572534682e+01
7.552466667947138035e+01
7.935749494705811458e+01
8.014956992416981052e+01
7.622691251664532786e+01
7.894081890391059630e+01
8.154173703900086423e+01
7.579849641524010906e+01
7.990501026484588465e+01
8.150299699172103374e+01
8.122830524750779091e+01
7.720998200641842857e+01
8.044828352366604918e+01
8.196388148508339100e+01
8.114786004017389587e+01
7.615859532635505502e+01
7.913047920907908406e+01
8.047684596274311275e+01
8.199086120482971296e+01
7.531803850827485292e+01
7.848755129529324392e+01
7.934742686703900461e+01
8.198033315546821598e+01
7.506128848743168192e+01
7.883441021225262091e+01
7.901711717404681679e+01
8.104897405920428355e+01
8.312075357691762179e+01
8.099829090725292247e+01
8.021405332033016577e+01
8.015135972890858795e+01
8.389817420529745107e+01
7.885502019927679385e+01
8.261069979815702879e+01
8.331684393073693684e+01
8.258849393162560659e+01
7.846939076423267068e+01
8.208088839741364495e+01
8.537102736518095014e+01
7.977910176384507679e+01
8.282599085179137433e+01
8.603905744974005643e+01
8.099545838896133887e+01
8.455540948102176912e+01
7.750310029545786961e+01
8.137665569700635615e+01
8.354744495143307859e+01
7.795116734722206786e+01
8.193317730854978720e+01
8.520137578004397483e+01
7.866887835817506414e+01
8.275053259428237595e+01
8.593220960169678335e+01
7.946410725451045209e+01
8.364919205580147832e+01
8.654038342523082861e+01
7.981106624753067535e+01
8.415334459051857152e+01
7.841088897498963206e+01
8.217407140015414768e+01
8.305586606133546468e+01
8.007126540728967257e+01
8.377817853173465323e+01
8.510843341888570990e+01
8.043158728734110241e+01
8.360507391476679118e+01
8.597785949262980409e+01
8.011525923088710499e+01
8.411017411825183387e+01
8.591575344798660296e+01
8.683474015922004696e+01
8.114834645173027639e+01
8.422706994559334248e+01
8.636242835240896909e+01
8.628155764452108656e+01
8.053408201892305840e+01
8.279591786890875937e+01
8.588998254356155826e+01
8.565059796892052191e+01
7.982451153319630066e+01
8.255425351258847400e+01
8.619454042211793876e+01
8.524325759826326987e+01
7.936504775387490440e+01
8.355722643698913998e+01
8.359074518595274128e+01
8.700740033802877349e+01
8.653041297281703237e+01
8.794048091107532628e+01
8.535116738852322271e+01
8.219428045092443824e+01
8.274507701495669210e+01
8.651382488831774253e+01
8.487151400036577797e+01
8.896072448653416131e+01
8.752126523893379328e+01
8.530203798714674690e+01
8.394070424686101717e+01
8.524824643160349069e+01
8.877882523577150664e+01
8.567641164024692557e+01
8.981786158000653586e+01
8.854267898388646074e+01
8.583270584416011673e+01
8.608591620398543398e+01
8.783118867957543330e+01
8.900465623770259072e+01
8.467728221301820213e+01
8.886599428620036178e+01
9.060594814105589023e+01
8.637852484221167515e+01
8.769902265378890149e+01
9.137583802318842174e+01
8.678849500854731502e+01
8.899714047471152867e+01
9.265212178441129254e+01
8.788398849390708278e+01
9.043336350990450967e+01
8.532867439179307212e+01
8.803067429405784594e+01
9.111839959626519203e+01
8.387304821220993745e+01
8.916226813746374091e+01
9.158582587957644705e+01
8.848061537699211954e+01
9.149031273313227075e+01
9.408458675735838028e+01
8.834169417398614144e+01
9.197375704787879158e+01
9.449893779434273711e+01
9.009725844161273756e+01
9.443450887186708087e+01
8.743161565906477506e+01
9.161591131005700106e+01
9.261992865890626092e+01
9.154834202556348544e+01
9.599421274924641523e+01
9.469850734750347954e+01
8.952834367085009148e+01
9.211817708137687077e+01
9.672325939962837538e+01
9.318037823763275185e+01
9.341945195030473315e+01
9.317451402987242659e+01
9.743393581561808503e+01
9.228500302643506359e+01
9.567205520004000618e+01
9.890220143561201382e+01
9.248173680309962208e+01
9.678557473651152065e+01
9.011156661647778776e+01
9.484069477659552660e+01
9.405291338287750591e+01
9.492928136145394546e+01
9.424090836258737625e+01
9.867374548288314884e+01
9.269111622116754745e+01
9.750749998438625710e+01
1.012940381338849676e+02
9.374796779224894294e+01
9.839144420425333237e+01
1.022043379596078267e+02
9.577368639460064514e+01
1.003852736195895829e+02
9.264200970948975566e+01
9.807155604871907428e+01
1.010099179251062367e+02
9.273837319202854701e+01
9.812849494968152442e+01
1.022513238019747348e+02
9.470346403924465051e+01
1.001344016632102836e+02
1.035161835208120777e+02
9.588624182590339728e+01
1.013423558276163448e+02
1.044749453991095862e+02
9.751726383694229128e+01
1.022376034515206698e+02
9.497411305129212167e+01
9.986721949403242604e+01
1.027753343979607195e+02
9.630566093588213050e+01
1.006409354474944848e+02
1.032923053938256146e+02
9.787150979985902666e+01
1.024251387060444074e+02
1.057530862182958913e+02
1.005585557979782294e+02
1.052943697863961319e+02
9.768493472299824987e+01
1.026676443480178449e+02
1.044841036226239339e+02
9.844248999155102808e+01
1.020032157285974819e+02
1.063544879404436188e+02
1.042795019331468183e+02
9.926076661881671725e+01
1.050919162322519043e+02
1.051455637396810090e+02
1.033140431775037200e+02
1.082678000656224100e+02
1.079082007878383109e+02
1.039683858736748618e+02
1.049231302367337264e+02
1.104422372380420967e+02
1.037804878456199020e+02
1.089160008012007665e+02
1.122353898556147129e+02
1.047660422646632838e+02
1.100373898126886161e+02
1.041352262228559624e+02
1.100453250055646350e+02
1.079300929973288277e+02
1.079333858833482083e+02
1.078934858860629191e+02
1.130430991030659129e+02
1.068652138075361080e+02
1.119471443556865893e+02
1.156085193387951904e+02
1.081331205970469682e+02
1.127325463428029337e+02
1.167629135258208635e+02
1.100404474728134545e+02
1.146890092670833070e+02
1.080726030844612637e+02
1.132790083245751731e+02
1.154849916965678887e+02
1.086168568593114259e+02
1.133304076915390226e+02
1.171105438311323041e+02
1.107568809605636488e+02
1.151531409780424582e+02
1.186994512709790257e+02
1.124887711923313702e+02
1.169803225901399202e+02
1.107722902947432004e+02
1.151529515272958690e+02
1.180116367178194281e+02
1.114532042524334372e+02
1.165252851600457973e+02
1.191904810489063493e+02
1.131097317604539541e+02
1.170985552281104560e+02
1.217725925668374174e+02
1.137023434558467443e+02
1.189241711565834976e+02
1.210195471783997760e+02
1.170465364705879949e+02
1.200351844004697455e+02
1.148734962303068698e+02
1.177975208178273334e+02
1.225385490320883406e+02
1.156946192624708232e+02
1.226999547788411746e+02
1.232332218999031994e+02
1.198685038282689845e+02
1.213294066884967322e+02
1.268541759174876802e+02
1.190787010152588721e+02
1.260945051739418545e+02
1.253814282077622693e+02
1.243266909577397570e+02
1.242562012158440723e+02
1.214013328331474213e+02
1.260301850099686618e+02
1.250337812373767292e+02
1.245293178939936354e+02
1.258488983868831070e+02
1.304984140761503397e+02
1.235377409314810251e+02
1.297670430506305195e+02
1.322131950646381426e+02
1.241566467814795232e+02
1.309841019080833746e+02
1.348746814916305823e+02
1.267158498907579514e+02
1.329351306400444344e+02
1.265947929366470248e+02
1.322721059505651340e+02
1.315275393525137133e+02
1.297320653303057725e+02
1.355776593232732523e+02
1.311835022877233996e+02
1.348579792105744275e+02
1.301637596338733260e+02
1.350642438174742495e+02
1.349671805547839369e+02
1.314837009122040854e+02
1.356665887570806035e+02
1.383347442863855292e+02
1.320109897945519322e+02
1.374247456588107354e+02
1.416328922308199481e+02
1.347818250068222881e+02
1.405996277774072496e+02
1.432098689114872059e+02
1.374325718880548948e+02
1.417247915744409283e+02
1.363120041886649005e+02
1.405348892352487269e+02
1.466342303981621740e+02
1.368189519378134662e+02
1.458463262518430383e+02
1.426761540451120709e+02
1.445648918980216138e+02
1.409793147260533317e+02
1.486588601585746972e+02
1.413503291018770369e+02
1.468985819900592276e+02
1.382438470186769450e+02
1.467235327990887299e+02
1.466120984449466675e+02
1.443441538244881031e+02
1.478019072000336962e+02
1.523323933923102800e+02
