0.000000000000000000e+00
-4.470202334145514556e+01
1.946504053837286463e+01
-2.616747304018153386e+01
1.276149257560692973e+00
-7.298525846585769195e+00
4.073232763834182535e+00
-1.150193016012799774e+01
3.148412434513526925e+00
-3.511578139858598124e+00
3.051912966012842343e+00
-2.853620706382761885e+00
2.830464486082166609e+00
-2.325283930263500221e+00
2.488765745699466958e+00
-1.853345175463931849e+00
2.385433005915639892e+00
-1.425403430316507958e+00
2.396333553112944159e+00
-1.031823370144449470e+00
2.468260616591276158e+00
-7.102131981819744810e-01
3.268853436778520472e+00
-4.969691722363682174e-01
3.582859286979910074e+00
-2.972769227541005033e-01
3.912356554157572663e+00
2.582686645597057629e-01
4.137898395461930612e+00
4.053926135674427167e-01
4.343736625647902194e+00
6.084156707579450041e-01
4.681726476712598561e+00
8.584194108279535884e-01
5.025947227044172294e+00
1.136882513373221215e+00
5.387802647353033159e+00
1.436526622974549028e+00
5.767255538105332313e+00
1.753951521983772022e+00
6.160186716425357645e+00
2.086297572410467982e+00
5.434175505993999344e+00
2.449730063927344048e+00
7.121608125519533594e+00
9.340138903328714548e+00
1.084838969748154902e+01
8.335914514580737844e+00
1.209192572632020912e+01
8.966675511831432743e+00
1.251213533062861316e+01
9.343751846821998441e+00
1.294747503307578285e+01
9.736453739046917022e+00
1.335730150528815585e+01
1.010464119772257874e+01
1.376011127897211495e+01
1.046987715699745358e+01
1.415631359343650431e+01
1.083045121810400779e+01
1.455048389488896809e+01
1.118935818948848926e+01
1.494237363149903608e+01
1.154650786481843916e+01
1.533281950080359124e+01
1.190221562629223584e+01
1.572160274138166081e+01
1.225625743241814725e+01
1.610863928834725911e+01
1.260839232866275239e+01
1.649362728292398472e+01
1.295827416392998899e+01
1.687626885663326348e+01
1.330553530548051278e+01
1.725622490155837596e+01
1.364978615899659964e+01
1.780187557443565183e+01
2.022566155088296824e+01
2.318947893698767260e+01
1.941669730390770710e+01
2.413645454311647853e+01
1.983792870792087726e+01
2.449694561551168803e+01
2.018547442834606898e+01
2.484064457933310877e+01
2.051713723885563567e+01
2.516513485832777519e+01
2.083136337675878380e+01
2.483616179757344256e+01
2.116174019889857405e+01
2.517313369470635465e+01
2.148018647463533171e+01
2.547547477882874389e+01
2.177016271181983953e+01
2.575624058934812410e+01
2.204117262667573840e+01
2.601527823625217550e+01
2.229342467997942734e+01
2.641271483408662846e+01
2.925399933271876662e+01
3.062602322299266078e+01
3.016154250973222872e+01
2.963908299521713374e+01
3.169966339765348451e+01
2.947182719086857006e+01
3.156140273101603455e+01
2.964723977285161993e+01
3.194960637029632622e+01
2.918013071919162726e+01
3.208937421147697222e+01
2.932622909386160970e+01
3.212302734308899943e+01
2.949019622546344976e+01
3.216597159596603461e+01
2.964539051214678622e+01
3.219786461064263960e+01
2.980688714566440112e+01
3.279337501871362548e+01
3.661379702028531113e+01
3.928328940916777867e+01
3.624316005205989200e+01
3.936207617761526478e+01
3.635307851265547896e+01
3.928430460910573174e+01
3.609587982014812013e+01
3.840921116910320876e+01
3.293445915125647616e+01
3.844479818479230460e+01
3.555822712326808244e+01
3.852683561569907766e+01
3.541197185201535547e+01
3.855250148253760756e+01
4.141878103305271708e+01
4.256604754262101409e+01
4.143512356269386032e+01
4.287421652865292998e+01
4.147994020123408632e+01
4.288105814716077191e+01
4.126480444157341765e+01
4.274838173538258701e+01
4.101274940846570871e+01
4.256224186561915701e+01
4.074771862358789321e+01
4.235077451468823995e+01
4.046471545704939388e+01
4.198924799283582843e+01
4.068197456491244424e+01
4.474565537565957385e+01
4.555448044065322932e+01
4.997299531925563798e+01
4.334449643861672996e+01
5.053494964351243368e+01
4.265287302576104622e+01
5.012633963642495871e+01
4.187373411993057459e+01
4.987739189383295013e+01
4.324072041115946519e+01
4.520228266333516132e+01
4.601197460860090160e+01
4.563714462795173432e+01
4.451078278151232581e+01
5.050372148224796121e+01
4.881044747218690816e+01
5.315334933838037301e+01
4.649232893510468045e+01
5.346248120585205754e+01
4.551601245567692189e+01
5.245661382783946181e+01
4.527013519285146259e+01
5.175338583636263934e+01
4.434852451583198274e+01
5.100113122976174651e+01
4.377929398153465002e+01
4.984906870702985771e+01
5.265847898407579919e+01
5.122777047062032096e+01
5.349990340146887746e+01
5.133969640728980721e+01
5.149412041456398725e+01
5.104566982732891489e+01
5.074568294405084146e+01
5.031258453877371295e+01
5.024969940340785257e+01
4.976285660156777624e+01
4.950617345566710981e+01
5.443951400670464125e+01
5.261964435910488191e+01
5.617640390510740644e+01
5.062416819895015863e+01
5.615650844816773457e+01
4.939077025050229253e+01
5.519365034031854123e+01
4.959704738138521662e+01
5.473912697166846897e+01
4.801928825297083847e+01
5.367579608923388435e+01
5.737802554519200271e+01
5.386686533124927934e+01
5.638700007195213715e+01
5.371962622900290540e+01
5.567974744016097333e+01
5.286863413580109494e+01
5.453365080222194194e+01
5.281916738545046286e+01
5.309382224717973742e+01
5.156383869449875590e+01
5.244246394745165674e+01
5.675607394076797618e+01
5.452003146612348417e+01
5.612241682666891762e+01
5.403776249643843244e+01
5.491914351804604166e+01
5.296589134300187851e+01
5.449908745793147347e+01
5.227514740283895378e+01
5.318277282549603768e+01
5.108348133552605219e+01
5.541587314389547458e+01
5.537121398205066214e+01
5.660775000409884683e+01
5.251614995817055132e+01
5.766388399909078544e+01
5.275986832059616205e+01
5.691991922294450035e+01
5.023692885195303859e+01
5.544680972970172661e+01
4.921222151889242724e+01
5.424439452912461235e+01
5.726159882325829642e+01
5.198015234742675972e+01
5.683690241696933754e+01
5.008561725776409901e+01
5.584821457023137015e+01
4.956262246868217147e+01
5.435924066505161534e+01
4.751904806923192126e+01
5.328395233601150238e+01
5.470579017990377935e+01
5.781028999423580927e+01
5.213498245787811669e+01
5.620150414358617752e+01
5.063881786096305859e+01
5.471346658563052046e+01
4.947350609663919130e+01
5.328548439898658984e+01
4.769551185848933272e+01
5.176008459148644647e+01
5.401740543021647767e+01
5.532767671268550203e+01
5.244734294926688989e+01
5.450741322787711596e+01
5.088483778019444514e+01
5.298031648144640116e+01
4.951778472955631116e+01
5.144204469871600338e+01
5.358287174768251049e+01
5.641034078653160577e+01
5.129448579251943130e+01
5.386369602639032905e+01
5.074225413195592438e+01
5.320971532945815596e+01
4.857743641167170523e+01
5.110810612135324504e+01
4.703614571054585980e+01
4.973278838929642376e+01
5.204530706206205082e+01
5.359412542846990135e+01
5.033965391272576539e+01
5.259744661408242905e+01
4.768516654425647516e+01
5.092261919700349182e+01
4.579163134211019326e+01
4.889535609550731721e+01
5.065966957316388175e+01
5.253614262074214025e+01
4.751296351577287425e+01
5.057396615448327282e+01
4.655860497111181928e+01
4.920887301708948769e+01
4.440434257773453197e+01
4.730621691385239558e+01
4.937522963952723387e+01
5.071679545028845126e+01
4.883372660152738121e+01
5.031411957250798395e+01
4.523104013491569475e+01
4.795978846573607512e+01
4.427303474518992488e+01
4.629774573317727970e+01
4.875083301436524863e+01
4.949035574950893590e+01
4.797800841273638639e+01
4.880603835356582465e+01
4.528944716479365695e+01
4.654786146935340696e+01
4.395174923489310714e+01
4.553312820084324386e+01
4.848219876824469310e+01
4.828837054175025401e+01
4.639738478098563235e+01
4.670856215494620045e+01
4.507403091293438280e+01
4.535476822857669532e+01
4.267728347043539827e+01
4.562766837103659157e+01
4.578795590186547315e+01
4.908997568979911108e+01
4.346671323755761307e+01
4.715170341392045117e+01
4.229134639842248333e+01
4.608120008755710728e+01
3.979728609885059853e+01
4.379404398495081807e+01
4.468244123241158405e+01
4.668598536119103670e+01
4.292734184887240900e+01
4.672340823802537102e+01
4.001590050164639933e+01
4.439179848239368198e+01
4.720745488957137326e+01
4.422334556921925497e+01
4.462457656233502234e+01
4.326689346090416421e+01
4.232368487296086812e+01
4.101526785721569723e+01
4.168973745397734376e+01
4.010661464510411633e+01
4.319268343189445147e+01
4.587649043239626678e+01
3.932661857059625277e+01
4.315577848091000845e+01
3.949807249912657880e+01
4.235519519429980306e+01
3.570680458478604891e+01
3.991593435358431208e+01
4.287248916144032762e+01
4.114057079687390228e+01
4.105729242760338593e+01
3.875338922531749120e+01
4.031958304134618487e+01
3.787714241238980861e+01
3.742096871091134602e+01
4.090055249401756754e+01
3.974710249499767656e+01
4.075367692472814696e+01
3.784018981179281127e+01
3.857406914992318292e+01
3.608236505052479970e+01
3.753542484929245404e+01
4.096098633413981815e+01
3.669200803288139667e+01
4.086635081166388517e+01
3.269770259181623828e+01
3.834911467228798188e+01
3.195918234461380436e+01
3.667148119584823718e+01
3.829526341182067029e+01
3.937064913211114714e+01
3.614699345262550878e+01
3.697439573705658944e+01
3.413085092669260945e+01
3.567913931588348220e+01
3.819037769760745249e+01
3.935380810342643798e+01
3.541205097220037601e+01
3.699758953845518050e+01
3.352419720406419401e+01
3.555969502918539860e+01
3.161640658133794801e+01
3.393189562467064491e+01
3.563955116378286903e+01
3.690736298862378817e+01
3.402611410979241668e+01
3.594713718022445903e+01
3.185829594790043728e+01
3.352358507517661224e+01
3.580379563264446574e+01
3.698090579353010554e+01
3.384752954981636464e+01
3.619494737131167739e+01
3.114306905270158055e+01
3.344778029326585056e+01
2.977094967395912306e+01
3.194470276778907092e+01
3.377787495498721881e+01
3.540373701864830736e+01
3.183247931711917289e+01
3.403405750548978403e+01
2.902257992312996393e+01
3.156960682019099806e+01
3.303396001565068474e+01
3.503129510355240939e+01
3.327442618714797362e+01
3.364010675128752581e+01
2.974832466641080586e+01
3.287493504300979197e+01
3.352494194739728783e+01
3.589922960088370729e+01
3.099589606643223050e+01
3.446821251103361305e+01
2.877489119425262487e+01
3.228791617541449455e+01
3.252392719813216360e+01
3.540131881232807132e+01
3.205196460765338884e+01
3.535696724072043651e+01
2.867700110660290136e+01
3.293535240877998405e+01
3.300482346018040403e+01
3.618086972535530776e+01
3.019034976427058226e+01
3.472114513252898149e+01
2.835954616198707612e+01
3.303753548075481206e+01
2.685630052471303486e+01
3.162548878072881209e+01
3.109361667217984859e+01
3.467660607431215425e+01
2.735634830432945463e+01
3.290663375793018020e+01
2.664308374160721016e+01
3.174462621333672985e+01
3.345563172466165724e+01
3.265972587789661219e+01
3.172365769430261295e+01
3.099044423274177618e+01
3.061507986763621858e+01
3.373067053618252942e+01
3.280435183055231363e+01
3.636094660257181488e+01
3.007916617258663905e+01
3.312074717814363112e+01
2.921294757692751887e+01
3.304872061923369841e+01
3.597103277948053091e+01
3.103436722294573258e+01
3.454486048179680324e+01
2.966510287910985255e+01
3.327162062862361580e+01
3.624208642860538276e+01
3.336478092257335248e+01
3.708765086151257862e+01
3.118139397191092854e+01
3.502201729880142977e+01
2.886091484483830882e+01
3.295876204245834629e+01
3.589708346036900366e+01
3.232583386618122745e+01
3.540717006428511127e+01
2.825364934783734228e+01
3.377401524782425213e+01
3.650329417450845426e+01
3.535468013493945705e+01
3.357635885022266820e+01
3.576726382670361915e+01
3.101191692666269617e+01
3.499072997985064859e+01
3.617064333573971879e+01
3.756241260820594619e+01
3.199921969732280758e+01
3.629395573085642468e+01
3.134305198927989267e+01
3.445538886763188202e+01
3.732342984478551529e+01
3.651739802583700367e+01
3.571868387981605508e+01
3.701445644394395629e+01
3.085186275181605353e+01
3.485842608151578759e+01
3.651663685681883464e+01
3.901602254673084502e+01
3.299632908089519390e+01
3.686293393393040674e+01
3.096999648909352842e+01
3.497803693822458371e+01
3.652326409502672533e+01
3.848503208646101115e+01
3.475097118349523129e+01
3.772093506712089805e+01
3.258795511986140525e+01
3.559829083778627279e+01
3.727787520496450213e+01
3.906488573253809449e+01
3.632427583672023985e+01
3.822488304823100691e+01
3.379761356859430776e+01
3.610745673618738039e+01
3.807030651685292355e+01
3.955815397469226014e+01
3.739025678094439797e+01
3.892831986523332688e+01
3.398544724573088871e+01
3.672738488034002557e+01
3.909757637604333524e+01
4.007853063490139789e+01
3.800182751657251146e+01
3.934205505041678208e+01
4.210147328949197743e+01
4.243823379536504348e+01
4.060016093485233313e+01
4.138729398810778548e+01
3.776606316806974206e+01
3.931293982422027966e+01
4.239660150052529275e+01
4.291471490319671034e+01
4.038466026214909022e+01
4.088724819608161454e+01
4.164406473028084577e+01
3.852027509731600929e+01
4.239145021046930850e+01
4.361581569031685035e+01
4.209425829754513160e+01
4.207277125650763594e+01
4.003170804360630797e+01
4.403067719526658408e+01
4.287820323690315405e+01
4.680249340854158646e+01
4.024794179480281997e+01
4.468874269991025017e+01
4.760339265122683372e+01
4.544755588135740254e+01
4.591618190028570012e+01
4.470338917094006348e+01
4.357651481870748711e+01
4.261385463053434819e+01
4.660454772044198535e+01
4.850846075025422977e+01
4.312980579011861693e+01
4.776030926193832471e+01
4.061793327459134417e+01
4.566874541703113266e+01
4.894699981462511573e+01
4.499498812270064008e+01
4.720483357781871092e+01
4.386788544299709969e+01
4.612542354032853353e+01
4.913708395619502767e+01
5.021720244529404908e+01
4.495842822156552643e+01
4.863157589732024633e+01
4.373543242541830267e+01
4.802576554435609069e+01
5.081583412357575469e+01
4.545115892438305139e+01
4.935058768435551002e+01
4.474021454247362328e+01
4.866103008406890496e+01
5.128786785444446394e+01
5.109789858894551173e+01
4.800138696796441451e+01
5.002050086290793018e+01
4.610628654552492378e+01
4.944202376084777484e+01
5.058446439817277707e+01
5.217648258566193675e+01
4.856109958428374540e+01
5.024832652915206666e+01
5.298485068299404332e+01
5.381137265131235381e+01
5.045954900801280019e+01
5.267648318963214393e+01
4.832126839509890459e+01
5.129882206749354623e+01
5.268026966172498504e+01
5.417363534998568042e+01
5.027715623578890103e+01
5.246361378692225941e+01
4.837054268674643254e+01
5.081392492544013351e+01
5.257365194409055675e+01
5.438873101382479547e+01
5.038178607761786054e+01
5.306114144797712129e+01
5.435878152911831762e+01
5.683448944768423416e+01
5.191857212114323517e+01
5.495530541393705448e+01
4.975719649603438910e+01
5.286959373236318527e+01
5.403722801981885482e+01
5.655009439683944805e+01
5.349788726062686095e+01
5.543897518233713129e+01
5.825267376112469719e+01
5.795475206964007242e+01
5.398014223557569835e+01
5.572323392591201241e+01
5.297771976441876518e+01
5.504083596557548930e+01
5.551965856527370136e+01
5.854734911850787427e+01
5.499329604525506454e+01
5.773073691325585344e+01
6.068711088245045460e+01
5.811899189355160189e+01
5.916857816908526502e+01
5.767772836926753399e+01
5.449166667649807039e+01
5.742956971165932600e+01
5.847892561660240318e+01
5.912933823838426406e+01
5.610588671434742736e+01
5.554312387386978145e+01
5.885057125790196153e+01
6.207984876519211070e+01
5.605543246756665354e+01
6.046138713320175384e+01
5.439001892659373993e+01
5.883798931010939270e+01
6.194063018607421611e+01
5.872374312728053525e+01
5.917231822999856661e+01
5.729351308011900556e+01
6.109084771102315869e+01
6.130516234254905328e+01
5.913987568416593632e+01
5.902312317262880725e+01
5.683237663165944298e+01
6.063858661701392094e+01
6.128174675282109973e+01
6.190663727776845349e+01
5.671164276305487562e+01
6.067208302620605309e+01
6.239688614910205189e+01
6.397055205926506716e+01
5.769680081775963032e+01
6.182307296031159893e+01
5.621234696286771992e+01
6.002949055746100981e+01
6.228748388010455983e+01
6.152011330848047521e+01
5.822935644586372916e+01
6.002512589717373004e+01
6.242531998279238792e+01
6.389235296677797038e+01
5.964983061650599439e+01
6.116506096402349613e+01
5.713083931494986700e+01
5.951429966645214620e+01
6.064168494836124523e+01
6.279553466275336149e+01
5.644873016484816475e+01
6.039270152957317350e+01
6.165085880641026961e+01
6.360218799614095531e+01
5.757235128225080700e+01
6.099272107488778261e+01
5.541180085184348769e+01
5.863235090556462126e+01
5.984636627791842045e+01
6.142900583796899383e+01
5.731164910740293550e+01
6.015480756691949438e+01
6.181030554767353635e+01
6.299421871941891027e+01
5.719888565460430385e+01
6.018596791773804000e+01
6.223794380675785476e+01
6.293192610483453109e+01
6.234444484340610870e+01
6.211044260160270625e+01
5.711920483365851453e+01
5.926444356045705320e+01
6.173303025026532964e+01
6.181306428754985660e+01
5.998562625099547319e+01
6.361879962903145014e+01
6.323332651606780530e+01
6.030038658367174520e+01
6.090844895653436453e+01
5.973905889369432742e+01
5.960817874691218066e+01
6.244316443356789392e+01
6.162650854017789470e+01
5.905196999480805431e+01
5.896712700535667295e+01
5.926101818936110277e+01
5.960770496555353759e+01
6.257135641352344635e+01
6.048866201315920677e+01
5.830861258076327402e+01
6.040351786439745752e+01
6.133443202047536147e+01
6.011189756514917093e+01
5.928249491346662126e+01
5.758694526237498224e+01
6.111632296833389688e+01
6.338695235854065402e+01
5.770077764613285609e+01
6.099184765150672405e+01
5.619209718308406565e+01
5.962924775154136370e+01
6.219893907680790335e+01
5.708321319159790619e+01
6.041701085401973614e+01
6.289465400357885017e+01
5.938223540272430512e+01
6.279792602849446581e+01
5.610503597069710224e+01
5.984123015245408084e+01
6.222747437020718309e+01
5.832390291554108330e+01
6.044233541559366785e+01
5.543136991084089260e+01
5.799472407980745459e+01
5.998774026037109763e+01
6.047700235905145405e+01
5.665648809656926943e+01
5.856370277415357606e+01
5.414169908423840383e+01
5.644913253568309131e+01
5.761754763111657240e+01
5.871662650483448687e+01
5.290497710975598267e+01
5.610717454642477975e+01
5.750198045795975332e+01
5.869406291220882821e+01
5.417761534491069852e+01
5.565638459672940996e+01
5.751468234371442634e+01
5.858191210193403009e+01
5.496050687885927033e+01
5.715900094995913605e+01
5.840192051505229642e+01
5.888811069596302872e+01
5.480873943826570382e+01
5.626701911951074919e+01
5.182824842169511470e+01
5.354954476077270442e+01
5.530821525330951260e+01
5.581847935192435983e+01
5.412818258505792102e+01
5.663238401193176230e+01
5.674710281570660442e+01
5.702761539073610209e+01
5.412353306143711507e+01
5.532195259123957243e+01
5.612431742889481256e+01
5.775625558755231026e+01
5.193999853771115482e+01
5.414928007111724639e+01
5.235789878180373336e+01
5.501165930450707720e+01
5.449023103803764201e+01
5.233085890638463411e+01
5.210672790630376028e+01
5.469281419379245790e+01
5.456952777551398981e+01
5.520791169808155985e+01
5.181029563010987005e+01
5.317927238172246263e+01
5.554882287227493975e+01
5.342614347507728922e+01
5.184875441686546793e+01
5.062108048728459408e+01
5.365929931989237645e+01
5.486797338401009227e+01
5.133991626753648774e+01
5.340141437522594003e+01
4.689022110113646846e+01
5.081013247586548687e+01
5.324912095386929423e+01
5.046763509021060656e+01
5.048546613883818424e+01
5.359650169307045076e+01
5.096587298388947573e+01
5.288336590907491086e+01
4.675701071945579201e+01
5.093566784493911115e+01
5.316744990173423702e+01
4.879146780530992089e+01
5.206516988000561241e+01
4.516803526379955969e+01
4.953786637387947422e+01
5.081582993738688003e+01
5.217213315299080989e+01
4.530675313480681154e+01
4.941440297500283663e+01
5.137364861928756454e+01
5.123481135525496200e+01
4.718930275564025578e+01
4.896047001265899468e+01
5.079660428901542701e+01
5.148302650296849947e+01
4.741745431336245531e+01
4.839070439797199441e+01
4.470835294203492083e+01
4.643216883483630397e+01
4.736625715540117909e+01
4.887843418434960796e+01
4.430733319755982791e+01
4.634600163536628514e+01
4.752493763669752980e+01
4.894928411571476090e+01
4.432045043313331689e+01
4.587455343836440846e+01
4.703772244111436152e+01
4.869538496444666009e+01
4.493340120140095451e+01
4.697044605282912499e+01
4.795617180025658399e+01
4.952270098905221829e+01
4.658635812731867532e+01
4.796538162226707414e+01
4.951112804840377635e+01
4.884226478595771681e+01
4.542593414443883404e+01
4.648218882229924276e+01
4.303054563297171597e+01
4.411299959236312418e+01
4.620225633013388489e+01
4.610281430958660565e+01
4.569334725498795535e+01
4.568423277191405418e+01
4.811882884722435705e+01
4.730449799614316930e+01
4.399757867929131550e+01
4.422857895687600660e+01
4.674161929049451913e+01
4.701088700918172236e+01
4.636691880883855532e+01
4.522691987153960724e+01
4.813634314215072152e+01
4.886490919541191857e+01
4.426615552990741520e+01
4.741562679739728026e+01
4.988611813023457131e+01
4.727697858966508448e+01
4.652788541626393481e+01
4.496541678590141800e+01
4.423027194626175884e+01
4.777141880583682365e+01
4.505139852404221301e+01
4.819958176147110152e+01
4.152328892216669942e+01
4.514803170828344037e+01
4.767470062091378225e+01
4.449778262027229658e+01
4.506807025512043197e+01
4.292315527683940957e+01
4.531428035718280967e+01
4.616557994633356543e+01
4.703516583560490716e+01
4.141619449683452814e+01
4.404442908804863066e+01
4.638793067825000094e+01
4.805020505989059387e+01
4.257622516323105799e+01
4.534821804509731891e+01
4.750370906798028869e+01
4.751625421678558325e+01
4.346606488828506087e+01
4.505809662095790458e+01
4.745387390338691347e+01
4.814171478375286028e+01
4.376597639175857779e+01
4.524018763447677571e+01
4.736737125259717374e+01
4.864705051362789590e+01
4.427233362507841719e+01
4.692017782278801263e+01
4.809067328802380814e+01
4.952767033319360479e+01
4.529945678154291500e+01
4.700261920047593378e+01
4.845896187425924495e+01
4.955891472933691233e+01
4.740329769247259151e+01
4.816210303384421110e+01
4.368641544772294338e+01
4.516070326944997504e+01
4.696982383247188864e+01
4.790201034547239090e+01
4.358971507369635390e+01
4.535651511954917936e+01
4.724600804729729475e+01
4.779813603047585957e+01
4.724344356508535014e+01
4.780875191008585290e+01
5.016541669496695022e+01
4.965408631947500595e+01
4.558471548920896055e+01
4.674587923710511461e+01
4.932842625633232103e+01
4.879539070061895245e+01
4.846029723859774663e+01
4.807534601896763604e+01
5.083746536134787419e+01
5.062911777587834905e+01
4.842299385344749396e+01
4.809005624605568130e+01
5.119927758270534213e+01
5.197761009651389230e+01
4.544022222924698440e+01
5.033206093417906146e+01
5.281648084585788183e+01
5.042147452300796573e+01
5.210341809216163256e+01
4.778877985885654311e+01
5.169271285107900837e+01
5.423936859013113576e+01
4.709329118463886488e+01
5.194374845646820660e+01
4.533368952683805730e+01
5.004613430340835123e+01
5.267184081889286063e+01
4.828867425049549666e+01
5.102873793090866172e+01
5.399294282448916249e+01
5.055102715456475693e+01
5.314017428071441174e+01
4.928253247263625525e+01
5.201990461548073341e+01
5.296694038342245392e+01
5.286222574808059704e+01
4.967350941180928459e+01
5.232392177030837388e+01
5.456742858539531227e+01
5.172527166471795823e+01
5.402196035053103174e+01
4.630476420379373792e+01
5.100850456841847347e+01
5.298679151173045199e+01
5.315285406856974504e+01
4.865991516843202191e+01
5.132146998241364599e+01
5.211306007034496446e+01
5.435261606382400146e+01
4.755052512525651309e+01
5.128352110961557031e+01
5.264425495020832813e+01
5.404609443800463708e+01
4.810731196552153222e+01
5.139356786469764415e+01
5.247838306841565270e+01
5.387609540355678206e+01
5.281682146036335013e+01
5.450243247913129352e+01
5.612365402090363631e+01
5.604651961146741712e+01
5.144544908373540437e+01
5.290738275280380520e+01
5.485554245001763007e+01
5.521893903007860871e+01
5.468619834155614257e+01
5.203917077611482966e+01
5.448040955199227398e+01
5.485432996123302729e+01
5.647943101852188619e+01
5.104179989649647808e+01
5.391234068992566364e+01
5.384714859527941400e+01
5.630605635906201201e+01
5.346434807335307937e+01
5.673059705725626856e+01
5.609951082924023780e+01
5.403113942019045624e+01
5.339757594466844637e+01
5.640748763683962608e+01
5.741209602401861645e+01
5.510871294323870728e+01
5.451741042561435080e+01
5.787102334898472122e+01
5.551574267075253744e+01
5.886819473150914206e+01
5.225473303101078670e+01
5.621288381361880226e+01
5.869705615944764077e+01
5.568546017287368954e+01
5.574225367206812365e+01
5.908052942835671928e+01
5.601289813702555875e+01
5.897807890496885364e+01
5.248591003054320225e+01
5.619384272266954383e+01
5.865162893617046080e+01
5.587482302117037847e+01
5.646465509338043631e+01
5.331747759620643734e+01
5.672820778232031813e+01
5.686116023251954488e+01
5.798144317497354905e+01
5.996204017789332141e+01
5.973371356638462970e+01
5.715834333119568100e+01
5.800562958000411840e+01
5.399578319427269690e+01
5.636270952001423495e+01
5.734382864961599324e+01
5.850212615919702586e+01
5.169606502921003965e+01
5.521102856044952745e+01
5.686658415413192103e+01
5.767096399315450128e+01
5.360463184433390182e+01
5.555506702192706570e+01
5.668333030959908569e+01
5.811741954745350824e+01
5.245055671443920176e+01
5.519916854283834340e+01
5.670514959039900305e+01
5.746954148316109467e+01
5.475723243790131534e+01
5.606313581078666886e+01
5.756232073463434062e+01
5.826010993188037190e+01
5.367631583542650731e+01
5.657743334768891685e+01
5.679120227390234277e+01
5.848912296666045307e+01
5.303055234990707589e+01
5.554894289222008297e+01
5.559164281674841135e+01
5.797907789422200153e+01
5.688843841273274649e+01
5.958563330984558348e+01
5.875019365165329788e+01
5.556918661046705665e+01
5.589056323866897458e+01
5.847890926290603630e+01
5.845244662215255715e+01
5.938433530393761117e+01
5.546329759767832712e+01
5.743301466489775464e+01
5.953558553661818564e+01
5.757331917547954703e+01
5.561762130672101989e+01
5.891334770233291351e+01
5.666786228542290615e+01
5.979380563921917968e+01
5.478351482391811089e+01
5.777195974649211507e+01
6.014003255321555486e+01
5.670001142745128675e+01
5.718063267015545392e+01
6.015499913588603675e+01
5.720432615094145490e+01
5.824543246838582888e+01
5.522388568739236092e+01
5.464461772460828826e+01
5.785561406501519599e+01
5.546476543560927297e+01
5.841283401081942372e+01
6.071918912374547261e+01
5.633926431463715545e+01
5.934295252647425656e+01
5.352329709260443025e+01
5.704415024120643096e+01
5.831865943409162156e+01
5.766471474845407386e+01
5.435580983120297560e+01
5.682150306466519396e+01
5.761489182309076540e+01
5.894108748526404185e+01
5.192352278456524317e+01
5.581827570276428219e+01
5.724957067432057300e+01
5.815596026249127704e+01
5.394239315059409989e+01
5.576984116506437772e+01
5.659769880095643657e+01
5.793015163895493203e+01
5.378233765566739777e+01
5.539190829186833298e+01
5.679747972734019612e+01
5.791535572891386607e+01
5.432291161421468928e+01
5.585068024134911724e+01
5.743716363747373066e+01
5.790962581421459987e+01
5.399442785544623291e+01
5.547243946653155433e+01
5.708535850506351039e+01
5.742211897837370316e+01
5.296431681708564554e+01
5.401215533505992994e+01
5.606332916953647327e+01
5.596906918526653385e+01
5.760922897907470741e+01
5.198825811816127640e+01
5.496493070488129007e+01
5.447870893659177938e+01
5.695360578992087852e+01
5.393760301802811341e+01
5.670680986089408293e+01
5.586385748362511805e+01
5.630807831150310960e+01
5.853163839135019231e+01
5.659578473462422465e+01
5.868040093709051064e+01
5.260592751074765516e+01
5.664148776533401275e+01
5.907291605938199552e+01
5.643544227345095265e+01
5.569875904349522955e+01
5.907638065473649647e+01
5.632825167201867345e+01
5.938336573697880993e+01
5.035840356759908332e+01
5.607697763211839970e+01
5.856230958042289814e+01
5.534895299896845700e+01
5.597697780689492930e+01
5.897039368212826815e+01
5.782589102303594331e+01
5.875480286901462534e+01
5.506775151772781385e+01
5.469001490194364123e+01
5.801486454947425386e+01
5.440444349098834209e+01
5.697679595108426298e+01
5.824825485826240623e+01
5.909787662045317802e+01
5.517883879685084025e+01
5.609775562065890853e+01
5.802494818004491606e+01
5.976478678464609118e+01
5.284669987878015718e+01
5.679552356953124814e+01
5.835201282556869273e+01
5.928097169649819165e+01
5.453722896472167037e+01
5.685246836826921424e+01
5.774553642837794598e+01
5.903376855370595422e+01
5.505624900298406033e+01
5.714003345332228179e+01
5.795311458617943856e+01
5.971009662117288741e+01
5.445361768424524485e+01
5.672148647639757968e+01
5.721301297441931411e+01
5.894905128122798743e+01
5.735942695231650390e+01
5.395704827091713440e+01
5.516242215912410529e+01
5.705435302005433584e+01
5.723994972695692240e+01
5.367239085332969495e+01
5.473471575037900294e+01
5.693629201001036222e+01
5.675046891380765857e+01
5.622977158085004135e+01
5.616972377225909696e+01
5.876002230752344957e+01
5.766230121243071238e+01
5.411934631412654539e+01
5.498893916457848263e+01
5.768632716979468000e+01
5.636863219775527512e+01
5.721133970742118890e+01
5.746749643833448573e+01
6.028349128226512477e+01
5.715789241117459341e+01
5.657428409382293921e+01
5.924683767378195398e+01
5.684340144315468990e+01
5.972454435027647435e+01
5.206060120542111491e+01
5.669025925966894874e+01
5.921365222760855573e+01
5.621189663072076570e+01
5.684603450890271148e+01
5.997683137280716181e+01
5.694576429996642020e+01
5.862298956837479835e+01
6.136253287602530548e+01
6.000326754673882590e+01
5.940261922469154854e+01
5.637138773320397434e+01
5.966552704053822964e+01
6.023559467334994366e+01
5.720953787002503788e+01
5.755159857924434164e+01
5.977207287168759819e+01
6.183498061528172940e+01
5.698520818516288955e+01
5.907390541377142057e+01
6.076540902045333326e+01
6.253959277301390784e+01
5.653195901311144667e+01
5.914213139151487297e+01
6.040980564321815649e+01
6.166717308348571436e+01
5.559781880952055388e+01
5.846768448397669005e+01
5.972522195672296874e+01
6.101732199609226370e+01
5.689730736515279830e+01
5.890082762532986038e+01
5.981954866753277145e+01
6.144323152952787126e+01
5.647491423964725499e+01
5.857426765087092235e+01
5.907623709162282211e+01
6.067909003780545163e+01
5.934284605201370510e+01
6.165444660428361345e+01
6.197102044634767282e+01
5.832627118720778014e+01
5.939489970892444859e+01
6.144202169421826909e+01
6.138213519287073439e+01
5.937312371804821254e+01
5.944477468820400645e+01
6.186500499401835640e+01
6.109892404059618087e+01
5.762346869878888356e+01
5.779439654935985260e+01
6.035818191494993101e+01
5.987501160147035506e+01
6.202797778336469037e+01
5.587054398430897351e+01
5.904604038839514857e+01
5.913921278353959110e+01
6.095540233745182235e+01
5.460744969516785829e+01
5.797051991486833344e+01
6.061898546919932329e+01
5.803250575013917256e+01
5.954622808583177829e+01
6.221122542228950181e+01
5.917353125827862215e+01
5.953166045698348086e+01
5.695365634366913099e+01
6.004845998138556240e+01
6.130043800665168874e+01
5.685999648954762620e+01
5.942105650692685259e+01
6.169246495509772643e+01
5.788279024218844881e+01
6.073375174995356218e+01
6.285722906475565708e+01
5.820451661546846367e+01
6.175717789815631420e+01
5.491807205239147294e+01
5.824482855325926778e+01
5.940844149638834182e+01
6.101168449901240365e+01
5.500419763597192713e+01
5.775963276106474353e+01
5.947243433379470900e+01
6.013593032981768260e+01
5.562724499216038510e+01
5.741900650500081582e+01
5.822107233697911255e+01
5.965587898774643349e+01
5.445646886925744923e+01
5.655223472739308477e+01
5.749726364790125643e+01
5.861527192903032102e+01
5.571194181582231408e+01
5.720959377490540021e+01
5.811217345434169346e+01
5.930921818414753943e+01
5.447962317181899294e+01
5.586864780191432800e+01
5.658613465172621204e+01
5.799224399281187203e+01
5.920078687399157502e+01
5.906599364737503066e+01
6.025487699809267639e+01
5.490495009373936597e+01
5.728126153200214077e+01
5.691933996606348956e+01
5.927341270054020583e+01
5.601401521015278462e+01
5.899451307733933447e+01
5.801788277182594555e+01
5.913444757947033281e+01
5.568991955834760432e+01
5.819443119857901081e+01
5.705829863627088372e+01
5.876767466465020107e+01
5.436829760558624969e+01
5.681790722474381994e+01
5.747534653874134136e+01
5.631781197468212952e+01
5.916566457104359245e+01
6.114062081785858993e+01
5.467985379519461020e+01
5.778669032917255777e+01
6.017517195340529668e+01
5.727665320781792246e+01
5.821531461554906883e+01
5.528274227991519751e+01
5.824621786898836717e+01
5.822647982784264542e+01
5.527939209050307312e+01
5.469381971869856329e+01
5.771017308606201368e+01
5.628011135758514882e+01
5.846372558976020173e+01
6.071218058809240858e+01
5.482852508040110706e+01
5.875349022542638266e+01
5.069869502901984504e+01
5.527625134727665568e+01
5.643606350590898302e+01
5.814184619211096816e+01
5.120778948741242687e+01
5.506323296166792147e+01
5.676308611502388857e+01
5.735497649805061826e+01
5.277813737045737952e+01
5.461339210098255137e+01
5.536237904740276861e+01
5.664628784801321615e+01
5.191830938192012468e+01
5.436473670501231226e+01
5.537231819186034443e+01
5.669307310786049925e+01
5.773323634480468769e+01
5.880918156078801928e+01
5.360614463348221648e+01
5.504595622366218066e+01
5.615439155931901638e+01
5.680301150818358025e+01
5.738636873985496578e+01
5.255925812174395162e+01
5.379805404811197178e+01
5.547196784732890507e+01
5.559452061595702332e+01
5.314068509033405263e+01
5.379346393164821905e+01
5.581062918016774432e+01
5.547939463510354585e+01
5.229748353644919945e+01
5.291484909489261668e+01
5.520543227911014128e+01
5.440493632454039385e+01
5.426332554039301215e+01
5.399808758882264215e+01
5.650001511854434000e+01
5.484784354378410853e+01
5.750381759444677954e+01
5.947066903786945602e+01
5.161450933834617416e+01
5.577266530776061870e+01
5.825895661125312586e+01
5.581593125801678212e+01
5.799822996804893904e+01
5.020178350640566123e+01
5.494660297140566030e+01
5.704322307026029648e+01
5.407700428163181527e+01
5.483932912486991995e+01
5.771228397333117499e+01
5.464820483346392876e+01
5.537029615533261051e+01
5.823785145142382902e+01
5.738763308405012253e+01
5.644421048367743765e+01
5.325854064617337258e+01
5.655096406075616500e+01
5.591400863222190765e+01
5.573707111291298588e+01
5.449364820354541905e+01
5.701573303890486244e+01
5.823335922109288987e+01
5.403734029550443552e+01
5.438599115045344234e+01
5.640275710659889796e+01
5.813981424712785184e+01
5.151926019580174199e+01
5.517029625002439985e+01
5.657328389917839928e+01
5.756300997331094749e+01
5.275298705784543785e+01
5.492925005969339480e+01
5.571632655823220404e+01
5.700609329706285422e+01
5.327497991250282894e+01
5.502344724402961162e+01
5.651332317504056135e+01
5.739998687187317472e+01
5.262372556071218099e+01
5.482761052740361407e+01
5.523458990162351512e+01
5.692004914155095463e+01
5.459109646287856066e+01
5.684487058363686884e+01
5.708812103555446527e+01
5.762046214320599802e+01
5.145556809890409511e+01
5.473700867932793557e+01
5.475096173119182197e+01
5.697850565393871847e+01
5.759420533084185223e+01
5.939783937485314880e+01
5.518944449198989588e+01
5.802798968039592609e+01
5.975206259709867140e+01
5.778360982809732604e+01
5.593022470182221895e+01
5.524310843629556445e+01
5.811198767121066311e+01
5.911952800400938202e+01
5.621080837022995524e+01
5.780283756251785121e+01
6.050657685904364769e+01
5.790820783502849167e+01
5.663165592124775571e+01
6.017951321086182759e+01
5.725661385002264581e+01
6.053045232857705571e+01
5.306516024404646004e+01
5.751129245216429808e+01
5.997495434838806716e+01
5.653761852436643665e+01
5.695721539563140823e+01
6.002621814743681483e+01
5.870335725658539872e+01
6.037453954634185749e+01
6.295802724286350127e+01
5.587510382650289387e+01
6.053464144205369735e+01
5.414185794400245300e+01
5.720371272056603829e+01
5.919285731894154878e+01
6.000742494119704418e+01
5.598176422180937095e+01
5.796677768397859865e+01
5.849359535241702446e+01
6.028783709544028824e+01
5.512703068337101797e+01
5.762748155471562228e+01
5.832563692801790012e+01
5.991666082579521202e+01
5.498803389942678876e+01
5.700941718300217076e+01
5.802306614874432711e+01
5.920984783937053209e+01
6.075633946766406979e+01
6.138261725574050587e+01
6.015190721099932603e+01
5.888560882487445269e+01
6.121424864899967844e+01
6.168747814900011406e+01
5.764292786539225943e+01
5.999241703464702624e+01
6.038928100128691767e+01
6.222249695180922657e+01
5.875663192409204072e+01
5.975380124888836519e+01
6.180616783477419318e+01
6.149594545092648445e+01
5.709991543908916611e+01
6.003978826045598538e+01
5.934961865276624593e+01
6.184017060647552455e+01
5.916748033871863299e+01
6.207783081993806462e+01
6.094828023251690752e+01
5.857582108739712368e+01
6.012711642200339668e+01
6.234996977475298507e+01
6.013483022140608369e+01
6.172893685711963485e+01
6.375916706416241908e+01
6.110377035797123568e+01
6.150189651397285928e+01
5.926792937940613371e+01
6.237954138240625923e+01
6.395581466810526194e+01
5.771689448299308367e+01
6.127378022923421952e+01
6.365633771211281555e+01
6.017423940908148694e+01
6.004719330770716113e+01
5.721220144765770499e+01
6.025075643978959761e+01
6.196964489481693050e+01
5.635189656684595860e+01
6.009778439334659339e+01
6.229918609638320248e+01
5.929536442550057274e+01
6.209207923063627277e+01
6.362157651540123737e+01
6.015231362189221187e+01
6.205564284632853145e+01
5.715903352746087052e+01
5.938780322889297736e+01
6.044170346450850673e+01
6.146441687220569605e+01
6.235839352959189341e+01
6.372064855381021431e+01
5.813865087514173524e+01
6.052845412844249751e+01
6.175360399558149993e+01
6.261734705964796177e+01
5.882905561833088370e+01
6.114294459898526668e+01
6.208993146253398265e+01
6.284214862815416325e+01
5.808769373225000976e+01
5.955286068086233087e+01
6.015453605902467871e+01
6.160955696355098610e+01
5.935406320588532481e+01
6.178788292574466112e+01
6.176644594820928802e+01
6.136949013575184608e+01
5.679905925415268086e+01
5.947033689117780142e+01
5.905064833078090203e+01
6.128986473198575879e+01
5.742169611128723261e+01
5.982791088610764518e+01
5.889233602735411921e+01
6.135837353433217345e+01
6.149300431425412938e+01
6.322236867816513239e+01
5.757071318779671998e+01
6.000417158510406068e+01
6.224935160590650440e+01
6.021302322824998043e+01
6.162995833344800189e+01
5.746378913121878185e+01
6.026786478756881849e+01
6.011354231944054760e+01
6.003541717176430126e+01
5.493029305369805115e+01
5.826176078095591748e+01
6.056532163998922158e+01
5.727407094106181518e+01
6.021150494892954441e+01
6.152778069377715298e+01
5.651267071329706226e+01
5.999732311529124473e+01
6.210385622265987848e+01
5.820761108282727747e+01
6.098582089721267607e+01
6.299427706367072943e+01
5.743245452813209795e+01
6.141232273076084880e+01
5.361619907829791032e+01
5.790381546770683485e+01
5.977753455726403331e+01
5.890140200804359694e+01
5.671582986696099482e+01
5.865768066170509343e+01
5.948174559479153345e+01
5.813138350510658370e+01
5.909272131002355621e+01
6.056755307438143632e+01
6.051348738816936645e+01
5.496051246558621273e+01
5.777290097474045893e+01
5.844313829406804928e+01
5.962663035427070213e+01
5.323914387508595070e+01
5.603895748119909115e+01
5.691413251277709406e+01
5.805985328893487463e+01
5.917243316334500491e+01
5.999437860321213378e+01
5.820141105666705528e+01
5.845503168670958871e+01
6.024279569300480119e+01
6.041287000059169543e+01
5.604119614281181327e+01
5.679143956494986156e+01
5.872093131551687861e+01
5.852236115892857526e+01
5.971357483636418806e+01
5.297196500627961058e+01
5.581197519185526801e+01
5.549330691468564680e+01
5.780082205301533094e+01
5.660038431186436014e+01
5.909627812598770191e+01
5.809707785845386496e+01
5.526233327715389976e+01
5.802450509969866488e+01
5.608238472777201622e+01
5.899462537887794156e+01
5.615990030263275656e+01
5.900746857014196678e+01
6.090438946610657922e+01
5.306095338390947092e+01
5.751147683256445475e+01
5.989652143035286258e+01
5.701253356416880536e+01
5.873375851495725897e+01
6.140528598665839866e+01
5.780116273511028879e+01
5.845176977635530591e+01
5.559262021413431398e+01
5.842305742980395422e+01
5.754049499779807064e+01
5.674909010090846095e+01
5.987557790601629648e+01
6.071204652589829465e+01
5.671796190601798315e+01
5.681220445277362785e+01
5.970404491582637974e+01
6.045032912718230023e+01
5.549121891857588906e+01
5.824283399917539583e+01
5.978680323524400109e+01
6.039140325055038971e+01
5.602544545112346697e+01
5.788033940572957192e+01
5.891305607584724413e+01
5.977311767904199513e+01
5.497269419795019729e+01
5.673622799107620551e+01
5.811939121594236468e+01
5.925253118911688688e+01
5.309671353122922710e+01
5.591064787272086534e+01
5.675038768587629789e+01
5.802665782414715068e+01
5.918997911638100362e+01
5.988723925189371045e+01
6.042696616634140128e+01
5.591546567391031886e+01
5.692625926032241068e+01
5.874689972609736799e+01
5.890589386359690138e+01
5.830385148359048486e+01
6.043221282769284386e+01
6.009216331320362769e+01
5.689036237074410707e+01
5.733157756592932230e+01
5.976589856136659051e+01
5.894171164909673166e+01
5.925534249319444768e+01
5.856370517197426295e+01
6.130578379962263824e+01
5.941632543198880256e+01
5.652500306550813747e+01
5.837420187237187719e+01
5.855801406103321938e+01
5.952384604065670715e+01
5.662738929707929714e+01
5.980184073801681421e+01
6.206297963004905682e+01
5.564168702370116648e+01
5.944673724678734317e+01
6.206445549348757851e+01
5.888962938871088681e+01
5.864350052656379120e+01
6.188338507117271803e+01
5.867544762358143373e+01
6.165727284837223010e+01
6.391070681055467873e+01
6.060308159803714290e+01
6.272899828990473026e+01
5.743695495212739388e+01
6.134384351087626897e+01
6.222248266475433809e+01
5.854419937203844881e+01
5.877979123080722701e+01
6.173583842359818874e+01
6.222201863068769256e+01
5.767514414939854817e+01
6.049085957668658864e+01
6.173719043486707392e+01
6.247537356219675786e+01
5.573236239771097900e+01
5.920885291831526587e+01
6.074383377148028273e+01
6.160598350202048579e+01
5.703438196328768583e+01
5.934881838283566680e+01
6.030511356129823497e+01
6.105799591036340246e+01
5.750481601520610297e+01
5.987176329646501216e+01
6.092072200398565229e+01
6.154534590821220519e+01
6.288627162352952382e+01
6.362841225281469804e+01
5.804866015246042110e+01
5.996170317822991791e+01
6.046356149716030615e+01
6.224901100175824098e+01
6.217488428119230548e+01
5.668685295025127147e+01
5.949012441906133120e+01
5.942420485672754182e+01
6.125313100039326741e+01
6.247398770210459418e+01
6.157158487057536433e+01
6.354012835036737528e+01
5.757283685748247848e+01
6.026286508142863596e+01
6.037893100969288440e+01
6.239873232755149246e+01
6.443113618787626251e+01
6.237966397746516378e+01
6.309588214569627240e+01
6.101213495375630202e+01
6.397750219447665643e+01
6.415317884136543114e+01
5.854729640600677953e+01
6.175611193959136358e+01
6.417262613762497381e+01
6.110436808224368122e+01
6.174009745806285565e+01
6.460034463271094296e+01
6.138838944220214699e+01
6.329164009990438444e+01
5.938251959736239627e+01
6.204070726949881021e+01
6.325056251572202370e+01
5.916323934432958964e+01
6.271426774942379012e+01
6.381266046782202039e+01
6.068792134125472870e+01
6.190988202022045073e+01
6.467034919716205366e+01
6.074986630807541133e+01
6.262265773043913697e+01
5.814572791239724125e+01
6.014680917034567642e+01
6.070694424083665552e+01
6.213553580950173227e+01
5.648095580786575454e+01
5.936486206936368148e+01
6.072821272747549415e+01
6.145465216045737122e+01
6.270904916851708322e+01
6.372863203153628575e+01
5.981975699918819345e+01
6.153111123720977105e+01
6.247810240998973796e+01
6.324775903646096964e+01
5.895184277038596576e+01
6.061610647486548231e+01
6.110705465673418502e+01
6.249733427570286892e+01
5.846417331307712573e+01
6.077350642065182029e+01
6.082213951268344942e+01
6.229134019475004180e+01
5.646171422594503753e+01
5.855296818765812361e+01
5.829236150482459777e+01
6.045995662725925968e+01
6.048759632830012833e+01
6.240065582969013747e+01
6.145763159454201485e+01
5.742891023012769125e+01
5.840695065332347014e+01
6.075907531516580917e+01
5.935597096118709715e+01
6.088279819817817184e+01
6.178796106099034091e+01
6.050922893929561042e+01
5.891642690724590636e+01
6.183587194241983553e+01
5.942067716410316081e+01
6.231452604790553806e+01
5.797258626900785572e+01
6.079452607881146520e+01
6.263326445212017290e+01
5.794954009549289253e+01
6.053651629596396333e+01
6.274623655093191132e+01
5.855839544813263586e+01
6.063908035297736632e+01
6.285581546447459544e+01
5.872335259152844600e+01
6.260761621434532742e+01
5.514551030348800253e+01
5.888030212420328269e+01
6.088974535718831049e+01
5.675593268470943542e+01
5.802169882825114655e+01
6.027763124079571355e+01
6.012102276387697231e+01
5.640970498105064479e+01
5.807454458298361999e+01
5.848984894808933888e+01
6.008597021180852948e+01
5.488040622201297225e+01
5.740530148614545425e+01
5.807800513870778047e+01
5.985484552330830610e+01
6.042956486486483669e+01
6.172099309885129514e+01
5.608940456912102945e+01
5.813511827701422874e+01
5.894187538080257838e+01
6.008797820882033136e+01
5.670786529738111170e+01
5.790544827506121806e+01
5.906327852178589666e+01
5.978172808606953481e+01
5.491911781295699058e+01
5.622435419292901315e+01
5.763835186230495822e+01
5.790771982022136655e+01
5.765745766170607567e+01
5.770291626559230025e+01
5.969293629900614206e+01
5.909856778550779666e+01
6.134020311677476656e+01
6.052379628681676849e+01
5.745708513944257589e+01
5.731251112056025221e+01
5.975841814602944169e+01
5.867955922629216303e+01
5.981492033094593097e+01
5.650115693402055683e+01
5.912823517364434878e+01
5.965166244201762424e+01
5.627934392061743551e+01
5.979054344234018004e+01
6.185925245364858682e+01
5.602383899404235024e+01
5.968556853427108422e+01
6.197158979721830718e+01
5.881391139713624483e+01
5.838036619380967096e+01
5.606862460281798377e+01
5.894506125047853828e+01
6.036636004728352134e+01
5.384221886589545392e+01
5.806713640409702748e+01
6.021482514529088093e+01
5.661793027766511699e+01
5.964951635569799038e+01
6.162316773463939512e+01
5.434390676148494492e+01
5.926074659239609588e+01
6.117766881920137223e+01
6.078895411810994176e+01
5.691892625859242827e+01
5.781483820707126853e+01
5.955395453635329517e+01
6.115573866188742613e+01
5.490585413850662633e+01
5.824228022777259639e+01
5.968173307455155197e+01
6.057803151017559884e+01
5.565983575798651373e+01
5.773479904305788324e+01
5.862802193227945935e+01
5.980830959370208433e+01
5.367813812004994389e+01
5.643162055196587090e+01
5.725668581586428019e+01
5.843091088082165641e+01
5.980267394980920415e+01
6.019861304482313358e+01
6.140957971018049477e+01
5.509917753647287242e+01
5.759275849822609672e+01
5.794789803426326813e+01
5.977218202650468015e+01
5.808988921999997501e+01
6.059426505892727022e+01
6.023807100805942127e+01
5.699746819757583438e+01
5.742931351156972397e+01
5.982800375171382967e+01
5.898520445682496671e+01
5.974029016940613701e+01
5.886323256996706021e+01
6.157931191427836382e+01
5.952042464553678514e+01
5.682443679908557499e+01
5.864908741853916041e+01
5.854120237714716524e+01
6.065486613646828573e+01
6.292701599851201877e+01
6.053233501259484228e+01
6.175068474818160524e+01
5.839838373900882829e+01
6.149894348878648032e+01
6.332032887491614304e+01
5.592638652710161296e+01
6.022276711394242454e+01
6.262076500561031622e+01
5.916185279729155155e+01
5.956886632137703685e+01
6.253653111349371585e+01
6.107824416630458586e+01
6.284532082767684358e+01
5.618696145777116158e+01
6.024016188428795715e+01
6.228719550422821527e+01
5.563260131266839892e+01
5.961593519677291653e+01
6.075569425988623351e+01
6.267721635821753523e+01
5.582648112030500442e+01
5.899459585912178028e+01
6.068794503284157571e+01
6.131344343309455525e+01
5.722987814057647427e+01
5.897125077950342131e+01
5.961650770947377254e+01
6.109625958057973349e+01
6.228202810067139694e+01
6.348747476009771873e+01
5.929236671877509934e+01
6.109498277264489019e+01
6.191677991724289143e+01
6.345561680409448968e+01
5.835377171373169602e+01
6.026567300695288054e+01
6.088176754077670694e+01
6.212706950746705559e+01
5.713084420938750441e+01
5.952074951871940556e+01
5.996625026287723870e+01
6.159808728151341484e+01
6.207196174637079622e+01
6.308936011815715972e+01
6.295713229822153778e+01
5.919521282802884343e+01
5.988510934214815506e+01
6.207933919322400129e+01
6.120271984019043998e+01
6.377499399224016230e+01
6.312847792797934687e+01
6.523924538166956211e+01
5.907565671573667032e+01
6.215013753654711337e+01
6.171315175286817833e+01
6.412108529466793527e+01
6.005029362615380961e+01
6.279893399318707026e+01
6.420871264653838750e+01
5.950366154259403828e+01
6.236358028945408449e+01
6.473330600807879875e+01
6.151361887733966682e+01
6.082149051036810761e+01
6.391447560009866180e+01
6.090731034913170561e+01
6.400977889089058692e+01
5.790195441397784748e+01
6.086323484903333991e+01
6.308142277961483302e+01
5.968798485645647389e+01
6.267336514255487145e+01
6.242046294438996767e+01
6.369443728929802973e+01
5.886794276433666084e+01
6.203078945405995626e+01
6.176608788304014297e+01
6.310918503300377580e+01
5.850929646687167462e+01
6.053177995347857632e+01
6.106649905339173046e+01
6.256274177411251003e+01
6.388008108187509748e+01
6.469567602784705684e+01
5.995179223679453173e+01
6.173169585147986993e+01
6.251519966647098414e+01
6.355463462770024563e+01
5.967326274346450532e+01
6.126913993058407470e+01
6.230539655733979743e+01
6.272524348792971693e+01
5.961151872128603912e+01
6.160351577722417460e+01
6.199638837227846011e+01
6.291573972500354728e+01
6.458456229271975246e+01
6.439853431759911473e+01
6.000095775008626475e+01
6.094018991064357493e+01
6.300139266411198946e+01
6.253528507613956577e+01
6.250959638381881689e+01
5.932867954553048406e+01
6.178399444446606736e+01
6.073565235811314977e+01
6.212891581172250000e+01
6.414233195403160437e+01
6.245064252310331199e+01
6.180163196229924694e+01
6.055960123083185920e+01
6.316143995615143325e+01
6.175615359938408488e+01
5.915874188765909025e+01
6.205159032347847869e+01
5.970983799676196213e+01
6.261270598592809478e+01
5.935712631746481094e+01
6.199040252397981732e+01
6.404002208371913696e+01
5.764874998059965350e+01
6.070771660234989753e+01
6.297415139002551854e+01
5.968732185273201907e+01
5.994672933016941840e+01
6.267107661149965026e+01
6.105258760165030907e+01
6.157292927189095622e+01
5.790782906513231865e+01
6.092093548685461002e+01
6.073955272930886906e+01
5.812557867168334980e+01
6.102718699318904783e+01
6.061974816584451986e+01
6.166818107646703595e+01
5.705141518463937444e+01
5.908625394147284027e+01
5.955991246235007708e+01
6.102812995444865862e+01
5.547310109204299522e+01
5.791068194245629286e+01
5.865724823723622450e+01
6.035001424988021768e+01
6.083150203518183474e+01
6.217914117642158800e+01
5.682694024927191379e+01
5.851434443113242878e+01
5.942490021653847521e+01
6.055115360805600488e+01
5.818105002491495981e+01
6.024490433009228241e+01
6.079544232858816599e+01
5.911291973313678483e+01
5.972289256592427620e+01
6.135608597107587769e+01
6.145752826269767155e+01
5.605971310710940969e+01
5.693201194248425878e+01
5.873814098798306560e+01
5.851342580659137127e+01
5.999838405019907839e+01
6.010412660011693475e+01
6.216002667607076404e+01
5.718694767661575185e+01
5.986501422131161831e+01
6.010464116919943223e+01
6.087949876505548730e+01
5.575494891573213607e+01
5.898003773472107270e+01
6.123451661387824885e+01
5.904470539617665281e+01
5.724395894023601272e+01
5.992948775260943250e+01
5.760047157620957847e+01
6.031842085943969067e+01
6.284152799153972069e+01
5.991489142887984798e+01
6.012630389161607525e+01
5.764791735172060783e+01
6.046555846536679724e+01
6.074447281456698278e+01
5.776704577534219709e+01
5.682207610845578927e+01
5.993020538091020910e+01
5.819977899910935548e+01
6.047049753709396924e+01
6.275138829577225152e+01
5.719070092820847151e+01
6.083546222096651945e+01
5.214214375901394760e+01
5.716620198868755409e+01
5.831218946754883348e+01
5.997438676152450654e+01
5.293236895199081715e+01
5.679988467327974178e+01
5.850297363794797434e+01
5.919359793638621881e+01
6.063328148600683676e+01
6.188151583124822253e+01
5.610005238998360966e+01
5.910058831641406840e+01
5.968395706074706908e+01
6.102794679729451843e+01
5.511865039058812954e+01
5.735492047342363975e+01
5.836156786579069689e+01
5.942524592520281601e+01
6.081450403469911947e+01
6.121019714542590151e+01
6.175493733184709555e+01
5.704905924214721580e+01
5.805895332819055454e+01
5.983888357043164774e+01
5.996491648106203343e+01
5.877659615610628663e+01
6.116506938009371908e+01
6.077381624589276754e+01
5.818892212981136680e+01
5.845957318300753514e+01
6.085906432806729072e+01
5.996989932387462829e+01
5.891791063457463196e+01
5.849824691043755109e+01
6.118697825014510272e+01
5.965622588270739612e+01
6.247714641245580225e+01
6.433794788294999023e+01
5.724527064701380397e+01
6.073723039358135622e+01
6.340173968574876540e+01
6.097256860796603206e+01
6.310577500136881213e+01
5.603111587868352927e+01
6.019839424560215946e+01
6.228165366579043649e+01
5.904394986817785451e+01
6.216844115875249344e+01
6.404971108571888294e+01
5.689609445880890348e+01
6.102400143038114777e+01
6.328923204203319131e+01
6.171007670249503718e+01
6.167179249467420732e+01
6.459944813938351160e+01
6.104927770412898980e+01
6.259597836531688131e+01
5.863926491211444159e+01
6.061100357551548257e+01
6.088539201663478906e+01
6.261027589654576531e+01
5.744668173866689642e+01
5.999336319499525416e+01
6.097545372920173179e+01
6.210139379277141103e+01
6.329648470780427516e+01
6.433869892543481228e+01
5.873285873929923895e+01
6.119437773032923644e+01
6.237133138209803462e+01
6.352431652983296573e+01
5.922494645235430966e+01
6.095725035107150092e+01
6.218663718223933046e+01
6.298664604857131621e+01
5.926008714867168692e+01
6.159073360161673349e+01
6.183881134417828207e+01
6.330726333429438313e+01
5.792530007278284643e+01
5.988749110420735633e+01
6.026675055458379404e+01
6.173575080355534794e+01
6.296073012666661839e+01
6.258765101226332916e+01
6.414285322363679143e+01
5.839549377973643374e+01
6.091216914141268290e+01
6.045419305793843279e+01
6.260868849030079986e+01
6.445528130000742806e+01
6.266240017257780437e+01
6.341377951720987483e+01
6.153539990368493307e+01
6.445920238132887903e+01
6.329139207778648313e+01
6.093015035382134670e+01
6.393435211459487988e+01
6.135269286414720113e+01
6.434951033608352589e+01
6.001619418855447208e+01
6.289129150026547421e+01
6.508582598375159023e+01
6.066781092660303898e+01
6.317548031585145196e+01
6.543374587534043485e+01
6.077937590413224456e+01
6.350870552445974226e+01
6.563478642946716946e+01
6.212879683890439964e+01
6.462795721961148843e+01
5.835512885398830463e+01
6.155077508336211167e+01
6.368717234610263489e+01
5.837818209816883552e+01
6.160246880092567778e+01
6.233929385729924633e+01
6.361983195010850523e+01
5.802584666532778357e+01
6.067405805936793683e+01
6.230982775112975958e+01
6.309089312464307397e+01
6.451338840345317749e+01
6.589255827834546153e+01
6.051475117644937285e+01
6.196492814580371089e+01
6.291019468942253923e+01
6.429037495653236078e+01
5.882494119112821096e+01
6.055046065659018240e+01
6.146339632547551446e+01
6.238450958990473083e+01
5.763339520427908269e+01
5.981977846981172320e+01
6.085486612022393160e+01
6.136611114507727649e+01
6.126499469250894947e+01
6.312543787540522544e+01
6.294243787081306607e+01
5.967883876280376398e+01
6.020507419841814567e+01
6.233683593228084874e+01
6.158606316904115374e+01
6.410177532300380676e+01
6.289663039038526193e+01
6.174715251496987634e+01
6.110655266832606003e+01
6.375752375621153334e+01
6.222303917077037028e+01
6.159960906597772379e+01
6.035848388985603918e+01
6.290455247286058693e+01
6.306315754196731405e+01
5.793592231385577662e+01
6.161871660652256111e+01
6.257563404580270117e+01
6.058330380661986680e+01
6.040707035749640852e+01
6.323032293709022156e+01
6.032901696588034923e+01
6.300925303550066303e+01
5.637347502084472239e+01
5.947128690609144286e+01
6.171738905411966414e+01
5.824283094488395562e+01
6.106159425453120093e+01
6.241882568365772954e+01
5.876763876028867628e+01
6.135537995624127205e+01
6.320947967866990069e+01
5.720913858571930177e+01
6.144807532134710470e+01
6.326802438189861988e+01
6.060057697361504836e+01
6.170899049257612035e+01
5.466001056535010605e+01
5.821344751464602041e+01
5.986608385549612876e+01
6.115135241312002279e+01
6.222362706157871060e+01
6.302466809324641872e+01
5.837059565620768353e+01
5.998361596368415150e+01
6.111128891005472497e+01
6.166132859174305736e+01
5.840049035485370865e+01
5.980130645960752389e+01
6.085868233500289648e+01
6.166695833403764482e+01
5.509966158448690976e+01
5.770218157368913836e+01
5.881767457854321890e+01
5.949391483322000340e+01
6.097652959350113377e+01
6.125563124319020858e+01
6.002146628381873228e+01
5.922446180220966738e+01
6.131405827325465197e+01
6.100539109929502501e+01
5.789626708528118826e+01
5.809981603533788075e+01
6.026634120532696670e+01
5.948758084316465045e+01
6.035770232986416062e+01
5.992496025154595429e+01
6.224609550455291185e+01
5.967923386104602201e+01
5.760809761390701311e+01
5.922768620584874810e+01
5.881667744696703437e+01
6.104241563012688943e+01
6.310488064719575618e+01
6.079963100209221949e+01
6.057611266818302909e+01
5.852910625711557913e+01
6.136207276566454283e+01
6.190641286534224008e+01
5.698246062130357359e+01
6.011570698525685685e+01
6.234569073126045424e+01
5.664488453161207104e+01
6.034600208931921372e+01
6.245840005262812156e+01
5.929626913487226858e+01
6.113251709526719679e+01
5.569446826254517191e+01
5.943677481422758291e+01
6.063941950211865617e+01
5.543423968413686254e+01
5.895354754799893726e+01
5.854946678602492938e+01
6.034661925594768661e+01
5.650242839449135346e+01
5.834573904475712425e+01
5.918326028781572035e+01
6.011910784436631161e+01
5.364421057842231733e+01
5.688751619586275154e+01
5.827041342580051975e+01
5.913327800345496854e+01
6.073810706080158184e+01
6.155202196714969887e+01
5.682115895413951279e+01
5.824721041614805017e+01
5.948533803025735978e+01
6.065229669691954228e+01
5.789431538516120668e+01
6.006268208809698450e+01
6.061392716953244530e+01
6.091564743141348259e+01
5.638353636256409374e+01
5.723012441029973019e+01
5.898227675916536583e+01
5.907802204066037177e+01
6.109428428731722249e+01
6.079660001929327251e+01
6.084920230098975935e+01
5.966449645408093971e+01
6.226104792316753844e+01
6.126811772722885507e+01
5.783540929584044221e+01
5.815830008162915732e+01
6.080283298990004681e+01
5.937231882901079416e+01
6.119474260802300591e+01
6.064440278539930063e+01
6.323263827581890695e+01
5.912024835434997527e+01
6.097460825674539109e+01
6.379944964777093475e+01
6.081141547768496736e+01
5.940882910027117703e+01
6.277077150273051842e+01
5.973796328071530581e+01
6.289548401222616292e+01
5.560650975813143049e+01
5.982145172003565392e+01
6.214540499256857231e+01
5.856232651799165723e+01
6.157956067630096442e+01
6.246949296647363070e+01
5.991243048442502328e+01
5.949906155023747800e+01
6.258153533297309679e+01
6.104630642702536392e+01
6.278581283689273107e+01
6.495762498261206019e+01
5.843048530852656341e+01
6.211677520883826986e+01
5.881665442253333964e+01
6.104951003869230419e+01
6.140986150052244597e+01
6.227038539964724606e+01
6.351766741036888675e+01
6.487247702503660207e+01
5.964951994732812324e+01
6.091188259618076728e+01
6.224043122130421324e+01
6.333452178327802073e+01
6.066914620173640316e+01
6.278892041541313063e+01
6.384780354460351504e+01
6.380437784524088585e+01
5.875730897984212930e+01
6.053274415984277823e+01
6.110434554575959254e+01
6.257516536172541777e+01
6.358164146954570839e+01
6.369343803716614616e+01
6.473561876848395968e+01
5.888632538497357416e+01
6.109742046374466184e+01
6.107160184765294986e+01
6.287176217826037572e+01
6.070901660657911947e+01
6.332187476686049621e+01
6.273172028037419068e+01
6.252938413115939653e+01
6.277401069198482730e+01
6.502159646975196949e+01
6.289687855402797112e+01
5.963025695005264737e+01
6.049042639175391400e+01
6.308990300983543875e+01
6.097327016923754428e+01
6.392646708291339053e+01
6.529981438383467207e+01
6.033830282316059623e+01
6.311912443144731810e+01
6.548449318235776673e+01
6.235316371261274782e+01
6.185502744540032438e+01
5.931171808497103370e+01
6.232576443148136036e+01
6.442427530298940042e+01
5.831824420608906934e+01
6.122499053844826022e+01
6.341867357835536723e+01
6.109444984398076883e+01
6.408250610207348075e+01
6.401626351828353734e+01
6.185622539768274208e+01
6.252102476963780475e+01
6.520122810194088459e+01
6.138749236680655486e+01
6.328846503773694110e+01
5.858007690014920144e+01
6.101751227173652126e+01
6.074836655515441208e+01
6.240645517000415055e+01
6.386132901441512644e+01
6.485176834545318059e+01
6.016869586518041757e+01
6.142073980511018760e+01
6.257249092147645797e+01
6.386614487081354952e+01
5.873287663797461988e+01
6.050865194641270506e+01
6.131562206900073164e+01
6.247838635014198161e+01
5.790396652104836051e+01
5.935924902724776331e+01
6.046270665938228461e+01
6.095231096822359262e+01
6.114408389584098558e+01
6.299384690790851238e+01
6.279596994867577564e+01
5.938732297493686474e+01
5.997990482829059289e+01
6.209503933564536737e+01
6.133408976750210684e+01
6.384323651787162390e+01
6.263082265050003627e+01
6.168380270500770735e+01
6.098282629486164552e+01
6.362624230239493528e+01
6.207031421466243160e+01
6.101904187258341494e+01
5.987634199645526678e+01
6.241422135737456500e+01
6.259093796742615012e+01
5.819460704374623106e+01
6.178505980065288838e+01
6.264575040257838623e+01
6.061196345842194688e+01
5.917082835058134549e+01
6.222698378941576181e+01
5.935151398315919380e+01
6.224109423529519347e+01
6.448354820112274410e+01
6.118071065916662121e+01
6.091391773281620203e+01
5.798550756540845441e+01
6.082084305763651599e+01
6.251700765404741134e+01
5.628533038985194992e+01
6.018891689182463978e+01
6.215003236433714306e+01
5.962390174142453247e+01
6.285156438299413395e+01
6.312212603340412187e+01
6.021161346470958620e+01
6.106723460512838386e+01
5.657830181046489315e+01
5.854881721278567142e+01
5.917247775498280049e+01
6.053503736989311079e+01
6.172176831321908708e+01
6.264863069126078443e+01
5.792962705888329822e+01
5.915440842877140426e+01
6.052601938238858281e+01
6.116213718611052741e+01
5.796274134726484561e+01
5.955197213621635655e+01
6.056958481445052200e+01
6.093007213273529032e+01
5.479364130357343043e+01
5.716258368489481256e+01
5.827005877380357646e+01
5.894946573394260270e+01
6.042127578701750679e+01
6.069496983278627766e+01
5.990737158045580912e+01
5.780973701871435111e+01
5.985594958939736898e+01
5.962079077649540437e+01
6.048484661764496906e+01
5.992257124192739326e+01
6.214431882273054697e+01
6.012848816835006716e+01
5.690536583446614571e+01
5.740264988577904148e+01
5.972561066710500199e+01
5.836451335002400498e+01
6.090452727399343047e+01
6.136356121559647647e+01
5.992744536168792990e+01
5.734103496229393215e+01
6.032469360834761574e+01
5.800474876783210476e+01
6.071652066816071880e+01
5.725086665695569366e+01
6.022647425562023216e+01
6.200009791945424809e+01
5.398640490774107548e+01
5.853949568007626425e+01
6.085619089232179135e+01
5.767784460262910784e+01
5.848670167748453963e+01
6.117300025388924212e+01
5.997603132841892659e+01
5.942090357703668957e+01
6.248970480269696992e+01
5.896568759790103798e+01
6.052487305220588354e+01
5.650107276208513696e+01
5.837022557031114189e+01
5.859434652885286710e+01
6.033498052670454825e+01
6.202257581392311891e+01
6.270689813557876846e+01
5.826435544627811680e+01
5.979938258722891220e+01
6.097747915535111929e+01
6.204071377032296652e+01
5.699756527515709337e+01
5.855343993521269397e+01
6.010624445687948736e+01
6.086011875001396731e+01
5.700666676799063737e+01
5.874392236760525066e+01
5.996172028745254323e+01
6.091464787850595286e+01
5.592235358768640197e+01
5.784501139930979008e+01
5.882040591504868843e+01
6.016187716081728354e+01
6.052661666155842823e+01
6.224803890958069985e+01
5.999162626985001623e+01
6.013405663133220003e+01
6.019349003966623002e+01
6.237349301058680595e+01
5.807773844250239392e+01
6.102947383861379649e+01
6.073098749528136864e+01
6.302881844948764467e+01
5.604601048399602092e+01
5.964364556085360647e+01
5.890235948584004433e+01
6.171694633488046122e+01
6.415149107940023043e+01
6.189634624964603660e+01
6.141991717360261305e+01
5.972448773296448365e+01
6.308883408475034571e+01
6.233158596262899209e+01
5.993772086583469871e+01
6.384254773706542352e+01
6.080197036128301136e+01
6.419547911893721448e+01
5.658374568113656267e+01
6.109958363006795423e+01
6.363645347500408889e+01
5.990011880850691739e+01
5.993945032488093716e+01
6.324458569899321958e+01
6.021404393946481548e+01
6.260065727017077108e+01
6.513675010224037010e+01
6.162137611787479585e+01
6.464746023019188215e+01
6.670613984937257612e+01
5.934958371061502191e+01
6.420521004926050068e+01
5.793858730567603033e+01
6.080249512962536329e+01
6.296845165099054498e+01
6.284324671871255674e+01
5.891189136034679308e+01
6.108925665751807799e+01
6.203731203880802525e+01
6.353245792741746811e+01
6.530839555344668668e+01
6.542784809366767718e+01
6.085887376213700861e+01
6.272038299915817561e+01
6.436290464145828594e+01
6.529705698308235640e+01
6.071831389677994650e+01
6.326043465703101987e+01
6.369023716564405646e+01
6.546097360695848977e+01
6.013243066489802402e+01
6.292125316290210435e+01
6.314121174465066844e+01
6.491951709631435108e+01
6.639281660110695782e+01
6.571759716514755212e+01
6.347341006203320291e+01
6.369094723203063779e+01
6.617157443533780281e+01
6.565531454260347743e+01
6.251410878322720066e+01
6.308087707538864208e+01
6.579136046147417005e+01
6.449228310315368162e+01
6.168197966450005509e+01
6.266781489849710596e+01
6.568445815961524659e+01
6.361750385924576534e+01
6.700272796453361934e+01
6.801078248632215661e+01
6.374902154146081301e+01
6.689122259126273207e+01
6.976208868172552968e+01
6.489345028863176879e+01
6.804752068729645487e+01
6.067937267641243437e+01
6.452913547851925102e+01
6.712356526089038766e+01
6.325665684641190012e+01
6.670405000110174853e+01
6.690156261790903613e+01
6.371251700839657417e+01
6.405206337405763861e+01
6.731633364058500035e+01
6.484375404255487751e+01
6.645920620374236876e+01
6.946039863212659782e+01
6.469587042059019666e+01
6.627564533932265078e+01
6.243038720589736812e+01
6.523289450372786291e+01
6.538981299763071320e+01
6.716242744959185984e+01
6.890876361497868174e+01
6.977251476463882796e+01
6.464425455213047655e+01
6.662218913956498056e+01
6.786561008103961967e+01
6.915815299162142082e+01
6.387057523737513520e+01
6.588212859353103568e+01
6.728841570834850927e+01
6.774460442255103487e+01
6.309031904365253496e+01
6.489592850977167870e+01
6.675341531295391917e+01
6.723661136633644730e+01
6.255794483014877727e+01
6.393306867291943263e+01
6.625853298245171175e+01
6.634924689096020245e+01
6.899063335921782425e+01
6.862587789814183736e+01
6.538689337939300117e+01
6.594145804715351744e+01
6.878116708000082724e+01
6.753477586561761825e+01
6.384157531083417325e+01
6.484607596643303395e+01
6.793263329616745239e+01
6.642021871982521475e+01
6.631473433914722193e+01
6.601412877973221782e+01
6.900591960442081074e+01
6.657902598924290771e+01
6.983112229516218861e+01
7.095538491548366267e+01
6.402991578270430750e+01
6.728316453625321003e+01
7.014394658168151864e+01
6.736743365468795730e+01
6.750852697293457538e+01
7.089136011938204263e+01
6.749162848100566237e+01
7.005947983695814685e+01
6.389475822478438261e+01
6.770051313908085433e+01
7.026720778745367113e+01
6.410899832606413895e+01
6.790298960696529207e+01
7.029212268493387228e+01
6.413095345177902118e+01
6.865139257853431332e+01
7.107872940246127769e+01
6.494761793905108505e+01
6.935305497143710340e+01
7.133588943618273959e+01
6.837079040728116297e+01
6.947146347427761270e+01
6.533463257516015688e+01
6.759234618951677476e+01
6.813937122310234429e+01
6.960788358707370094e+01
6.450406948458162049e+01
6.642575149387349143e+01
6.830160979508386276e+01
6.717726001325985408e+01
6.920317956716978358e+01
7.062638487395228992e+01
6.545963985678314145e+01
6.772407978718649701e+01
6.889994040443399115e+01
7.060584460199329726e+01
6.664164879285694099e+01
6.866223144447849336e+01
6.907370317296776818e+01
7.100573847473509659e+01
6.489179463844693885e+01
6.747947254570280506e+01
6.775060568210005840e+01
6.988374784604668832e+01
7.155538401844202667e+01
7.035414350461039135e+01
6.682999279473445142e+01
6.707127674825343888e+01
6.999978652002938873e+01
6.926378410735432567e+01
6.930575586015912393e+01
6.978068621050117315e+01
7.263442800244898478e+01
7.018344851529383277e+01
6.728217969304243695e+01
7.022703218020373583e+01
6.799851751106837128e+01
7.124177834210483695e+01
7.414236621466476151e+01
7.128436000726630084e+01
7.020942955036808542e+01
6.795174465886984194e+01
7.152307809323416166e+01
7.393455962675110982e+01
6.577042170026261658e+01
7.068113419191715252e+01
7.345766112460303532e+01
6.944708507931311203e+01
6.999740443548087399e+01
7.333572118767712311e+01
7.029975939086716608e+01
7.163601687958259845e+01
6.785205757233991619e+01
7.087961204199356757e+01
7.058061831749135706e+01
6.912411303191845491e+01
7.256022683318990119e+01
7.296769303553377028e+01
6.890475485807162670e+01
7.153334058313659227e+01
7.320560468992550796e+01
7.198614507846590982e+01
7.166065583954886620e+01
7.376993778870354390e+01
7.432313124616510436e+01
6.954924893929991470e+01
7.233952927628020291e+01
7.380658719680255331e+01
7.454316828870261702e+01
6.903074513697534087e+01
7.166928575363601794e+01
7.261665930817977710e+01
7.467373769921179871e+01
6.805548735055822362e+01
7.105077798436681746e+01
7.150121334996921973e+01
7.389491027199193240e+01
7.429312068746843067e+01
7.694008038486900602e+01
7.079553194328313737e+01
7.376208619399250210e+01
7.541135804925673369e+01
7.430881796318308830e+01
7.209034658667029305e+01
7.295150038427290440e+01
7.604443277675045465e+01
7.456580924931557774e+01
7.137766391530836074e+01
7.177457304896924484e+01
7.510638243886805299e+01
7.335400369966966139e+01
7.695044798168935074e+01
7.884687109353201606e+01
7.068191985359467822e+01
7.518188986815873420e+01
7.828858990828709352e+01
7.524464269733451260e+01
7.432010413835205043e+01
7.625627810436760967e+01
7.740397189912950182e+01
7.421666896173573491e+01
7.410176184110189013e+01
7.823051233529149329e+01
7.390853105384822186e+01
7.728936386795858482e+01
7.038907994461914086e+01
7.528212582968379252e+01
7.797955819765714125e+01
7.025041814742743895e+01
7.505434018394498707e+01
7.773263470846116263e+01
7.403682529580270000e+01
7.736547662052453234e+01
7.953234721234628068e+01
7.267314278650054860e+01
7.730984123178903644e+01
7.866340799007619466e+01
7.971597083259595706e+01
7.335499042507670708e+01
7.758178219170991952e+01
7.883261643158884624e+01
7.935608049777432882e+01
7.396912393266141805e+01
7.667850454204885580e+01
7.884996321276294395e+01
7.519718591147801590e+01
7.740777620695556038e+01
7.898088211275921822e+01
8.126898343463582819e+01
7.412325911489166685e+01
7.773692976314910652e+01
7.847174066443020024e+01
8.108395149263098745e+01
7.371923196413403900e+01
7.772390672471088635e+01
7.781660854852442810e+01
8.030243924488856067e+01
7.450365202440369217e+01
7.802511135010671239e+01
7.747504775153143441e+01
8.027516852904676625e+01
8.051786093783704246e+01
8.331769295055333657e+01
7.589363887611527559e+01
7.890763185087271836e+01
8.157279195480509770e+01
8.016240916922976112e+01
7.753254980895020765e+01
7.830883525629160147e+01
8.180913830282264598e+01
7.925904488415048377e+01
8.320217316060389123e+01
8.442475093805258268e+01
7.950377468989188401e+01
8.265700453312051366e+01
8.554986822906742816e+01
7.949983883782941518e+01
8.320630517847031626e+01
7.697036364674556808e+01
8.089645578905887646e+01
8.354026709910155546e+01
7.754214576689541616e+01
8.145299129761149004e+01
8.431540962769085468e+01
7.765776493036564432e+01
8.154629401758721485e+01
8.433793580324196171e+01
7.852924115665862814e+01
8.281342770123671926e+01
8.519549952555611583e+01
7.975472661482176306e+01
8.396355416628389889e+01
7.748743886499913458e+01
8.132911539066611795e+01
8.241548281333272996e+01
8.143470768201919441e+01
8.416597395163411477e+01
8.532547164855903077e+01
7.948298759659294888e+01
8.209969069845125489e+01
8.432926104679954449e+01
8.210544574229740533e+01
8.396291722146987979e+01
7.814449479572128610e+01
8.089655516469461816e+01
8.226964899930031550e+01
8.370669252242751668e+01
8.550624958984798241e+01
8.330293229434990110e+01
8.509295321131899925e+01
7.843856160896211804e+01
8.212186032328411045e+01
8.240496833600852256e+01
8.441523803220908917e+01
8.608859927347231178e+01
8.178371983965888603e+01
8.558437232187961285e+01
7.859534983945107456e+01
8.297440903475209950e+01
8.211332557264449861e+01
8.547741081154184428e+01
8.676354934504404071e+01
8.200660982071811134e+01
8.612705585910228478e+01
8.053980608253165485e+01
8.462452040743494308e+01
8.322797989501982840e+01
8.546188150483754953e+01
8.845711558782534212e+01
8.497517424187218182e+01
8.440548031445837296e+01
8.209327728785011402e+01
8.634349434885753283e+01
8.694217736050556766e+01
8.083700952250541150e+01
8.486201747565233688e+01
8.824821708538939902e+01
8.296087989623774206e+01
8.632649945105242750e+01
8.938928945858539521e+01
8.274537435120180362e+01
8.733225919238805091e+01
9.002192555036802446e+01
8.362284382506271641e+01
8.789533714176600654e+01
8.205612517443923082e+01
8.582557483807377707e+01
8.712279468972774055e+01
8.278261258955279800e+01
8.601337786031376709e+01
8.808366157359712645e+01
8.418762016740755882e+01
8.707140124493594158e+01
8.969303268429369780e+01
8.385822398460334171e+01
8.746668637666537904e+01
8.958862678845154903e+01
9.007820002577369678e+01
8.485317666848176543e+01
8.760093298757797697e+01
8.943378661100638283e+01
8.502088683519451706e+01
8.755087539126412821e+01
8.324795932084322203e+01
8.682289564129963821e+01
8.781222849203194869e+01
8.659389107489529636e+01
8.935230934838293138e+01
8.924242861723693920e+01
8.503430282339473933e+01
8.694843711900958283e+01
9.101263251114670538e+01
8.924175185411864675e+01
8.603575755461436358e+01
8.971371488778211756e+01
8.932456107889285590e+01
8.933865182943097238e+01
8.921708578200913564e+01
9.355294657598392405e+01
8.651499550080535528e+01
9.007472999853071371e+01
9.349139762124877961e+01
9.081986261062056087e+01
8.905432722132553636e+01
8.757167449509232426e+01
9.210768410487141011e+01
8.984652618101021915e+01
8.910313741614868377e+01
8.988159492668239636e+01
9.381502389091322414e+01
8.966770536473372033e+01
8.989740882998384564e+01
9.033956349521002949e+01
9.413381042821222877e+01
8.830336481256757963e+01
9.273714029444202822e+01
9.584304923044250302e+01
8.842588881880460860e+01
9.295741213049694807e+01
9.626300950198606188e+01
8.919021761265352666e+01
9.384644609893078382e+01
9.693609373130088613e+01
8.953305618312244007e+01
9.468788863599863248e+01
8.791654209381083263e+01
9.247023038021077923e+01
9.468986652441626006e+01
8.907311701967006456e+01
9.249825495040013834e+01
9.508700164677456712e+01
9.067173140011119870e+01
9.467972392934470349e+01
9.717488951857176005e+01
9.184158838446001027e+01
9.585883427054628214e+01
9.768425227714777748e+01
9.311018940350753326e+01
9.662362563602326304e+01
8.991045693058880772e+01
9.406853559723136016e+01
9.535520702059511677e+01
9.182287368114191395e+01
9.451764328562153139e+01
9.829811015556606435e+01
9.748573030279679585e+01
9.143336957042930635e+01
9.694104139799455311e+01
9.681621285794854259e+01
9.753921767571904411e+01
9.293141508758127145e+01
9.745210419314554429e+01
9.733983641869657788e+01
9.417190352291058275e+01
9.495265204201298559e+01
9.928177185293024820e+01
9.794139914754168785e+01
9.512762362019292084e+01
9.545357008915347308e+01
9.989511082386324858e+01
9.569700750632624420e+01
1.009354565869668079e+02
1.031483321541286244e+02
9.636237117040550970e+01
1.006299746696114426e+02
1.044419982149768202e+02
9.801802948208020894e+01
1.020178294003868587e+02
1.057700075219185720e+02
9.881017067029505085e+01
1.036132643365849191e+02
9.719669984018362641e+01
1.020688128872978098e+02
1.048442537766704703e+02
9.684367465058383573e+01
1.020113732032355358e+02
1.056902289379741546e+02
9.872100684429297246e+01
1.039057538438630104e+02
1.072403082197940876e+02
9.983790173413859748e+01
1.048715007586925339e+02
9.816273445015491461e+01
1.030524967206638678e+02
1.057305808378239931e+02
9.960301495368894109e+01
1.034469142229872034e+02
1.062324915984833495e+02
9.950551693558946909e+01
1.041993394926553833e+02
1.075694627164124029e+02
1.013569077937657994e+02
1.060279184882228094e+02
1.080089304518152886e+02
1.039115831559346788e+02
1.077660096459598975e+02
1.116953625896231443e+02
1.054367030025598808e+02
1.095297326360319659e+02
1.028750383172944680e+02
1.080069486450178005e+02
1.091015584514679091e+02
1.039696486700297271e+02
1.068023210189262500e+02
1.116971617525430673e+02
1.091287213770515336e+02
1.045909766488280184e+02
1.093032810401604280e+02
1.095241651583919946e+02
1.098767209347673059e+02
1.090428748270309853e+02
1.138753111212236604e+02
1.074193129587277440e+02
1.124134944976695891e+02
1.159847894602252296e+02
1.084920214195571475e+02
1.140662969894781895e+02
1.069966310285559814e+02
1.132082501627705966e+02
1.108579661997378878e+02
1.108631650636268660e+02
1.118540873221474641e+02
1.173149833570027170e+02
1.105642458061001463e+02
1.149946108020888573e+02
1.191656665158172501e+02
1.118305361145146293e+02
1.164103024636326182e+02
1.207943220074964472e+02
1.136921486657461173e+02
1.181784673576519396e+02
1.117548685387537262e+02
1.170487763143879505e+02
1.191974097482030714e+02
1.125243231458162114e+02
1.174693470254961056e+02
1.210575768265542962e+02
1.144470335798664138e+02
1.197753054679813403e+02
1.208169379464713842e+02
1.151455647728861607e+02
1.203032762214390488e+02
1.132410143442820356e+02
1.187202656573453936e+02
1.224210976220377773e+02
1.145804061691667499e+02
1.206782037666225449e+02
1.233087403732481420e+02
1.172954118924791374e+02
1.212028406978546400e+02
1.262456908100441666e+02
1.176881784232402595e+02
1.245560942401407942e+02
1.258079521239856575e+02
1.216905471656179145e+02
1.243985851530495950e+02
1.184848969079271228e+02
1.226997231869822684e+02
1.274166792108401722e+02
1.189622648843736670e+02
1.263198663455347628e+02
1.270619473510465411e+02
1.237001803103693476e+02
1.254246944486217927e+02
1.313932209643339206e+02
1.231105107899201698e+02
1.304624396466018084e+02
1.298965915153865751e+02
1.283030352832535641e+02
1.284435534009214166e+02
1.257333269676712320e+02
1.315016333620044975e+02
1.305834757650632980e+02
1.287302072114850091e+02
1.323385949788022060e+02
1.323910284178248844e+02
1.315509585052675732e+02
1.301053207829933456e+02
1.364278353562871757e+02
1.290028954159676857e+02
1.355105090804737529e+02
1.400012585020817255e+02
1.325630899901206874e+02
1.376655374114880317e+02
1.307915514329283440e+02
1.368725136545869816e+02
1.380003528954210310e+02
1.320857099723290276e+02
1.374909048124308697e+02
1.422669259001537512e+02
1.347647848326656970e+02
1.405837756258018771e+02
1.443030234989728058e+02
1.369859799802796090e+02
1.431572144302113827e+02
1.365271840814917823e+02
1.420864415115562451e+02
1.413467830398545857e+02
1.374173742029590244e+02
1.429363304306835971e+02
1.456207031109328227e+02
1.397786519587374983e+02
1.445608246983646836e+02
1.497355179795357287e+02
1.419320465849899904e+02
1.488756607857420704e+02
1.500737983109806635e+02
