0.000000000000000000e+00
-4.494903205732910578e+01
1.932467233927805594e+01
-2.626386363856910222e+01
1.158455576986487712e+00
-7.484136210220731833e+00
4.233887402146858214e+00
-1.142807676045703857e+01
3.251671090419905763e+00
-3.440329661623608537e+00
3.097455899300689541e+00
-2.820290360855687961e+00
2.853397099909591894e+00
-2.306720266446913747e+00
2.502546092368741260e+00
-1.842582650578941994e+00
2.393154158237004392e+00
-1.419113889110847682e+00
2.400571212759563533e+00
-1.028170027319695201e+00
2.470444306110779475e+00
-7.080649181418242621e-01
3.269858767920932330e+00
-4.956563341405695322e-01
3.583187145379095995e+00
-2.965773819123637134e-01
3.912146320756698437e+00
2.584684890557335524e-01
4.136830884331379465e+00
4.047662370858395309e-01
4.342333980597397058e+00
6.074713025598441618e-01
4.680101940296316876e+00
8.572599970820601323e-01
5.024154419068186606e+00
1.135552572735458288e+00
5.385875291131533515e+00
1.435053572825829793e+00
5.765210964786824377e+00
1.752353799631607645e+00
6.158039270954919431e+00
2.084589292536174199e+00
5.432040763879434131e+00
2.447948347817193948e+00
7.119265265537599419e+00
9.337919051480273680e+00
1.084724391371542396e+01
8.334009372362361390e+00
1.208902805848112294e+01
8.964315689112453356e+00
1.250960191338338312e+01
9.341642982800998141e+00
1.294486937888800426e+01
9.734260984227027791e+00
1.335465532782874654e+01
1.010241862177419314e+01
1.375742719107867984e+01
1.046761411508350115e+01
1.415357867167232264e+01
1.082813769531116144e+01
1.454769286266692951e+01
1.118699285756339634e+01
1.493952495053249407e+01
1.154409107461468054e+01
1.532991395363013787e+01
1.189974991077638400e+01
1.571864220045322647e+01
1.225374583373974069e+01
1.610562637136774455e+01
1.260583856447124163e+01
1.649056462546262480e+01
1.295568203009291430e+01
1.687315947491072166e+01
1.330290901668456804e+01
1.725307156381975560e+01
1.364712977363202562e+01
1.779864440987568486e+01
2.022272054828541954e+01
2.318683992467589761e+01
1.941419706059788197e+01
2.413381613345396204e+01
1.983536892951376629e+01
2.449425236239170900e+01
2.018286499935704015e+01
2.483790101295249286e+01
2.051448465182874514e+01
2.516234880449444589e+01
2.082867447813080020e+01
2.483335279213969216e+01
2.115901927736367583e+01
2.517028979922709198e+01
2.147743859703510694e+01
2.547260729865596218e+01
2.176739661429599693e+01
2.575335633070286789e+01
2.203839409242212355e+01
2.601238400807993045e+01
2.229063980892743757e+01
2.640981189942743157e+01
2.925122072053400402e+01
3.062296405497384555e+01
3.015962914607665724e+01
2.963450136875010088e+01
3.169568671727798304e+01
2.946797542702033823e+01
3.155797441246715707e+01
2.964384585794882554e+01
3.194650879164408508e+01
2.917692993311806404e+01
3.208636681635660182e+01
2.932311851436886485e+01
3.212012303524936385e+01
2.948714535852098351e+01
3.216314483107868227e+01
2.964241045164705923e+01
3.219512523400253201e+01
2.980395612838418273e+01
3.279032581091135512e+01
3.661098050738831233e+01
3.928051790652605746e+01
3.624009107806293883e+01
3.935939898844220153e+01
3.635006316229451784e+01
3.928171329051550487e+01
3.609276140898067808e+01
3.840674393460133729e+01
3.293543219390131327e+01
3.844308678210546049e+01
3.555697638597825261e+01
3.852507168541303884e+01
3.541060162504316366e+01
3.855087657736974904e+01
4.141709804666575678e+01
4.256223393567748303e+01
4.143359654394208746e+01
4.287223015342735266e+01
4.147782318078031949e+01
4.287873074468285495e+01
4.126287514607488305e+01
4.274624519874009110e+01
4.101072149475972850e+01
4.256010323837084286e+01
4.074572258993003260e+01
4.234867150844166162e+01
4.046275887535777116e+01
4.198719188826291315e+01
4.068000830074108620e+01
4.474278683155478831e+01
4.555256111143346942e+01
4.997003200602180328e+01
4.334307779002248395e+01
5.053135284507089864e+01
4.265156648935212758e+01
5.012442961147193898e+01
4.187254384233814619e+01
4.987539565376376771e+01
4.323942008053335684e+01
4.520042000691139350e+01
4.601032903729275603e+01
4.563585840784692493e+01
4.450937097833707412e+01
5.050210652088783547e+01
4.880904714958071366e+01
5.315243249055546926e+01
4.649127162471759789e+01
5.346258673746353907e+01
4.551507794821855413e+01
5.245641621724162462e+01
4.526841455830533079e+01
5.175151769061954354e+01
4.434694253856544321e+01
5.100026738116535086e+01
4.377773757712020597e+01
4.984791805294597111e+01
5.265403539640309560e+01
5.123196400177418752e+01
5.348905814407828530e+01
5.137121855069364784e+01
5.146725003716808544e+01
5.102638578593125374e+01
5.074219404065937056e+01
5.030845868023889977e+01
5.025311501864634778e+01
4.976523920318191330e+01
4.950279629806162518e+01
5.443710891246438166e+01
5.261731568302938911e+01
5.618689914182637324e+01
5.058862272956556438e+01
5.614659353032894984e+01
4.938396449132316235e+01
5.519020809048584653e+01
4.961374348000573775e+01
5.474583350004802185e+01
4.801592692284711461e+01
5.366817105209376138e+01
5.737099220351580442e+01
5.387806630640526606e+01
5.633765422943965717e+01
5.336260508714753570e+01
5.589662170822564491e+01
5.381081444653148083e+01
5.409708577120974837e+01
5.260248098294566432e+01
5.313113044551830200e+01
5.156681140782296779e+01
5.239612839545954159e+01
5.672431560920000493e+01
5.450494021492576735e+01
5.619971541092403555e+01
5.407247956457130300e+01
5.490813739847961727e+01
5.296859254734007294e+01
5.449067477109046109e+01
5.227055285393944217e+01
5.318592271061714172e+01
5.108488543805452053e+01
5.541705895907370660e+01
5.537159136120956049e+01
5.660848076952557051e+01
5.251427771868783623e+01
5.766298013619374530e+01
5.276008748119231484e+01
5.692008156678788566e+01
5.023702968417391190e+01
5.544684729070151263e+01
4.921013392778605322e+01
5.424350243248825620e+01
5.726079251008466287e+01
5.198149488211521430e+01
5.683820729745752232e+01
5.008697565262571061e+01
5.584935354291345533e+01
4.956362910074851413e+01
5.436021008890286055e+01
4.751974933082907881e+01
5.328472525033873808e+01
5.470684194546207380e+01
5.781031681033744007e+01
5.213566197012864478e+01
5.620223970395174717e+01
5.063981689073219172e+01
5.471415399164907711e+01
4.947390987193669076e+01
5.328599274675248409e+01
4.769591531695147779e+01
5.176053973933007057e+01
5.401740406389760807e+01
5.532911385556371187e+01
5.244525514947500966e+01
5.450444035299370427e+01
5.088368352872240763e+01
5.297915824391835571e+01
4.951762531820953228e+01
5.144218964540445427e+01
5.358301952105106380e+01
5.641082658872806377e+01
5.129441830663623847e+01
5.386389808972772641e+01
5.074230897203701574e+01
5.320977179901638721e+01
4.857758841693770080e+01
5.110790793407453236e+01
4.703677154269286120e+01
4.973355463612393379e+01
5.204609119889103397e+01
5.359459207614753495e+01
5.033945190859451913e+01
5.259674720578791351e+01
4.768549373069767938e+01
5.092254239729327736e+01
4.579145018066783024e+01
4.889528485417362447e+01
5.065958348731268757e+01
5.253608914879018243e+01
4.751306715474949272e+01
5.057418337658885577e+01
4.655883997888218317e+01
4.920905105666927426e+01
4.440449258532845533e+01
4.730646201611619261e+01
4.937546587338116666e+01
5.071703018525923312e+01
4.883379985363097830e+01
5.031422957576622679e+01
4.523133638834870140e+01
4.796001660358040652e+01
4.427313690740576391e+01
4.629802254624651425e+01
4.875110510051284507e+01
4.949063039058501090e+01
4.797801325816641338e+01
4.880609743465768702e+01
4.528977964359872033e+01
4.654809073298837774e+01
4.395205687300023101e+01
4.553352806264646802e+01
4.848258057993245274e+01
4.828874213719908681e+01
4.639751814696480636e+01
4.670872401621710424e+01
4.507454253275277267e+01
4.535523950722048880e+01
4.267732952539022051e+01
4.562792326973825396e+01
4.578749492030712531e+01
4.909016618564395884e+01
4.346790873846283176e+01
4.715348924859438995e+01
4.228868494193297778e+01
4.607832531954687028e+01
3.979553701297513868e+01
4.379278091130542805e+01
4.468463235853951687e+01
4.668324241429947818e+01
4.291811171109596046e+01
4.672189978402433042e+01
4.001294225197965915e+01
4.438946449903671976e+01
4.720762270727971810e+01
4.422890748848225684e+01
4.461645610627429903e+01
4.326130932999701884e+01
4.232359740384053737e+01
4.101533520385665810e+01
4.169698474638479979e+01
4.011116902206441637e+01
4.319739556131305847e+01
4.586848531798380435e+01
3.933500708763931897e+01
4.316312123254430588e+01
3.948435152512358570e+01
4.242309108585140365e+01
3.563840624807070157e+01
3.984711717054786817e+01
4.281069582007631169e+01
4.120364295342874783e+01
4.106707406439480224e+01
3.876404265122519632e+01
4.028545484588915571e+01
3.789165200117859200e+01
3.742009827533659205e+01
4.089977690531377874e+01
3.977230944961009129e+01
4.074244687772552709e+01
3.783019492950345608e+01
3.861256508756584083e+01
3.611371408669586458e+01
3.743462354145612636e+01
4.090564479364337558e+01
3.709182253661009554e+01
4.102801555204099770e+01
3.285931629094498874e+01
3.846708341213825122e+01
3.099102729731114891e+01
3.642092338324074063e+01
3.886490975768926148e+01
3.840327953831258867e+01
3.570744212039700471e+01
3.879316447762514031e+01
3.136395140456961528e+01
3.596422347704478995e+01
3.819652185516196852e+01
3.875398412522323355e+01
3.587533733704858463e+01
3.811182717774012474e+01
3.180203964823645890e+01
3.573879594028382911e+01
3.008573014781530830e+01
3.392039262679104894e+01
3.642804111023310298e+01
3.677116161905307479e+01
3.428428259601283656e+01
3.639208973735988906e+01
3.110917529303408813e+01
3.441125880944379389e+01
3.526930306357423461e+01
3.739602830726456517e+01
3.274650704900494702e+01
3.511952034257646460e+01
3.090775910201181631e+01
3.342158135760571724e+01
2.905251822592396493e+01
3.139893780807480184e+01
3.288777239579645340e+01
3.452879481736322020e+01
3.254608358167828186e+01
3.433776538571405013e+01
2.962040126468161105e+01
3.178556770368546935e+01
3.367713284337190771e+01
3.489635690709145877e+01
3.145709605193387404e+01
3.340342325294619030e+01
2.928701191326688757e+01
3.119226661258042554e+01
3.346992230604767826e+01
3.422411494820379829e+01
3.380437903397491084e+01
3.403160470447912189e+01
3.005989927745652324e+01
3.148147700554596184e+01
3.432810238624775678e+01
3.433764551078581206e+01
3.289647935616730479e+01
3.335125771667827621e+01
3.017269889304218822e+01
3.103968757106947152e+01
3.035911580372019358e+01
3.371291819171638338e+01
3.307429107391173773e+01
3.542448533147428691e+01
2.841919595802201215e+01
3.325234055626925311e+01
2.690906261889290008e+01
3.172340903802312795e+01
3.115023321461673333e+01
3.474688284853424136e+01
2.764169610038644720e+01
3.313385663990241881e+01
2.654348143725963283e+01
3.175516018519714123e+01
3.349061245055170843e+01
3.274431721462281075e+01
3.214677530147015716e+01
3.138925846569020095e+01
3.042475288408122935e+01
3.357215367771827630e+01
3.267762087521532521e+01
3.563758738233714496e+01
3.051231832850523418e+01
3.366212362712646922e+01
2.942892828142554151e+01
3.259344437389902538e+01
3.560951751202612314e+01
3.245985843639613933e+01
3.347351417698001086e+01
3.185591531345909289e+01
3.135301126442562492e+01
2.985244513124037269e+01
3.306890697115059652e+01
3.503109404510312430e+01
3.120920772532247867e+01
3.560009616590241421e+01
2.920526851085319464e+01
3.320461636960783380e+01
3.614575075587656272e+01
3.186629571977172048e+01
3.529033952811531094e+01
3.023540396850283685e+01
3.443773951553034607e+01
3.714235581041846501e+01
3.495535025249385086e+01
3.555396538982573418e+01
3.335016122627159518e+01
3.559722194585599908e+01
2.821910285646672278e+01
3.352013915549504475e+01
3.592671982150682197e+01
3.664486527186336673e+01
3.354926982803240776e+01
3.482637571287803979e+01
3.147121822453154749e+01
3.459371960661891166e+01
3.531550131872876364e+01
3.765844388060941128e+01
3.360671614367541338e+01
3.647341462717407268e+01
3.015740792520321278e+01
3.395068396649551090e+01
3.642538715654046655e+01
3.751667683436421896e+01
3.429124942466377490e+01
3.659593474408951153e+01
3.221429390835210427e+01
3.470171167659533040e+01
3.698511276731741759e+01
3.825911041197689855e+01
3.530185044407238593e+01
3.821704174460117542e+01
3.971520390039432868e+01
4.126888330602377408e+01
3.660904918533412200e+01
3.982908646022027455e+01
3.419586548451691499e+01
3.743300161554221006e+01
3.912079703916828066e+01
4.127285666770954009e+01
3.956620734789438387e+01
4.003788080971514773e+01
3.517687844665839236e+01
3.876664979550918133e+01
4.001167990350332815e+01
4.250086542545790280e+01
3.810685864905875775e+01
4.176802605336958152e+01
3.521745802082476473e+01
3.973469917128523576e+01
4.044825375375086907e+01
4.333061968457122504e+01
3.892356897202151345e+01
4.287559686191313801e+01
3.742852177631150568e+01
4.074422182602178566e+01
4.088984110405462502e+01
4.405597582418588587e+01
3.850675291056077043e+01
4.319956196741932075e+01
3.774616915728976352e+01
4.130984234176913361e+01
4.212678782755632767e+01
4.536641634175187932e+01
3.994870286013965455e+01
4.390383264639329042e+01
4.548631806664479882e+01
4.511291043529931244e+01
4.414894618024239747e+01
4.361766178941929439e+01
4.309375573524000202e+01
4.245899576278650045e+01
4.637385089793355775e+01
4.642782035684855657e+01
4.417919948792712859e+01
4.452965238774211088e+01
4.343149146121219673e+01
4.740775151977000235e+01
4.786338133260213823e+01
4.617497070636662926e+01
4.553764140884302947e+01
4.416635239413950131e+01
4.492530810467676616e+01
4.929164783754514190e+01
4.617155137347241123e+01
4.725655225092038592e+01
4.599261846037786938e+01
4.581375968229791340e+01
4.898808301136229915e+01
4.959137232989110089e+01
4.631600210664917938e+01
4.985527850686348472e+01
4.364617365266538229e+01
4.771813437721279882e+01
5.058719045278828474e+01
5.029312961336229648e+01
4.760220094785973544e+01
4.850090643208233132e+01
5.148779251592899442e+01
5.416990939087053647e+01
4.828168335173348424e+01
5.182339864458106860e+01
4.584888729418761955e+01
5.024198788737203358e+01
5.178530998126135643e+01
5.425564705345809813e+01
4.908955232772721189e+01
5.241221809636812168e+01
4.666034582179916157e+01
5.026597817478369734e+01
5.200019997244026371e+01
5.325886702917023285e+01
4.986141316455927353e+01
5.182118766719825942e+01
5.410613379829784719e+01
5.619827960145495638e+01
5.096420666236280539e+01
5.333890366541646699e+01
5.033210614197207633e+01
5.252559813276188549e+01
5.431590875550487141e+01
5.636432454664966940e+01
5.121140549740934489e+01
5.423412392201814924e+01
4.900038676096140478e+01
5.190284082520769715e+01
5.325122056695726513e+01
5.580489090051938916e+01
5.049734558358829872e+01
5.350036813036636829e+01
5.482381392422124122e+01
5.716663021509675247e+01
5.617615249960454804e+01
5.407704268637566258e+01
5.506184710551226402e+01
5.781072342697353861e+01
5.798150170851793206e+01
5.395706211850012579e+01
5.566217259290132802e+01
5.260143300485503204e+01
5.405168227557738447e+01
5.706319537036765155e+01
5.684586249106298794e+01
5.523612607301767241e+01
5.567626326135916059e+01
5.894259665476031529e+01
5.888569287569826827e+01
5.614821581716404353e+01
5.639021767431542287e+01
5.708957439598557926e+01
5.764713061842692809e+01
6.089810824747486606e+01
5.872599207010551936e+01
5.734063678914265694e+01
5.680211095491841888e+01
6.015736074902191888e+01
6.273204998742482985e+01
5.490363255674002119e+01
6.001712065005661856e+01
5.603098640489449167e+01
6.001922456291030983e+01
6.305194236976446120e+01
5.525342781676238246e+01
6.085375991887228508e+01
5.569304310164685745e+01
6.008379606840016862e+01
6.291828667154582178e+01
5.580005283503329849e+01
6.111922570052900738e+01
5.417623517226238761e+01
5.941629908073272048e+01
6.221587788419660114e+01
5.720231389970804514e+01
6.190454067072906241e+01
5.385817408504173898e+01
5.939700109726649657e+01
6.110996406857817931e+01
6.391213144191176099e+01
5.578667637399366441e+01
6.055966548657837478e+01
6.306306325062513451e+01
6.366001572644529460e+01
5.961726125795701847e+01
6.122302964656926605e+01
5.748850690094751315e+01
6.002886082259571765e+01
6.091045562929642898e+01
6.303159441626279147e+01
5.732014783321524476e+01
6.073854741516682765e+01
6.195087512133707719e+01
6.414234407698162954e+01
5.747296340555698180e+01
6.163116813222534773e+01
5.570469439958629465e+01
5.929049851344438338e+01
6.034670490191061276e+01
6.244490950684676278e+01
5.639428210475306003e+01
5.977089802655665096e+01
6.108903588933865336e+01
6.270612880885843765e+01
5.935119580442410125e+01
6.105122791874379118e+01
6.266455826990200251e+01
6.390756902867367018e+01
5.940661775796195343e+01
6.152418050926357296e+01
5.812504730103673012e+01
5.930296621638977683e+01
6.128586681646527268e+01
6.194497143704485609e+01
5.951838251180297590e+01
6.064987061710428407e+01
6.309236799409988805e+01
6.317140986321260243e+01
6.137265559048746866e+01
6.144989922705158136e+01
5.721723168879412214e+01
5.855069347366173105e+01
6.114285341887367764e+01
6.077729498467969904e+01
5.840301014345855890e+01
5.878152896248850823e+01
6.157382503345401403e+01
6.100425568485309213e+01
5.994661814351578499e+01
5.926930601947027100e+01
5.768590877014330687e+01
5.908364757940269385e+01
6.163934165251450281e+01
5.962334547906626625e+01
5.915573816378622496e+01
6.219750699692757223e+01
5.982279300890130003e+01
6.309817561372632611e+01
5.769593754320919032e+01
6.059027032452583228e+01
6.322889658735908824e+01
6.029543922516914733e+01
5.987388123918335481e+01
5.771160295537963947e+01
5.895563543833886655e+01
6.222076144833926037e+01
5.900078606185715557e+01
5.963066312903302446e+01
5.694128783954409556e+01
5.709624450959744735e+01
6.047177965876186789e+01
5.775337123623571500e+01
6.017424238240119649e+01
5.582869274917467806e+01
5.910734445961246308e+01
5.938908693042177589e+01
5.966859745435534279e+01
5.383880675099284474e+01
5.786476407489821838e+01
6.009005018406212884e+01
6.157608082976143038e+01
5.540384404912211380e+01
5.850954981658339449e+01
5.380975133158261769e+01
5.640802139964488049e+01
5.699776902850852878e+01
5.893100870048552764e+01
5.368955107456542919e+01
5.624370362204634688e+01
5.713122731358819095e+01
5.898441686138941975e+01
5.269507246354933727e+01
5.592250310006018310e+01
5.721041678032386812e+01
5.843390477951145812e+01
5.385185127493190294e+01
5.593053021534527147e+01
5.729933931297732386e+01
5.831645299728063492e+01
5.493126406537592032e+01
5.637892125704707524e+01
5.148151466981197899e+01
5.364041935883727774e+01
5.434118278740317720e+01
5.595618540951115705e+01
5.531353908352680548e+01
5.086539911996196395e+01
5.204729909853500658e+01
5.414666910824376345e+01
5.435739953747628306e+01
5.101759589965175934e+01
5.189988925204757919e+01
5.422364043722207327e+01
5.395612005573189407e+01
5.492721830991715137e+01
5.026685094908106777e+01
5.290611526996165992e+01
5.250476925437027376e+01
5.499439821290940955e+01
5.131372520829626893e+01
5.330799945741642887e+01
5.518609373424877873e+01
5.337983028650286599e+01
5.134117153802124278e+01
5.064337777814198915e+01
5.339636209738049644e+01
5.450350977295985189e+01
5.135204296043428229e+01
5.300425524894075835e+01
4.770254336014870233e+01
5.121479002115285795e+01
5.334444454714090256e+01
5.069212415275934802e+01
5.039844615709063191e+01
5.355895457746172639e+01
5.107465950942842881e+01
5.365802703280254349e+01
4.630609239199480243e+01
5.044548645100853435e+01
5.291491570994574545e+01
5.003460389449706014e+01
5.022898602807354962e+01
4.773622141619565440e+01
5.081653671915143633e+01
5.009679937753502088e+01
5.107720510730172947e+01
4.461879350433079594e+01
4.964277236394505621e+01
5.093405894518874533e+01
5.244733652657272671e+01
4.538055329891437850e+01
4.963315350914628965e+01
5.164107983961255854e+01
5.166032805238105396e+01
4.759161143142562622e+01
4.901391117160926569e+01
5.107972013708312176e+01
5.250389466935854443e+01
4.710231328293612307e+01
4.872226092899798999e+01
4.511057094279188107e+01
4.710037454402814916e+01
4.801442069103101318e+01
4.914002168623795797e+01
4.494863496194868446e+01
4.632726327782476972e+01
4.784204590498087839e+01
4.937212438174206142e+01
4.444125786438320347e+01
4.609470382449404724e+01
4.719170658319540479e+01
4.864606206616798545e+01
4.855540415244777819e+01
4.406409599692948831e+01
4.568169092139999776e+01
4.694828705174813166e+01
4.782193601905655811e+01
4.515311953319697125e+01
4.776791072275154448e+01
4.822960688286836728e+01
4.987538422893522494e+01
4.391521136698587213e+01
4.698969269589201048e+01
4.687317059478444037e+01
4.902217760853429240e+01
4.743810291954647340e+01
4.431756455477649581e+01
4.517401160462924281e+01
4.756795082133995578e+01
4.697364098125854071e+01
4.596921062594244489e+01
4.569054039004353740e+01
4.822755866439148065e+01
4.808795960947988135e+01
4.489367947458244856e+01
4.468056302969343818e+01
4.763492694674032180e+01
4.752225719034611018e+01
4.930205441495624541e+01
4.107224145609685451e+01
4.673020884282867371e+01
4.798413798465119839e+01
4.656950230571330707e+01
4.677283834681100672e+01
4.495263557913276742e+01
4.817691394974715280e+01
4.838378671729731906e+01
4.624294925716744586e+01
4.501764875463175031e+01
4.889104621272625906e+01
4.574311372077350768e+01
4.909938494186606306e+01
4.233302800481563821e+01
4.593575094405522208e+01
4.838810280252210561e+01
4.720132650730062807e+01
4.675983296055060379e+01
4.390515212166901904e+01
4.640300161965154047e+01
4.800637926618135509e+01
4.558799722192573256e+01
4.859815542831353241e+01
5.025597774291301789e+01
4.668810340790308544e+01
4.781769843076443749e+01
4.444288192894145340e+01
4.689852570472316273e+01
4.858019213749917498e+01
4.869450506082905150e+01
4.470986523368269872e+01
4.739335210653216990e+01
4.875281034160769167e+01
4.941212610278417117e+01
4.561635249681438609e+01
4.808105639788868046e+01
4.911160310450976851e+01
5.025443866867836107e+01
4.620208142436317900e+01
4.853150279130507982e+01
4.946036104177025550e+01
5.104672943638298932e+01
4.685682162588416588e+01
4.929354353944388123e+01
4.361205847883991993e+01
4.604461872435008729e+01
4.726621118438165325e+01
4.891521971612612418e+01
4.737074155682821441e+01
4.951413466218378545e+01
4.995060807393538482e+01
4.815897535753444458e+01
4.908930736871440814e+01
5.146080507112235125e+01
5.132270499729042257e+01
4.735351768871028355e+01
4.840665500967715218e+01
5.102506322127366190e+01
5.051515990594780448e+01
5.132059166323936950e+01
4.995711623506542765e+01
4.555051152477612675e+01
4.956076549892848959e+01
4.872616501487721052e+01
5.179511353753218827e+01
4.640417561666457402e+01
5.004887918644458722e+01
5.064046951764672855e+01
5.162194474497261609e+01
4.652563915211426604e+01
5.048440903975919269e+01
5.311853354778742187e+01
5.038247817173702714e+01
4.959864186908393435e+01
5.331348897780768681e+01
5.062832873224232344e+01
5.407840660681192446e+01
4.604592865337063046e+01
5.113304837135450498e+01
5.381060440693075719e+01
5.083184188483190979e+01
5.107927171965089741e+01
4.861889322813431846e+01
5.219413374699982455e+01
5.187975685739660747e+01
5.367914814527807721e+01
4.721139485307934791e+01
5.104137780788816769e+01
5.342575361289844693e+01
5.476752830484095114e+01
5.036221663122940129e+01
5.285951650702538984e+01
5.335481526664927543e+01
5.494670585493744142e+01
4.698785017650956775e+01
5.167531693934852655e+01
5.376856753328123517e+01
5.526943773324442333e+01
5.039301926522724528e+01
5.177874967170703968e+01
5.408544086288125641e+01
5.529854050633814921e+01
5.045563556088810486e+01
5.405508602437247134e+01
5.486175935356206423e+01
5.668459339912740091e+01
5.143055953328772745e+01
5.349682140493575844e+01
5.462194362270531656e+01
5.601901698496013182e+01
5.250293045967210759e+01
5.440455778278748511e+01
5.598253466337880013e+01
5.688433303101263050e+01
5.303718106273426258e+01
5.457093815254185643e+01
5.655604503834146612e+01
5.699519607391726339e+01
5.520388128622872870e+01
5.582589000897437614e+01
5.811911107893843820e+01
5.794854304318284477e+01
5.378189887094247013e+01
5.481257428765410111e+01
5.723508609538433944e+01
5.688002110597209082e+01
5.627720682274746622e+01
5.580329854695825986e+01
5.206382630481736840e+01
5.274838500073038716e+01
5.560265137757746601e+01
5.444327294391339933e+01
5.542558029895757699e+01
5.836952969248179102e+01
5.639438012371077491e+01
5.751585768302097534e+01
5.523747860720613545e+01
5.862387179454966457e+01
5.813913651738698007e+01
5.361276956715651920e+01
5.354010862239775292e+01
5.683934352237766063e+01
5.935492022604017848e+01
5.406982707073584038e+01
5.725186013200958257e+01
5.978433830387319858e+01
5.676853436340644521e+01
5.703874921956954580e+01
5.433660395828780310e+01
5.764195483474560433e+01
5.915713468542917752e+01
5.434334322329121392e+01
5.815173820655886061e+01
6.007469884048379072e+01
5.766891118104553726e+01
5.613694256493433699e+01
5.785279856608278948e+01
5.402763397071132090e+01
5.622176047467066695e+01
5.666320600596716872e+01
5.784903450097198174e+01
5.141430492270846031e+01
5.454855515969043722e+01
5.646522371710095456e+01
5.779509909522484179e+01
5.312035140567363811e+01
5.446119052471818378e+01
5.641026199448422318e+01
5.714344893993970942e+01
5.331247886733356722e+01
5.532520655913427987e+01
5.639016245045619513e+01
5.778415596992285685e+01
5.202276563381354890e+01
5.474222544409537505e+01
5.612718478257836097e+01
5.700897113840073871e+01
5.440806708500980449e+01
5.567838627294439391e+01
5.716024489640015815e+01
5.778437085958729114e+01
5.304991017611164494e+01
5.555152725204090558e+01
5.597362051871416355e+01
5.770119521307165655e+01
5.530688223266007242e+01
5.810103753329307352e+01
5.775130423907785371e+01
5.682883753790277126e+01
5.672629621415300250e+01
5.934904531148173135e+01
5.838486717495000988e+01
5.505018532629048877e+01
5.536617674993225791e+01
5.796475955308937245e+01
5.724612472994574119e+01
5.777111224605243223e+01
5.627291434667413483e+01
5.904037505186133217e+01
5.948086379636259124e+01
5.352883049445471642e+01
5.732151786453101039e+01
5.966982940305221916e+01
5.728949306914724815e+01
5.834216420630313138e+01
5.587981313998464117e+01
5.360939638287295850e+01
5.711478846504387263e+01
5.436462402924649240e+01
5.749043112436491754e+01
5.989877452508822842e+01
5.654250710686390136e+01
5.746117971850073047e+01
5.439919444609156329e+01
5.379883571454749358e+01
5.700403040381728914e+01
5.439815275912491188e+01
5.738089147213597130e+01
5.965448141122809744e+01
5.570932102991948653e+01
5.870286136516320141e+01
5.287120060414598299e+01
5.557929967024119122e+01
5.748657888219629797e+01
5.766907217793154672e+01
5.393649662014952639e+01
5.563248003016283860e+01
5.708139423200164231e+01
5.753088520547751727e+01
5.302530431185564197e+01
5.508986877053356324e+01
5.638156651280473852e+01
5.719747725167823660e+01
5.296425653433450975e+01
5.442529784055345488e+01
5.590399122295475820e+01
5.669075391619301030e+01
5.372655486650291579e+01
5.528015159276382917e+01
5.683802551704076933e+01
5.681163129115819288e+01
5.345943702645399043e+01
5.454206530272769982e+01
5.610818034161269452e+01
5.687655983047975639e+01
5.204739757836410519e+01
5.341786306529099448e+01
5.504607979974459653e+01
5.545632351282831252e+01
5.536124855419314628e+01
5.098930064200856549e+01
5.408169311946646474e+01
5.408988474921959977e+01
5.621668185153203723e+01
5.112807894714426027e+01
5.408879600970406898e+01
5.362894096258938248e+01
5.608214543959772413e+01
5.155864546437305762e+01
5.472544072099540102e+01
5.434036031054730387e+01
5.644668425616484342e+01
5.114500068418585954e+01
5.453919445371379737e+01
5.513512356283921179e+01
5.489965867643158504e+01
5.150288404534082076e+01
5.545072763480239075e+01
5.339243081847282468e+01
5.655752504633167632e+01
5.906050530843851476e+01
5.618774528464929574e+01
5.589299779628362330e+01
5.377060379874428264e+01
5.342069877494728303e+01
5.672430227355874166e+01
5.371758297241696312e+01
5.653156761267549513e+01
5.887042913920193143e+01
5.570120318547824212e+01
5.761871186748921048e+01
5.286458651647346585e+01
5.666018906322906901e+01
5.662950504641160876e+01
5.486680000458973439e+01
5.592853314419180322e+01
5.215662883978919240e+01
5.440085152401363899e+01
5.469142906621877387e+01
5.587843503886284680e+01
5.761273623069632777e+01
5.852197149484220517e+01
5.421560466609690820e+01
5.560972246213054859e+01
5.730151127843674175e+01
5.854025795456302461e+01
5.359160702050184710e+01
5.529317069952614361e+01
5.663401407558741596e+01
5.828149295450118927e+01
5.261212976650317330e+01
5.540815363342223776e+01
5.656812575683031952e+01
5.787815034329993580e+01
5.413530589862457987e+01
5.636585280310032431e+01
5.720650033575121540e+01
5.896055713576504331e+01
5.461747762965032393e+01
5.677243085408434098e+01
5.756711610069648799e+01
5.951989086509549054e+01
5.409434652512309327e+01
5.692359458926490845e+01
5.693214522799933519e+01
5.920515747518452798e+01
5.586033730956248888e+01
5.748265214009838786e+01
5.936270000255967005e+01
5.730453737155046667e+01
5.761967806769357736e+01
5.596639791860658875e+01
5.883149650836313782e+01
5.800647977840645808e+01
5.488428038988335800e+01
5.456048729803230657e+01
5.749019812130030260e+01
5.822505463409230231e+01
5.624231734020946760e+01
5.698301583693243799e+01
5.949005050028360131e+01
5.699369341810756850e+01
5.811715620068648747e+01
6.111557474382163946e+01
5.824659968739827320e+01
5.899092232554475856e+01
5.646486597711049171e+01
5.525788226456845820e+01
5.881581953762405846e+01
5.566564095437037452e+01
5.896175025970592287e+01
6.130728757954499031e+01
5.836827406636187021e+01
6.052722611294676369e+01
5.439803014303241468e+01
5.869128858485918698e+01
6.079968997568573030e+01
5.329335979145295710e+01
5.723692103058840530e+01
5.936703913887649264e+01
6.116868279719268742e+01
5.464750937217019811e+01
5.865989825027114790e+01
6.051552743955463853e+01
6.127745377284978900e+01
5.701582558157716818e+01
5.829685995181071689e+01
6.009543213776461101e+01
6.094689625512808107e+01
5.618136194651916071e+01
5.855484851093856236e+01
5.943428056980471297e+01
6.070563146297486412e+01
5.639500312606381982e+01
5.820674302027460101e+01
5.921892780074126961e+01
6.080320101617420647e+01
5.652013206935233569e+01
5.876024320732237527e+01
5.929087084870476332e+01
6.091079435884703486e+01
5.692954554279740620e+01
5.945945515611136756e+01
5.990906352713350458e+01
6.154640820520697986e+01
5.541009209393426715e+01
5.756694273692658470e+01
5.794592938332978349e+01
6.003459067714666730e+01
5.919096843449887757e+01
6.173434126949263856e+01
6.091929525832512127e+01
5.735814905851465539e+01
5.753582105767421950e+01
6.010040778709826270e+01
5.960213368370925480e+01
6.168611253490779944e+01
5.550076126489088324e+01
5.867760324219707968e+01
5.885529278084552374e+01
6.000747804827607013e+01
5.664964715697980324e+01
5.945633537744345176e+01
6.200936436559187825e+01
5.733940200683521482e+01
6.020584516941080011e+01
6.261613596000812265e+01
5.880718254246315269e+01
5.928601370527462677e+01
5.670582150112567632e+01
5.978677346872911613e+01
6.065046485707546253e+01
5.700461815152651468e+01
6.013848784257908164e+01
5.992851339920203912e+01
6.009881057576930630e+01
5.495890319572594507e+01
5.923271181558875753e+01
6.148029611237117820e+01
5.683323179038000461e+01
5.921836523376720862e+01
6.104093703464828735e+01
6.032701866863597928e+01
5.702626925562646676e+01
5.906135432294659893e+01
6.071920960010603352e+01
6.126359161322552893e+01
5.684864225113359737e+01
5.879685512396938663e+01
5.996178638218931667e+01
6.069103760484241405e+01
5.627896160439464524e+01
5.786374069570139511e+01
5.937225061554237726e+01
6.022914869924678527e+01
5.561306175402353347e+01
5.675939581848415116e+01
5.773419882498426148e+01
5.914799375723085006e+01
5.559009636014273070e+01
5.761803003168257220e+01
5.816809160649870591e+01
5.961406929630992835e+01
5.550923075420530495e+01
5.786130028027588423e+01
5.794852248465120681e+01
5.945927367908925731e+01
5.365653971119228061e+01
5.585579341137031406e+01
5.568678610448026234e+01
5.790194753096744762e+01
5.685165145987269852e+01
5.937523051971585630e+01
5.835933730526305396e+01
5.575051853476391273e+01
5.543138133901171472e+01
5.788796770115591528e+01
5.746117690846590875e+01
5.899190760536660605e+01
5.310760266296676235e+01
5.591732019444961566e+01
5.635044174499276437e+01
5.617162487390154268e+01
5.886616565811093693e+01
5.931370021331171216e+01
5.513809964399043650e+01
5.882257340782138044e+01
6.110519794512327962e+01
5.727559917043094373e+01
5.855259840057637177e+01
5.457586541051350792e+01
5.749090440479316300e+01
5.946855267222971264e+01
5.257521028426935317e+01
5.628150691032010400e+01
5.850079472437317207e+01
5.668936636774068916e+01
5.624666759447975295e+01
5.319661442701938370e+01
5.602560273361564214e+01
5.770635193874205982e+01
5.043080671787149782e+01
5.501026234062280906e+01
5.613935819334579236e+01
5.756488615534308906e+01
5.141689463056805920e+01
5.524118427681962373e+01
5.681250383172016427e+01
5.717635270981251239e+01
5.262799131206580228e+01
5.456264404741707352e+01
5.524209113980504071e+01
5.654803820834528238e+01
5.181079542926628534e+01
5.425573083514439787e+01
5.522518905250282728e+01
5.619203932127008017e+01
5.714563750076646187e+01
5.828844668178095390e+01
5.365475868092419631e+01
5.493110113175358578e+01
5.606576316619572253e+01
5.667340645271146826e+01
5.706053659749329654e+01
5.261477465133366138e+01
5.369920267959982141e+01
5.525926398058310696e+01
5.548200909818437054e+01
5.276906861187430309e+01
5.367895632745521795e+01
5.563499375868465080e+01
5.529965658865826583e+01
5.206998737748272532e+01
5.261212351019965183e+01
5.490680589070559137e+01
5.412020333260032601e+01
5.443267841497279846e+01
5.406749915831636599e+01
5.656718095610703756e+01
5.479789155213409657e+01
5.731666093847799459e+01
5.928559739728537181e+01
5.142657938192308364e+01
5.559759953120606468e+01
5.809197915898367626e+01
5.564693008128507756e+01
5.785125025395270626e+01
5.002342170174476621e+01
5.479128537277939870e+01
5.689735956779281167e+01
5.393229988551487963e+01
5.471001163680951151e+01
5.758099114501096238e+01
5.451674460403874889e+01
5.520786958162388203e+01
5.808907535481802853e+01
5.725815310945321812e+01
5.631802002360038983e+01
5.314113423553988014e+01
5.643037078904939818e+01
5.572665072019602661e+01
5.572758554222771465e+01
5.332954170089886503e+01
5.641811550381681428e+01
5.770683939425521203e+01
5.361070993167006549e+01
5.400592761576714196e+01
5.603745034383660339e+01
5.779499300153174346e+01
5.166744368373232277e+01
5.522843415989675719e+01
5.662367958099722642e+01
5.763030704951481908e+01
5.271387212524054178e+01
5.485544557903206453e+01
5.565884967213069245e+01
5.691794086469380431e+01
5.332539635491082208e+01
5.512937000179880442e+01
5.657437612517095005e+01
5.721303927343954854e+01
5.295744287926162031e+01
5.521370610440974502e+01
5.559404344925857089e+01
5.729133842104263863e+01
5.302304135011733877e+01
5.562652094435098604e+01
5.595360044245181541e+01
5.702273880781569915e+01
5.147592518442606035e+01
5.473918905283759528e+01
5.475419536486450767e+01
5.698341318736363093e+01
5.760991006295730443e+01
5.939002993730662183e+01
5.462967470356566224e+01
5.782632921645677726e+01
5.957279556535035425e+01
5.772909989153883714e+01
5.607108287497647581e+01
5.532421136554975050e+01
5.819627912301246653e+01
5.918316613204526533e+01
5.594239804874853661e+01
5.815609593403344491e+01
6.078722829617708356e+01
5.781661883565413262e+01
5.675860443206324391e+01
6.027423018896825369e+01
5.734910368210896792e+01
6.061055585994343886e+01
5.299359675804065972e+01
5.747322532205100032e+01
5.994526641051571403e+01
5.652630532584860390e+01
5.710718604954691102e+01
6.013436110044801808e+01
5.878574205678064857e+01
6.017357726805434481e+01
6.286893268076537566e+01
5.675175018166567753e+01
6.085219303431439641e+01
5.292782789339113947e+01
5.672570181058564032e+01
5.881547758631699452e+01
6.064666175301208995e+01
5.383968472768381730e+01
5.772943432680069265e+01
5.954175470967469863e+01
6.034585154216892278e+01
5.609716140083661884e+01
5.774789025793084818e+01
5.848294099978008376e+01
6.007821283253963429e+01
5.500111100671547604e+01
5.709326544794527081e+01
5.805094997380245303e+01
5.927445064013438270e+01
6.080641473515213846e+01
6.145834157825881050e+01
6.048934171245958424e+01
5.805705050300726100e+01
6.055635364717489466e+01
6.108494503287589339e+01
6.032853858970296557e+01
5.711542326463370500e+01
5.947075085762804747e+01
5.949990503804805542e+01
6.127690414962655296e+01
5.618973887209063633e+01
5.867981615994383304e+01
5.868271266244343565e+01
6.065836650750263459e+01
6.135623763520868579e+01
6.218014178786555135e+01
5.962470883483387496e+01
5.995908943530869806e+01
5.993644559493746016e+01
6.235945561709813489e+01
6.072462697903642237e+01
6.367199522248100862e+01
6.387502027070789978e+01
5.840595245734458274e+01
6.072183999926011211e+01
6.340082344455314711e+01
6.113823899345258184e+01
6.192980598794906655e+01
5.956981080672934326e+01
6.268143923939427964e+01
6.376707501341747530e+01
5.928341903774609278e+01
6.203184560678877091e+01
6.436204521509534970e+01
5.959880860372579292e+01
6.250557501703470820e+01
6.470619653342076560e+01
6.138397384804178358e+01
6.405720045426880915e+01
5.734092439723375634e+01
6.069828778650156664e+01
6.296284362150289837e+01
5.852119560574736568e+01
5.984935004797977598e+01
6.240510940999610057e+01
6.313651087614839952e+01
5.810397249254312158e+01
5.952950452446734175e+01
6.121151406217963142e+01
6.270711519725325189e+01
5.716352481382271833e+01
6.013458839556217583e+01
6.153563884626086633e+01
6.230703941866161699e+01
5.767248901770268077e+01
5.925240599764590854e+01
6.031416740212070948e+01
6.131898812659485287e+01
5.806103301009242301e+01
5.956180670795506416e+01
6.049692669367512110e+01
6.126645567619779342e+01
5.666759457153344925e+01
5.833048113161484594e+01
5.889007221332425956e+01
6.029958721209560224e+01
6.140896043014234351e+01
6.131294404973903056e+01
6.216227353745593831e+01
5.720764751497672762e+01
5.968034967289095505e+01
5.926050973781065068e+01
6.159357664335962568e+01
5.790508863297549880e+01
6.042266120591900602e+01
5.944915423610940053e+01
6.146000517590984913e+01
6.227582434949682266e+01
6.165710119769365605e+01
6.141867160594279795e+01
5.935784763343543347e+01
6.207741268033077375e+01
6.202068149414738940e+01
5.692076919966828541e+01
5.712401586736049808e+01
5.993080120136063726e+01
6.213251074036397625e+01
5.774568707465468265e+01
6.032253559848043523e+01
6.260824164875251086e+01
5.900780465591201107e+01
5.959559380065198297e+01
6.230362300644822682e+01
5.924282996904594967e+01
5.988295731793445498e+01
5.682201841516367580e+01
5.970683093405475006e+01
5.967465084011050891e+01
5.786419662213253901e+01
6.083062925001027565e+01
6.025166849790117851e+01
5.888744860024988981e+01
5.952739896801485031e+01
6.206141897696499399e+01
5.834566521773346182e+01
6.024874189292138738e+01
5.566986983784371290e+01
5.791097189536869649e+01
5.848270663733724462e+01
5.972999822292995731e+01
5.322338777533814635e+01
5.639874364381011418e+01
5.777675986986511703e+01
5.860670891847556874e+01
6.029943989973877905e+01
6.085623006539605484e+01
5.703838944374440700e+01
5.863998270303876126e+01
5.968335907041007715e+01
6.065649316350091169e+01
5.420561540794692945e+01
5.690789794319036332e+01
5.802879194394947859e+01
5.878865863252865864e+01
5.614039401178560951e+01
5.739796347693349077e+01
5.889844439420146216e+01
5.906054099493377407e+01
5.440975641040073896e+01
5.526201117710535726e+01
5.717253486527458506e+01
5.695640569149434640e+01
5.840345016984872473e+01
5.827946959749243661e+01
6.044784109228366020e+01
5.638349513580963901e+01
5.919136045665683099e+01
5.836468558386466299e+01
6.034242105657691724e+01
5.490854358247951694e+01
5.807258688309764239e+01
5.848339929058672482e+01
5.824115541572735566e+01
5.497928454851373914e+01
5.865148026828148176e+01
5.654875426343705414e+01
5.932531090545501939e+01
5.292178970847002262e+01
5.705171893072056122e+01
5.927195454131134511e+01
5.608768339529108715e+01
5.901808021286127826e+01
6.040153958615313456e+01
5.436616046017324777e+01
5.856258901905722780e+01
6.071220063239012887e+01
5.735580649137203579e+01
5.928834080274032914e+01
5.474234895838262815e+01
5.820944106405351448e+01
5.768546675840143934e+01
5.585476216589150766e+01
5.860681466416693297e+01
5.852980458000514830e+01
5.848955893801265660e+01
5.552438126208086544e+01
5.770123787203650068e+01
5.945194005355937605e+01
5.399636364649826703e+01
5.734894906255569680e+01
5.869733938769475401e+01
5.967990631484288855e+01
5.537376933901953180e+01
5.763792078450777723e+01
5.882848715349071966e+01
6.003929561728471498e+01
5.493820561388842094e+01
5.638902986565376096e+01
5.773160153505715186e+01
5.888141903485403361e+01
5.513111961206579537e+01
5.723831992251229650e+01
5.777721043751046892e+01
5.942172046297980614e+01
5.972005672744625571e+01
6.156846610579906809e+01
5.780509983833945853e+01
5.967850108878480597e+01
6.037250018753483971e+01
6.189011093157494514e+01
5.482553342654354367e+01
5.791654364848309200e+01
5.855670004751911506e+01
5.951174908787061923e+01
5.842191377720455137e+01
6.113821194773724699e+01
6.191832366529654763e+01
5.567945173565404104e+01
5.980523962725823139e+01
6.193619578704251438e+01
5.970908887109637675e+01
5.913462934828091022e+01
6.184127525055921382e+01
5.938956673330348224e+01
6.238794581980219789e+01
5.533158691808108642e+01
5.953808970449399141e+01
6.211010161146649722e+01
5.895868552861038836e+01
5.906996913901150492e+01
6.221775386170024547e+01
5.887876258875918722e+01
6.142783665769686507e+01
6.385735653488036689e+01
6.053464182673268112e+01
6.351035650397609089e+01
5.583844491585709591e+01
6.019408582283607956e+01
6.235454806106044856e+01
5.781190796870968285e+01
5.943722283040550280e+01
6.113431397799139688e+01
6.284741757261031836e+01
5.628924593718473801e+01
6.001235041117270441e+01
6.177520880006685644e+01
6.256941275912587486e+01
5.824015747610463478e+01
5.980786986466406319e+01
6.057151423879622598e+01
6.203343653950777536e+01
5.698070793245729959e+01
5.891510722677905676e+01
5.987996819999573717e+01
6.100919189339389703e+01
5.778667787547244217e+01
5.957449656906614166e+01
6.049121546691549867e+01
6.173623684398975797e+01
6.291298225432706914e+01
6.345296889339908830e+01
5.881468709160026975e+01
6.003357123707547061e+01
6.173251633915842262e+01
6.199076184019536839e+01
6.096012832267085457e+01
6.125356249626046434e+01
6.330495168716783638e+01
6.285498738304657707e+01
5.811587717541284093e+01
6.089828700854948096e+01
5.994826564448492690e+01
6.239897602307363655e+01
6.019802301598222982e+01
6.298629166431601334e+01
6.188031705185568399e+01
5.896950988614081979e+01
6.079072152604177148e+01
6.142304919642959504e+01
6.071052690676721397e+01
6.291884510650730533e+01
6.532735079864126249e+01
6.231339569924190158e+01
6.112415534826588726e+01
5.912221465847846957e+01
6.225794877414580952e+01
6.394645401730986833e+01
5.750413217819038891e+01
6.100960005619064930e+01
6.336686569867511309e+01
6.007204327410838829e+01
6.023250107337713644e+01
6.312478834125534632e+01
6.188801950306024224e+01
6.363535449837776525e+01
6.577360291573673123e+01
6.035295357519340342e+01
6.398478153471326380e+01
5.779270920767446285e+01
6.097472217253467619e+01
6.278484196195712741e+01
5.976460488741926724e+01
6.022066820758642081e+01
6.200717320029754376e+01
6.338995774556902063e+01
5.858255013762273222e+01
5.963227411132337608e+01
6.123149444340276659e+01
6.251482418828015852e+01
5.818208445287896780e+01
6.033737728299710312e+01
6.141269793326262771e+01
6.251521638707014006e+01
5.782825692238654369e+01
5.899575971685951004e+01
6.014890081636472274e+01
6.110146195885521792e+01
5.843957726597371760e+01
6.039556357875998316e+01
6.069421059661328144e+01
6.174395795004784304e+01
6.202131706464851391e+01
6.397955728081106486e+01
5.852226076385168341e+01
5.991277084473130543e+01
6.173218692649437855e+01
6.105622401320576387e+01
5.869708218321310511e+01
5.865429062750591527e+01
6.121405307477970581e+01
6.012700553564837236e+01
6.086874647022104767e+01
6.044461041879932139e+01
6.280876520798027229e+01
5.996100733117835802e+01
5.839436296036596730e+01
5.947986791597549683e+01
6.017843535877579342e+01
5.879823419001284890e+01
6.143487649001980344e+01
6.376575460505366522e+01
5.778103367538529511e+01
6.082364902717397825e+01
6.310867271210139506e+01
6.011563714062860697e+01
5.994677430834587284e+01
5.739400442000654579e+01
6.023959427453722526e+01
6.192312207339447383e+01
5.531582103794016092e+01
5.883536191694481232e+01
6.098289256941914260e+01
5.829605091636120306e+01
5.840015747891674636e+01
6.131028775646876738e+01
5.814874114711381736e+01
6.073492755171306356e+01
6.222893695849441542e+01
6.095905532552252026e+01
5.801027099591706815e+01
5.969273579976044886e+01
6.099992560698260746e+01
6.190339919237862176e+01
5.720694624193511402e+01
5.810186377764064503e+01
5.959264562438050206e+01
6.087642657688355996e+01
5.580335808974892586e+01
5.851945731765048464e+01
5.907999708881111189e+01
6.030586127577583255e+01
5.455028786508619731e+01
5.650648388355316598e+01
5.743778944326731306e+01
5.846971501339964306e+01
5.980767098128446690e+01
6.039172342477786515e+01
5.814589335548150473e+01
5.907336089146010494e+01
6.072594850356627916e+01
6.083179093697007289e+01
5.639145596759555445e+01
5.706851085745018537e+01
5.898407091765379562e+01
5.874680344584238156e+01
5.952066556419062948e+01
6.094216302867089752e+01
5.977965473020726961e+01
5.821386502893204096e+01
5.775479001320167072e+01
6.017087570395262475e+01
5.949015801010681059e+01
5.667587420212293381e+01
5.606387333552937946e+01
5.864389720108284365e+01
5.841661302014715318e+01
5.989634197845658292e+01
6.211401681658136198e+01
5.967313345950022807e+01
5.840606420667050003e+01
5.666574345952142266e+01
5.957221402669676991e+01
6.145883514537175074e+01
5.353694819008040184e+01
5.813506515175403422e+01
6.047328466258771584e+01
5.728573197293980712e+01
5.817490205553929172e+01
6.086263630470907060e+01
5.966796866664284238e+01
5.961886748421983384e+01
5.651903689243341944e+01
5.920242316281185424e+01
5.811479774787685670e+01
5.659293810062120400e+01
5.976510780756137109e+01
6.076481675939981386e+01
5.651805235568929220e+01
5.702373044331564245e+01
5.892348197883152494e+01
6.064235212881198578e+01
5.549802309437509962e+01
5.873119228414748960e+01
6.030262813165412439e+01
5.908064501039249450e+01
5.707976069028028832e+01
5.937979845023355807e+01
5.996319631718837684e+01
6.018418384632402507e+01
5.474708533541544853e+01
5.666361533867717526e+01
5.787780944982684161e+01
5.902690085713108914e+01
5.579955248158019998e+01
5.791025592975463354e+01
5.841282879313544640e+01
5.970597782050845126e+01
6.106201977906322043e+01
6.104387080488078965e+01
5.820787514573918742e+01
5.884482418013048033e+01
6.090781927379688199e+01
6.048605339141411719e+01
5.648805750774968004e+01
5.710760878057098466e+01
5.947160495247287315e+01
5.864870040770102122e+01
6.026369202528470481e+01
5.918544910931706937e+01
6.189018697642065803e+01
5.858974836431355016e+01
5.951454795985201685e+01
6.017274892164245870e+01
6.128569327110747622e+01
5.758297018100630282e+01
6.078523049661430377e+01
6.302413777165762099e+01
5.823697199984995621e+01
6.135752635705577518e+01
6.388540918133506352e+01
5.950189614121991610e+01
6.171880783674421167e+01
6.441772617155532998e+01
6.005706784085577254e+01
6.219271361881794746e+01
5.626856335764523465e+01
6.019843117697730861e+01
6.234150608768915447e+01
5.749939445473462030e+01
6.040240197618908269e+01
6.264101720166884490e+01
5.838378822369828214e+01
6.189508818840937465e+01
6.372599257196365841e+01
6.361067573608061565e+01
5.956416898791504622e+01
6.132214751111352768e+01
6.272301903726940253e+01
6.350721299312604629e+01
5.913031482815212314e+01
6.013432550689884692e+01
6.166156113789782722e+01
6.314670862794510242e+01
5.761083974548457576e+01
5.964339680707215763e+01
6.055369061370775796e+01
6.135954049470923621e+01
5.879977684890148026e+01
6.087915154452216626e+01
6.195780391786920660e+01
6.179934036019487564e+01
6.313722033584656401e+01
6.396081772503643492e+01
5.837530281299998336e+01
6.026506944301430480e+01
6.071587221919919841e+01
6.247727123871707278e+01
6.238058484617446453e+01
5.688365980482268469e+01
5.964273566960355311e+01
5.954560905779798219e+01
6.134233428899086249e+01
6.251287366518035782e+01
6.161065267219594688e+01
6.358375627427363952e+01
5.762334707122234789e+01
6.028450898698883975e+01
6.030778237165051081e+01
6.242137229625499373e+01
6.433542227879432573e+01
6.224010692592202076e+01
6.309312057878513968e+01
6.087236839981274983e+01
6.381691416782760484e+01
6.404881339479324254e+01
5.794897483858888876e+01
6.150408163950132945e+01
6.390158663912387027e+01
6.082359629418070313e+01
6.143784373288589507e+01
6.426495099958273727e+01
6.107197076102299604e+01
6.295118931255966999e+01
5.902565599233681581e+01
6.164783208905478062e+01
6.285457051297625952e+01
5.873348031682841253e+01
6.225540867884441809e+01
6.357834226738238215e+01
5.944249059591523121e+01
6.288008532705176634e+01
6.389307804613702757e+01
6.217073502619263792e+01
6.085089498175535283e+01
6.314488628627197642e+01
6.480140989475250990e+01
6.024859525670346727e+01
6.162076744465451128e+01
6.304154822896457944e+01
6.443638171153585859e+01
5.924096532548870897e+01
6.073584143715966377e+01
6.156343838169103577e+01
6.255950948416545288e+01
5.986964626792276789e+01
6.159571593230975139e+01
6.267913575769772194e+01
5.988440988969126266e+01
6.104003205137312449e+01
6.211500155236816312e+01
6.259287567171892164e+01
6.000448916789944320e+01
6.244567122852834018e+01
6.240066821157343213e+01
6.337655007578256772e+01
5.793004236142970598e+01
6.016314266001545263e+01
5.971418178900047025e+01
6.204089244891414978e+01
5.902434117516055778e+01
6.189595934658564858e+01
6.077546676907513756e+01
6.121846448272798824e+01
6.074513616407646310e+01
6.308218646119812689e+01
6.090766283163657135e+01
5.782444257815784283e+01
5.885840052145004364e+01
6.130815625271409175e+01
5.919732222255651521e+01
6.186400984421759830e+01
6.350046540224052904e+01
5.889369588423290480e+01
6.154775709041991405e+01
6.381023573360729273e+01
6.046682373951401246e+01
5.979474393704977331e+01
5.732768221356339922e+01
6.016978161933450053e+01
6.219549082995136757e+01
5.543337460961566165e+01
5.890961395697335234e+01
6.105459060027539664e+01
5.882483325135201824e+01
5.863787314805215090e+01
6.155160657031922966e+01
5.814129614756591025e+01
6.073449100150581614e+01
6.226519827101413540e+01
6.132463460015775070e+01
5.798069892819253823e+01
6.003691833181358817e+01
6.095299579108525734e+01
6.176902717711040225e+01
5.713419277540299390e+01
5.815577173124844279e+01
5.957279741275554130e+01
6.136187781869189450e+01
5.479869375834464051e+01
5.751423148063962287e+01
5.835469567883585995e+01
5.933609170365758700e+01
5.508761496150769688e+01
5.724313527276976998e+01
5.804583417948187218e+01
5.903452547833058617e+01
6.038567104464711832e+01
6.087000019955973329e+01
5.682115581008680749e+01
5.779529759824917790e+01
5.929587034064471851e+01
5.954779637205431442e+01
5.762129628362793454e+01
5.841522750638635131e+01
6.030359002311068650e+01
5.985970743091175450e+01
5.558866832922993240e+01
5.658567699525142558e+01
5.868747297754174497e+01
5.785286236363793932e+01
5.900457696992666001e+01
5.905490557464416668e+01
6.124076667435665655e+01
5.587740738204959001e+01
5.895891809242706216e+01
5.952358719133303566e+01
5.854661375707205195e+01
5.621276101621331378e+01
5.925112855062883455e+01
5.692217518044136426e+01
5.967178886686139805e+01
6.222981252056705159e+01
5.933621574306896207e+01
6.100978735610672743e+01
5.534621354079905586e+01
5.907129395327568488e+01
6.128642574121742115e+01
5.540761964962614172e+01
5.912154177114787501e+01
6.125487626829362853e+01
5.752927041073647274e+01
6.047875985675054977e+01
6.250148672278069739e+01
5.755931879555400599e+01
6.038320920055392094e+01
5.204705492676892931e+01
5.723236938258442308e+01
5.836213986164459300e+01
5.983041046085762815e+01
5.274389529474900939e+01
5.674353464747687781e+01
5.837444597930350199e+01
5.884337420174340849e+01
6.039570929423918244e+01
6.172503465137793910e+01
5.599810653915253766e+01
5.840065526043236588e+01
5.995011226961324979e+01
6.061419654577152727e+01
5.644900197488620819e+01
5.818713931184520050e+01
5.928490276165162243e+01
6.039317633468981938e+01
5.572320810418953130e+01
5.764861765267213656e+01
5.853196307755589345e+01
5.983451015710134868e+01
6.019388247570299910e+01
6.189816959405634833e+01
5.843433543109334494e+01
6.081615161408710435e+01
6.073476603599950607e+01
6.284065561388158727e+01
5.692574743733224807e+01
6.006298032498277450e+01
5.944395635993847549e+01
6.193086979463580377e+01
5.876526396575265920e+01
6.161203046918160453e+01
6.041062135909962905e+01
6.012979821161613359e+01
6.227526122034888800e+01
6.019720525377013587e+01
6.298566889018318449e+01
5.684578662482211087e+01
6.032596457199806395e+01
6.284828237111962324e+01
6.030417798122424244e+01
5.969082680900116600e+01
6.287752244212242658e+01
5.984124981165960833e+01
6.288066920462216558e+01
6.521334895911195417e+01
6.046961722145529450e+01
6.347850363214600833e+01
5.572998122561770629e+01
5.995037283542193052e+01
6.223662109962814526e+01
5.920810036726658865e+01
6.224506046162270678e+01
6.191327616006260115e+01
6.286398145887964262e+01
5.744776400413253725e+01
6.115109348714101856e+01
6.231898952469680353e+01
6.151316037166554196e+01
5.904676417709305269e+01
6.100619313688507361e+01
6.265424423087306138e+01
6.087664851634382046e+01
6.310169615085948891e+01
6.449289264330748495e+01
5.914753355193567330e+01
6.165154811595050433e+01
6.281963098448382965e+01
6.401472235316373371e+01
5.936425173179608095e+01
6.095796391500974210e+01
6.226554328914005509e+01
6.327118022225428007e+01
5.971112981044753099e+01
6.212559223011921716e+01
6.236290381334130473e+01
6.377745431037507728e+01
5.825938170028507557e+01
6.048934392372328261e+01
6.059120419599629059e+01
6.218398441442635516e+01
6.318215871376275317e+01
6.296630119689506699e+01
6.442654412267209807e+01
5.883194646231938663e+01
6.140746995512915873e+01
6.096024645623227656e+01
6.314360556851353579e+01
6.501119787264751437e+01
6.321181318478677014e+01
6.348381679809383371e+01
6.194897200539774929e+01
6.485279166780101434e+01
6.368743861540125550e+01
6.147810130889153868e+01
6.442691414703340058e+01
6.185947488680258743e+01
6.486146830591739842e+01
6.031864297945408993e+01
6.319784441289672117e+01
6.543067298899471496e+01
6.110426436658425331e+01
6.293320634212153664e+01
6.545974251982634939e+01
6.190646114944158285e+01
6.174643320193753482e+01
6.467197942296880342e+01
6.312212850077523996e+01
6.548029427125621282e+01
5.877770502776331085e+01
6.189739953368571435e+01
6.397455994079166430e+01
5.982402192268506269e+01
6.273934163423759713e+01
6.211032251412435556e+01
6.464159301827075410e+01
5.915235391042359936e+01
6.136454547751054633e+01
6.252253149518715958e+01
6.356709429898835140e+01
6.454011029948289035e+01
6.577065656896813550e+01
6.026867426276029249e+01
6.249022193009104598e+01
6.393403851601266297e+01
6.451566175521276136e+01
6.081464675272547282e+01
6.245859146653885574e+01
6.353381776415505300e+01
6.387911123983099060e+01
6.021567354166361241e+01
6.131940304092346850e+01
6.255107349582767995e+01
6.299028604476273330e+01
5.926167890067471689e+01
6.156490109085226692e+01
6.157426836225201328e+01
6.313251608726960029e+01
6.335355312613302203e+01
6.511317523120946760e+01
6.181278321921513452e+01
6.232251671862304221e+01
6.419241140031806481e+01
6.314266171411712492e+01
5.956409200569137141e+01
5.958563664012775263e+01
6.220259768615583340e+01
6.083052860529414119e+01
6.282056135070334335e+01
6.494413097081940123e+01
6.271299103195959646e+01
6.121822846910420424e+01
6.375903972111611751e+01
6.130159258511105946e+01
6.416324075262760118e+01
5.877087176900445087e+01
6.170124179557155486e+01
6.374922918083701262e+01
6.050583162663998849e+01
5.990080879983365492e+01
6.283094727939815272e+01
5.955220631060302594e+01
6.236895774268329262e+01
6.446903386127713986e+01
5.970539844211345581e+01
6.406330164369651925e+01
5.679343755889247092e+01
6.039606805802628031e+01
6.238015378321077975e+01
5.812312407832783379e+01
6.066297466585832865e+01
6.011060266251367779e+01
6.255491710775607572e+01
5.690460418976421408e+01
5.915401219289694978e+01
6.062774700551087648e+01
6.119444485154407687e+01
6.239256085889417136e+01
6.322646515627416619e+01
5.895208244465293035e+01
6.059551093591022664e+01
6.179752396998625130e+01
6.234310806138670813e+01
5.889213721300304627e+01
6.034476058428337097e+01
6.137122096440030106e+01
6.228632221482545361e+01
5.706124112028950179e+01
5.822545302477718110e+01
5.956846646519759503e+01
6.003593473837781147e+01
6.151652227312860788e+01
6.180795702070119546e+01
6.081237587835926917e+01
6.003833499226823989e+01
6.213697460073726120e+01
6.178812921515804391e+01
5.849357315303692673e+01
5.873212938529341898e+01
6.091259145987677925e+01
6.013114154008982126e+01
6.106371811453870890e+01
6.035487862528225378e+01
6.281756070273422665e+01
6.011386906879766912e+01
5.858666580537037305e+01
5.984951017551301788e+01
6.031553482760293861e+01
5.934401951022388033e+01
6.215650233171064087e+01
6.385670129081918844e+01
5.616872113073679884e+01
6.015315356408576974e+01
6.269300419326290807e+01
5.977275443400398558e+01
6.160478308089992083e+01
5.489003986320587103e+01
5.908053467082968524e+01
6.131070262500146839e+01
5.757497115201501003e+01
6.034123603157564730e+01
6.113097235007310815e+01
5.875303758087211747e+01
5.822263062463428440e+01
6.123585400118000877e+01
5.921365901726025527e+01
6.056324138265203771e+01
6.302714378652381555e+01
5.951964501979114885e+01
6.083523376951747963e+01
5.670384677674847751e+01
5.847437660875366561e+01
5.886955947232658559e+01
6.047226787439380757e+01
5.502982635142723211e+01
5.777167030600524100e+01
5.842034394206552861e+01
6.027810386212977534e+01
6.099071129075563391e+01
6.222032928312570021e+01
5.664388960249662119e+01
5.866094944646812337e+01
5.954618975800666902e+01
6.076162691580510256e+01
5.676507936447089264e+01
5.826990942818806474e+01
5.948081485741767693e+01
6.002112529804990970e+01
5.932917681255877085e+01
6.133133193756767554e+01
6.142850963798983344e+01
5.881432450982933346e+01
5.952491252315884651e+01
6.157446587525954840e+01
6.108476725989540057e+01
5.692078551531595565e+01
5.741811258636813875e+01
5.977688530567625946e+01
5.891796669961959054e+01
6.149239770714231668e+01
6.097459048599201736e+01
6.333590766040208564e+01
5.661325486263348239e+01
6.001192729959959138e+01
5.992298549256371132e+01
6.194170163395446593e+01
6.422454238563697970e+01
6.181976591870692062e+01
6.331351743300327684e+01
5.904536502834460521e+01
6.222230576258508705e+01
6.447531412011362306e+01
5.721725415710290008e+01
6.142002017706063555e+01
6.379094631356144873e+01
6.029860134509756620e+01
6.071850879288000868e+01
6.364514586120919404e+01
6.200093193891740384e+01
6.400853730771304129e+01
5.672282295368229654e+01
6.072953233540696516e+01
6.293352258045421621e+01
5.745243162106412171e+01
6.106701145308882417e+01
6.141325858296982432e+01
6.295485393076366165e+01
5.695381865978001912e+01
6.046987436732761978e+01
6.205263202665344124e+01
6.255699094676139538e+01
6.419407012261011403e+01
6.544760861577285027e+01
5.938492710276381104e+01
6.189390115123206471e+01
6.305156980810298251e+01
6.422170958379095396e+01
5.965874345843221960e+01
6.133129325367778506e+01
6.247872317323381708e+01
6.337943150023585304e+01
6.001830371887890436e+01
6.244111822719457905e+01
6.285996936050810291e+01
6.328477855328852542e+01
5.865468238038844362e+01
5.959258928480390693e+01
6.127688260233486517e+01
6.145239338272929075e+01
6.339228366489660260e+01
6.321666705502656214e+01
6.466772397547934759e+01
5.843992352434375448e+01
6.080788939188678910e+01
6.042614525426917282e+01
6.261113215190361814e+01
6.457728748945392283e+01
6.279120129432573805e+01
6.475653539891810340e+01
6.052306891784062515e+01
6.326042376868897321e+01
6.182168365670890608e+01
6.361135721892058825e+01
6.585679952830516015e+01
6.329489054831371675e+01
6.414989305131867070e+01
6.160928998773280796e+01
6.467296932267689158e+01
6.540442145527065065e+01
6.029700865699775392e+01
6.300254766203838130e+01
6.526860926619332304e+01
6.137399131436381339e+01
6.181276641221074186e+01
6.459967005435443355e+01
6.319352762407227431e+01
6.470213598261091192e+01
6.688293698591100167e+01
6.185666463015017769e+01
6.515173250550870421e+01
5.856366901512717504e+01
6.164166200834448972e+01
6.349146429925961854e+01
6.204827001080104765e+01
6.170509732158868843e+01
6.335489473253735326e+01
6.455340178579403698e+01
5.844194899220084949e+01
6.068128563459705305e+01
6.203115522337689214e+01
6.276310850957243304e+01
5.962387073284187267e+01
6.159111482063772769e+01
6.256910298265011505e+01
6.224813794574163239e+01
6.351780888358211286e+01
6.444259363622565218e+01
6.260221599887208299e+01
5.941762513898770948e+01
6.101266009641218346e+01
6.213317048978396429e+01
6.207649845689329737e+01
5.906980119808671503e+01
5.968700093464252632e+01
6.152634875670861447e+01
6.130863226542933830e+01
6.342544755776874865e+01
6.290107981190947584e+01
6.301483130377115316e+01
6.436126706021651955e+01
6.348276754757314677e+01
6.298413844999106459e+01
6.135494068229940012e+01
6.407367413143401791e+01
6.252328413618192116e+01
5.956159875041530682e+01
5.899739238012835330e+01
6.152607998259688316e+01
6.211928625672793913e+01
6.015905952445442750e+01
6.288311817490396294e+01
6.505749672108191817e+01
5.861052727042260813e+01
6.133898134546875980e+01
6.360055842895670963e+01
6.063474910395698458e+01
6.176558296745793086e+01
6.428049011469306606e+01
6.102679251989067666e+01
6.126010505111597837e+01
5.822840646500528550e+01
6.101431869474626524e+01
6.177893803864109401e+01
5.906103877567466753e+01
6.183977889862822508e+01
6.094387352210723208e+01
6.134642806769424084e+01
5.791454345008612847e+01
6.042024630500655746e+01
5.968752396367153779e+01
6.125841377807264365e+01
5.681407374039870462e+01
5.911692388001455356e+01
5.908630193636175676e+01
6.039229636229620013e+01
6.172521124953502181e+01
6.253189808725544196e+01
5.781577468062343428e+01
5.933063513691755020e+01
6.045587255465857623e+01
6.100818391362353310e+01
5.779621674010781618e+01
5.935641463704921250e+01
6.022282091613254096e+01
6.101280522135285622e+01
5.590767489975505100e+01
5.726724032049582291e+01
5.802659235142468930e+01
5.927831157845388077e+01
5.970385713019187079e+01
6.132417460795404196e+01
6.103532170841371141e+01
5.555217406435432537e+01
5.792375272460652269e+01
5.739614050184409422e+01
5.936265181471256369e+01
5.817684008023778119e+01
6.048503165219067768e+01
5.958282974091405748e+01
5.655413760001600565e+01
5.717314080464904436e+01
5.944608770447732837e+01
5.806993341949512910e+01
6.061070478154837105e+01
6.078644635344265623e+01
6.046688385071998084e+01
5.506965372401241865e+01
5.897173716393440657e+01
5.864743429419799980e+01
5.996437797124401214e+01
5.670609477459743886e+01
5.961062949174522885e+01
6.158585601708266921e+01
5.361825757767384459e+01
5.815919593276645827e+01
6.046438247853605930e+01
5.730598730375751160e+01
5.783526009757712671e+01
6.060862060421815301e+01
5.969123232079022756e+01
5.848447013550062934e+01
6.173920815177164201e+01
5.899668875693611625e+01
5.980286023399636264e+01
5.580326584632580733e+01
5.891054158104176963e+01
5.895891991299651380e+01
5.914493986784075474e+01
6.083588649597879794e+01
6.158815609975738425e+01
5.741620726603531466e+01
5.879477628119697386e+01
6.014833826939467798e+01
6.171493065505715236e+01
5.620299813270685263e+01
5.759336176538034380e+01
5.929607403468745730e+01
6.015695324401364275e+01
5.686964680985832388e+01
5.879761467974446987e+01
6.004910152092617182e+01
5.978060177398045738e+01
5.715061670518001335e+01
5.945376693722315764e+01
6.005964848481613672e+01
6.005371182754085879e+01
6.195051910311939025e+01
6.207201846948625246e+01
5.812235876609889118e+01
5.887233534940855861e+01
6.104098648077452793e+01
6.074489381403744659e+01
5.732130157008407423e+01
5.781600364607738385e+01
6.032136928973581291e+01
5.952118049444286640e+01
5.939657022497971184e+01
5.880721461308624498e+01
6.166233591956606830e+01
5.980430229945284282e+01
6.288413873919080999e+01
6.482409043676778992e+01
5.702330131523206802e+01
6.077770999465294466e+01
6.365851347168511865e+01
6.116565057951005002e+01
6.204588358613051469e+01
6.499694825914046703e+01
6.182751810312404217e+01
6.238605747729102546e+01
5.970844078162507174e+01
6.304487466455886846e+01
6.259582670220531497e+01
5.961684978756660058e+01
5.971199590786645928e+01
6.307782489669748571e+01
5.996620680726497454e+01
6.205344662628276353e+01
6.477690732497762838e+01
6.150624689525831457e+01
6.471521479563422474e+01
6.624394298561259120e+01
6.101913475726213676e+01
6.428975257835833190e+01
5.645151933495905183e+01
6.043051142251655250e+01
6.243862217550970684e+01
6.338808250256405330e+01
5.885110724146575478e+01
6.077404846224855106e+01
6.177098450308344724e+01
6.335879569532683320e+01
6.522167625811664493e+01
6.516957380424624091e+01
6.087833440968155685e+01
6.295822534243738033e+01
6.468581695671537091e+01
6.463868989792578645e+01
6.224848649623371699e+01
6.476307580996088120e+01
6.557420297156970435e+01
6.237986154462192445e+01
6.490629373800680924e+01
6.516444387397206128e+01
6.674875184765969038e+01
6.091856876492708039e+01
6.415395598598672677e+01
6.394731330138689884e+01
6.633146376527413679e+01
6.160508852667522461e+01
6.422764965165939088e+01
6.390651965503706577e+01
6.645226432678573758e+01
5.997784423985917357e+01
6.329216417747870338e+01
6.280863926135930342e+01
6.560354063553309345e+01
6.849367681971438060e+01
6.611353224677901608e+01
6.371274218942646428e+01
6.452113266190808361e+01
6.783114750173132279e+01
6.518372886235289343e+01
6.434544551230277420e+01
6.751872318791799898e+01
6.424433051981931442e+01
6.798195837768196270e+01
6.061055725408773043e+01
6.486109615730137534e+01
6.770220742468492858e+01
6.357941363152972514e+01
6.731895265248088833e+01
6.713496732641128517e+01
6.395728282240399665e+01
6.507752368371617990e+01
6.847668744247853567e+01
6.499461772926107983e+01
6.610743703353966794e+01
6.946847285457398868e+01
6.610246724569552157e+01
6.764556274555297932e+01
6.312718793618999769e+01
6.664962987983425080e+01
6.660656646033841355e+01
6.789096410248973257e+01
6.981939250436887789e+01
7.082192081621870727e+01
6.547241747413848145e+01
6.735166279881461548e+01
6.907185398291332490e+01
7.078026023421857360e+01
6.468706954584321522e+01
6.733597147229156121e+01
6.863725484819295275e+01
6.981964240307509328e+01
6.430706997558890237e+01
6.671848966240605705e+01
6.777357999905724739e+01
6.971863284525345250e+01
7.140415249686957111e+01
7.072195841279562956e+01
6.635390947974077847e+01
6.794236276963019350e+01
7.093919196934986360e+01
7.064808791389755527e+01
6.546058814060543796e+01
6.760885555541022995e+01
7.087249448854740308e+01
7.004634545214719310e+01
6.623794030853278514e+01
7.007043036947356995e+01
6.878991230355519804e+01
6.990246996975660920e+01
6.851922331728196980e+01
7.237079430900423915e+01
6.858619183819878629e+01
6.966718671667261731e+01
7.285804294686221283e+01
7.023470917513043332e+01
6.943097943613256007e+01
6.758212903534376892e+01
7.134947781545659495e+01
7.334405154244556968e+01
6.577600922011632179e+01
6.994367471080404641e+01
7.319394375059077618e+01
6.919846160786543976e+01
6.926390709459954564e+01
7.328374173069639141e+01
6.929987291597569765e+01
7.191998672555820349e+01
7.521018093625906431e+01
6.877159875305612502e+01
7.332928690484678214e+01
6.596118499543297276e+01
7.042568825445322034e+01
7.320043798850244343e+01
6.628022730392521567e+01
7.141218774053135121e+01
7.368131636828432818e+01
6.898710943649807348e+01
7.353548970418320607e+01
7.543896884183408247e+01
6.968976188656363036e+01
7.303928637410204772e+01
7.495670375469853752e+01
7.540849645894395792e+01
6.893274494782473027e+01
7.269878861065352282e+01
7.413625501647663896e+01
7.633536871126916878e+01
6.896044931192753324e+01
7.276527039638594374e+01
7.484198740060868715e+01
7.568187691756057234e+01
6.994990838014113876e+01
7.298056039605387468e+01
7.372363968037983284e+01
7.607705666490153362e+01
6.985764430939110525e+01
7.324207107230454028e+01
7.339619880792581341e+01
7.588716576873169117e+01
7.673205312821839641e+01
7.867717112721071260e+01
7.153560577867604309e+01
7.464909419184985495e+01
7.710760186006787364e+01
7.550912508009116664e+01
7.240769192100270857e+01
7.342732853006104676e+01
7.705772130726693092e+01
7.566927914259932209e+01
7.343739325273874385e+01
7.396809095901332398e+01
7.778592307443238951e+01
7.563049104801910971e+01
7.956761417690516680e+01
7.896289261441060603e+01
7.642346772375442754e+01
7.541767025656287160e+01
7.952111637535773525e+01
7.618211594958232524e+01
7.944011589686462571e+01
8.285088870942128381e+01
7.617121617381148724e+01
8.091855017382792425e+01
7.276259945010932029e+01
7.817447161659084998e+01
8.162423221636926485e+01
7.426449844472519146e+01
7.931599343060574370e+01
8.226787098846459401e+01
7.384480063808577199e+01
7.963835121614881984e+01
8.248577018055019039e+01
7.692012248420512321e+01
8.201965227990899621e+01
7.525149335267713013e+01
7.973340180512018094e+01
8.074716575210040048e+01
7.700194764458167640e+01
8.081153079657801186e+01
8.255100625513794910e+01
7.874188189412849681e+01
8.157927177711658828e+01
8.389839321870685751e+01
7.712644229709725607e+01
8.130087578075122678e+01
8.360875242533846574e+01
8.493833168395131850e+01
7.928962515169884284e+01
8.283807797683041940e+01
8.378157498844630879e+01
8.620521470735641856e+01
7.952173107806005703e+01
8.353338530414394825e+01
8.384598790901785037e+01
8.614557092524893278e+01
7.868965071393409971e+01
8.275642315292378726e+01
8.315323345622324780e+01
8.674064773685293517e+01
8.598637086771836380e+01
8.829509199420104437e+01
8.373539798722826788e+01
8.742761134739620843e+01
8.651964251840891507e+01
8.543528155616087361e+01
8.485478583862141022e+01
8.445514642623975021e+01
8.608256204763080177e+01
8.945981211801212396e+01
8.162257912157500073e+01
8.674085449528367064e+01
8.818178232224147450e+01
8.548453958652434892e+01
9.020266452659465983e+01
9.059866354733884464e+01
8.721057275278695897e+01
8.760311446403844116e+01
8.752247485535060889e+01
9.173253775416037570e+01
8.670456878411853552e+01
8.882911770418861863e+01
9.257637607196700458e+01
8.757243817357993976e+01
8.959934531374696576e+01
9.382563262503899182e+01
8.857978741748905804e+01
9.107327329541671190e+01
8.618163174451767361e+01
9.066616001440632999e+01
9.208041500287177428e+01
8.665520579574695148e+01
9.094820894758915131e+01
9.278871108578184135e+01
8.845390673242664548e+01
9.247499225578407334e+01
9.498334908391369424e+01
8.869106835357557372e+01
9.329651991813982193e+01
9.557480986697306946e+01
9.543495964612812088e+01
8.988804737439555481e+01
9.374805089891492571e+01
9.644493866405976235e+01
9.464675961020594741e+01
9.258153922624008203e+01
9.394711129194480748e+01
9.775014177907996782e+01
9.260694284757920514e+01
9.601106124004870424e+01
9.912951705029020388e+01
9.287866762950440602e+01
9.756848167169361830e+01
9.759748991001588081e+01
1.003425738074961515e+02
9.384517997288466518e+01
9.720588056340753269e+01
1.004616257295789836e+02
9.812477403610300541e+01
9.607002661936822108e+01
9.573250966374055793e+01
1.007171982297754909e+02
9.593846558432626637e+01
9.901510554348708126e+01
9.746844281235060237e+01
1.004141399518826319e+02
9.798215261005366017e+01
9.658158133128293343e+01
9.579175168159635234e+01
1.003469916254400971e+02
9.782586881415464575e+01
1.018674892792115259e+02
1.025727211378562629e+02
9.982318913725916332e+01
9.925617018698414995e+01
1.036258946597566677e+02
1.005243300595245444e+02
1.026911559743029159e+02
1.058082698763771958e+02
9.980203789672088988e+01
1.047987387600665130e+02
9.810126903773279139e+01
1.024659236720268467e+02
1.057701675755825477e+02
9.947360134885019534e+01
1.038441028303440419e+02
1.067627896722041640e+02
1.007092768942202099e+02
1.047300177538597410e+02
1.074755172040064650e+02
1.016908249497722920e+02
1.057413844889570100e+02
1.084573878085123084e+02
1.025846571043086612e+02
1.073319553710963419e+02
1.002808931644179040e+02
1.048838153195274145e+02
1.074340787468393046e+02
1.018404990121763234e+02
1.055705911821326310e+02
1.077794005151859267e+02
1.048276893088805508e+02
1.079030432543294182e+02
1.114814907492276745e+02
1.057015022871338914e+02
1.098211781455325280e+02
1.130361000323364635e+02
1.058351372385175893e+02
1.112917078262537558e+02
1.040149938186609972e+02
1.096415606415535677e+02
1.098721679354776484e+02
1.094347458983831132e+02
1.143986154889759916e+02
1.110441645510307325e+02
1.101840831151264695e+02
1.105112541775617814e+02
1.156145243797450632e+02
1.092345702526025804e+02
1.145758770297701545e+02
1.073256408750203121e+02
1.132623911141238864e+02
1.113851778258551803e+02
1.107310094406141729e+02
1.102786713696607848e+02
1.154345109243518976e+02
1.100483675367632372e+02
1.162390662962681205e+02
1.166169792801556326e+02
1.132694954287763238e+02
1.141848588920127128e+02
1.156557796734205823e+02
1.180886927255078831e+02
1.118875793676698152e+02
1.162009348416075198e+02
1.200915854463484038e+02
1.133234157517739931e+02
1.183724112628790124e+02
1.219481137167190639e+02
1.152436794680761523e+02
1.199912099745898217e+02
1.137835275859983000e+02
1.187669538473821405e+02
1.203066961283081184e+02
1.145697949882717239e+02
1.191680375369745377e+02
1.218036952809280962e+02
1.161543858107842055e+02
1.205779958617019929e+02
1.230948233893924026e+02
1.175847603082717825e+02
1.216157216872768743e+02
1.159161022662162139e+02
1.198247989103631568e+02
1.235576182031230985e+02
1.160670410497116478e+02
1.218813005496518542e+02
1.235347447121805686e+02
1.197299390812070641e+02
1.222045075069594162e+02
1.271252585815444291e+02
1.194522753463149911e+02
1.247743878509609061e+02
1.257921347394931075e+02
1.258988819395660101e+02
1.259166857031371762e+02
1.311518852882463193e+02
1.237265560897561727e+02
1.290232524574286401e+02
1.214811192522430758e+02
1.275405887169661270e+02
1.273140437266648348e+02
1.255608340537137337e+02
1.262354566957136512e+02
1.316793066957254155e+02
1.251781467547390037e+02
1.317320081576040707e+02
1.317598997590357328e+02
1.304469879724398709e+02
1.296404279129725410e+02
1.282018848098052217e+02
1.298087454399624221e+02
1.341127580394787060e+02
1.279967544845582808e+02
1.339538447640384504e+02
1.342659692344428777e+02
1.315780976438591097e+02
1.302926035805481604e+02
1.347947185588362800e+02
1.359756020093422251e+02
1.329610190921283674e+02
1.380291369129990926e+02
1.342984003592356430e+02
1.367556228554502127e+02
1.303026260976589015e+02
1.360274710524045929e+02
1.400285109996798383e+02
1.335738357655416166e+02
1.383877980880114933e+02
1.420889985561005062e+02
1.362361923132306742e+02
1.403402432235397441e+02
1.443181181916726530e+02
1.378569206336545392e+02
1.425517118577274118e+02
1.456083777639863683e+02
1.406075824294452161e+02
1.443984036661545929e+02
1.393235030275928921e+02
1.431746564805397668e+02
1.475202664492396138e+02
1.401668071668883329e+02
1.464660954106075224e+02
1.481002506245180257e+02
1.431910904409667467e+02
1.466497763940403161e+02
1.530045162560940923e+02
