0.000000000000000000e+00
1.349850228562000325e+02
-4.488982214720438435e+01
4.481858553056780181e+01
-1.882725439171137083e+01
2.436218808190842822e+01
-1.185685388972498089e+01
1.186268421256161076e+01
1.357611524614643628e-01
-3.562005950888699424e+00
4.443483812790351983e+00
-2.725674641828049083e+00
3.608120867731880121e+00
-2.538108698594097934e+00
3.145583876511989008e+00
-2.119763740195224067e+00
2.711842898931100976e+00
-1.697341599833622316e+00
2.568346740626499702e+00
-1.294784570151378711e+00
2.554896941117315912e+00
-9.134296902460031786e-01
2.612956141579006797e+00
-6.010976397627729728e-01
3.418550146497221665e+00
-3.805085675406458257e-01
3.734172697718463496e+00
1.448737667867456558e-01
3.957162241983554374e+00
2.686211503445665172e-01
4.146982170227608400e+00
4.573656173887767906e-01
4.474645384131285653e+00
6.953802430297034709e-01
4.810348100423833984e+00
9.634619400489013996e-01
5.163699065778303066e+00
1.253648219033346667e+00
5.535701679339366521e+00
1.562502485080312420e+00
5.921707797378208404e+00
1.887020035680004204e+00
5.198292826580689585e+00
2.245820045040392898e+00
6.869284259292632200e+00
9.103155448759268964e+00
1.068891972039810057e+01
8.137903073675774479e+00
1.181726707308226132e+01
8.734152502719487288e+00
1.225598971459269393e+01
9.123920263231582339e+00
1.268352027003204441e+01
9.507954630889452474e+00
1.308964219042159982e+01
9.872977965003176593e+00
1.348769531811556277e+01
1.023370228284892214e+01
1.387964096005636172e+01
1.059011664878041259e+01
1.426928703424842482e+01
1.094494759348132540e+01
1.465699658534949634e+01
1.129837807345756495e+01
1.504348073382724493e+01
1.165070807294819843e+01
1.542862733878840764e+01
1.200175425922269312e+01
1.581233073924857457e+01
1.235127642417885063e+01
1.619430172854622185e+01
1.269893417533500468e+01
1.657423433598869522e+01
1.304436087596882032e+01
1.695178517042826627e+01
1.338716871181686940e+01
1.749250928737775013e+01
1.994353380129416919e+01
2.292172332487225361e+01
1.916138575684286849e+01
2.387014006363097707e+01
1.958016822675696389e+01
2.422859980607166364e+01
1.992574331089035766e+01
2.457061269499926226e+01
2.025610166776187171e+01
2.489383492424376954e+01
2.056941993506540456e+01
2.520053935079757679e+01
2.086719980519567841e+01
2.485538607739071182e+01
2.118113077105687836e+01
2.517548895953327914e+01
2.148483861540260520e+01
2.546281365066011304e+01
2.176162411034207267e+01
2.573001904812930007e+01
2.202054690914084389e+01
2.613115455050868619e+01
2.898933633570301538e+01
3.035674798209221592e+01
2.992723664477205148e+01
2.931707796101022367e+01
3.140530545881070168e+01
2.917192996508678604e+01
3.128911560176033291e+01
2.936495539077694872e+01
3.169295042777750382e+01
2.957715903339878238e+01
3.180001587592821011e+01
2.901752071976480707e+01
3.184519566727415096e+01
2.918983144858246348e+01
3.189793594778967645e+01
2.936131428664037557e+01
3.194682043165085616e+01
2.953151165978529491e+01
3.250642963617985259e+01
3.634850999690166873e+01
3.903910808842086766e+01
3.595689297669768791e+01
3.912469805477152818e+01
3.607373406993251308e+01
3.905700098529241160e+01
3.580493468896313658e+01
3.897049434279848867e+01
3.593689097581674474e+01
3.898318551102003937e+01
3.567813745736234665e+01
3.902497947401852940e+01
3.588261322660872565e+01
3.900460712786589568e+01
4.199701086429755748e+01
4.384338116986368306e+01
4.135041171576077090e+01
4.381275233235194833e+01
4.115438217732692294e+01
4.257889403556723096e+01
4.040444354101587976e+01
4.544733320378450969e+01
4.013464984875303543e+01
4.416746508047936004e+01
3.966189041081923961e+01
4.411059606091733798e+01
3.906246526157427468e+01
4.426721448659298375e+01
3.886924206351636712e+01
4.423120379205749941e+01
4.455151987062285457e+01
4.924430593259506139e+01
4.270246481434017483e+01
4.962686231860529773e+01
4.205212259319634427e+01
4.990756449749308388e+01
4.135005257056100447e+01
4.937224943499239771e+01
4.057363548968185540e+01
4.892573139464709442e+01
4.200382347869832245e+01
4.579557757584183264e+01
4.150347731293703646e+01
4.857795984005469592e+01
4.933107170636442618e+01
5.053462655149142080e+01
5.006945607725457847e+01
4.926666021800876649e+01
4.940248293950066483e+01
4.857132061145706814e+01
4.874021736997002563e+01
4.808647550930709968e+01
4.823797019254489271e+01
4.754153767825744836e+01
4.768421395138232555e+01
5.257121824224948625e+01
5.268880379493725741e+01
5.218114202427678805e+01
5.187905481239499039e+01
5.151014821687518008e+01
5.133168735307596364e+01
5.091914520566631097e+01
5.088824741977047950e+01
5.042398983707654025e+01
5.017732615281445163e+01
4.971525426366984135e+01
4.952326241436276177e+01
5.446230002540739434e+01
5.262857495111657613e+01
5.599171232476336257e+01
5.112436160633320270e+01
5.631552832177751355e+01
4.949515309811707908e+01
5.527257313292229668e+01
4.911087537114200074e+01
5.460112202118694569e+01
4.861544296857548630e+01
5.391975994100633329e+01
5.744011397014241282e+01
5.368223525418975584e+01
5.740839636472576757e+01
5.143228675048086984e+01
5.685164736064059809e+01
5.039622782037979221e+01
5.582266970866242417e+01
5.067608037709391766e+01
5.531748931779612377e+01
4.886871595108502930e+01
5.419698389647571446e+01
5.774219829273424409e+01
5.342080418302887068e+01
5.794641048093794211e+01
5.168706845127541527e+01
5.680536769811256903e+01
5.063545243609957680e+01
5.574443894845645531e+01
5.067447417904659090e+01
5.511003011535520812e+01
4.825184079703792150e+01
5.391727544656966842e+01
5.729813407157158878e+01
5.218252983103889875e+01
5.761591659182022340e+01
5.179929795273467619e+01
5.649359185782681436e+01
5.110608054793374322e+01
5.548762631550118840e+01
4.906818027035445340e+01
5.424400472201602952e+01
5.728733827671513268e+01
5.472699599449843788e+01
5.786279806576815332e+01
5.174911201566251151e+01
5.732077291805972408e+01
5.101366671561602573e+01
5.577301760922561868e+01
5.001677566383803253e+01
5.449664696836855882e+01
5.695619985596978552e+01
5.622437939380172622e+01
5.478050310936200162e+01
5.688694605696491635e+01
5.353404371403880901e+01
5.514943696557232045e+01
5.191046186584514288e+01
5.386298299962604119e+01
5.059999188592910002e+01
5.221347839786680112e+01
5.531292281244818554e+01
5.653734536705056968e+01
5.306549992107555624e+01
5.504301772461206355e+01
5.168118428718631918e+01
5.378225087602445598e+01
5.028919962007991273e+01
5.226958967426759983e+01
4.868625173147191276e+01
5.171908318342381250e+01
5.301599686265284106e+01
5.496437018468322577e+01
5.089913144977240478e+01
5.372038171605570511e+01
4.926372221268282914e+01
5.205367819488877501e+01
4.764668932445278671e+01
5.020601802113009171e+01
5.260585170638215402e+01
5.427421512090599265e+01
5.145539908570526677e+01
5.393116319404233394e+01
4.829622853600963595e+01
5.192766652322074350e+01
4.684980438153717586e+01
4.991890947468601780e+01
5.170903057671534953e+01
5.353536425777985386e+01
4.873350980923914477e+01
5.157877729060160021e+01
4.683066451063173474e+01
4.985632400212468696e+01
4.571338655781404015e+01
4.830619024742969714e+01
5.042023220414440488e+01
5.176805464717944716e+01
4.942742329039043625e+01
5.110379326113635301e+01
4.573979307275617856e+01
4.865543528851728894e+01
4.547735223384047032e+01
4.723203254345166613e+01
4.970553783416875859e+01
5.043566482014752239e+01
4.861854329309662859e+01
4.951401545409430582e+01
4.593669118032519805e+01
4.731482677044800766e+01
4.494461058081840577e+01
4.602575879099968148e+01
4.906896461163015744e+01
4.894516569162995978e+01
4.687227496609396127e+01
4.721618639980994203e+01
4.601591537889056838e+01
4.622080765948827974e+01
4.360071757779238055e+01
4.400273124442745143e+01
4.752631513371775185e+01
4.673874127295101033e+01
4.608008044137019965e+01
4.575547658845053434e+01
4.403855497228690297e+01
4.374834647496625450e+01
4.342209947503240386e+01
4.289517414717126798e+01
4.663853693997020144e+01
4.595168966925211862e+01
4.428597653410343327e+01
4.348104166571252449e+01
4.466537665059809115e+01
4.295299283639143084e+01
4.140174258442019095e+01
4.052328480110944042e+01
4.449447314341831827e+01
4.487000045335599197e+01
4.169796103420104316e+01
4.098197457992097981e+01
4.295887037399958075e+01
3.971895553769377329e+01
4.070653330483898458e+01
4.371290667345274983e+01
4.256307324900691214e+01
4.249794929104613317e+01
4.065400793230870136e+01
4.155507714733887781e+01
3.950467854104543619e+01
3.886157037018549687e+01
4.221393649509792567e+01
4.056621943963367727e+01
4.415464625786827924e+01
3.679566011972622164e+01
4.119121383732103681e+01
3.737415735352256263e+01
3.969381445875531256e+01
4.244530806576349136e+01
4.053322094980365620e+01
4.298278443102547897e+01
3.646789875687563409e+01
4.110421825689714126e+01
3.327371742364599783e+01
3.886832701505084486e+01
4.164776056415185934e+01
3.702482489346633798e+01
4.109681324219736354e+01
3.296057978116271414e+01
3.872506039822538781e+01
3.247072265067858154e+01
3.713828015210193456e+01
3.844008736011864613e+01
4.069272691940403774e+01
3.491511367776934094e+01
3.906008986954356033e+01
3.153473250845414100e+01
3.613706860953630695e+01
3.000543467478144422e+01
3.457146878163453607e+01
3.679433354841476245e+01
3.738485610268831039e+01
3.444684380653714584e+01
3.654278289365192478e+01
3.042556306579600900e+01
3.432902876713566798e+01
3.577363990893748991e+01
3.824947680375731096e+01
3.263814275802759113e+01
3.580030392186676380e+01
3.052109323512296868e+01
3.381320778467957666e+01
2.871760272622656274e+01
3.202406782210554326e+01
3.298838631162966806e+01
3.518781450159246305e+01
3.190687160452163695e+01
3.449325476924023803e+01
2.979027481298791002e+01
3.200413846712228860e+01
3.350061644154367713e+01
3.512970175622788105e+01
3.208200637709850156e+01
3.436603195158090074e+01
2.967530157715892969e+01
3.184903764902428236e+01
3.371515807592918179e+01
3.497070928865080219e+01
3.310012650958207558e+01
3.449167830161730564e+01
3.003079179687491163e+01
3.191466239529313853e+01
2.774439966750715314e+01
2.976143986300661481e+01
3.202944420569846073e+01
3.276879471179100278e+01
3.227394375389529557e+01
3.260592423516077076e+01
2.867676816662512707e+01
3.021489487011708164e+01
3.305889273239551329e+01
3.304006281880828055e+01
3.152971429369136303e+01
3.195051439274501348e+01
2.936860790483347472e+01
2.994402662700046491e+01
3.314709358775490955e+01
3.308173072481665855e+01
3.051353138232224183e+01
3.093721830830373776e+01
3.192659121190512295e+01
2.822569236439323603e+01
3.244237169457874614e+01
3.283588857601704802e+01
3.225626572208015119e+01
3.186497505513789719e+01
3.057339958802406699e+01
3.021607785436710003e+01
3.398512510672130560e+01
3.393407226550068856e+01
3.253408139837713975e+01
3.183374514750214601e+01
3.122957109777839335e+01
3.041825839852566205e+01
3.335290316348714157e+01
3.613619437329193573e+01
3.091635096331259192e+01
3.400710104066396156e+01
2.996131438544691861e+01
3.290563613024141176e+01
3.587346223659058353e+01
3.300236214108941368e+01
3.387103401829983795e+01
3.226414421483860906e+01
3.198541142277860772e+01
3.044464548277518290e+01
3.069164444921051071e+01
3.410306464000939997e+01
3.306114893390341081e+01
3.377368446529026613e+01
3.147455738703921213e+01
3.160635059778213574e+01
2.943251638790352942e+01
3.334960470694313273e+01
3.383174781464803260e+01
3.383846512931661721e+01
3.293264923684568402e+01
3.066325361760198120e+01
3.432694016637625367e+01
3.391845193487120724e+01
3.676008740179791090e+01
3.222076971625653385e+01
3.590624753190782315e+01
2.835880653165702014e+01
3.339393847949747851e+01
3.587694364701022209e+01
3.579754136928166730e+01
3.260933769464302401e+01
3.506124754910915442e+01
3.113240335331709119e+01
3.317050140386082546e+01
3.548845605786144830e+01
3.658760271266611852e+01
3.314522140003223427e+01
3.516536107171464209e+01
3.133998422839560405e+01
3.391838586081445328e+01
3.613873447416118978e+01
3.729734343693042575e+01
3.371360658977559410e+01
3.586885094856622658e+01
3.189013240047815856e+01
3.503315102710563167e+01
3.673756949513321501e+01
3.795174707414081183e+01
3.497817664449210895e+01
3.738229016981578212e+01
3.234205276554093444e+01
3.544670226740538510e+01
3.733117531031945191e+01
3.938425011850823410e+01
3.378663679809812947e+01
3.700330197771750562e+01
3.873420583362368319e+01
4.088995385735789512e+01
3.967298261807048476e+01
3.847410721970231151e+01
3.925199131444501432e+01
3.463501030121938840e+01
3.728965528138403585e+01
3.967756987213649467e+01
4.062782370482326399e+01
3.762379692197776393e+01
3.910310455033852151e+01
4.184199742448728898e+01
4.234209824709516568e+01
4.081628402472163231e+01
4.157496745013981609e+01
3.821091013055205110e+01
3.972165073816351821e+01
4.282426464962809121e+01
4.337692596244101395e+01
4.073832841875566402e+01
4.125613020641269912e+01
4.205524500329559601e+01
3.864155027342003024e+01
4.260397474643622218e+01
4.394612131725673265e+01
4.236625158001696434e+01
4.255038767846028236e+01
4.046013987865056549e+01
4.447438803268971697e+01
4.332741355430607655e+01
4.703261309999435014e+01
4.077981551683969030e+01
4.523578512414069763e+01
4.814158321676048047e+01
4.591811346639739355e+01
4.617091058089372524e+01
4.503840866514030239e+01
4.400055205628753185e+01
4.304062850099268900e+01
4.703764668086951417e+01
4.901900827822423423e+01
4.325787007375032545e+01
4.809372987561720691e+01
4.102446872513949927e+01
4.607701729586824513e+01
4.937639089367989698e+01
4.565108971581320674e+01
4.730014092967231676e+01
4.613419407617960388e+01
4.581656797473598175e+01
4.898491163282922400e+01
4.986461509397893366e+01
4.720596414099178872e+01
4.864025113456955296e+01
4.597016454247665251e+01
4.916024768794988375e+01
5.028825542706078267e+01
4.946438024702278824e+01
4.993828464767480568e+01
4.707800382425121910e+01
4.844460861334314217e+01
5.149542682010550010e+01
5.242023662480801960e+01
4.716621074528130464e+01
5.104809283832588562e+01
4.521965892087414574e+01
4.928244029275791149e+01
5.134749570446386002e+01
5.221345249657549203e+01
4.868744413053072151e+01
5.074556463323405353e+01
5.350237988380077780e+01
5.442776152213975394e+01
5.030431024662954087e+01
5.270973673852653008e+01
4.852837920226410517e+01
5.146789550316812978e+01
5.263443319321429925e+01
5.471407455459483060e+01
4.940828559875910742e+01
5.299455341384219764e+01
4.853795207969847070e+01
5.108013535645461189e+01
5.315863544816888009e+01
5.443962397048553470e+01
5.133201630595225851e+01
5.364433462908532846e+01
5.596536572875031368e+01
5.731192194736600953e+01
5.221212457385293959e+01
5.500024872575713886e+01
4.941125467668749138e+01
5.254120444372443899e+01
5.474823416580647972e+01
5.570173429873599957e+01
5.386053495744632613e+01
5.534610998585431929e+01
5.815658576400129931e+01
5.833510558573480864e+01
5.436787833252458313e+01
5.611060433946973092e+01
5.371982043343273006e+01
5.575000776754956888e+01
5.648430118894559371e+01
5.943528826418074829e+01
5.432653046180239187e+01
5.817159924325481057e+01
5.912169143256325299e+01
6.172753210507808319e+01
5.433837136042592419e+01
5.892418111731093688e+01
5.582704588026515324e+01
5.953236732057999347e+01
6.051802163198536277e+01
5.713097007215974088e+01
5.743888533881439429e+01
5.635544889027116966e+01
6.012475006426616631e+01
5.807870512290008946e+01
6.177795287202506103e+01
5.562275530353598896e+01
6.005339677408535692e+01
6.305790918295578251e+01
6.045175851473357653e+01
6.016153844726878219e+01
5.846436582793955949e+01
5.931812702645262192e+01
6.301766514100503258e+01
6.003146081300865688e+01
6.144449990403144568e+01
5.892289841602943312e+01
5.864545855217830450e+01
6.260046654949754696e+01
5.992335770987767063e+01
6.281658540704450644e+01
5.641418654650556874e+01
6.143067434742950894e+01
6.391530828299421785e+01
5.985323023332446724e+01
6.288143411191387600e+01
5.938248891038247024e+01
6.017784829309550787e+01
6.280049702547173496e+01
6.471423046189131867e+01
5.826835512310163523e+01
6.221130536245793508e+01
5.714558737088965756e+01
6.056112261252232543e+01
6.166963022080463475e+01
6.346809237086347366e+01
5.626426391913668823e+01
6.075371268913801970e+01
6.275253866054077889e+01
6.396448398467014584e+01
5.974499285760236234e+01
6.237831586192194067e+01
5.663026237043229116e+01
5.956414812762230326e+01
6.070889530300032533e+01
6.279517964547515874e+01
5.690446080629015313e+01
6.030398507410119180e+01
6.140516482753708516e+01
6.320901622453623503e+01
5.841134111659029315e+01
6.152595303967911633e+01
6.311148111423145224e+01
6.437839541779939623e+01
5.987117897528678157e+01
6.195562655571096400e+01
5.866791998754538895e+01
5.990949570139540725e+01
6.187729241428790772e+01
6.253996699726388186e+01
5.930044624927066366e+01
6.090814818306553491e+01
6.334186229394499179e+01
6.345338707397569067e+01
6.211194325410146178e+01
6.234174205650101186e+01
5.817918620794652895e+01
5.948488970217353256e+01
6.210579737597433336e+01
6.168411382650085528e+01
5.835945374881649172e+01
5.899468642084534764e+01
6.179009487760509955e+01
6.122308725103449234e+01
6.143687997955745317e+01
6.044527590128647887e+01
5.743156725316345046e+01
5.822790867436269480e+01
6.127296951424258253e+01
5.964961944137284888e+01
5.983001269807754596e+01
6.305121565181508458e+01
6.070991991868632454e+01
6.372424588417096913e+01
5.745800343949765221e+01
6.138506041910205369e+01
6.398734649242648231e+01
6.096819013323444381e+01
6.061206263624223567e+01
5.841186973368823487e+01
5.968125250111371116e+01
6.280376183239751953e+01
5.953009782397746363e+01
6.041426581388933670e+01
5.763704416342412173e+01
5.747331085660311345e+01
6.089906065487552667e+01
5.793493317085751215e+01
6.100288181100942353e+01
5.459371170224424219e+01
5.839354207398315566e+01
6.086943014732977275e+01
5.732555507952119456e+01
5.987921758991429755e+01
5.449190888465020066e+01
5.744599223697174750e+01
5.953090295833651169e+01
5.982065704362888425e+01
5.590577699292868630e+01
5.748295349285461242e+01
5.945017252578429634e+01
6.074780377983397273e+01
5.597583956162859664e+01
5.718284147175164378e+01
5.922938846563677373e+01
6.062411498295640655e+01
5.463062406771745572e+01
5.789647301903318777e+01
5.201498685156037993e+01
5.484825377621328357e+01
5.574670797201809336e+01
5.732782889798204451e+01
5.375407264386160477e+01
5.541298874239669914e+01
5.664279060001151578e+01
5.779379366158217124e+01
5.354972054142321980e+01
5.504224321896737138e+01
5.652174210227683204e+01
5.730695580893499397e+01
5.659742790605185547e+01
5.340891313229849402e+01
5.560624926903823706e+01
5.609874247309914352e+01
5.795364690551605236e+01
5.319676045588214208e+01
5.449584363885654170e+01
5.678898819880782156e+01
5.640477257241851561e+01
5.375318076422176716e+01
5.416331018458402724e+01
4.945876642246166455e+01
5.290215189188824496e+01
5.213411916276408675e+01
5.462368227747364102e+01
5.278758841261590362e+01
5.555869542781092463e+01
5.548569765585614277e+01
5.312598601255709241e+01
5.256232391240611435e+01
5.081146182022617097e+01
5.265854330214907719e+01
5.189145987956257500e+01
5.486497066884123797e+01
4.918546994709011955e+01
5.271057223446646844e+01
5.382606167754804716e+01
5.217435419520455753e+01
5.103035660674633789e+01
4.926393273302458908e+01
5.242310279694573438e+01
5.472939864192266413e+01
4.796250772783785976e+01
5.199406065061512550e+01
5.445761997378676256e+01
5.162686472847425279e+01
5.173849923594182343e+01
4.924945812135499068e+01
4.914887929748945794e+01
5.242549398959769036e+01
4.992937274202010656e+01
5.110360881711899594e+01
4.809112240057250887e+01
4.807183910632566892e+01
5.038528137332212253e+01
5.241385404565981077e+01
4.734648573177456399e+01
4.975833863697467763e+01
5.178696602993003495e+01
5.159204164003904935e+01
4.755286687234384146e+01
4.957427997710819767e+01
5.127551942950901065e+01
5.168539384915819568e+01
4.780407646228930929e+01
4.956968535925100383e+01
4.467321877125435492e+01
4.601167264811392243e+01
4.771162404495364484e+01
4.850125124031622192e+01
4.619384376156563121e+01
4.823508432837130755e+01
4.916554120273944051e+01
5.005375027250301656e+01
4.525869785313300042e+01
4.700126665561155193e+01
4.838854101345817327e+01
4.923060295946030607e+01
4.719878420880640846e+01
4.631183297163649115e+01
4.781271032978526137e+01
4.922273153359094522e+01
4.872866895085882533e+01
4.396192113104847010e+01
4.546527576996714259e+01
4.721921801847452116e+01
4.761073447175843398e+01
4.711778274355592799e+01
4.606800343094297290e+01
4.841270132786385005e+01
4.826809148454555753e+01
4.564572369632944060e+01
4.615522965228435481e+01
4.856044615641267370e+01
4.799824600833600385e+01
4.686096545009587544e+01
4.652951455104404488e+01
4.291548644382904598e+01
4.401499915824099674e+01
4.679383374529073336e+01
4.554760187431242002e+01
4.728495403652366491e+01
4.981017586620906457e+01
4.760429225320346802e+01
4.659020025835668832e+01
4.547812956763774395e+01
4.365942567421629406e+01
4.719906258851571579e+01
4.487735788182091312e+01
4.814253814411359400e+01
4.189568310302909993e+01
4.520762336914787483e+01
4.778873617435670695e+01
4.499451849919869773e+01
4.595775896897286117e+01
4.926647378067820426e+01
4.623826444195098162e+01
4.662663933705601949e+01
4.450061670296576466e+01
4.423427407615703544e+01
4.782379681637238633e+01
4.547211792973218536e+01
4.747104931924453552e+01
4.223225975743049077e+01
4.497345259021366104e+01
4.730079973310008512e+01
4.866775182891775131e+01
4.307311078736432819e+01
4.653473351178001849e+01
4.699284157163919673e+01
4.909778548809837417e+01
4.100102775379645692e+01
4.613112295467665547e+01
4.805584752232438461e+01
4.835206744263229695e+01
4.424840885876295715e+01
4.678493172352532525e+01
4.827641190207577182e+01
4.891266132127080368e+01
4.540178712536229000e+01
4.721640408266535616e+01
4.892111456447454998e+01
5.005063916217775244e+01
4.564366177607835340e+01
4.796077371449990068e+01
4.891952410907435933e+01
5.046379212178903373e+01
4.701661501351954797e+01
4.943208196532357590e+01
4.359439007324078830e+01
4.606489418840633476e+01
4.724993261613847295e+01
4.887849735346807023e+01
4.553756070281600898e+01
4.821903414134654753e+01
4.881967937224203524e+01
5.007088283683260244e+01
4.586554401794965941e+01
4.891464254234334419e+01
4.902227503427067035e+01
5.129978063292561075e+01
4.568820392330800217e+01
4.912403085605112807e+01
4.879149054038601463e+01
5.153092816967725298e+01
4.768853249649306747e+01
5.053142029534139823e+01
5.118326278134146889e+01
5.167262109748644150e+01
4.881249182444218349e+01
4.932631900649775503e+01
5.095507527412684823e+01
5.102226420749478564e+01
5.143534630103957994e+01
4.883539713154968354e+01
5.240465266952525525e+01
5.399130451461365965e+01
4.597761097650403173e+01
5.102040217626165486e+01
5.376336309902263366e+01
5.111969787460559189e+01
5.208964870323010388e+01
4.978436770629661368e+01
4.872367700991557626e+01
5.246694705804823400e+01
4.965213675856383446e+01
5.310666896804782766e+01
4.497287525585714718e+01
5.028927441865086934e+01
5.282972940689791841e+01
5.023157765803852470e+01
5.159130449266228169e+01
5.401852193999082630e+01
5.591374482993879980e+01
4.863978912812748234e+01
5.295843716270380952e+01
5.519520139172073669e+01
5.587064493988224001e+01
5.187090604554590101e+01
5.259628291699767288e+01
4.884168839628894432e+01
5.130893448454363437e+01
5.173762825901289375e+01
5.409257943756523446e+01
4.821206183230239617e+01
5.152764461616926184e+01
5.218469967530859321e+01
5.450624139410633973e+01
4.773818966188444080e+01
5.140362541709093591e+01
5.237469264559731386e+01
5.397969172031667995e+01
5.102228784290245045e+01
5.294687424963814237e+01
5.412580688775153703e+01
5.541850198267431438e+01
4.976470241929794724e+01
5.225155962513312602e+01
5.406754773746747134e+01
5.446031566711194927e+01
5.437861095637073561e+01
5.507224072104608581e+01
5.715497984987242575e+01
5.621505006562424001e+01
5.229068275308405589e+01
5.342949547119449250e+01
5.560417676064845693e+01
5.563859918845064811e+01
5.371439136656238844e+01
5.408315845775103980e+01
5.655088175060957667e+01
5.606625437422093228e+01
5.403804676259152728e+01
5.389443006957436921e+01
5.676937976015531007e+01
5.577039378877180553e+01
5.528657353848931422e+01
5.434481858954521982e+01
5.733049366864688068e+01
5.908777441917852258e+01
5.213469769912142482e+01
5.584274445931713160e+01
5.853206941054740753e+01
5.616830764727459524e+01
5.783432872908127820e+01
5.438197887899112715e+01
5.792871482457998411e+01
6.009629098789297075e+01
5.385124362667951203e+01
5.721328714465625609e+01
5.979963898643848808e+01
5.670816429415311433e+01
5.679621415017161468e+01
5.419055226695976302e+01
5.750213915081368299e+01
5.894650920916728154e+01
5.488262605903343427e+01
5.857627798020362775e+01
6.068530649705073188e+01
5.535253290940058690e+01
5.909482456413033447e+01
5.532200595076965755e+01
5.573824573627454271e+01
5.801304904709085974e+01
5.971635542584524359e+01
5.448267728946624544e+01
5.702830979865954220e+01
5.899331473297085893e+01
5.736940405842707236e+01
5.637454704024749930e+01
5.542306933800696811e+01
5.774879034435053171e+01
5.928952276328408999e+01
5.328212847664057961e+01
5.634099462050185991e+01
5.742574985538845311e+01
5.910541748944808660e+01
5.379496495548569612e+01
5.603320436660454362e+01
5.682815193236797313e+01
5.807812219371268014e+01
5.774437902029377767e+01
5.402889670696449542e+01
5.622530954775661627e+01
5.688685574478024165e+01
5.799643052384706010e+01
5.373887517131146296e+01
5.622246741609774290e+01
5.642479767428834236e+01
5.860631977961002548e+01
5.378843501457610898e+01
5.655420349259244972e+01
5.637725898008181957e+01
5.880575748783036971e+01
5.505494174021060161e+01
5.769792330216962029e+01
5.695074148587336538e+01
5.914458437573810556e+01
5.415056175323370979e+01
5.729987889249537147e+01
5.652453752758750483e+01
5.912728855827059959e+01
5.405618373431811108e+01
5.667700935172526755e+01
5.873974437686786132e+01
5.672923432110183484e+01
5.555347899717250471e+01
5.871608987219133979e+01
5.644286865090452920e+01
5.952566562797721161e+01
5.340362227723552735e+01
5.666190238788587408e+01
5.907193627263191615e+01
5.614779792177505868e+01
5.592289199228394381e+01
5.356954475331209409e+01
5.669505581622788526e+01
5.854213371706748603e+01
5.188043993979656676e+01
5.584185383553737125e+01
5.816221107198817464e+01
5.660528929133459997e+01
5.699174445204510420e+01
5.993976509594018154e+01
5.623725829539939269e+01
5.749155609649556453e+01
5.410004025173805076e+01
5.417557027956814153e+01
5.630895205037514017e+01
5.829759369183788209e+01
5.315421709241079640e+01
5.573858892598995141e+01
5.715853700407599547e+01
5.818836447418308211e+01
5.357551558769864641e+01
5.473915493115508468e+01
5.649032892026349373e+01
5.788420028973538223e+01
5.226468967577586255e+01
5.495623044727722828e+01
5.616849431637228207e+01
5.740782078014046874e+01
5.354689585028087606e+01
5.503154685792551248e+01
5.659043711989058778e+01
5.737151366554851961e+01
5.451365517910425496e+01
5.545018433872039765e+01
5.705926217819044410e+01
5.781295464319562427e+01
5.289058044801036118e+01
5.428387109648138420e+01
5.594128226085272360e+01
5.632889243823240122e+01
5.507310988976687582e+01
5.449364714902635143e+01
5.659894692424842333e+01
5.643849577795953110e+01
5.313056640149760312e+01
5.371567962369787352e+01
5.608746914309286780e+01
5.547986156306132699e+01
5.624116269456335004e+01
5.363821488064483844e+01
5.635731476947426444e+01
5.585202245323600323e+01
5.397802203255601938e+01
5.333330572555954063e+01
5.605380109981646086e+01
5.660936905171705291e+01
5.404632314415962213e+01
5.619572133863280783e+01
5.846045036777412918e+01
5.571175978035871168e+01
5.471811134158561174e+01
5.817706065154107620e+01
5.548608368410277336e+01
5.860605594159275000e+01
4.966836466362925506e+01
5.537464531352064512e+01
5.786355204368276617e+01
5.474574621281099240e+01
5.539592118197347048e+01
5.839118431504466145e+01
5.759852336248274440e+01
5.687772356966839027e+01
5.371914956300039989e+01
5.711693358117769037e+01
5.634701028030268333e+01
5.618375527072920050e+01
5.631243999234080633e+01
5.804907647104372614e+01
5.937039176505964377e+01
5.518297176491494582e+01
5.564487047091441951e+01
5.771802927342357492e+01
5.952599822784915062e+01
5.240842406631199424e+01
5.644253692367216502e+01
5.792968528191618560e+01
5.892988784289322979e+01
5.412224981573584870e+01
5.622457412140160216e+01
5.731116255367046364e+01
5.858659958832300418e+01
5.473137293492546007e+01
5.682807382267908025e+01
5.764450423527674872e+01
5.913841193058270562e+01
5.481345526641378996e+01
5.714107408030318425e+01
5.761755203912567680e+01
5.935673164457884354e+01
5.473785266738755695e+01
5.693983494744411189e+01
5.764263645062507635e+01
5.964325230810434419e+01
5.506729478437111425e+01
5.751559132773512317e+01
5.808268066476815505e+01
5.922150438748837331e+01
5.391542422212986452e+01
5.734766541143874008e+01
5.782989066620125840e+01
5.986153318694809400e+01
5.470956514415718175e+01
5.791689046692631848e+01
5.832829437565669650e+01
6.018384499679424238e+01
5.291196535992950345e+01
5.654935600973595200e+01
5.908045757406959808e+01
5.701823401028840976e+01
5.912958902818787266e+01
5.469307588533897757e+01
5.813307779133699427e+01
5.832533956924469010e+01
5.564527288868696075e+01
6.017518222694866381e+01
5.907160792380508951e+01
6.045804328757417778e+01
5.522705767474548111e+01
5.922915098314444293e+01
6.157569547386462006e+01
5.480474860681990634e+01
5.912605729476433680e+01
6.150618974129036332e+01
5.836333330134259967e+01
6.069267212808782830e+01
5.382028765159861194e+01
5.819827308387820608e+01
6.038026083768779273e+01
5.568869113468522869e+01
5.794718755385171960e+01
6.002906498771687183e+01
6.129572574386875772e+01
5.658125098182964763e+01
5.824921784744125830e+01
6.012853248055664324e+01
6.175357173221129159e+01
5.497558333390491470e+01
5.853734359959330646e+01
6.009542790775431342e+01
6.098620538806202518e+01
5.620260530166941493e+01
5.850608624195341179e+01
5.945175927556822160e+01
6.060456354551708102e+01
5.672847338979293141e+01
5.886740062880355140e+01
5.962500435449820912e+01
6.121213894127784272e+01
5.613494553489968553e+01
5.805219685580160416e+01
5.916756218008179502e+01
5.969538268952732096e+01
5.735320506177784239e+01
5.827795022481760867e+01
6.011108723866406223e+01
6.035406351336561670e+01
5.563524819191470527e+01
5.867818357282489927e+01
5.864002765110101478e+01
6.062384844355063507e+01
5.672124765471957630e+01
5.914801405582781513e+01
5.890726621853543321e+01
6.119458557885626959e+01
5.597813355053875028e+01
5.895858128530212383e+01
5.880790581819346130e+01
6.128067349680858911e+01
5.558241212578811030e+01
5.891067750492130273e+01
5.876261350617091495e+01
6.111035509276443634e+01
5.472073989511154934e+01
5.829347327667849044e+01
6.003483435404551471e+01
5.738590456655717276e+01
5.808165344602892333e+01
6.101119387196024491e+01
5.811599829476581647e+01
5.998167253314272074e+01
5.591084769399240173e+01
5.890308134062981793e+01
6.110685265279911249e+01
5.501839603652010169e+01
5.816180055343772182e+01
6.045720382951152061e+01
5.926775742034830330e+01
5.820340883620851713e+01
6.148847309043841847e+01
5.835929094045757637e+01
6.074141169359439374e+01
5.541223605612029957e+01
5.868589895853030924e+01
5.861038334046079967e+01
6.026020876126401049e+01
5.554922282565467384e+01
5.782406205133587918e+01
5.838025105096300393e+01
6.003657411458817705e+01
5.490390979456688569e+01
5.704342681001020310e+01
5.785418369380690251e+01
5.924890500616015032e+01
5.374175587740741378e+01
5.622258529633862167e+01
5.729404669803447092e+01
5.831080535666993825e+01
5.560607426721783497e+01
5.674247167742645104e+01
5.812760288596811620e+01
5.869458718810890474e+01
6.013184352788440634e+01
6.070502834019744398e+01
5.637150439445091621e+01
5.760510816784781696e+01
5.950180839066401006e+01
5.945491682827059776e+01
5.892830422136992041e+01
5.626725449393830303e+01
5.901939855936970503e+01
5.846238406500503260e+01
5.666993086582104411e+01
5.668135458511635960e+01
5.919586941221190557e+01
5.818226468692748909e+01
5.781746361125959055e+01
5.688135524809620591e+01
5.942545939270476651e+01
5.809915170734689127e+01
5.545940913457113908e+01
5.470770219297888559e+01
5.731090333553679272e+01
5.797042079295130179e+01
5.550908947637014279e+01
5.870779851783670011e+01
6.079914866826443642e+01
5.455828624972622265e+01
5.772029625066457470e+01
6.009906123222248198e+01
5.718032575962917008e+01
5.756519191693312365e+01
5.494893031796711114e+01
5.787521596808135627e+01
5.856354067650273265e+01
5.538012396896317568e+01
5.466015248566097995e+01
5.765474021044344966e+01
5.618357300930169629e+01
5.800173676565793102e+01
6.038578846822466772e+01
5.567333230783738429e+01
5.869047825466560653e+01
5.053067038315843718e+01
5.516760345263546839e+01
5.631378392104958408e+01
5.790296631256937587e+01
5.106707218937180670e+01
5.493198751709421401e+01
5.662050124994647149e+01
5.714123007079012950e+01
5.258157367201189203e+01
5.446630210622534207e+01
5.515590826726046458e+01
5.647050205205677287e+01
5.167474660341583359e+01
5.412097701209044942e+01
5.525630845519760470e+01
5.646133054868585077e+01
5.745775366728000222e+01
5.859469083682188995e+01
5.343949432227336160e+01
5.486882090823727509e+01
5.597869614227106183e+01
5.662985198659242769e+01
5.719497287551751441e+01
5.246831302674573294e+01
5.356912012638898801e+01
5.528605799272564525e+01
5.547267672894837887e+01
5.293481301697509167e+01
5.363354755990095413e+01
5.564316440251735685e+01
5.531078763869604131e+01
5.217268975645588114e+01
5.270740114057604586e+01
5.500360675059594229e+01
5.421052311671535762e+01
5.424054069893781360e+01
5.395829985310763277e+01
5.645745348987730949e+01
5.492461584762973104e+01
5.181708907964312516e+01
5.459285623686278655e+01
5.280844260739976193e+01
5.556008690232772551e+01
5.799315358635101347e+01
5.576775344543183621e+01
5.685492532977861657e+01
5.367522527480291927e+01
5.669615330223052041e+01
5.841254077573173475e+01
5.005768419482392773e+01
5.538012841452653845e+01
5.777235352389754297e+01
5.465314640259296652e+01
5.489302907670819565e+01
5.790938645513989513e+01
5.715279782939197162e+01
5.705263586537032694e+01
5.400272900000312859e+01
5.681529759957306425e+01
5.565982930271258056e+01
5.590639373771311682e+01
5.379754751737712581e+01
5.585551439280472152e+01
5.651392129924134622e+01
5.499291384392306981e+01
5.557567432316027833e+01
5.746715952965591612e+01
5.871203870886832021e+01
5.166757517054673343e+01
5.527095197522085357e+01
5.677845947462279241e+01
5.771013516541568578e+01
5.280777475876821114e+01
5.461212641745632368e+01
5.603186088981198054e+01
5.685832434565211457e+01
5.516488649668627176e+01
5.679066853510239810e+01
5.800876662036424847e+01
5.635287100883520850e+01
5.361719640002383613e+01
5.583137414737451110e+01
5.616757684447787824e+01
5.784310956709261120e+01
5.227984507040768847e+01
5.479395205062095187e+01
5.517409621215693249e+01
5.679463820749464986e+01
5.833737837346419042e+01
5.804424568578786392e+01
5.837075589433771938e+01
5.674979313925440749e+01
5.959863812423878926e+01
5.871759032139225098e+01
5.554920907778797812e+01
5.561173749481285711e+01
5.837373762754061346e+01
5.714581412834667162e+01
5.839700740370045651e+01
5.578011623985131706e+01
5.871988456335945017e+01
5.955134257596718328e+01
5.303101228486934815e+01
5.752864542153834293e+01
5.995870190518500920e+01
5.755104890279846330e+01
5.791981864660696999e+01
6.102758414928641884e+01
5.805725642818723031e+01
6.018196541259369781e+01
5.384998067321501480e+01
5.813549516523747229e+01
6.053273675601589332e+01
5.595712545285326200e+01
5.849330765835328805e+01
6.100351290205895793e+01
5.760776316109969031e+01
6.079680143271831128e+01
6.292728858769166322e+01
5.579923046503724748e+01
6.046396631057873350e+01
5.414874825236228162e+01
5.718702280738450128e+01
5.916268650208721880e+01
5.985011103544435684e+01
5.587252110203230160e+01
5.792527609576661263e+01
5.844964165353270147e+01
6.023858247877989669e+01
5.507228093360571108e+01
5.756457270394167836e+01
5.825740928966522603e+01
5.984437927132653812e+01
5.493334621776615734e+01
5.693987491589540895e+01
5.796626259622244248e+01
5.913956119653441590e+01
6.069126436992166873e+01
6.131090450179964080e+01
6.004612868867562270e+01
5.891300723143289275e+01
6.121513172796287705e+01
6.167669322906472473e+01
5.744587364737496671e+01
5.975925352754168074e+01
6.015149548799795554e+01
6.198639666251641955e+01
5.855557006879642756e+01
6.132436608471823547e+01
6.123443498403673146e+01
6.283791655613435267e+01
5.685885329911955921e+01
5.941867826825376397e+01
5.894139133771396644e+01
6.139987599618584113e+01
5.932775258334944368e+01
6.211828913972042443e+01
6.120183490323898923e+01
5.819406610801605240e+01
5.999023194737722520e+01
6.104022067880102753e+01
5.954125758381500333e+01
6.139911073899749283e+01
6.405501686022964236e+01
6.157833622819311614e+01
6.117933716374162856e+01
5.908867755848380199e+01
6.225880183658156142e+01
6.388050838616958771e+01
5.703004981218973057e+01
6.049666513688600844e+01
6.292310676998305041e+01
5.975456888011662215e+01
6.061640849851051627e+01
6.341792207629087130e+01
6.216794752651115630e+01
6.267740830457510981e+01
5.916246985209171783e+01
6.201023347574680145e+01
6.125740549406802415e+01
6.041569547410325924e+01
6.063968106281379988e+01
6.306286079477660422e+01
6.060147727179617050e+01
5.873279122419961595e+01
6.070841320531620511e+01
6.239126465119790765e+01
6.277233516274863945e+01
5.828632980451219936e+01
6.010602084059557626e+01
6.082789569602676494e+01
6.224877525121263488e+01
5.739724294859562548e+01
5.896167568543287274e+01
5.986511724180662952e+01
6.099130286752130559e+01
5.764338044685817408e+01
5.929678863904324970e+01
6.014604544406241615e+01
6.144361448504643164e+01
6.263127379388155447e+01
6.270245265205981156e+01
5.968047930232921772e+01
6.043673883699984373e+01
6.239310748842728316e+01
6.228889235060240281e+01
5.873462720600524989e+01
5.981839165797465085e+01
6.195393674971205655e+01
6.123108542868085635e+01
5.712592821034645851e+01
5.758250029894099242e+01
6.006168554599350529e+01
5.909837703315283619e+01
6.083995723740554951e+01
6.291895031546189188e+01
6.124979519592545785e+01
5.990602106185044562e+01
5.890446612441271412e+01
6.153810378523121472e+01
6.040341174688104076e+01
5.849720543257247840e+01
5.716619037475361864e+01
6.002906795878200796e+01
6.046678052829597760e+01
5.786261903756358294e+01
6.116672876825163740e+01
6.322455936608496785e+01
5.675168537811808278e+01
5.991040115470382688e+01
6.222619828756247529e+01
5.898651916150078023e+01
5.927174350284572313e+01
5.628746348057130433e+01
5.919618773162945047e+01
5.984185248015774050e+01
5.757602100827921277e+01
6.054561177232897506e+01
5.970610986514635243e+01
5.914605489693092721e+01
5.856302294915508355e+01
6.101756787025934869e+01
6.010492956334977066e+01
5.682905057525693593e+01
5.867844908801166071e+01
6.014541735000253198e+01
6.070257926193942666e+01
5.613774281121970233e+01
5.791963547201565632e+01
5.904329874107347109e+01
5.994570460374011134e+01
5.533383766573604845e+01
5.702532844422356106e+01
5.807653602604288068e+01
5.887172723646359174e+01
5.525138588011802909e+01
5.680640829523875368e+01
5.790155258243130731e+01
5.884785109572485595e+01
5.418845858081467526e+01
5.584341286644735902e+01
5.649178445100095303e+01
5.773121161448311511e+01
5.597308772365796870e+01
5.810581820680699394e+01
5.830431556756324341e+01
5.418692402044327139e+01
5.501010453263399569e+01
5.692499149160254746e+01
5.669128856607358102e+01
5.793263447721133019e+01
5.788453599457614729e+01
6.005063181952711915e+01
5.606981779779444253e+01
5.888200192569219382e+01
5.804779002983387670e+01
5.990803085764474645e+01
5.469093914312158233e+01
5.784093574428329987e+01
5.828048707647168669e+01
5.789838036635610052e+01
5.480168267321293030e+01
5.839812052496773020e+01
5.624761037293696120e+01
5.919120474985358982e+01
6.156079091781990087e+01
5.859924222207622790e+01
5.837425678048289512e+01
5.606398465302451939e+01
5.896047858007506193e+01
5.994939459649688018e+01
5.553768314144178930e+01
5.740180866803914483e+01
5.999510812769161561e+01
5.766752776156976523e+01
5.817913489084459400e+01
6.106829794907729081e+01
5.768308426791176657e+01
5.877055118454303084e+01
5.507867956894752126e+01
5.714264216931931628e+01
5.761196292052122914e+01
5.925321701995485313e+01
5.209766277591456429e+01
5.624922363356590438e+01
5.786619195382080960e+01
5.837739489585850094e+01
5.377068576323409133e+01
5.579958866277760876e+01
5.653374253151697815e+01
5.785903143679043126e+01
5.906579395469032789e+01
6.034559544062567227e+01
5.600191016529871746e+01
5.768723761668732664e+01
5.897438448214855811e+01
6.010572070670139055e+01
5.610001158782028341e+01
5.800890893262938164e+01
5.922657432701218738e+01
5.975338019832181402e+01
5.514590487336735691e+01
5.777688386008608745e+01
5.810037657684230084e+01
5.970391124344715905e+01
5.319772589757409520e+01
5.589917171918131089e+01
5.613531841944394785e+01
5.824362370274842959e+01
5.762567797727922425e+01
6.007234924611598359e+01
5.919057507944403795e+01
5.600515863771807545e+01
5.716975677815980816e+01
5.962472252688789354e+01
5.815325715117621286e+01
5.973857917202155221e+01
5.908843286310050757e+01
6.170899791246292665e+01
5.785342111652094843e+01
5.979362167770387515e+01
6.230017075682800254e+01
5.958945936349896044e+01
5.833320682655948985e+01
6.178399442155956223e+01
5.879741062245714289e+01
6.201458690017537378e+01
5.455137640225778739e+01
5.889920596899408878e+01
6.130157230029989535e+01
5.779502308667531452e+01
5.831420509356346571e+01
6.128389217032941616e+01
5.889346176882136064e+01
5.938144458672530135e+01
6.255125989957520716e+01
5.899673358744628615e+01
6.188135128399665774e+01
5.360646145707685406e+01
5.855549482428249064e+01
5.973723565202758579e+01
6.145682740826041623e+01
5.452659586699988381e+01
5.823469636771897484e+01
5.999454532462431899e+01
6.078451817288639347e+01
6.239845990312356605e+01
6.359131721298078332e+01
5.766025619227870180e+01
6.035752654138551776e+01
6.157144759455501060e+01
6.251550308070663675e+01
5.919816183036599710e+01
6.031061123792377288e+01
6.177656896965819300e+01
6.242928769836796477e+01
5.784712027833968051e+01
5.916700959792248682e+01
6.090334382076731856e+01
6.128666131700858699e+01
5.853316042256385998e+01
6.076702985304519444e+01
6.066666861282764245e+01
6.236083416376261823e+01
5.712753148493056443e+01
5.951074913957749146e+01
5.948424277536589244e+01
6.143136167037569351e+01
6.197316043824068288e+01
6.341870546535511721e+01
5.887858550723433382e+01
6.114807358855497910e+01
6.334932689134582517e+01
6.170297322602268508e+01
6.104164245873104733e+01
6.142268972893485568e+01
6.392886993896877357e+01
6.175435524388800701e+01
5.970944895197427371e+01
6.097038856906192450e+01
6.315028630312085767e+01
6.040065705522606976e+01
6.130133755220935399e+01
6.403929003591215974e+01
6.095648436411408966e+01
6.270806927173548928e+01
6.528068698747371457e+01
6.187938215013690524e+01
6.184599665150341252e+01
5.894341079540460981e+01
6.194494354096476485e+01
6.363021624325727288e+01
5.798037880323262527e+01
6.152411151171433801e+01
6.358360849511132784e+01
6.197543519891515018e+01
6.136118602564005897e+01
6.382599341011899696e+01
6.317350095696965440e+01
5.987759357212526368e+01
6.191712119323523922e+01
6.350076065640009659e+01
6.402523989826880779e+01
5.954741803514775711e+01
6.139346780542533821e+01
6.246340719820111786e+01
6.320644334460835978e+01
5.858483874416405968e+01
6.015890881418656022e+01
6.117458093011082809e+01
6.215841672297279530e+01
5.890262401739798293e+01
6.033308963055543472e+01
6.133844356949234111e+01
6.203266669169407521e+01
5.739066958579905986e+01
5.897071701256192711e+01
5.950246911395538518e+01
6.081432703248559335e+01
6.201379010769269939e+01
6.194049988042209520e+01
6.283456272739191917e+01
5.760317449305748738e+01
5.995599530920436848e+01
5.951669562582583239e+01
6.185480921159587098e+01
6.095754609791252676e+01
6.359878422652550256e+01
6.154755082766512686e+01
5.795701139196012974e+01
5.880287247860901800e+01
6.118561214357081468e+01
5.978301007990478411e+01
6.066007628979686217e+01
6.111675564353703294e+01
6.191872427806430323e+01
5.880824053082207570e+01
6.147422614538886876e+01
6.386019465269246354e+01
5.914424116589868419e+01
6.164890514866513627e+01
6.390790353316184991e+01
6.045405762314616993e+01
5.993874495466100427e+01
5.747508059968668448e+01
6.034052974320925955e+01
6.234189483223798334e+01
5.553600987243579112e+01
5.904061221148405991e+01
6.121102224881212805e+01
5.889987699476689187e+01
5.878447861469155811e+01
6.171841676724553594e+01
5.842857735446770562e+01
6.103909934269473325e+01
6.256353218847630870e+01
6.150121087819744758e+01
5.830518715333959534e+01
6.015754967836750922e+01
6.135177305818100990e+01
6.199969907531814783e+01
5.741218329891010086e+01
5.892142122294883677e+01
6.017119351914060132e+01
6.151572990140362407e+01
5.647036161984367197e+01
5.745907689570882582e+01
5.902873072329595061e+01
5.980491991959197406e+01
5.659837562007875533e+01
5.822066034612272745e+01
5.926554567204702550e+01
5.982520357144011314e+01
5.550059532387750494e+01
5.715240974702933840e+01
5.775584961361328595e+01
5.894374053117189760e+01
5.931071744072308860e+01
6.097817228956499491e+01
5.985408569889614228e+01
5.541602307617177559e+01
5.626729975461621081e+01
5.814456553335078581e+01
5.785289228591899047e+01
6.001897171578434609e+01
5.936290565056238933e+01
6.132042730460191393e+01
5.561096893427741605e+01
5.854992563958802521e+01
5.761051049444848360e+01
6.011110964277764168e+01
5.639074803101423328e+01
5.925610879880456139e+01
5.970014122785826771e+01
5.778743066620405955e+01
6.065103498663830095e+01
6.229962312120758128e+01
5.466852437088196126e+01
5.876338373742618160e+01
6.133778845268733448e+01
5.845724393936236396e+01
6.049699380433723661e+01
5.320529455492767568e+01
5.764704005627192629e+01
5.993889461584087286e+01
5.643871162321281076e+01
5.929651485115661558e+01
5.971988486860877288e+01
5.810125840866879798e+01
5.762237973900126775e+01
6.078616343357652596e+01
5.707481304031399816e+01
5.997140910054667984e+01
6.088909718215997913e+01
6.227594082246021401e+01
5.745599205438251289e+01
5.814841809981181342e+01
6.003891600873214429e+01
6.173367830225611641e+01
5.498450436944085595e+01
5.862424422419206138e+01
6.015069284962626739e+01
6.054908060235031542e+01
5.616767902764001263e+01
5.845583419549357274e+01
5.996813409685515239e+01
6.015559401541358397e+01
5.586675329487507469e+01
5.740145915267179788e+01
5.874061608813922675e+01
5.980530729325639072e+01
5.545686089495171700e+01
5.755594751211781102e+01
5.788622223261740629e+01
5.950097220711766255e+01
5.983038337278157570e+01
6.170598554796647761e+01
5.967080292993919954e+01
5.635272586956544671e+01
5.713764010342597999e+01
5.919645772399235284e+01
5.882667538650422046e+01
6.117830157507648181e+01
6.042514109289566449e+01
6.146869744690600612e+01
5.865571343253287750e+01
6.151329640028536971e+01
6.029705874532714915e+01
5.871465024574968083e+01
6.119174471013184302e+01
5.919734464465524582e+01
6.211414896499898930e+01
5.830891748858088874e+01
6.148958677717920551e+01
6.358173295520214197e+01
5.723669688788208276e+01
6.098538575670563233e+01
6.358686944179703460e+01
6.042209304920161372e+01
6.026072364774978496e+01
6.345135782618853426e+01
6.019351967770156620e+01
6.310054605360991786e+01
5.542475069166084012e+01
5.965664785829608974e+01
6.195370372077391607e+01
5.900797893672285710e+01
5.936911081305828475e+01
6.241625548797603074e+01
6.002766632401797864e+01
6.107486142028732701e+01
6.387879288295088998e+01
6.042830964916511505e+01
6.208443397570196964e+01
5.791245319844688311e+01
5.991693273694349386e+01
6.055417019533307865e+01
6.215950616569054432e+01
5.639726938993928229e+01
5.919623688605597778e+01
6.027114670140224462e+01
6.143235335603822733e+01
6.254706755953422714e+01
6.356608633003146025e+01
6.050189200298152770e+01
6.162802548798653390e+01
6.301385528057011243e+01
6.373808570535241813e+01
5.835346229422612652e+01
6.054475140730954763e+01
6.113143094376341224e+01
6.267449895094853929e+01
6.022428874592330317e+01
6.293632205887752917e+01
6.287856289361833007e+01
6.153837839131874432e+01
6.388242413782224816e+01
6.361380199528655055e+01
6.416442040025580695e+01
5.840774992301509627e+01
6.092172032477438393e+01
6.060487235896017211e+01
6.283540541526480183e+01
6.097278193309597327e+01
6.369037274372472979e+01
6.290565032001850909e+01
6.064585000137009985e+01
6.188378932354089557e+01
6.416883272251229187e+01
6.196234657801322498e+01
6.066846634623470891e+01
6.297845057989010797e+01
6.041075017940234204e+01
6.355825443071140768e+01
6.596703940834530044e+01
6.290991754275596293e+01
6.263580354301115705e+01
6.008927512332500243e+01
6.313624275249887319e+01
6.520745200069949021e+01
5.906248950016266264e+01
6.198936170795671785e+01
6.421506804833782667e+01
6.196930759541153577e+01
6.186624107745219447e+01
6.477890531127773954e+01
6.124532273099251256e+01
6.417312912285679261e+01
5.762308803191625373e+01
6.077250134034818529e+01
6.263484208495804495e+01
6.133499881695734501e+01
6.053837399973490108e+01
6.245380035458268253e+01
6.263393658055984048e+01
5.937864037994019384e+01
6.130859904753426548e+01
6.216138398667970932e+01
6.328870770895396447e+01
5.800242551147395886e+01
5.982594470437096845e+01
6.087068964967880902e+01
6.213171119930966313e+01
6.298464799399420855e+01
6.417701251559373077e+01
5.863656668845719366e+01
6.029765474076650378e+01
6.148680009752899878e+01
6.195128141961431112e+01
6.249149118177052742e+01
5.755786051623106658e+01
5.921920278288333606e+01
5.996648235703173668e+01
6.079381823799120355e+01
6.261537906301227707e+01
6.213471584932320724e+01
6.326186666474349352e+01
6.483379477889319276e+01
6.376798436166654227e+01
6.020618180108290574e+01
6.016631159205487478e+01
6.284987987070800131e+01
6.134505432055231466e+01
6.332253577067659478e+01
5.781250993355614298e+01
6.081201046759598228e+01
6.044977842473671359e+01
6.248964563921854420e+01
6.469869557308842900e+01
6.216235369641722031e+01
6.161576478556055037e+01
5.954740121296362076e+01
6.236951811176582794e+01
6.406431605096892667e+01
5.747974950291153107e+01
6.051444556901232374e+01
6.279401210619531071e+01
5.952398576665984820e+01
6.028557550727251879e+01
6.288878985240878450e+01
6.120517170236119853e+01
6.089553343327714430e+01
5.735634630521585109e+01
6.046161086500503501e+01
6.198330706896815201e+01
5.562994779532784406e+01
5.938960799410156710e+01
6.115371710455580256e+01
6.037998542126922530e+01
5.692276306375559614e+01
5.870384695350780646e+01
5.984764389150363684e+01
6.084848041944363928e+01
5.452728189147774884e+01
5.752804460052010427e+01
5.887828970890333125e+01
5.972285583762138117e+01
6.123652525725042040e+01
6.193848746110395354e+01
5.776808190804545262e+01
5.920745681709166774e+01
6.014761015013250045e+01
6.118196065367347813e+01
5.638125384901573511e+01
5.806295566454311796e+01
5.878266894245562213e+01
6.005065450551193607e+01
5.940046891783021010e+01
6.125068485029922272e+01
6.133313854339552051e+01
5.610670954375110142e+01
5.696083176809853654e+01
5.878532404044168658e+01
5.854936023452696503e+01
6.013416858455599368e+01
6.004265552186873833e+01
6.213452712284825452e+01
5.822030397841998450e+01
6.013145800379182049e+01
6.071506692470405397e+01
6.059500868849197985e+01
5.647860954645361176e+01
5.986486841312550666e+01
5.822710379651832824e+01
6.108568265970087197e+01
5.694663192522122586e+01
6.005313905454218570e+01
6.034395549964254712e+01
5.830175145904021150e+01
5.852888101209475735e+01
6.134636102541292502e+01
5.839669642399184823e+01
5.865610437089906526e+01
6.154698957891180555e+01
5.854736049983125667e+01
6.026260866851610842e+01
5.511059851038422863e+01
5.861516061495613883e+01
6.042816700284118525e+01
5.332370416130076762e+01
5.835247261974485866e+01
6.039951059515155407e+01
5.748462528169661567e+01
6.108527284499037791e+01
6.119487261448269066e+01
5.904243652712157342e+01
6.050603388616728040e+01
6.190599642875435649e+01
6.274022417224065862e+01
5.824614572906322252e+01
5.912827289824841159e+01
6.060128879206121866e+01
6.188555220672382973e+01
5.621573599409963862e+01
5.918106176744889524e+01
5.982151100270112210e+01
6.110126591501317250e+01
5.532513309925654710e+01
5.748605101872885825e+01
5.834353148537154965e+01
5.957357706519056251e+01
6.100537905671350813e+01
6.137875121430722203e+01
6.175561829324058039e+01
5.723039867493471888e+01
5.813120713811160556e+01
5.990553787624874360e+01
6.002333979844433998e+01
5.878143880785655995e+01
6.122213201303033969e+01
6.084934305836995350e+01
5.818712412873492923e+01
5.847561010922556335e+01
6.087327211749482103e+01
5.998709361344754143e+01
5.909231903124543805e+01
5.861761504947933332e+01
6.130642874524642849e+01
5.976033497689164165e+01
6.258092063764233615e+01
6.446049206353514194e+01
5.727127291793249952e+01
6.076862424793893780e+01
6.342931302982269415e+01
6.099964899922107975e+01
6.318096326812056418e+01
5.601759579144439982e+01
6.019127904754472524e+01
6.226544442090427367e+01
5.905116906122558618e+01
6.216998333410236910e+01
6.409333600161653521e+01
5.687599714267800266e+01
6.101774361792714529e+01
6.328675209036008198e+01
6.175342846791750162e+01
6.169044576857395157e+01
6.462051446192656101e+01
6.106971589721039351e+01
6.264567462873750969e+01
5.866546054412810207e+01
6.063288577248551547e+01
6.090735175875064300e+01
6.263140425430868419e+01
5.746752402491103595e+01
6.001335267673634633e+01
6.099761278468639603e+01
6.211829468978264401e+01
6.330785135193082880e+01
6.435700786370335891e+01
5.874919485500167582e+01
6.121099616985350877e+01
6.238689050022991012e+01
6.353974139042320246e+01
5.923730811168888977e+01
6.096618749865076126e+01
6.219622122569520428e+01
6.299986062667604614e+01
5.926749438717990870e+01
6.159075548688464607e+01
6.184035524393635797e+01
6.331220360904921307e+01
5.794225137826660443e+01
5.990804343057566683e+01
6.028519224926092335e+01
6.173606973498957728e+01
6.301263869726521705e+01
6.263890275310075140e+01
6.416982140268439139e+01
5.839184122088816054e+01
6.090272419064831411e+01
6.044322552573460428e+01
6.258958587283609631e+01
6.443406107455430742e+01
6.264264916240577463e+01
6.347926608731270903e+01
6.150487986433158483e+01
6.444105961577319874e+01
6.328378705917986480e+01
6.093269896732928004e+01
6.392696683578341776e+01
6.134604624172001053e+01
6.434154032865119177e+01
6.000126434374238471e+01
6.287650323938248675e+01
6.507340895143755688e+01
6.067693230293238571e+01
6.316324476126992948e+01
6.542222825969433586e+01
6.077430674654123521e+01
6.349935738965855592e+01
6.562505924897327247e+01
6.212100660081539161e+01
6.461550101314495009e+01
5.834581091251249063e+01
6.154062649132732332e+01
6.367580846363472347e+01
5.836293683721118697e+01
6.158535779165850244e+01
6.233681507845511760e+01
6.360411367847782316e+01
5.801377916695979309e+01
6.066125517700076131e+01
6.229576950825999404e+01
6.307052230190198827e+01
6.449512868847725144e+01
6.588088388798189499e+01
6.046605296191638956e+01
6.194190759961348647e+01
6.290704812038194405e+01
6.426672501248708613e+01
5.883451113595075554e+01
6.052957969449985143e+01
6.144790884027778333e+01
6.233285278095922166e+01
5.761573736339561691e+01
5.977406605071172407e+01
6.105042432858902401e+01
6.138313612602887304e+01
6.125132199765014462e+01
6.311465156452075576e+01
6.293011485759824808e+01
5.964083771836290992e+01
6.018087057545979945e+01
6.231096591385200156e+01
6.155916044396143860e+01
6.407436356768363339e+01
6.286847550886585623e+01
6.173600971133079440e+01
6.109050621557467053e+01
6.374075312267201099e+01
6.220445753643743103e+01
6.154332580234426331e+01
6.031243942248388379e+01
6.285760563449168359e+01
6.301867986904472474e+01
5.792585074345871732e+01
6.161790894424746057e+01
6.256831334743814210e+01
6.057452182964874510e+01
6.029245617504440702e+01
6.313689393537725891e+01
6.023785848769877305e+01
6.296246942715187345e+01
5.633684250190592024e+01
5.943761969798716649e+01
6.168322833973155639e+01
5.820793355967415295e+01
6.102672266322293382e+01
6.238308667863482526e+01
5.873556763614769238e+01
6.132706428083930916e+01
6.318037971051905544e+01
5.716042367474513242e+01
6.140237920155883700e+01
6.322183408597015131e+01
6.063138196512652911e+01
6.151818859810539664e+01
5.468636803876815833e+01
5.822807335322281830e+01
5.988079478189695237e+01
6.117228788793903504e+01
6.223605909183997653e+01
6.302446893976394193e+01
5.835559931416752022e+01
5.997837670663103182e+01
6.109187265000318234e+01
6.164199818413187160e+01
5.829699872271069694e+01
5.972566952189517764e+01
6.076871725230055432e+01
6.161953967408469168e+01
5.656127017769939869e+01
5.761682970067175091e+01
5.873138500526395944e+01
5.942832101343809370e+01
6.090896046415925014e+01
6.119035176018859801e+01
6.009149851426439426e+01
5.890051864647248436e+01
6.106487047167812676e+01
6.077380744774490040e+01
5.838756015416978329e+01
5.846196153565723108e+01
6.063985888499080801e+01
5.982595166564173894e+01
5.893691969523704444e+01
5.887913855368562110e+01
6.120632326201781126e+01
5.972570262706162225e+01
5.684815978603938191e+01
5.825086215013733693e+01
5.875569159880571846e+01
5.794137599278569439e+01
6.075690318858875827e+01
6.256463521890471213e+01
5.741856382614702881e+01
6.071858770717025067e+01
6.317140918854759235e+01
5.952345003791680966e+01
5.986987128963058780e+01
5.733725043117234321e+01
6.014357580839902795e+01
6.019399701054180696e+01
5.727324579490532841e+01
6.002634147980406709e+01
5.948078520400778757e+01
5.898073785008739378e+01
5.840280376149139840e+01
6.142515351606299845e+01
5.880874093098271516e+01
5.982167523285168897e+01
6.228117785166678999e+01
5.923123587955888780e+01
6.150769591538507086e+01
5.414344111686806826e+01
5.809446169357700285e+01
5.974535805652422482e+01
6.014217829415605365e+01
6.166393407348319755e+01
6.293233948485964646e+01
5.705301299287692274e+01
6.000812676462015816e+01
6.064867301857766080e+01
6.191072755834990460e+01
5.613032933645349942e+01
5.826113759986394314e+01
5.911206135362517955e+01
6.033322180054342709e+01
5.633784195522717653e+01
5.769924948754395189e+01
5.889476124003826385e+01
5.944780822893408612e+01
5.925102296943108371e+01
6.103394532388012550e+01
6.111099389297848461e+01
5.795219798473781481e+01
5.866720137648491828e+01
6.070963681648199639e+01
6.028401931525988999e+01
5.653233720134350904e+01
5.698793437776897264e+01
5.934926817295538370e+01
5.848808495000972840e+01
6.106330132482396067e+01
6.055318662041230482e+01
6.293021118019908045e+01
5.630525268941821793e+01
5.971681602069424599e+01
5.941199391542260599e+01
6.179645371843541568e+01
6.411136626067845157e+01
6.166599695662263514e+01
6.296508665177428554e+01
5.921878064259706775e+01
6.235275220157004838e+01
6.427208975479408082e+01
5.651712097424528025e+01
6.078590656070754505e+01
6.318011242600692867e+01
5.975128864550146091e+01
6.091285357847764459e+01
6.362239955638064259e+01
6.200149509114710611e+01
6.251433715340711217e+01
5.901967780328772051e+01
6.186711605196961727e+01
6.097615015374859126e+01
5.902983719914138305e+01
6.233787533553799420e+01
6.319056382312857068e+01
5.936713936752559562e+01
5.988267928088905734e+01
6.177035433842058865e+01
6.347312872607719925e+01
5.804596538170473252e+01
6.118121951448898699e+01
6.227127366277005649e+01
6.325141283350315291e+01
5.750057227495799594e+01
5.991920302298830592e+01
6.106033447070083753e+01
6.222654600463544483e+01
5.794400074509240994e+01
5.955540267212219163e+01
6.083616117965476633e+01
6.174865875166482709e+01
6.236220481190721898e+01
6.322169526218115720e+01
6.286987952259114820e+01
6.454774791537970202e+01
6.452129565518217191e+01
6.179258909659208143e+01
6.230619229531134806e+01
6.429857971339197320e+01
6.403708269896979743e+01
6.132081081503942244e+01
6.161697126607379715e+01
6.373868169691647978e+01
6.333981923205271158e+01
6.000430262267514792e+01
6.067451682296642446e+01
6.304005679227461201e+01
6.163672196397377689e+01
6.166163972623057532e+01
6.186084413472921284e+01
6.426586838303208538e+01
6.191221827639369479e+01
6.485731791922833622e+01
6.608605377831415240e+01
5.913885104128344494e+01
6.244983248324501091e+01
6.486952502868831516e+01
6.182963110306174315e+01
6.370940572062556839e+01
5.962849084499205077e+01
6.236749821985934972e+01
6.447345116706078727e+01
5.838010116023217222e+01
6.128915517581836525e+01
6.348147534490644972e+01
6.111595946034360338e+01
6.410879060398457341e+01
6.403091033096579565e+01
6.195703176043154770e+01
6.256908779086431593e+01
6.525955946229655069e+01
6.136688331855755507e+01
6.343668639364447870e+01
5.833023967966472867e+01
6.042868841763803545e+01
6.091867795750228254e+01
6.249033444293084472e+01
6.382739541007013884e+01
6.461977230159614294e+01
6.046967180210597093e+01
6.231548451870923344e+01
6.308437356965659148e+01
6.410957364634535338e+01
5.988722185836674328e+01
6.131194892211767922e+01
6.232028675469540246e+01
6.313741994248062639e+01
5.687498627489416236e+01
5.934822747430239076e+01
6.049897029798403025e+01
6.094266128766991386e+01
6.111705737551308459e+01
6.295733134892110883e+01
6.276215325303505921e+01
5.946724054551143013e+01
5.999122537736300842e+01
6.210784305170340502e+01
6.134507169419985217e+01
6.385128730996309088e+01
6.263649471154086967e+01
6.160657294055227595e+01
6.092409697051007100e+01
6.356335165145409150e+01
6.201386646839996075e+01
6.114154139898692364e+01
5.995414503431474174e+01
6.248849236176236843e+01
6.267216116450570951e+01
5.779272889889743681e+01
6.152412205189546057e+01
6.253116477603747825e+01
6.048770269183982862e+01
5.952805195500420155e+01
6.249182109224746284e+01
5.959573982288240046e+01
6.244528110895723216e+01
6.466741027820488341e+01
6.105661369761796209e+01
6.089079612745069880e+01
5.795806176486507866e+01
6.078978647176771233e+01
6.246663850753360236e+01
5.626245425874656547e+01
6.015892363537474097e+01
6.211509776287994100e+01
5.952376639352269905e+01
6.277952510045758316e+01
6.317514585590828347e+01
6.002843092161241856e+01
6.064057696562976929e+01
5.627224240051780413e+01
5.841299225163236031e+01
5.902160933820045585e+01
6.041094824014962938e+01
6.159965559971391258e+01
6.251605437391710041e+01
5.783477666627844371e+01
5.908674001080846239e+01
6.044214365220449992e+01
6.107183047699076184e+01
5.796736544193033325e+01
5.956388791290416407e+01
6.058398776128516516e+01
6.082000878678599065e+01
5.472563067028421813e+01
5.708637085128172828e+01
5.819260623834534130e+01
5.886855695405347433e+01
6.033901207269076394e+01
6.060992594148869017e+01
5.984575912566248235e+01
5.730192298311303034e+01
5.971394587633574247e+01
5.948080133829829919e+01
6.054687104359132377e+01
5.994294681793935808e+01
6.216392822680057861e+01
6.008803421412093826e+01
5.718927127585622117e+01
5.823074154096781996e+01
6.039505344782369178e+01
5.862526146955819684e+01
6.115042890877920456e+01
6.198723261414771457e+01
5.897741920896945800e+01
5.946781101853488138e+01
6.206812874518847423e+01
5.963969500602462404e+01
6.134902521465740222e+01
5.443834903484965082e+01
5.858236689772815708e+01
6.054758318134646089e+01
5.747824364429568789e+01
6.031728339348589429e+01
6.208896648937825091e+01
5.445812264583195628e+01
5.905609140657507083e+01
6.123675095017842551e+01
5.989925057419981158e+01
5.880029196638488287e+01
6.200361011524476140e+01
5.880347653531514851e+01
6.114938371575389908e+01
5.406958153639916276e+01
5.842218654094565977e+01
5.927853760062802735e+01
6.071465043380064230e+01
6.208064326995064874e+01
6.279900487366813877e+01
5.833012883216051137e+01
5.941194546054182268e+01
6.078379150229613259e+01
6.239477792771525344e+01
5.578830560528665927e+01
5.889164009482105655e+01
5.939933688377283261e+01
6.082401570402153368e+01
5.574358857169877979e+01
5.730345387724775463e+01
5.847338766184488890e+01
5.961076114950534333e+01
5.852605164227831835e+01
6.037159621289977451e+01
6.089716725663524244e+01
5.833843650888483978e+01
6.084088926423998345e+01
6.102860266569725667e+01
6.187175652028408024e+01
5.554291351063565685e+01
5.828308161386474495e+01
5.819215301966990950e+01
6.038396312695362411e+01
6.015935718630936435e+01
6.251525546551042822e+01
6.106162580954557484e+01
5.736791570248648497e+01
5.775980824583593431e+01
6.047001483776864461e+01
5.901044917239192955e+01
6.191678218977028081e+01
6.253695277377332218e+01
6.068246114754529685e+01
6.020396398499288892e+01
6.305727186887855140e+01
6.046745838473916024e+01
6.247550913875789291e+01
6.506767604995073384e+01
6.189180699923576157e+01
6.111160641245565728e+01
5.878421461325239505e+01
6.201999920651594067e+01
6.412001430964188842e+01
5.652806037067940537e+01
6.085350267037379268e+01
6.325131200678296040e+01
6.042724154677481607e+01
6.065643436846139736e+01
6.402753379762808095e+01
5.999593553269310320e+01
6.305282202449099316e+01
6.479589743269698943e+01
6.411538915708463549e+01
6.029958710416192957e+01
6.256171362573409311e+01
6.390287356693720966e+01
6.475159696162498335e+01
6.023088072445757035e+01
6.192020912959340961e+01
6.332578455758655167e+01
6.432949911015558087e+01
5.911882655277305076e+01
6.146981437234832413e+01
6.269034333858279240e+01
6.359726990430607430e+01
5.835462022401041793e+01
5.985125146869098955e+01
6.142271054788094631e+01
6.268498366949440026e+01
6.340749239815978200e+01
6.504565201101162586e+01
5.989729330905240801e+01
6.260669355861761431e+01
6.285549289655271110e+01
6.485964656158112973e+01
6.285207256108044049e+01
6.604151053166832241e+01
6.549883731114155694e+01
6.225676564430384730e+01
6.265611046014434038e+01
6.510971025877348950e+01
6.456214180960174076e+01
6.286862625753894918e+01
6.348819030883601755e+01
6.609839059538502681e+01
6.451334361844233456e+01
6.125982527208719119e+01
6.158108335333373873e+01
6.462916756543076247e+01
6.258332630388947848e+01
6.588160852963922309e+01
6.839650023802835221e+01
6.127695221885026911e+01
6.514358893914986481e+01
6.780355322746943614e+01
6.447086635162047230e+01
6.408283888797419081e+01
6.144774767250000735e+01
6.500393027030607129e+01
6.719394500929938374e+01
6.046754406443744045e+01
6.388560380029756658e+01
6.652260501149552852e+01
6.231027620085402674e+01
6.292502499173752994e+01
6.616459134194822411e+01
6.488516121038585993e+01
6.518094383894381849e+01
6.832237733504302923e+01
6.326857541563770582e+01
6.584001896005668186e+01
6.098192783506901549e+01
6.321525284587028892e+01
6.503451960428722600e+01
6.482486343406485219e+01
6.678518277866227493e+01
6.838449955191337892e+01
6.239260877394820426e+01
6.510745726080881468e+01
6.701676740739198124e+01
6.683262679836097675e+01
6.298486442804153995e+01
6.508269775284887260e+01
6.689872541904070147e+01
6.428061705802109316e+01
6.561308315606532915e+01
6.749702886701241766e+01
6.749590828769228779e+01
6.329168579556919383e+01
6.445412242843697470e+01
6.690855954721874355e+01
6.701350753359439238e+01
6.202202531454978640e+01
6.512054646848898187e+01
6.485927069870379569e+01
6.768491527233332761e+01
6.177039823494911985e+01
6.487472505882654161e+01
6.412604668980726785e+01
6.703510306605753044e+01
6.675419834428565480e+01
6.997518330256136210e+01
6.327501723145822154e+01
6.665005132658902198e+01
6.836040211048924675e+01
6.596777793454116079e+01
6.455701053546515311e+01
6.805285306520273991e+01
6.580130428877039606e+01
6.920887030812102125e+01
6.241335318860703296e+01
6.646766538550723169e+01
6.753591601637074859e+01
6.535140464673705196e+01
6.905254869983380672e+01
6.860120571218182306e+01
6.559755719954176811e+01
6.617104363262238564e+01
6.979805126319470787e+01
6.587536270411710859e+01
6.725332859203351177e+01
7.061911872372286325e+01
6.712240529406759038e+01
6.803229521577608807e+01
6.392212389883275847e+01
6.782550641135971148e+01
6.786241430270899855e+01
6.570583341105562170e+01
6.936672955177267852e+01
6.957108470286911484e+01
6.641920995403850725e+01
6.943564776569688490e+01
7.020535188093906243e+01
6.968280474261720769e+01
6.603375776373492556e+01
6.908306445185644407e+01
7.107933882625053457e+01
6.489903954218027593e+01
6.799716769802688532e+01
6.951180538400784314e+01
7.137568006624668726e+01
6.449329844129761113e+01
6.775040029588009816e+01
6.975828717826445313e+01
7.061737787089283813e+01
6.588887263949548867e+01
6.910923368055516391e+01
6.962291031893137472e+01
7.170466001752930651e+01
6.516738537535988485e+01
6.877006056231898867e+01
6.880534578573046645e+01
7.140569809879700358e+01
7.241813457950141242e+01
7.303864268055892239e+01
6.659828166226988344e+01
7.057309119197529412e+01
7.169213129204663915e+01
7.268300939632278812e+01
6.557099069584016604e+01
7.054055282652991821e+01
7.126673297181507394e+01
7.275986858752868613e+01
6.574414896955245524e+01
7.021554088017354900e+01
7.356953169416991045e+01
7.024593435402027808e+01
7.431896320251874499e+01
7.550601677195375316e+01
7.098390243400471888e+01
7.283717916566131123e+01
7.607833206252733760e+01
7.146406496674543973e+01
7.398036330603970612e+01
7.743481600530233777e+01
7.200445900676236022e+01
7.595932392183878790e+01
6.699079738818159058e+01
7.302218651498877477e+01
7.623871839327107125e+01
6.870726273151024088e+01
7.394188428770615928e+01
7.679670517370213645e+01
6.820711496257978013e+01
7.457158208377070707e+01
7.738234430597493940e+01
7.195424214362466842e+01
7.711372604024573718e+01
7.944119432540436776e+01
7.169995830618289290e+01
7.706600462403156371e+01
6.862691706498799249e+01
7.407537384159000737e+01
7.622773567738295242e+01
7.554512398253930883e+01
7.830146881554257732e+01
7.941487543514797665e+01
7.383361161965875397e+01
7.774329892433463840e+01
8.017890338031857311e+01
7.946502033872393156e+01
7.414868324715793335e+01
7.789888003841232944e+01
7.863575481710296344e+01
8.123438089609700796e+01
7.438600095813579571e+01
7.779092588607369407e+01
7.857155453515538568e+01
8.050227631853680066e+01
7.388160609300733483e+01
7.802369982132977100e+01
7.828724282425066860e+01
8.181016283583107906e+01
8.106544284777409359e+01
8.342308127414909791e+01
7.799586082522789354e+01
8.169076839324992534e+01
8.409284273706541057e+01
7.638916454231005559e+01
8.131913917466305008e+01
7.848914081029053591e+01
8.306605200348673179e+01
8.061438104392973969e+01
8.260576895748839377e+01
8.548263930815662093e+01
7.901953864692444540e+01
8.398327871091407815e+01
7.694898078774775740e+01
8.188528786766464407e+01
8.546589893829043660e+01
7.894729927261633406e+01
8.413085437606112293e+01
8.718866930987041997e+01
7.878655456869508100e+01
8.448148002559322833e+01
8.821701871281479157e+01
8.111662136589995953e+01
8.629066744362854990e+01
8.911699796621888936e+01
8.162963375400835275e+01
8.699185574052398806e+01
7.939551349742663433e+01
8.471331941914264974e+01
8.730579846497261087e+01
8.054815371331956442e+01
8.550746408431031398e+01
8.718058737054853680e+01
8.632034446703616481e+01
8.441013670943063119e+01
8.799986931308116311e+01
8.900546979234719913e+01
8.321728844579028816e+01
8.699057718811850748e+01
8.911639115836531744e+01
8.870492397808511953e+01
8.323255927971277401e+01
8.670320997611990776e+01
8.989903354745317188e+01
8.776117057540878363e+01
9.158928334260252768e+01
9.242964017651387110e+01
8.638034158011059560e+01
8.881676041253462017e+01
9.262420987701700881e+01
9.136306600503013442e+01
8.674353324507777074e+01
8.912183034338481491e+01
9.278675560124676736e+01
9.260910964070743034e+01
8.778275259673070252e+01
8.962680704598083992e+01
9.424629955573016105e+01
9.160142920163376345e+01
8.943280477969601350e+01
9.369592226567563387e+01
9.260418696590662080e+01
9.115443571601637984e+01
9.358461786614563493e+01
9.186487972507758570e+01
9.538729042922459200e+01
9.032770373904308769e+01
9.556949868456447916e+01
9.524084855808146699e+01
9.005012572630771217e+01
9.514427731116916220e+01
9.706030721980378928e+01
9.061069346620975296e+01
9.505667990859359406e+01
9.929882048579858633e+01
9.366399687160185294e+01
9.775235485451466388e+01
1.010027382177343753e+02
9.479379602000483374e+01
9.916767677379981194e+01
9.278482793802028539e+01
9.724652021887304443e+01
1.002130925962729293e+02
9.266262161273776599e+01
9.782947752931087848e+01
1.009658481531715921e+02
9.402783559223588838e+01
9.869298430581507375e+01
1.015646958058832041e+02
9.551544963861859117e+01
9.978042355250526896e+01
1.022810954299609421e+02
9.925487260139934165e+01
1.022835962330810418e+02
9.603302993014270328e+01
9.999448826686256098e+01
1.020443556673388059e+02
9.655716126363169849e+01
9.977284651246813496e+01
1.025209110287533321e+02
1.022042029224722341e+02
9.691362206874715923e+01
1.007518037541555458e+02
1.016896309048789533e+02
1.041972747559607484e+02
1.044532304249293020e+02
1.058925613413549485e+02
1.001647827088106908e+02
1.047190797789627794e+02
1.052476253595058466e+02
1.042704154551254874e+02
1.044676405149489966e+02
9.963553470321119221e+01
1.040956537667340456e+02
1.040273184875319288e+02
1.032228734637848504e+02
1.062160305393494468e+02
1.052314041408232299e+02
1.034578573291816355e+02
1.037643826329551473e+02
1.086761859918487119e+02
1.051523933915043898e+02
1.058986471061032972e+02
1.097346465883397570e+02
1.073593902974704264e+02
1.069334002818129505e+02
1.049084887085142697e+02
1.102018686353584087e+02
1.046903250923826363e+02
1.100018991817237435e+02
1.132901050242859071e+02
1.059609467522494697e+02
1.114567962385038840e+02
1.053642266846704558e+02
1.102186357585906791e+02
1.100311089149598160e+02
1.063520537276839377e+02
1.116665516824812414e+02
1.120108879329559954e+02
1.058575717816056141e+02
1.105300998927201306e+02
1.140371866408045634e+02
1.089486159701513515e+02
1.128923989102732435e+02
1.159441623064456195e+02
1.100610988570922046e+02
1.141595385804053109e+02
1.082851002523726862e+02
1.122021961676364725e+02
1.148749699275140728e+02
1.095618859822034352e+02
1.129063325646699809e+02
1.163636753776926440e+02
1.100411462929646831e+02
1.145222262490717355e+02
1.163470379164084960e+02
1.152378888739858382e+02
1.155918980682031076e+02
1.104900617910109872e+02
1.144708889625349855e+02
1.160234478492028387e+02
1.118259689764382756e+02
1.143829145460705803e+02
1.186492880590612486e+02
1.155491983814050201e+02
1.155446295592733179e+02
1.179808971270904294e+02
1.194925704959199066e+02
1.144156681501909532e+02
1.205259786226294665e+02
1.199303577505339433e+02
1.173986279207702950e+02
1.180545959477979778e+02
1.233466493194400186e+02
1.169586443947182204e+02
1.222891518157766626e+02
1.244496208177566103e+02
1.176619558314434357e+02
1.232088679361701082e+02
1.178580290577618399e+02
1.227046304047461263e+02
1.221517727545974026e+02
1.213369649285460810e+02
1.224222852102695498e+02
1.272575087277867709e+02
1.199573375816503784e+02
1.243917654556149017e+02
1.291889392566041579e+02
1.220059513369935473e+02
1.264683805207912712e+02
1.307263614274931172e+02
1.237872270905011192e+02
1.287743221602292465e+02
1.220158935193223613e+02
1.275739001976730549e+02
1.287278715160399827e+02
1.223763512919367287e+02
1.274642020003959004e+02
1.311438655090532848e+02
1.252502089986738127e+02
1.295484747015966320e+02
1.330314708925197920e+02
1.272085976868246462e+02
1.322338462401874040e+02
1.342833359421077546e+02
1.291471406267421287e+02
1.330325430681415639e+02
1.277605898313432107e+02
1.315509569282437496e+02
1.358531182233766117e+02
1.288512167289510728e+02
1.342596097258053760e+02
1.354341006569286492e+02
1.314636831716651670e+02
1.343920273353162997e+02
1.403829292324464006e+02
1.321892100555406842e+02
1.373599241511446394e+02
1.302133423631323410e+02
1.369666042315687946e+02
1.367648976785868911e+02
1.341392316901121262e+02
1.362713340158531707e+02
1.421978281239677244e+02
1.343280525523026370e+02
1.400551998451423970e+02
1.405153458703437650e+02
1.388628508337497180e+02
1.397192931956068378e+02
1.458510579323802858e+02
1.379331229465504691e+02
1.447431634113914356e+02
1.366815777308445945e+02
1.437053864336597258e+02
1.420037642703380243e+02
1.415187192129349398e+02
1.443441056283849946e+02
1.478613014296576011e+02
1.407482232622355411e+02
1.475824239346968625e+02
1.487267270117195892e+02
1.443119882726936964e+02
1.480257477935229531e+02
1.536411836278134331e+02
