0.000000000000000000e+00
-1.032913844721519752e+02
3.034258464310585168e+01
-3.546184787568665797e+01
1.555531518686122494e+00
-9.528302818034054766e+00
5.301413833260916419e+00
-1.333642090108735090e+01
4.827338108413367301e+00
-3.977814412587598270e+00
3.506016404996472602e+00
-3.203344919949305591e+00
3.142316027780089893e+00
-2.583044943934909021e+00
2.819010475765339585e+00
-2.058348696261923294e+00
2.595824186117630106e+00
-1.590888166123986869e+00
2.549301626280862987e+00
-1.166236082769259497e+00
2.588326408137517909e+00
-7.719199566035064297e-01
2.672938297677986075e+00
-6.009653184327707898e-01
2.978668011628558876e+00
-3.473699856296547095e-01
3.276496638365757885e+00
-1.316342677527211624e-01
3.586690061010643138e+00
1.088259163575005933e-01
3.912578174570419343e+00
3.683419430583627641e-01
4.252695361886371650e+00
6.484795529014950599e-01
4.605256376088823878e+00
9.456314174053795929e-01
4.968815306931356091e+00
1.258962026316179594e+00
5.341971832528183306e+00
1.586436061563332389e+00
5.723464867444263859e+00
1.926815760956469115e+00
6.112095487147714223e+00
2.278599976145912809e+00
6.564837470710709333e+00
9.637637013459553259e+00
1.073006409139524209e+01
7.686307701229162959e+00
1.174088974853935774e+01
8.310152402094457713e+00
1.221830243091689816e+01
8.767233833029346002e+00
1.269077131070418396e+01
9.258431699982747176e+00
1.314515845946095496e+01
9.721989484635297885e+00
1.359223296860089647e+01
1.018683957156852138e+01
1.402870625894632539e+01
1.064079597713681657e+01
1.445544460067056747e+01
1.108764673339331708e+01
1.487050555327983048e+01
1.152350860844728508e+01
1.527283162681131579e+01
1.194773287032973919e+01
1.566115218565059841e+01
1.235861579585331782e+01
1.603499538730181939e+01
1.275584803289875602e+01
1.639453096859276116e+01
1.313962750764212295e+01
1.674067272527802785e+01
1.351101724318607644e+01
1.707475215721485995e+01
1.387139921392788544e+01
1.747608716035410836e+01
2.156455079549067833e+01
1.992955876952445848e+01
2.367326012071395169e+01
1.993095802225302293e+01
2.458150406909260610e+01
2.023921118246653705e+01
2.422473567955870166e+01
2.052783689491321795e+01
2.452263296435738837e+01
2.081951874507007716e+01
2.480421433199083125e+01
2.109558870224512006e+01
2.507560764786934726e+01
2.136208767992552282e+01
2.533443611461549594e+01
2.161693701157976832e+01
2.558168880986058724e+01
2.186097114380095618e+01
2.581690576222127476e+01
2.209392892873139047e+01
2.604021363490765495e+01
2.860788876194950348e+01
3.185496603278164329e+01
2.775366884853369953e+01
3.235785250741248831e+01
2.804103097728276595e+01
3.203132269423481659e+01
2.832280116123786584e+01
3.225595785755601241e+01
2.855037111202999611e+01
3.241513957897686282e+01
2.874334704439690213e+01
3.254247698749910711e+01
2.891255207814767658e+01
3.264126935318162737e+01
2.906143147008000938e+01
3.271752588104808268e+01
2.870786906708109498e+01
3.349245383423374989e+01
2.885876466683624741e+01
3.359003432677882017e+01
3.671300921643839388e+01
3.302834206746795331e+01
3.666753284280622438e+01
3.327199402602351341e+01
3.671331738058529481e+01
3.359449633561601445e+01
3.683409766036886168e+01
3.367320894668404208e+01
3.705632664331599813e+01
3.397075128757979456e+01
3.744148238893107106e+01
3.432873763166472258e+01
3.758839776836277480e+01
3.425218721817346079e+01
3.765795060460101240e+01
4.075759218958386043e+01
4.263643627350950993e+01
3.989393688318065045e+01
4.259972050904458030e+01
3.970829467273595981e+01
4.126595959300208705e+01
4.319122835490387757e+01
4.071978187219166045e+01
4.239271575469110331e+01
4.076406193107980869e+01
4.226948807471286074e+01
4.052763125453421367e+01
4.210119722216627736e+01
4.021445743584920507e+01
4.332588365020604471e+01
4.674616483999911054e+01
4.713673842939942915e+01
4.585503766398736758e+01
4.684004416096375678e+01
4.548769394132440169e+01
4.651811039184618579e+01
4.547820792078389474e+01
4.617563403116680831e+01
4.511378262032511799e+01
4.582150728366734427e+01
4.473030465422228730e+01
4.544459866583124352e+01
4.432570497933640041e+01
5.008861596732619859e+01
4.862259945420849760e+01
5.432279795077722895e+01
4.682653255920946833e+01
5.385092393286332424e+01
4.586756999499890242e+01
5.300851591950280550e+01
4.539211049732340797e+01
5.196217769763279648e+01
4.450526864638901259e+01
5.124025154083013689e+01
4.398339172285693621e+01
5.015057189740462462e+01
5.240312546019574569e+01
5.262859424020395949e+01
5.233615234622999424e+01
5.196600025516759302e+01
5.167540153993885355e+01
5.127867913995647342e+01
5.119567386641045914e+01
5.075044425528645320e+01
5.050846030992931190e+01
5.005925866951439929e+01
4.985667079579103245e+01
5.485841222488789271e+01
5.298711058244153094e+01
5.630767406178710388e+01
5.151667437090766555e+01
5.674330776973337009e+01
4.985857139437302976e+01
5.569767956419173061e+01
4.934207937403886746e+01
5.499371887143888671e+01
4.915497013499119561e+01
5.443005759064200078e+01
5.787454851067930406e+01
5.385542623212251812e+01
5.827397694782151660e+01
5.174838071221346070e+01
5.719916597619867815e+01
5.073494788432681446e+01
5.620354989453734618e+01
5.108468208011793621e+01
5.572761465869116648e+01
4.928971146801561076e+01
5.463823706384368961e+01
5.819371533637760052e+01
5.384877889814936935e+01
5.842171826431458470e+01
5.214790318403217384e+01
5.727887321509734875e+01
5.119463716544788667e+01
5.624739469543554549e+01
5.117144109441005639e+01
5.560554892258630133e+01
4.879998317594795765e+01
5.443127363018349740e+01
5.780945043743316347e+01
5.276088581194954230e+01
5.821246025425786286e+01
5.229598858626092550e+01
5.706285942181543902e+01
5.178613656688005307e+01
5.610729041290667141e+01
4.955652451202265496e+01
5.481980089492999753e+01
5.787108629920763292e+01
5.500102904737109100e+01
5.894787649672166907e+01
5.192576437525173105e+01
5.792060437315667798e+01
5.170054933007302367e+01
5.650468877906125442e+01
4.956087387211963602e+01
5.537048711195362216e+01
5.694914704032386510e+01
5.932189977667809444e+01
5.400995675066040036e+01
5.801518403892881537e+01
5.232571781176120140e+01
5.644586334729479660e+01
5.004687628147191703e+01
5.507369291023620406e+01
4.943881237171968479e+01
5.342795337868489014e+01
5.582287730946862325e+01
5.681799392998131992e+01
5.339750457596424837e+01
5.553372744136375161e+01
5.231057508257138267e+01
5.430076827162549336e+01
5.076990577323513776e+01
5.284412201126301767e+01
4.943985569403676550e+01
5.147174323905969828e+01
5.353324601734637866e+01
5.557418057463070227e+01
5.159548473797275392e+01
5.424752149284417868e+01
5.000449056436916351e+01
5.284363250133112189e+01
4.829702297528663735e+01
5.090862297953510307e+01
5.325741917939045322e+01
5.489677163208784094e+01
5.198023480304988908e+01
5.452067072000340175e+01
4.874837639421912883e+01
5.246350007182185493e+01
4.737466657850926310e+01
5.045831493353897201e+01
5.226143153779636918e+01
5.407463219223744488e+01
4.931871337179168790e+01
5.215475734753566428e+01
4.737772639529556074e+01
5.043419946546823240e+01
4.626483408522444307e+01
4.887828939153654773e+01
5.099349723977915971e+01
5.234129202557340932e+01
4.996410277563920488e+01
5.166487060782284146e+01
4.627720872143699893e+01
4.921637246937918064e+01
4.601234630862459341e+01
4.779045164016472569e+01
5.026319196829233960e+01
5.099295265893734808e+01
4.915719478760599515e+01
5.006187329489379323e+01
4.596035494532427634e+01
4.785108914107157574e+01
4.548502309563361479e+01
4.656707775711748099e+01
4.960740049060937906e+01
4.947934025568531524e+01
4.740290481361670771e+01
4.775072619582573452e+01
4.653550755269386485e+01
4.674180570595920869e+01
4.408500934633684665e+01
4.450859862261005162e+01
4.802520205914867546e+01
4.723911046150805504e+01
4.658612025752063346e+01
4.625571873949218116e+01
4.453165164487992200e+01
4.423976088719019373e+01
4.391962112185922962e+01
4.338633870950920368e+01
4.712022775594917334e+01
4.639798814525531867e+01
4.474466755359215142e+01
4.393694807745335851e+01
4.508622121165320351e+01
4.343014295377616207e+01
4.185925934196340847e+01
4.097490654439740609e+01
4.492834675670339806e+01
4.537216186529936124e+01
4.183278896186103424e+01
4.137864738861606639e+01
4.333136024770463735e+01
4.027997584430522693e+01
4.073500940096331391e+01
4.380016423925509628e+01
4.270855836003926242e+01
4.361646806893276107e+01
4.161783838172565453e+01
4.106549658159731564e+01
3.923299671401136379e+01
4.019373372052514526e+01
4.330334628897973204e+01
4.156411121229319861e+01
4.205488365042913301e+01
3.976305973387882631e+01
4.052315420689874514e+01
3.813187134933845357e+01
3.821804604192461596e+01
3.583762400999420095e+01
3.928999344766853596e+01
4.142349518154099286e+01
3.581755031979066928e+01
4.040211682315986508e+01
3.279222837413956171e+01
3.836803380333201829e+01
4.110746499453136948e+01
3.999579018013524490e+01
3.851104276824020189e+01
4.109110918303580462e+01
3.519975287118309382e+01
3.959460181462483774e+01
3.156061877286218831e+01
3.695612423878142039e+01
3.936370066653257993e+01
3.705092398514958063e+01
3.912155372007757137e+01
3.475551531330975052e+01
3.705154981001873438e+01
3.283951394131599955e+01
3.397827196295334318e+01
3.666686257516002456e+01
3.904095577376239135e+01
3.213889557286310605e+01
3.601244068693006994e+01
3.272430933219129656e+01
3.475455716411807572e+01
3.652601179274230958e+01
3.841294239688921408e+01
3.322339863726389808e+01
3.655906000806037781e+01
3.101535657902564225e+01
3.406170129305045435e+01
2.888347327815960952e+01
3.206996008237579332e+01
3.317867716770215480e+01
3.527815748378721139e+01
3.210719678381769882e+01
3.458213445127636021e+01
2.986415494483721389e+01
3.207678313106278978e+01
3.354864814630912662e+01
3.518990678383765669e+01
3.222223530482592935e+01
3.448800727010758749e+01
2.980415674251506886e+01
3.195241859977672760e+01
3.381460228141793323e+01
3.505564937879859855e+01
3.299628876327446392e+01
3.443590354112848217e+01
3.001590569707411049e+01
3.186818434230029951e+01
2.776542378138172396e+01
2.979661469486685021e+01
3.205284067860541342e+01
3.278154728811777829e+01
3.214626967188791440e+01
3.261092419783462049e+01
2.864873683580976049e+01
3.018732638886287489e+01
3.301722391679958690e+01
3.299204469907022030e+01
3.147374150800993320e+01
3.188575333148502011e+01
2.930424993533451072e+01
2.987327463562606056e+01
3.306396016125927417e+01
3.299703886035207745e+01
3.042223080947055891e+01
3.083757056698107135e+01
3.183428577818975214e+01
2.808871051070916636e+01
3.230287771078636894e+01
3.269175921093490444e+01
3.220564542229332972e+01
3.179232557537233106e+01
3.034638154412671085e+01
2.998800502300929338e+01
3.374891749534813812e+01
3.379114310673478627e+01
3.241903869888830059e+01
3.170930403840105782e+01
3.097113529359205941e+01
3.016599496898625432e+01
3.309531447919470537e+01
3.592006071247181609e+01
3.071533320933949440e+01
3.380627377228496755e+01
2.979656353961484072e+01
3.271444043452962092e+01
3.567748775321792465e+01
3.275490928823779058e+01
3.377654122364761946e+01
3.213995584683305395e+01
3.169021219477603424e+01
3.015795214610613328e+01
3.067305830888010831e+01
3.404046302471941488e+01
3.295371443209663909e+01
3.317806267080024440e+01
3.096325267454734487e+01
3.179384473559414914e+01
3.555568516277563873e+01
3.343418423352605373e+01
3.456123297929566007e+01
3.212075173924424121e+01
3.249951910225689033e+01
3.023048775235168151e+01
3.390486423086015577e+01
3.358669508435857409e+01
3.653371847110509663e+01
3.145229305502259010e+01
3.551642943638256611e+01
2.802170290020109178e+01
3.303893628276586014e+01
3.549499886755373979e+01
3.561311039229592978e+01
3.233174668206018509e+01
3.468234986305982659e+01
3.083002883601849220e+01
3.309840864893029533e+01
3.521293347662302864e+01
3.628079640861097488e+01
3.286484022922801529e+01
3.482582625629913053e+01
3.101099812240385845e+01
3.385895665949755795e+01
3.582059425170830025e+01
3.763240089926583209e+01
3.177473959737492848e+01
3.562322365343582220e+01
3.002318091162713998e+01
3.395925049671598828e+01
3.597552343146894316e+01
3.748466989338414379e+01
3.418924273595543184e+01
3.664997442280218820e+01
3.841261006384700494e+01
4.014589456920172950e+01
3.532826175603246099e+01
3.836770064224352694e+01
3.451987737009340407e+01
3.682977110739479798e+01
3.881348681462175421e+01
4.030683197171411081e+01
3.723082397581544711e+01
3.962882985426838900e+01
3.471704879495074891e+01
3.745755231480611513e+01
3.984330492843846372e+01
4.083198746669586399e+01
3.878799711859684862e+01
4.013261109618039768e+01
3.545480102348665241e+01
3.793015443095633543e+01
4.062987226800465379e+01
4.104032467762017689e+01
4.136163303030065208e+01
3.972878770718069319e+01
3.910021462605431708e+01
4.144148257219957543e+01
4.153183824399068413e+01
4.445724239344480822e+01
3.878576900850904252e+01
4.247721132960107582e+01
3.699060687764266220e+01
4.059213417858530448e+01
4.185632140245698452e+01
4.395913690691919840e+01
3.965683300724397498e+01
4.342379983622678452e+01
4.664274582896912591e+01
4.455641511173331537e+01
4.408264326557677037e+01
4.348727346727073240e+01
4.218012251912254840e+01
4.168331068840532083e+01
4.562531576230871622e+01
4.683800784338093592e+01
4.154149685806960690e+01
4.635469887141373135e+01
3.978358269439644346e+01
4.456917325218413595e+01
4.773517532220521531e+01
4.514610415692786205e+01
4.559087266340309696e+01
4.410506697237254770e+01
4.356369790857920776e+01
4.808368739504342670e+01
4.527247540844644647e+01
4.889704829774225203e+01
4.195431164418054948e+01
4.584356815670446395e+01
4.883410973915195541e+01
5.133905019038304118e+01
4.542916124679225476e+01
4.927773049579002418e+01
4.467446364938111003e+01
4.825071100262880464e+01
5.087536481938369093e+01
4.896011026762050733e+01
4.726982326772005649e+01
4.892945239531295698e+01
4.580419693299999295e+01
4.857247470795294220e+01
4.943079184215390853e+01
5.154340625271128573e+01
4.579645476233791612e+01
4.964714143818942915e+01
5.219149043541538902e+01
5.278672065794830104e+01
4.905085398114080419e+01
5.152655103335386855e+01
4.681619206693407875e+01
5.061159992004306929e+01
5.137170725747915156e+01
5.394813097317125283e+01
4.896259929914366893e+01
5.207935503516898024e+01
5.324898861994864063e+01
5.536266906420462419e+01
5.192956831775995141e+01
5.407143964076371390e+01
4.929082808544151106e+01
5.186932084716316638e+01
5.397684943401257129e+01
5.527127725254617729e+01
5.220598952477783428e+01
5.458770310344468157e+01
4.972139990414184751e+01
5.226430112220285196e+01
5.459029529427818517e+01
5.600031912992941585e+01
5.094031674110813412e+01
5.371883045688741731e+01
5.602839938322944136e+01
5.699521205695346993e+01
5.477368178630769791e+01
5.588415916136558792e+01
5.083398049792887008e+01
5.341924878497587059e+01
5.613194558378383903e+01
5.647292516658817618e+01
5.509570570169333337e+01
5.595414700495155813e+01
5.903232816160046070e+01
5.871209833074309614e+01
5.554910160758465310e+01
5.650284405929296128e+01
5.488490875258433732e+01
5.564630725293692137e+01
5.892520214943997559e+01
5.808357877663964786e+01
5.585347614040636444e+01
5.605657715379025063e+01
5.941144609559575684e+01
6.094277243923286846e+01
5.721324316245472374e+01
6.062188724670407680e+01
5.409077165180620028e+01
5.833600766342085819e+01
6.151631433804809745e+01
5.944352091636211810e+01
5.895527244349963070e+01
5.771362803943197406e+01
6.135697392463362121e+01
6.352512276539765423e+01
5.591923898163456386e+01
6.153647008880513170e+01
5.579714738329345636e+01
6.032742937962810714e+01
6.321420697430330904e+01
5.803079374131234403e+01
6.232876002744225730e+01
5.425000227074692560e+01
5.985938096548646570e+01
6.269292388394210036e+01
5.910354859388235127e+01
6.226449370152840856e+01
5.445342427844476418e+01
5.994734156957279936e+01
6.167184953966174987e+01
6.448050164012451546e+01
5.639023699095414344e+01
6.116888016264569217e+01
6.368283715022305103e+01
6.428663844045604492e+01
6.022058532988160096e+01
6.190217208991271036e+01
5.815776983813870515e+01
6.067654442399405923e+01
6.158513913893164471e+01
6.368342022173707306e+01
5.796864044413278094e+01
6.139633864367171867e+01
6.269027889692359423e+01
6.481259086530313596e+01
5.819846112575006458e+01
6.232191492739766403e+01
5.641115872957990973e+01
5.998408870287888561e+01
6.109767365426167629e+01
6.317286655195806588e+01
5.715116733861515286e+01
6.050585798786815417e+01
6.185030108939156435e+01
6.346864314759170611e+01
5.999304894077472028e+01
6.168397015499891722e+01
5.673131328983846089e+01
5.909113448130987223e+01
6.070137071320907296e+01
6.190624225358976673e+01
5.932239393466323918e+01
6.088904641757061853e+01
6.277848879831651630e+01
6.336619563849500025e+01
5.873819875418397629e+01
6.072004219743443798e+01
6.314279003623178710e+01
6.329719760273426488e+01
6.395804289218216354e+01
5.968784406105660167e+01
6.193140957842260974e+01
6.394759809436157383e+01
6.311322326000758665e+01
5.967363496951455915e+01
6.036217023263777293e+01
5.918932152781999179e+01
5.925298855420970767e+01
6.205061383513245232e+01
6.115748535124586738e+01
5.870224067776089782e+01
6.000571990321201099e+01
6.306240129680325168e+01
6.138601143665064086e+01
6.202115233312283493e+01
6.041362737053454168e+01
6.371928267199997720e+01
6.363373441214672255e+01
5.835333340863970619e+01
6.079201324549641328e+01
5.599539791624764717e+01
5.967183535879726008e+01
6.242391155725903928e+01
5.958863096403537440e+01
6.002830249193011980e+01
5.770847300097586441e+01
6.113968858793876393e+01
6.231769764705470749e+01
5.883883664517453127e+01
6.013708577174696046e+01
5.677784656517292206e+01
6.022509023096581871e+01
5.963130938254390401e+01
5.823705624743030995e+01
5.932239989832728355e+01
6.245154136016122237e+01
5.870790817296363429e+01
6.030440294862080464e+01
5.692236411425056986e+01
5.732774147845999835e+01
5.966253068879856158e+01
6.177514877263696036e+01
5.699120991819910387e+01
5.973427023762197763e+01
6.102994935193056136e+01
6.183639518259533219e+01
5.755132267232454524e+01
5.923687415251343680e+01
5.483757362801074464e+01
5.627236713233029519e+01
5.821062876907912198e+01
5.898396659189496916e+01
5.473535936640931254e+01
5.662720359904012213e+01
5.795655197778055623e+01
5.946763068272500163e+01
5.488238900680435250e+01
5.631079851853500173e+01
5.309752442696349561e+01
5.491374835462844572e+01
5.619779281380316860e+01
5.732851317538203517e+01
5.268584910034785196e+01
5.439882124836098853e+01
5.532207438021218593e+01
5.703640715354433866e+01
5.226598523877735403e+01
5.458219658856953060e+01
5.484887006268009202e+01
5.704965646645010224e+01
5.483382521121135511e+01
5.367181740128901168e+01
5.429535646687432404e+01
5.667380815777513448e+01
5.586554380731693215e+01
5.166223529822728011e+01
5.257315353442871952e+01
5.499275179331593222e+01
5.437805672397620071e+01
5.514852665191335745e+01
5.287318106369603044e+01
5.552781944528387470e+01
5.478282969046444606e+01
5.315001148610668480e+01
5.240035739626603117e+01
5.160712263839133129e+01
5.314338053496796022e+01
5.266266207083382511e+01
5.493088513185918487e+01
4.960977289937937229e+01
5.315402106491232104e+01
5.393202782012709662e+01
5.241407073124423732e+01
5.093549799700737424e+01
4.919698270766773618e+01
5.237191868752717028e+01
5.464665173818630706e+01
4.853203642650107952e+01
5.227089119086487301e+01
5.470719504777623854e+01
5.148436365199439990e+01
5.169098496295726619e+01
4.920396078799802098e+01
4.913830307036153044e+01
5.239648304420345681e+01
4.996223398641213720e+01
5.103364387450364603e+01
4.803427905780952045e+01
4.816970258084103307e+01
5.044901246121475680e+01
5.243713723544516370e+01
4.663099184144884646e+01
4.989805055142281276e+01
5.167138378390005471e+01
5.164675668173076417e+01
4.757467425872204103e+01
4.935061749762328276e+01
5.118543050852287735e+01
5.182738931553444672e+01
4.774628739402811561e+01
4.871271440425284283e+01
4.498507956127600238e+01
4.670730416191213408e+01
4.760577701894136027e+01
4.913367400763829096e+01
4.459238983895193797e+01
4.664927745516807533e+01
4.823737034507815480e+01
4.922785411480484896e+01
4.427181549354445167e+01
4.586904153870657552e+01
4.704342568423502513e+01
4.866607352651970331e+01
4.593662622182545618e+01
4.781475184569057291e+01
4.876078972500643260e+01
5.020739990510617190e+01
4.559845459230177767e+01
4.740785862105432358e+01
4.198365165556569423e+01
4.455022944682466601e+01
4.517148731683290208e+01
4.703009693794267321e+01
4.576832046962749700e+01
4.810126774898725444e+01
4.796770991304055087e+01
4.553987350249252586e+01
4.598239437301356247e+01
4.837610809469149586e+01
4.783734556980256514e+01
4.636110183971663190e+01
4.612264099966252218e+01
4.274806254161086372e+01
4.379425573224147428e+01
4.656827947058219053e+01
4.531982094673035277e+01
4.710980249916750040e+01
4.964151517051007545e+01
4.741859815328513150e+01
4.638169940909931910e+01
4.527176183167606638e+01
4.347659332402216847e+01
4.700881320360093696e+01
4.468226060174013270e+01
4.794353551332017815e+01
4.167387798699638779e+01
4.498444829899069219e+01
4.756526804188985125e+01
4.477249043786959959e+01
4.576622154964488232e+01
4.906316907874227695e+01
4.602839994922839395e+01
4.642214461380481083e+01
4.428568656967788542e+01
4.403152129045817276e+01
4.761438594189439755e+01
4.528116830493557643e+01
4.794397017525308513e+01
4.144585157841630974e+01
4.407193885787705767e+01
4.643142166943043492e+01
4.833561127679132596e+01
4.273879215829462197e+01
4.542067460137347013e+01
4.761985702530582643e+01
4.792914310258191080e+01
4.390770597066379111e+01
4.500489850556084548e+01
4.744936594279452891e+01
4.905881350272952801e+01
4.181905131257023811e+01
4.612390576909387363e+01
4.769850062949991809e+01
4.855222594172183648e+01
4.531143420298187863e+01
4.707716358822880665e+01
4.883408007710653465e+01
4.994388486820281514e+01
4.532746734333284877e+01
4.778449681041586672e+01
4.858987783312882414e+01
5.040669654687457779e+01
4.520862423977193600e+01
4.756319679315523530e+01
4.514648732805510178e+01
4.747161428067663991e+01
4.852705016345809241e+01
4.785398754287960799e+01
4.733187509722224462e+01
4.950470640683203527e+01
4.992923170184372594e+01
4.613529608617929512e+01
4.757311770154245778e+01
4.987358802549842096e+01
4.987391874282243975e+01
4.955612423740974748e+01
4.934404188790620083e+01
5.208302136996347542e+01
5.132513862188665854e+01
4.785154410138653702e+01
4.831273503389844848e+01
4.709943465992282796e+01
4.722118990250555726e+01
5.004969600628569992e+01
4.905470965588911980e+01
4.734895089157830483e+01
5.066730407926622348e+01
4.884490909121460334e+01
5.204913029755014264e+01
4.553552565412753950e+01
5.000451097518779875e+01
5.242236628111557906e+01
4.986418361039925884e+01
4.959842437102228274e+01
5.320410053573169051e+01
5.049654609054723409e+01
5.374412573522243264e+01
4.569464503183941417e+01
5.080524733498223355e+01
5.348169183934850679e+01
5.046837981971280129e+01
5.065742472885346359e+01
4.822594987652294662e+01
5.181431345339068173e+01
5.161024684694599074e+01
5.333366613909993958e+01
4.636915897155909505e+01
5.042038793999776658e+01
5.283869427422055054e+01
5.450706758103344640e+01
4.743026429098917873e+01
5.169418654873118157e+01
5.391314693624326537e+01
5.429777344146750551e+01
5.040564128614347084e+01
5.130579760978069004e+01
5.370449265727619803e+01
5.543767371402022093e+01
4.823793329972559718e+01
5.258424708039873252e+01
5.412113249480310628e+01
5.500618224434242620e+01
5.176058379057233338e+01
5.381873428265853221e+01
5.524469874239024136e+01
5.579772357241991187e+01
5.184048083209589919e+01
5.421367272897438028e+01
5.529448381601492457e+01
5.643720923971060444e+01
5.304239611712274893e+01
5.534362426483791353e+01
5.617153434723395833e+01
5.777041117672448678e+01
5.285978400706473224e+01
5.471436165774331073e+01
5.657954536248903565e+01
5.687956875585637562e+01
5.479056077813301329e+01
5.564642360517760267e+01
5.788697529534456265e+01
5.775119288486965274e+01
5.357990283195523773e+01
5.462796528656520678e+01
5.706001301539107118e+01
5.667421090773670755e+01
5.667442723531566173e+01
5.599996806736379540e+01
5.212591198644033597e+01
5.288716039226863330e+01
5.574085079455206682e+01
5.455740294066133345e+01
5.466298391256075462e+01
5.712502333334263938e+01
5.518683152476291554e+01
5.790942534458847035e+01
5.180303585657838994e+01
5.562307897640352650e+01
5.806658622859485064e+01
5.550628510057443066e+01
5.493788323518063521e+01
5.835212326311691555e+01
5.555405446102995626e+01
5.890458092424618286e+01
5.264541395355582409e+01
5.603811776574681858e+01
5.862187258495264786e+01
5.531915547981925130e+01
5.549741200521565787e+01
5.875519637292237007e+01
5.797332167845473805e+01
5.917764170758598397e+01
5.450191198418200145e+01
5.735289826919273537e+01
5.939099826022091833e+01
5.323057518000011612e+01
5.721343225341040295e+01
5.357349439439997951e+01
5.591209841400495151e+01
5.636157777979776995e+01
5.813782082478019930e+01
5.269614998705404219e+01
5.539444794852533960e+01
5.694958070694808328e+01
5.777135373024512432e+01
5.337968161132975808e+01
5.537956734796556191e+01
5.633522527469273200e+01
5.809938546451623154e+01
5.184127153161826129e+01
5.491277413720904832e+01
5.640652451484417185e+01
5.722604244474050006e+01
5.493885654746322444e+01
5.638269531391000555e+01
5.768854506772275670e+01
5.848460350586435652e+01
5.358946994502583294e+01
5.506432370670525955e+01
5.680360800040990199e+01
5.729370348496381382e+01
5.437630332678437384e+01
5.788673024238550369e+01
5.798391216412593963e+01
5.882232033651074232e+01
5.335981160019878899e+01
5.589871080204278542e+01
5.582562988243429203e+01
5.821592462653508449e+01
5.511090498736395915e+01
5.815310901000979271e+01
5.743308456611035950e+01
5.821849559556972054e+01
5.592117353673861402e+01
5.879111598012931239e+01
5.867790989927946299e+01
5.679583574281663516e+01
5.611146084939139200e+01
5.885418813481442157e+01
5.937464360379363626e+01
5.390620991550399310e+01
5.765300929715886014e+01
6.000107226311186537e+01
5.764166569179956667e+01
5.845409383628970801e+01
5.608652638055593798e+01
5.425231418495752678e+01
5.763917578906406192e+01
5.483069177544570039e+01
5.800119495318612906e+01
6.043187067367259857e+01
5.712213494804289127e+01
5.736971131394471257e+01
5.452034523854158721e+01
5.414742029832353154e+01
5.733452587453203364e+01
5.497385271172626631e+01
5.785735864960111741e+01
6.017222068937214630e+01
5.576939138341194990e+01
5.877212774125604966e+01
5.285287676870179041e+01
5.641921960545644055e+01
5.777915122834804862e+01
5.694730084514358737e+01
5.551470540534536724e+01
5.705157056983632913e+01
5.877526301498914307e+01
5.443203455650697009e+01
5.764318914668121607e+01
5.068029251139058289e+01
5.441862811388130439e+01
5.564592825632403361e+01
5.690100797682107014e+01
5.202762995738689256e+01
5.322534902807387169e+01
5.460100857483379144e+01
5.610821015133630141e+01
5.727742668494435918e+01
5.793013694042888773e+01
5.755216538409326432e+01
5.340682715296990324e+01
5.540374000629947915e+01
5.592985647901684843e+01
5.758126113150352410e+01
5.368455475475098382e+01
5.591987664144083681e+01
5.606629636255344451e+01
5.800125845262142121e+01
5.290675385916550511e+01
5.519690723272758248e+01
5.555289413779389207e+01
5.766339782756347887e+01
5.442609404766180603e+01
5.579173436813961473e+01
5.739816751747898849e+01
5.593983279086403115e+01
5.342656347306323994e+01
5.341643101315639797e+01
5.594943390613453715e+01
5.611883338876068450e+01
5.507125349900626077e+01
5.789338877949805351e+01
5.606832953864938673e+01
5.835682192902623910e+01
5.181011977330039286e+01
5.595891982238987339e+01
5.809755130762371778e+01
5.555578401348333983e+01
5.543292445866877927e+01
5.865817785895882253e+01
5.591130350308418429e+01
5.850588852401027395e+01
4.975682760750503775e+01
5.544794938492545100e+01
5.792040573655082625e+01
5.470023354746520283e+01
5.501915771624965856e+01
5.810861739456119324e+01
5.724610418474271256e+01
5.756216594737209391e+01
5.404837782551038572e+01
5.730557149281434448e+01
5.621956780590594605e+01
5.594588312540307129e+01
5.637292971979337608e+01
5.855513034665140282e+01
5.732332711788534851e+01
5.468068947939224245e+01
5.563466427827631833e+01
5.757238412173514064e+01
5.930584093001755974e+01
5.223166556721778164e+01
5.616723309598806679e+01
5.772683341638355614e+01
5.865775385881995163e+01
5.390272266861827433e+01
5.621430578722088711e+01
5.710495424304038892e+01
5.839245595338896777e+01
5.446543917847494498e+01
5.654485929878511996e+01
5.735918937981076482e+01
5.885026143958842226e+01
5.468880729377730177e+01
5.662744097773563112e+01
5.753253831116851558e+01
5.928032098464763777e+01
5.429607586961500232e+01
5.678787164961280354e+01
5.710409789682899628e+01
5.909565331057040538e+01
5.539770808344555064e+01
5.744632093937691764e+01
5.811461807830911397e+01
6.004786043804977425e+01
5.346266752947525447e+01
5.665217251586818747e+01
5.660886651111272982e+01
5.912157776219045502e+01
5.713629025949737894e+01
5.402802119401753345e+01
5.757778232784263395e+01
5.632378547902577282e+01
5.904353538172411930e+01
5.277162002461761148e+01
5.641346307691332385e+01
5.630656497099928259e+01
5.900389588854473999e+01
5.222269333687076198e+01
5.624987357298236645e+01
5.748447138664622003e+01
5.578918916769742964e+01
5.655683598707926762e+01
5.962493005866627982e+01
5.669547748346338523e+01
5.815371562398345873e+01
5.462376086080218585e+01
5.799364670005445532e+01
5.890149841780587536e+01
5.545361503982271500e+01
5.880919981047206591e+01
5.850640588021762767e+01
5.821177725187506979e+01
5.684428010990384195e+01
6.048622852950627760e+01
5.798842607945447014e+01
5.915277280661207726e+01
5.546980577791897105e+01
5.777068763254486328e+01
5.966872236082500791e+01
5.557563185255735760e+01
5.927418949419619310e+01
6.087713207197461429e+01
5.943696889304315079e+01
5.884388414019110769e+01
5.506885200811557723e+01
5.705097767280398813e+01
5.778216176887139710e+01
5.945270892167410182e+01
5.433678148350695380e+01
5.655550030264444672e+01
5.749917808873141212e+01
5.879800738660979675e+01
5.562426586287465824e+01
5.747529283957941004e+01
5.853896747596561312e+01
6.005030054842944764e+01
5.462740608120152785e+01
5.635276159658799600e+01
5.720214943115836093e+01
5.873833665597351938e+01
5.591073661422790053e+01
5.836032985785217164e+01
5.874158509042489129e+01
6.004902920196581562e+01
6.026545720683925111e+01
6.235398067267917099e+01
5.857610800186548516e+01
5.969240774987788001e+01
6.202702618670472390e+01
6.112254047817795310e+01
5.747373638550495656e+01
5.767326298445398436e+01
6.027601546540446975e+01
5.921572604006208707e+01
6.047160819359359607e+01
5.795599304595170054e+01
6.102608543802994490e+01
6.070020961517420943e+01
5.735025663610772284e+01
5.659766711074050249e+01
5.974329135519168688e+01
6.135848673041170542e+01
5.634145469473365608e+01
5.928554730377081228e+01
6.174972762902226009e+01
5.872386788868602281e+01
5.813117093582400940e+01
5.575224097282312385e+01
5.887817318463967808e+01
6.107258338412599841e+01
5.465231321755612015e+01
5.813665204775701056e+01
6.043362609505705052e+01
5.929384347978772496e+01
5.803406176602092614e+01
6.137294008126527700e+01
5.850839604188708165e+01
6.087979510648477799e+01
5.567859957243183544e+01
5.895954519167539587e+01
5.851056104143751924e+01
6.027056989116806562e+01
5.600995784948202072e+01
5.783645077874005835e+01
5.870417351457731314e+01
6.012772532584188667e+01
5.411151642158647235e+01
5.674106408846131444e+01
5.817538118519202328e+01
5.892451908953142237e+01
5.471062840046160147e+01
5.637373513340492082e+01
5.751234871229978296e+01
5.848156223028156830e+01
5.430258040821722432e+01
5.637084740534182004e+01
5.768030044766509690e+01
5.839039308892493096e+01
6.007878709062101308e+01
6.045275379300136365e+01
5.701918731222643544e+01
5.821359640751603592e+01
6.013548850135342860e+01
6.001717591066708479e+01
5.715420375887211435e+01
5.763202286659391405e+01
5.987383652107612164e+01
5.921432479288198181e+01
5.520095097532474426e+01
5.581202783458165584e+01
5.829600231140078392e+01
5.736576083174983154e+01
5.932269654892674282e+01
5.434461082248130026e+01
5.698230073081640512e+01
5.593280824488005720e+01
5.847935166453555667e+01
5.427169899518627716e+01
5.681335413431951764e+01
5.747110516244085687e+01
5.619824835015205622e+01
5.907024498980428007e+01
6.100803563266414642e+01
5.450146542484275614e+01
5.760804121671830558e+01
6.000084075015636387e+01
5.710509593129575023e+01
5.807958962006335923e+01
5.511398598410111305e+01
5.809388652751514570e+01
5.806453599690266998e+01
5.512956610840535632e+01
5.455417488194296283e+01
5.757672096122941241e+01
5.617910798592627231e+01
5.831169271504717244e+01
6.057366039778334255e+01
5.474554006966155129e+01
5.868020917856926388e+01
5.057261036021308342e+01
5.518492962689460768e+01
5.634686589939481394e+01
5.805619248534201660e+01
5.110676460115531938e+01
5.497554631162432059e+01
5.667951580466097283e+01
5.726970529488258421e+01
5.269660643946975398e+01
5.454409049621152406e+01
5.528867006904964398e+01
5.658261939804335583e+01
5.184258304123372341e+01
5.430526964222668340e+01
5.531552438386244575e+01
5.664496765571420411e+01
5.768826237750977981e+01
5.877025670290976223e+01
5.355824568602049141e+01
5.501382021297791169e+01
5.612325935612742711e+01
5.677712512622673557e+01
5.737177393376007473e+01
5.250762449713108992e+01
5.382128805008260741e+01
5.543281820053255871e+01
5.552230007371135656e+01
5.320955047994733178e+01
5.381907899602074963e+01
5.584704008013668641e+01
5.551885602588346558e+01
5.224441428451319069e+01
5.298712069475519826e+01
5.526919811740175703e+01
5.447051022318705549e+01
5.428187914024547212e+01
5.400630251584529162e+01
5.651501624964533477e+01
5.487035220426688653e+01
5.752789952467824008e+01
5.954986197905233070e+01
5.170477124677704950e+01
5.586388045619408871e+01
5.832998618884737141e+01
5.589019269518679067e+01
5.804672681935020506e+01
5.030204084413972510e+01
5.503219008808960666e+01
5.712885065013045249e+01
5.416224254766947865e+01
5.486407085700082575e+01
5.776112688065650502e+01
5.470808098979996004e+01
5.555962787106373213e+01
5.838993632527469657e+01
5.750325106689295751e+01
5.643919590969598943e+01
5.327452166054699489e+01
5.659214480420932603e+01
5.627925785952658089e+01
5.534159800949787211e+01
5.483092213628685130e+01
5.715765878146437728e+01
5.900058113334281984e+01
5.435562320289017890e+01
5.537470945335782346e+01
5.732795612805259822e+01
5.884722770122101565e+01
5.182134896343415420e+01
5.550498570617376970e+01
5.696530176411659596e+01
5.789040779770419931e+01
5.299930966645632680e+01
5.480763714573066636e+01
5.623220577294211608e+01
5.705766249863319217e+01
5.530978168815986606e+01
5.694309938397751125e+01
5.815707469651402306e+01
5.670914359232775581e+01
5.331597237408553980e+01
5.559061899661983830e+01
5.594093211574491420e+01
5.764097438817719166e+01
5.298652913161695466e+01
5.556566736169995124e+01
5.591214093316186506e+01
5.704477817812126972e+01
5.228070579919442906e+01
5.537899314273146700e+01
5.541331376102308326e+01
5.755811097185699765e+01
5.823124576682725717e+01
5.935811033964321837e+01
5.712864063444673945e+01
5.731188530616156385e+01
5.774940823338037177e+01
6.024738082321232469e+01
5.699188496744584143e+01
5.746770132884572035e+01
5.825555096490670337e+01
6.031787416745432751e+01
5.373005426971574394e+01
5.761525457244853499e+01
6.014489727335674019e+01
5.757026713219310921e+01
5.903006725981023095e+01
6.177542795301008738e+01
5.872016051733491082e+01
5.881943611776419800e+01
5.640821439668968651e+01
5.959438607087282946e+01
6.052357454595196629e+01
5.681351307789458360e+01
5.706723977237522405e+01
6.022253301838303230e+01
5.796194159897536480e+01
5.907007275401274171e+01
6.212575260135846378e+01
5.852955904027852796e+01
6.018768500168050650e+01
5.689242055226772266e+01
5.935411917153881234e+01
6.000444060380523581e+01
5.976796154140699713e+01
5.495985871768706232e+01
5.856433675806272987e+01
6.040005302967064438e+01
6.036211354232263204e+01
5.648193944187156745e+01
5.763068683613224863e+01
5.920260846895331497e+01
6.004071511644314540e+01
5.529380133461064872e+01
5.716970552335969558e+01
5.844902419729808685e+01
5.939860169559892000e+01
6.077099168452642175e+01
6.171491014470302616e+01
5.924916353607043362e+01
5.975612486086205166e+01
6.163596486344503234e+01
6.204201543561697463e+01
5.769028085442320730e+01
5.885145464219353073e+01
6.061032833631217898e+01
6.091789840169241188e+01
6.020903489109367968e+01
5.733786837274331560e+01
5.998768113373011346e+01
6.004730780013315439e+01
6.098604794964776943e+01
6.067398399215122851e+01
6.298894596311508565e+01
6.011095232668009203e+01
5.930242072371265039e+01
5.927360089878212079e+01
6.168657091900962541e+01
6.028911322014597829e+01
6.317464402041491667e+01
6.444696510882381801e+01
5.765308629673584306e+01
6.079483202491805116e+01
6.330988671715074645e+01
6.093145566095285659e+01
6.292790725021937703e+01
5.870002053019316435e+01
6.169795893498847050e+01
6.377141958605744065e+01
5.871872190641433775e+01
6.160616431632553258e+01
6.394582322057888746e+01
5.978301927985573627e+01
6.111021874972178836e+01
6.380031758528171082e+01
6.244866160345931405e+01
6.215315827602967147e+01
5.882999075590615945e+01
6.177974946949243673e+01
6.216170626080077710e+01
5.938753952686563764e+01
5.976180179388407510e+01
6.261025622440998006e+01
6.100602664509020912e+01
6.277470553795776453e+01
6.389056184300749663e+01
6.454836498943987522e+01
6.003838125341103904e+01
6.121962061730646099e+01
6.274826840706182907e+01
6.385003669490365752e+01
5.865887352810511146e+01
6.063522350465251520e+01
6.162047515909847561e+01
6.268978750589965188e+01
5.846907546078401197e+01
6.058170691709037214e+01
6.161137890703901832e+01
6.235747878344078288e+01
5.792997631185111373e+01
5.963290009255737090e+01
6.008260309117165576e+01
6.182209761076425281e+01
5.765982772389855171e+01
6.002373663794349312e+01
6.010608427946598908e+01
6.101444253297967180e+01
5.671743157331811602e+01
5.935108798595584290e+01
5.901803306267252935e+01
6.123852871308213253e+01
5.623332081238492464e+01
5.870590216717147314e+01
5.785660322184546089e+01
6.038399931974841195e+01
6.114053101724008599e+01
6.070587481334727897e+01
6.224897149668740326e+01
5.624536501732347205e+01
5.898663656487279638e+01
5.918003246050768240e+01
5.963450757882343822e+01
5.717540620878484958e+01
5.982104281802303092e+01
6.173641783442669606e+01
5.666834923231580490e+01
5.967435133336083908e+01
6.197002093008338619e+01
5.859493111747539018e+01
5.798418637062649594e+01
6.098947980061169005e+01
5.796346605635563520e+01
6.088809552365237465e+01
5.394018995800486493e+01
5.753060552254850535e+01
5.972549654819420084e+01
5.673956003578375373e+01
5.982105653820170232e+01
5.930449891937174556e+01
6.035187636514686460e+01
5.543056949677042411e+01
5.862401616286732065e+01
5.866844219854300491e+01
6.001504491639676075e+01
5.424765328710209644e+01
5.708587044114381825e+01
5.832108813726323859e+01
5.930278350458326031e+01
5.462255879902754430e+01
5.613346121483241546e+01
5.730915078424559539e+01
5.804084211388286008e+01
5.978227996205308870e+01
6.045162126308767370e+01
5.639043878325882275e+01
5.788079624762980302e+01
5.895497109174998229e+01
6.007051025243844578e+01
5.632262955405491311e+01
5.788113311817876649e+01
5.908451703604928440e+01
5.951123703575207458e+01
5.536886603220065695e+01
5.769043780022948908e+01
5.806254297350974980e+01
5.955607042168082899e+01
5.592416961275330323e+01
5.832947492457614658e+01
5.811192354471329224e+01
5.948404553777852044e+01
5.268628663508812338e+01
5.553436542613559368e+01
5.518028928456043758e+01
5.749097380496387899e+01
5.628089329539007934e+01
5.877221652129613716e+01
5.780481916616511739e+01
5.494713855465395369e+01
5.768415620425585644e+01
5.574229238249778007e+01
5.865292018014092434e+01
5.587167114992335826e+01
5.870900467671170020e+01
6.063940480130933253e+01
5.275979693279438010e+01
5.723360556635158503e+01
5.961317863950695539e+01
5.672410023856741645e+01
5.841996693715226741e+01
6.109374964814936959e+01
5.751253697780803975e+01
5.808253585904097349e+01
5.525061129899877699e+01
5.808788714766070171e+01
5.730984456933470028e+01
5.645840201033084327e+01
5.958328207461159565e+01
6.018407576772257528e+01
5.672776447325289695e+01
5.666158672640525396e+01
5.952370241135899676e+01
6.019395684898168497e+01
5.413379001777865795e+01
5.797170474802547346e+01
5.936195348572345409e+01
6.028902433415159123e+01
5.582952894522411214e+01
5.683278689298195019e+01
5.832882052601285494e+01
5.962993926119752786e+01
5.435747301264184728e+01
5.681662609391223384e+01
5.836173608582915051e+01
5.910252306443449299e+01
5.439630436091562160e+01
5.603329649738860496e+01
5.732104899473885240e+01
5.851563317432700018e+01
5.469477021172559716e+01
5.679161602822414778e+01
5.733978045191564377e+01
5.901740066011235797e+01
5.925074452887456289e+01
6.113358785058268552e+01
5.831017014797263442e+01
5.867081322904919460e+01
5.913494940712742221e+01
6.125851898436371101e+01
5.688488305572394665e+01
5.939310583997905724e+01
5.948350668066326818e+01
6.162798309263482111e+01
5.500823858350964457e+01
5.857703125135644484e+01
5.773709462520293556e+01
6.051195471799255188e+01
5.743077715026633001e+01
6.039461283579407080e+01
6.063199083880562767e+01
5.688660420629218351e+01
6.097326673528415597e+01
5.947399222960736864e+01
6.196056010781539669e+01
5.725879130270649853e+01
6.057883886966800446e+01
6.292296425758744505e+01
5.752967136138600068e+01
6.092058417056153985e+01
6.327733458605768391e+01
5.866412887619299710e+01
6.128601762079970428e+01
6.371441560484667832e+01
6.020758402061689907e+01
6.327206318567551335e+01
5.562685812290914811e+01
5.995466588392325491e+01
6.211901950567899888e+01
5.764146942496267201e+01
5.914289965430703688e+01
6.088839288717738896e+01
6.266149440150316963e+01
5.608017360411620444e+01
5.982711277911709402e+01
6.159455249673513322e+01
6.241729176682378011e+01
5.808322419771587164e+01
5.960686422747635049e+01
6.041749164193484489e+01
6.185492206088298417e+01
5.610632576934973770e+01
5.874788211155928508e+01
5.968881444804524250e+01
6.082964604074398096e+01
5.761076797313099007e+01
5.941598014484332424e+01
6.035367389321751830e+01
6.153241524912943561e+01
6.300902517273718217e+01
6.335106530512378242e+01
5.806670505096050050e+01
5.979160545570174179e+01
6.145958543372314153e+01
6.173781069036088809e+01
6.080356843936064593e+01
6.105799626994073037e+01
6.310934996716997603e+01
6.268409895895040762e+01
5.794893486456424370e+01
6.077005792001013162e+01
5.982328703053357088e+01
6.227866562631012926e+01
6.009279062528897697e+01
6.287968269742722072e+01
6.174022100796152301e+01
5.885214597465829911e+01
6.069573380969745813e+01
6.125731945424444547e+01
6.071545086017950155e+01
6.266582482862263248e+01
6.504760436285953062e+01
6.214237056684390836e+01
6.093903921915219257e+01
5.894111920069724420e+01
6.207402335782717273e+01
6.386381839586148601e+01
5.752725099580978707e+01
6.105974737317169598e+01
6.340841519055811659e+01
6.003623463328828080e+01
5.998787631640273332e+01
6.292211288875115827e+01
6.169365196219747105e+01
6.364274422387397578e+01
6.570196431376494672e+01
6.017066023069376257e+01
6.383415774065691295e+01
5.783981936863543183e+01
6.102144892699438827e+01
6.273332534514688064e+01
5.961481055609351642e+01
6.017702810746710185e+01
6.196357801630424689e+01
6.356790398869964065e+01
5.819885104233618733e+01
6.004579458461423513e+01
6.123794106483683919e+01
6.237176599464277160e+01
5.836982136555806022e+01
6.042611048093019122e+01
6.151490932231276787e+01
6.256379383888731383e+01
5.634416970177247208e+01
5.895836954805774610e+01
6.026897172729137964e+01
6.114755815463681188e+01
6.155874686821541530e+01
6.324258354943109595e+01
6.159117412075889320e+01
5.811525430018397032e+01
5.899504261488567636e+01
6.087281450779302361e+01
6.074577639163165088e+01
5.830881366817688161e+01
6.158520591127464883e+01
6.091975922895919382e+01
5.875412034598182487e+01
5.869193751329873976e+01
6.125299916724077320e+01
6.015919528864588983e+01
6.050789054268385314e+01
6.013407486060776819e+01
6.249613608982340907e+01
6.029998069515672654e+01
5.723777988879292877e+01
5.827252540187725316e+01
6.079360092208485611e+01
5.870755823353161418e+01
6.139181314309719539e+01
6.306590488060529509e+01
5.835984462449089705e+01
6.102969631791383165e+01
6.331668940237735654e+01
6.008883917644200068e+01
5.935131531779507696e+01
5.691232899978901116e+01
5.978484150942718145e+01
6.184167259070901679e+01
5.508824675770127044e+01
5.861415880999850003e+01
6.077804648244897123e+01
5.866895331577307360e+01
5.842039303956572383e+01
6.137848356263674532e+01
5.788979169049722628e+01
6.052266119757291563e+01
6.207504065000841820e+01
6.124828294645916316e+01
5.786154308437943428e+01
5.995197304303979990e+01
6.084814096706694642e+01
6.175905142039000850e+01
5.710601236251938673e+01
5.804363360580675391e+01
5.953426593681447798e+01
6.082249826311200991e+01
5.599419803982165433e+01
5.868972626094944900e+01
5.928203055853524006e+01
6.045069665724250285e+01
5.471902701556629722e+01
5.664328746102341938e+01
5.753479568706178071e+01
5.863909830151990121e+01
5.974734230184168382e+01
6.056197610946153986e+01
5.748451736079775998e+01
5.910809959080729925e+01
6.065673943705813542e+01
6.077863383956246679e+01
5.638591517265858499e+01
5.705434406887813026e+01
5.895644619322265356e+01
5.872566487173723004e+01
5.990694525111216251e+01
5.980443006262019168e+01
6.195357046805956713e+01
5.815139027144049066e+01
6.000791873968174883e+01
6.052086334261024803e+01
6.080367586646643474e+01
5.539504930688653417e+01
5.760464544034184087e+01
5.996484338685139903e+01
5.824429985453867431e+01
5.868912329044273690e+01
6.132228154825423161e+01
5.893215869523778849e+01
6.128255466929265083e+01
5.341780556210770925e+01
5.787755502105932948e+01
5.995677850587121327e+01
5.699233894058996697e+01
5.817902018074042303e+01
6.081808600193194536e+01
5.755667235951437988e+01
5.764223788743097998e+01
6.057111596361138339e+01
5.947846977281849945e+01
6.056411778832013937e+01
5.520116108541525790e+01
5.881467611301230392e+01
5.945317821979669759e+01
5.645766075681574137e+01
5.853566614210090790e+01
5.904491482311781425e+01
6.050986379275396132e+01
5.321714488512053265e+01
5.727165536663877532e+01
5.896357617509588778e+01
5.953311465926665846e+01
5.514456242624094529e+01
5.688582588254207195e+01
5.755310242356900829e+01
5.887990102470440235e+01
6.008608447431002730e+01
6.129741756308549583e+01
5.716975803594552730e+01
5.882281583812945769e+01
6.008208345539227224e+01
6.106991081325482185e+01
5.678767781684535265e+01
5.860699667425753745e+01
5.988384611231778365e+01
6.034560193967706709e+01
5.650094244153279988e+01
5.901920858175552809e+01
5.928656564138847784e+01
6.068862328764307534e+01
6.225255334451924938e+01
6.183990331835415333e+01
5.857048479638488914e+01
5.896771707398291085e+01
6.137590748441198940e+01
6.055822576771585375e+01
6.126504426187685226e+01
5.915808172984244351e+01
6.194996491686173101e+01
6.050686091015012380e+01
5.798352220361065434e+01
5.731451987323602282e+01
6.016903014655329685e+01
6.003328170361075422e+01
6.044600528119615745e+01
6.334577616877913186e+01
6.089713434671475056e+01
6.046572637382794824e+01
5.851424082017685890e+01
6.145203343892730175e+01
6.349131607696553914e+01
5.576455866453191135e+01
6.008396158970057854e+01
6.249175667363817865e+01
5.906256319222679707e+01
5.992407746470606611e+01
6.275608544225346463e+01
6.124599190436894958e+01
6.219280402606257496e+01
5.845234263059684565e+01
6.131057561619085305e+01
6.035818722996722840e+01
5.861120336566838773e+01
6.191381690849729580e+01
6.266271138480684044e+01
5.885907019656432482e+01
5.942780270416333366e+01
6.133220872389839684e+01
6.305120224169550625e+01
5.750513126784081663e+01
6.070020675391017306e+01
6.203108750097919710e+01
6.263873879352998841e+01
5.731480573254249578e+01
5.968691321462075905e+01
6.085739739247652125e+01
6.202279446936307039e+01
5.765381450331620528e+01
5.933341050128230876e+01
6.056304953293142290e+01
6.146985441890671353e+01
6.215100521044639237e+01
6.341771651381647246e+01
5.869622638517158464e+01
6.086033833549981154e+01
6.218215163993501449e+01
6.236529046071051141e+01
6.234805099651339333e+01
6.244953802509553498e+01
6.447226617558042960e+01
6.234612888458248392e+01
5.938601918359584175e+01
5.968814150009968245e+01
6.190852018854410943e+01
6.103102842350853052e+01
6.357930838535013152e+01
6.320785439395368144e+01
6.479731476798696121e+01
5.921871335452981810e+01
6.244653382577666179e+01
6.170667528064134189e+01
6.426680156591621085e+01
5.849407116498348103e+01
6.182851960100192912e+01
6.277594389783295981e+01
6.067763757496692278e+01
6.374552355579952234e+01
6.583220012858974712e+01
5.917006631722927779e+01
6.255504984914063726e+01
6.490660091543526278e+01
6.164380069030188736e+01
6.191081065514872961e+01
5.892939468729827013e+01
6.186273485817572748e+01
6.304473212387780023e+01
5.895211979043654082e+01
6.245189615178706077e+01
6.349620463456184893e+01
6.066567337120687142e+01
6.420631653919807036e+01
6.376769194048758749e+01
6.221843439774109896e+01
6.229033195883459939e+01
6.406829670474559180e+01
6.569723164661780856e+01
6.005962311880251292e+01
6.194767491721179908e+01
6.348136058294245032e+01
6.387538252572605302e+01
5.924677124473112144e+01
6.037396493296839850e+01
6.161063817265110742e+01
6.300937874342837830e+01
5.789689440115022734e+01
5.949997385742831568e+01
6.039777082389088037e+01
6.135305527861221009e+01
5.727462671317925924e+01
5.930948161146798014e+01
6.037769023176502259e+01
6.084640280814861768e+01
5.995726390619277879e+01
6.184332070089361366e+01
6.171729465530109593e+01
5.999068373776356111e+01
6.032337942929627417e+01
6.249146048638365869e+01
6.141466795816011626e+01
6.402468561275748016e+01
6.273779050985515937e+01
5.935432563408820528e+01
5.931248075149225940e+01
6.192667867746141042e+01
6.054965015122813554e+01
6.260193431118723595e+01
5.722189866018700144e+01
6.020556798975418644e+01
6.083938816832127117e+01
5.954081597754196054e+01
6.217042011776050003e+01
6.444319505638202372e+01
5.834105863311011575e+01
6.128116131972151237e+01
6.354548322042011677e+01
6.056020596999159267e+01
6.073838670880209634e+01
5.808977270722133568e+01
6.089051393954856906e+01
6.198259302439466012e+01
5.727066290898713419e+01
6.022119067248029012e+01
6.209858436071378662e+01
5.593225681733679977e+01
6.029506687672635934e+01
6.228770518987219873e+01
5.841457212486638184e+01
6.023124745925534285e+01
6.253306417063317468e+01
6.116408832361044290e+01
6.048176222826235460e+01
5.549588018798116451e+01
5.870936832939585770e+01
6.034980742823409372e+01
6.052575219745254742e+01
6.189183395760095863e+01
6.280368163210663113e+01
5.801494914879337728e+01
5.930561103599675477e+01
6.064605074563188225e+01
6.124164810071301446e+01
5.781973255716135185e+01
5.928886239554442028e+01
6.031703689839331872e+01
6.124087307217632770e+01
5.602379357715575736e+01
5.716400496591314351e+01
5.851413370019642457e+01
5.897764901898087686e+01
5.578204726625656917e+01
5.674313765268116327e+01
5.824523288641760388e+01
5.839335445113696466e+01
6.026961207180222857e+01
6.001131945505944287e+01
6.094845255067290424e+01
5.557091212464659691e+01
5.821854531086208340e+01
5.758712616387003180e+01
5.985766514717362696e+01
5.711059670919191689e+01
5.966403004725435011e+01
5.844733993769231972e+01
5.827869797460963497e+01
6.032857666764802218e+01
5.827698704539884034e+01
6.065905085551430176e+01
5.401790055624689302e+01
5.780208003119258819e+01
5.984258671181112987e+01
5.728262208443454995e+01
5.771891295069602990e+01
6.051886632696778179e+01
5.759548446252576070e+01
5.908837299205502092e+01
6.166927196242259157e+01
5.831123218180943724e+01
5.825879956579258589e+01
5.553764094883236879e+01
5.835626372707005771e+01
5.902821750255002087e+01
5.699416667891143362e+01
5.975214526090340428e+01
5.861117808486472569e+01
5.863939842884759912e+01
5.666321339115590661e+01
5.860050073495204970e+01
5.925502391155426807e+01
5.714755918651729161e+01
5.772617092561875296e+01
5.948840737021641445e+01
6.088282114510974452e+01
5.394557292520183012e+01
5.727833609251376856e+01
5.869340254747537244e+01
5.958340071409047312e+01
5.462977469806059361e+01
5.662784019084416798e+01
5.737430041315857920e+01
5.869094994585464775e+01
5.956803268597182210e+01
6.080413332804823057e+01
5.641149725623748878e+01
5.780700114654167976e+01
5.900034033282872770e+01
5.959858490390209340e+01
5.977304216952342841e+01
6.156480928080775783e+01
6.164753451712455501e+01
5.815706724943810713e+01
5.884274508050074814e+01
6.089727501355263684e+01
6.052386656440634738e+01
5.723635220438227122e+01
5.764993531580058317e+01
6.003159725256511337e+01
5.918123888015682610e+01
6.010519326381319871e+01
5.916176954893791873e+01
6.186154537238819273e+01
5.959265437710698876e+01
5.711564431394963748e+01
5.880021598818405693e+01
5.897202368018042762e+01
5.966217266192970214e+01
6.242218413409541000e+01
6.016617699410411291e+01
5.987800674933221501e+01
5.798499198086166473e+01
6.090922333483784001e+01
6.328990537858940257e+01
5.579500957037286923e+01
6.005897365523977527e+01
6.245131176678211915e+01
5.905311800527168486e+01
5.967424925974148664e+01
6.256448579696809986e+01
6.120107456721369488e+01
6.183396746592226378e+01
6.468784592911340781e+01
6.053132479533163490e+01
6.167715502978006725e+01
5.809449039379632751e+01
6.020396850332815575e+01
6.064457096189173768e+01
6.235440734091199033e+01
5.687380745846366636e+01
5.956741209377461388e+01
6.143119124057394487e+01
5.984047874581519011e+01
6.189383834940141327e+01
6.331394267701912071e+01
6.063399949070371520e+01
6.126765932499755962e+01
6.291114227745794096e+01
6.323241987620750848e+01
5.928306605584854339e+01
6.106673024069345246e+01
6.192767283831688729e+01
6.343240976992710500e+01
5.822002745553743353e+01
6.008789647377237486e+01
6.060295546898871777e+01
6.192009185310424613e+01
6.321758137617922557e+01
6.339922298892570041e+01
6.436013957237254601e+01
5.838226130733235664e+01
6.053551706149865197e+01
6.054632717940384623e+01
6.249936957103994928e+01
6.127248192701883767e+01
6.376834833718157824e+01
6.284047276487383016e+01
5.928039598179665859e+01
5.986809686789764129e+01
6.225186370804430425e+01
6.092900863773619591e+01
6.273278815934441610e+01
6.477478031252726964e+01
6.243510734447178123e+01
6.189153929661738118e+01
6.456533121262418717e+01
6.191190858723367541e+01
6.488483051390379330e+01
5.893908784586834315e+01
6.249317547294572250e+01
6.449144318323988045e+01
6.110079121228097421e+01
6.070470730378745117e+01
6.374607285155325798e+01
6.040164167256697425e+01
6.338541196050957183e+01
6.555503008863470882e+01
6.092961386299786142e+01
6.526183475438867276e+01
5.851578023411033058e+01
6.160304406089216656e+01
6.367123694670829082e+01
5.928998688177282617e+01
6.223039376318844518e+01
6.161940134431471705e+01
6.415987284924430867e+01
5.866557290868708208e+01
6.086791097834245079e+01
6.207928302886513450e+01
6.308701810811764688e+01
6.407265302982251853e+01
6.530561838627188820e+01
5.984204404068523075e+01
6.209779136664716503e+01
6.318202250227802352e+01
6.429467224313877693e+01
6.008439551930175782e+01
6.148718129421668976e+01
6.259517808309582421e+01
6.342610717755644600e+01
6.021955720443524029e+01
6.219996935739038690e+01
6.257162456486705793e+01
6.363191566357446760e+01
6.487294673897687858e+01
6.488401567170471651e+01
6.120415697281809742e+01
6.177836258049256202e+01
6.390396146751727002e+01
6.338172239539319008e+01
6.311063754602769649e+01
5.882056624761463581e+01
6.166702292849485900e+01
6.056777659626770571e+01
6.251061456744796629e+01
5.915700219260104831e+01
6.172501129198674619e+01
6.031841060144959243e+01
6.180818265669880418e+01
6.401322879010736244e+01
6.206703415476180652e+01
6.182030519660823131e+01
6.412984700012657413e+01
6.163536841377707276e+01
6.413365138522475206e+01
5.793997239958815015e+01
6.095908839430301640e+01
6.303025837647594898e+01
5.998116495504643098e+01
6.038954678531838738e+01
6.310529978819392483e+01
5.981014847764101461e+01
6.154211544751807139e+01
6.389906916443788276e+01
6.126390245774987164e+01
6.154353308213763540e+01
5.797269585086789334e+01
6.102800309526966061e+01
6.224711345792374573e+01
5.704007886482657597e+01
6.027172977852768554e+01
6.085190468471482461e+01
6.204471690541631546e+01
5.536019271083367954e+01
5.890988858741060596e+01
6.053183281331543242e+01
6.128634411723015774e+01
6.263757804116330874e+01
6.410785022947405309e+01
5.763997409359342328e+01
6.053844245344888009e+01
6.101049729485301754e+01
6.233994032292752507e+01
5.702777420114343698e+01
5.873240176781720834e+01
5.953592097572009578e+01
6.058385337107133495e+01
5.649088047103782628e+01
5.844736650374458975e+01
5.958701871648713677e+01
6.023910522000402068e+01
6.174767605310503171e+01
6.200043318814743287e+01
5.910478157543240485e+01
5.978319817283034610e+01
6.164414158325102733e+01
6.130247463662706764e+01
5.758147230041443265e+01
5.788685518117978290e+01
6.004129521324473018e+01
5.931856625828409335e+01
6.131702304562544725e+01
5.548391867422942880e+01
5.838790979766289269e+01
5.732434796009038536e+01
5.979871777059846494e+01
6.216947491567686512e+01
6.011642089945630119e+01
6.105606974788302921e+01
6.226024427503782022e+01
6.072563263836507730e+01
6.085601676453909192e+01
5.885564588736301062e+01
6.170469534477374651e+01
6.256258638912134984e+01
5.466520137529948897e+01
5.918766661056290701e+01
6.150997857853572981e+01
5.854758818166300216e+01
5.981792472827545026e+01
6.236747713219271816e+01
6.083962777039075576e+01
6.102299852274626346e+01
5.781712376115865482e+01
6.048071706054510344e+01
5.940259121355970251e+01
5.793841128596871926e+01
6.062804399399526289e+01
6.166809984926806720e+01
5.758611526618592791e+01
5.829001211646533420e+01
6.014644517447081284e+01
6.183927601703445021e+01
5.596886856701985380e+01
5.937268005585485042e+01
6.068248168093803230e+01
6.114946355276488532e+01
5.660465702553278788e+01
5.936192711900270069e+01
6.010425817755934474e+01
6.098879401875243644e+01
6.205741494977215922e+01
6.318129222504542497e+01
5.777928315312188801e+01
5.928471441017434529e+01
6.067718810231113480e+01
6.103855773345436830e+01
6.149361304569760023e+01
5.668725252782328994e+01
5.771634662392246895e+01
5.947595638738174273e+01
5.957973352692040692e+01
6.159931639614961796e+01
6.130612987983255380e+01
6.121626148304504511e+01
6.029310775835716640e+01
6.283755424472277440e+01
6.183345589710574330e+01
5.831851872832394434e+01
5.864778582335394219e+01
6.129422911852935840e+01
5.987126325589350984e+01
6.164018137109532347e+01
6.109373838793219136e+01
6.369388650706031285e+01
5.964801530679245190e+01
6.139315009025130365e+01
6.423114100451275021e+01
6.133686836127323261e+01
5.984800674417355992e+01
6.322930070408143877e+01
6.020145205094878094e+01
6.336106402586809594e+01
5.608998615544995658e+01
6.030543361120866308e+01
6.262703717642876455e+01
5.903982484184723489e+01
6.205984445636450886e+01
6.293949696276143158e+01
6.036130411010192631e+01
5.993380194616069900e+01
6.301721235834064316e+01
6.153050382248560624e+01
6.318118870984683610e+01
6.537491036568397362e+01
5.891398591395402207e+01
6.260360842292521966e+01
5.921777284470293523e+01
6.144987332037170091e+01
6.189497626250028617e+01
6.263417618377290097e+01
6.422591043456593241e+01
6.463807081037785451e+01
6.047106503298593339e+01
6.289559901057021563e+01
6.396137459255278657e+01
6.510323887420832989e+01
5.940573336281357086e+01
6.142042861700370082e+01
6.242261791933422188e+01
6.312548413880789866e+01
6.026616518622177665e+01
6.283512902105212561e+01
6.324740544735796988e+01
6.366810441538379450e+01
6.528850392514434020e+01
6.539812977647315506e+01
6.085342538230919729e+01
6.180566059015249181e+01
6.370640659700135444e+01
6.355596020087286036e+01
6.365955648491152630e+01
6.075063454070045310e+01
6.352086492732931333e+01
6.289254401666335070e+01
6.395810959471489099e+01
6.396973783328363794e+01
6.611974602551987346e+01
6.195350729947686830e+01
6.347269727114215954e+01
6.560837922667397493e+01
6.331613918987194722e+01
6.099661254722008863e+01
6.392388107963024879e+01
6.134339245012586872e+01
6.435517780387374387e+01
6.071566790182636453e+01
6.389721440792422413e+01
6.589643501107214263e+01
5.919232932982174589e+01
6.250987520990457114e+01
6.483477987390740793e+01
6.141763222107424269e+01
6.190635143164433885e+01
6.466289646299431126e+01
6.309086878858119718e+01
6.478093770954659192e+01
6.692374155402221447e+01
6.168941630105574347e+01
6.508842637522454311e+01
5.847288237395640920e+01
6.155795256249089675e+01
6.340654240750222215e+01
6.215731101713955553e+01
6.120064713742947760e+01
6.305641767343395543e+01
6.346198622928337585e+01
5.984605331971295072e+01
6.189041827561968745e+01
6.266578636046900641e+01
6.357679300836463199e+01
5.815678168098924061e+01
6.026283438925427305e+01
6.133395399820872740e+01
6.237068145128382213e+01
5.847210791446645572e+01
5.989551028954512191e+01
6.094136105440940554e+01
6.161932850288540919e+01
6.243996892937177989e+01
6.387474119176204113e+01
6.128191443860352194e+01
6.333123370810846353e+01
6.348568454113407711e+01
6.336511882212021618e+01
5.836056024530250141e+01
5.962492632057085018e+01
6.172232500742177308e+01
6.100025756478940764e+01
6.347811944193816203e+01
6.229947882197228637e+01
6.269858577785308995e+01
6.147525041839870141e+01
6.414308813552743516e+01
6.248086599405546337e+01
5.963881368625318657e+01
5.905711128774350271e+01
6.159149905014847803e+01
6.197553165292347899e+01
6.016014977296941879e+01
6.301628788861262365e+01
6.494484339426183794e+01
5.844535421757129257e+01
6.118867638510132423e+01
6.346043958311826572e+01
6.050146259614417232e+01
6.194601140376921933e+01
6.437413795294564522e+01
6.106014848875939549e+01
6.089219736783245907e+01
5.793385021974163607e+01
6.075206400811398311e+01
6.231178555289994137e+01
5.632166958491522024e+01
6.016498181959133262e+01
6.209251265783663598e+01
5.894961918374546883e+01
6.017541126486369052e+01
6.241280029521258399e+01
6.128963919315373943e+01
5.797757901242001566e+01
6.047826319928915950e+01
6.078644421668067821e+01
6.181790767906594652e+01
5.574266890669192520e+01
5.868095677926890374e+01
6.008424447040913918e+01
6.068328947102686044e+01
6.189457827431424164e+01
6.246579868311663830e+01
5.963660343451270762e+01
6.071172806463696503e+01
6.184605012944040681e+01
6.242509989896930023e+01
5.617121427251682775e+01
5.860803847119667864e+01
5.969078600225540043e+01
6.030897225070727075e+01
5.681979553077112399e+01
5.791635962229169365e+01
5.936501197498378701e+01
5.950887191150295763e+01
5.585827339624923127e+01
5.648348417912760056e+01
5.835288938785096491e+01
5.804237939141648184e+01
6.017149329403719094e+01
5.947501810344604678e+01
6.160108168431390396e+01
5.597790651709131993e+01
5.886011183188691120e+01
5.780897361380410615e+01
6.027346812580161384e+01
5.643179869774279211e+01
5.924663827578820730e+01
5.954385514513900546e+01
5.834925546819547293e+01
6.101140406811890671e+01
6.140062702121985438e+01
5.472594821586945102e+01
5.961882840197631594e+01
6.185304129851094501e+01
5.883499167747704917e+01
5.886466282297128316e+01
6.179814927131984348e+01
5.863878576904292572e+01
6.073473024979625023e+01
5.319540282940483422e+01
5.778613854867403887e+01
5.994990035028848041e+01
5.695052723375798820e+01
5.969319384578753329e+01
5.950581318260996966e+01
5.974211733823550219e+01
5.610513950425313823e+01
5.888493487737918031e+01
5.990719435958256156e+01
6.020653242223272628e+01
6.186377122374280191e+01
6.287137031988846303e+01
5.826982483436025717e+01
5.889669396682870683e+01
6.043617282942997093e+01
6.176459772173407003e+01
5.615792554909175749e+01
5.910048329672213185e+01
5.965853003730224913e+01
6.099672598659322631e+01
5.503660640830189976e+01
5.719130324338127735e+01
5.821550549756338455e+01
5.941985853379973292e+01
5.798454037444349041e+01
5.991293042979422978e+01
6.045229062131896569e+01
5.888445514133910308e+01
6.114375084278631078e+01
6.128376779742043823e+01
6.001952690298302429e+01
5.915972022242213768e+01
6.153780376179254574e+01
6.109535440520416216e+01
5.707093698908217760e+01
5.755835410133973795e+01
5.993433483975750420e+01
5.909109375106153550e+01
6.065165656344119327e+01
5.950845211277218993e+01
6.220486975275718322e+01
5.890352352735338570e+01
6.184002183400085073e+01
6.371490738152147060e+01
5.713397947002567179e+01
6.059731958799928009e+01
6.326230729047341583e+01
6.079231962775464382e+01
6.196659282467602026e+01
6.466918571741202015e+01
6.153228408148109452e+01
6.174045256383487157e+01
5.916596836709317841e+01
6.228143013056782706e+01
6.311288354868671746e+01
5.934548200455793676e+01
5.876144219704412563e+01
6.198578342428783117e+01
5.950413804287966713e+01
6.205086096913434801e+01
6.456928861974195399e+01
5.913585331612092943e+01
6.291578431106901093e+01
6.412826063430220813e+01
6.450069204447987659e+01
5.936277486879889409e+01
6.288613954717523313e+01
6.478076234614862017e+01
5.971702939538914023e+01
6.291975303542310627e+01
5.674897910288696323e+01
5.993791496767137517e+01
6.131535711416989187e+01
6.199947900947877599e+01
6.301316955363257222e+01
6.460211859003912593e+01
5.886437447863485062e+01
6.100358876869041325e+01
6.197213778486089097e+01
6.286147034666032596e+01
6.262987178400300792e+01
6.453396050963100095e+01
6.491114389076176394e+01
6.028795457852627493e+01
6.145094152124622155e+01
6.354994577093574293e+01
6.348641771178801463e+01
6.148307527853751964e+01
6.200145814129074751e+01
6.410727515378920316e+01
6.378783066308231753e+01
5.941098857433383529e+01
6.107580111895735797e+01
6.193089879938025888e+01
6.201596754356103247e+01
6.441595772598550695e+01
6.456130959905611633e+01
6.374210754415587132e+01
6.159699195713238140e+01
6.474258352920155346e+01
6.629094772752058873e+01
5.919419777599113530e+01
6.241314883293197369e+01
6.499135770609323970e+01
6.241865095450531697e+01
6.310594012451206680e+01
6.607797337865146403e+01
6.287947307545363174e+01
6.474452276327659206e+01
6.085173211723225251e+01
6.423497738922471001e+01
6.516790234794144965e+01
6.099389382164955720e+01
6.428821524568905943e+01
6.419865085841327357e+01
6.176768217540033135e+01
6.197275045603372945e+01
6.508924592049365287e+01
6.156420691012373680e+01
6.439555022584831079e+01
6.659621047600838040e+01
6.246544519047615296e+01
6.501879919187231849e+01
6.060063863930556494e+01
6.294768198845601148e+01
6.327441334432522524e+01
6.429682797521788018e+01
6.573798215688051982e+01
6.683469078260986862e+01
6.175804207485648334e+01
6.331010623012625160e+01
6.459617019493789769e+01
6.610098591321354888e+01
6.086507345311399320e+01
6.211646189433079002e+01
6.367521972815940501e+01
6.473110136606244680e+01
6.094478975340191340e+01
6.326807595137843521e+01
6.363784382158934250e+01
6.517031513075959026e+01
5.959989488314221973e+01
6.181613260951436928e+01
6.204299979499199225e+01
6.362575588646170388e+01
6.515401084718750724e+01
6.496105125319519402e+01
6.360249159647656114e+01
6.404986451257005342e+01
6.683392837815414111e+01
6.388164507053519969e+01
6.290426827784179409e+01
6.283347606547435049e+01
6.575531459282234437e+01
6.362704142255021367e+01
6.055043948642332907e+01
6.129607423345195372e+01
6.419805890330957254e+01
6.231446715685765270e+01
6.540049840568721606e+01
6.717578292685644215e+01
6.018183252373805914e+01
6.359784943208759955e+01
6.635912086940275856e+01
6.334586098331524084e+01
6.414865376566146438e+01
6.730399560940082893e+01
6.386678241051281191e+01
6.453624819291013637e+01
6.140940044436915457e+01
6.468139852965968828e+01
6.453616659763682151e+01
6.139524874212649763e+01
6.470780429802780986e+01
6.454553556986327578e+01
6.434428999272063265e+01
6.180716607463577361e+01
6.506894711729927394e+01
6.629579496800823790e+01
6.148837796669683797e+01
6.262427065744326171e+01
6.531684902544886029e+01
6.408401189173531520e+01
6.060947539459603206e+01
6.256519431647333818e+01
6.373530306833356462e+01
6.522911795912828836e+01
5.957895762542130313e+01
6.284193017658094504e+01
6.340390163972563187e+01
6.512627473434451986e+01
6.657386265956280624e+01
6.711698361712856808e+01
6.189165985910419465e+01
6.361837033384041007e+01
6.504482788220515488e+01
6.608468086162493194e+01
6.066283542562572961e+01
6.229494992077835747e+01
6.451238609963881743e+01
6.468553659475288953e+01
6.349182409074998645e+01
6.620742324860418648e+01
6.623702694960527992e+01
6.187054037511285287e+01
6.276169216411706486e+01
6.542214440819842025e+01
6.493137062969115902e+01
6.306104603456897451e+01
6.312881138691879812e+01
6.614862733676882556e+01
6.492073105196934080e+01
6.807163368342710896e+01
6.900450539120849669e+01
6.179704306102681244e+01
6.602353076498938833e+01
6.919917829552647959e+01
6.658269977884349089e+01
6.507014560724016405e+01
6.851406574291542029e+01
6.542235016308427475e+01
6.906843168473409378e+01
6.100656997301825868e+01
6.593864137455673813e+01
6.900305355914285599e+01
6.504577381743585818e+01
6.548553344859740832e+01
6.914308590676681376e+01
6.531365746486838475e+01
6.674533890731353836e+01
6.999988256951979793e+01
6.657841533249437305e+01
6.883039323900798934e+01
7.173524910259790488e+01
6.384438855678662605e+01
6.948563982589111276e+01
6.272165917188220163e+01
6.706834551516048748e+01
6.769820441620798590e+01
6.904833371537161213e+01
6.269796335899483353e+01
6.634478478372167842e+01
6.789766897038650484e+01
6.868236632294755850e+01
7.083771639535190445e+01
7.067561583981836293e+01
6.729232673131122056e+01
6.979957835379640585e+01
7.142528635123431968e+01
7.069733142931029590e+01
6.640740873079327855e+01
6.922141160669683302e+01
7.018551826041129971e+01
7.208256287835021681e+01
7.381694193984706942e+01
7.046749692890304573e+01
7.311112635022243467e+01
6.669925343900447956e+01
7.001463426392244571e+01
7.040086235647422086e+01
7.282330301555398933e+01
6.585333418953808859e+01
6.947231756365717104e+01
6.946768924445946425e+01
7.251295680173906533e+01
6.682896189050971714e+01
7.065140163175743737e+01
6.990670104241581839e+01
7.218333208399589296e+01
7.215966457623761698e+01
7.544785807732021965e+01
6.917789008383843452e+01
7.288682342994125918e+01
7.530969564837677410e+01
7.149700854866726729e+01
7.304379550188828318e+01
7.622758296321337923e+01
7.261898147981388263e+01
7.231508846134418889e+01
7.641310752340650936e+01
7.281005707395415527e+01
7.648732724250646697e+01
6.954438771812509401e+01
7.446928637548607810e+01
7.726011013308932718e+01
7.035112465730749420e+01
7.506304932290490228e+01
7.793117659461600510e+01
7.046549191752606589e+01
7.539965521180771191e+01
7.812769874402128778e+01
7.415798046416468026e+01
7.761133293901391994e+01
7.058318780302654716e+01
7.518653889374569133e+01
7.683413876727301783e+01
7.204610808828184076e+01
7.427827871669674664e+01
7.705843464853337821e+01
7.501679384174985898e+01
7.513126526941583450e+01
7.718193515340423971e+01
7.919608597272926431e+01
7.372497409685951197e+01
7.599028591979777048e+01
7.749924940441614751e+01
7.959895651596940525e+01
7.295489873795612823e+01
7.607002239088176054e+01
7.734609398150443837e+01
7.946481896346818985e+01
8.004859587228155249e+01
8.171780373989410862e+01
7.594325865255380847e+01
7.839831665098571989e+01
8.059680994851717628e+01
8.073506040039211484e+01
7.499683073609043049e+01
7.716893165789799980e+01
8.076137207774974058e+01
7.988355859391468528e+01
7.590066354760791967e+01
7.671766941488206726e+01
8.004088221840576978e+01
7.926948160111248853e+01
7.614421344834065053e+01
7.656935933667357119e+01
8.004195701350344905e+01
7.879159079196377036e+01
8.221894949594370416e+01
8.456480926235707329e+01
7.690549250011065396e+01
8.111930207890378597e+01
8.399796671106904000e+01
8.035667147032025071e+01
7.985966185286169150e+01
8.258185302557056673e+01
8.042676764151605084e+01
8.392170392817125446e+01
7.644671300611621234e+01
8.117757629887680082e+01
8.422302042870292382e+01
7.840378930350614439e+01
8.298365725849086516e+01
8.468143770070467724e+01
7.992988610805556959e+01
8.112923125866502971e+01
8.480518917265379741e+01
8.050162651289944904e+01
8.258957028956908175e+01
8.595636755729348977e+01
8.201266707292205638e+01
8.435205574473548040e+01
7.918895123218116794e+01
8.296784046085900854e+01
8.400201990022402754e+01
8.227116373684869188e+01
8.523052838674851728e+01
8.669499022523720555e+01
8.097251726242410541e+01
8.418562182271500660e+01
8.588695685320885786e+01
8.702560056352237439e+01
8.111724888992524996e+01
8.434042005699988920e+01
8.567157855393679711e+01
8.684174703774570503e+01
8.035689600608125716e+01
8.359622731915034421e+01
8.464259827334670661e+01
8.715694469814285128e+01
8.034157993656481267e+01
8.424039334728537654e+01
8.463693855927166965e+01
8.647676639166479617e+01
8.716358833820351038e+01
8.989531897580829423e+01
8.231609720211817205e+01
8.554172891251832311e+01
8.819963275760831323e+01
8.721311888466551920e+01
8.379251646289955602e+01
8.418709873421866519e+01
8.846412813740234071e+01
8.642797431673587027e+01
8.387587707442246199e+01
8.476865310227637451e+01
8.904948017025645868e+01
8.520961643924665907e+01
8.949136535224623401e+01
9.109214838129642544e+01
8.374365848357351183e+01
8.817995275896922180e+01
9.207183660071075337e+01
8.684312450680467066e+01
9.038103388253783521e+01
9.302025696205072336e+01
8.555646642512381561e+01
9.030130168150840575e+01
8.496729300995509959e+01
8.949716553942114672e+01
9.057214867982423812e+01
8.629730162953569561e+01
9.015860352638921427e+01
9.134640696912941848e+01
8.651813380391550368e+01
8.960325134133516656e+01
9.278744911338748125e+01
8.622091572796017545e+01
9.056390472582582163e+01
9.323623740058619092e+01
8.762463162679843265e+01
9.223484440850029387e+01
8.638848162488439186e+01
8.964688308401284189e+01
9.163422338622801533e+01
8.715332324530581332e+01
9.069521475757862561e+01
9.277093826582900249e+01
8.711864558843099360e+01
9.092559537425439942e+01
9.337560395479380304e+01
9.407000712516348528e+01
8.848787411932640623e+01
9.156102545392526793e+01
9.255908763857682686e+01
9.473152952737400767e+01
8.746842183608238486e+01
9.199363634894517361e+01
9.257648655276761929e+01
9.325624902040541997e+01
8.684578432642990720e+01
9.177451003293101905e+01
9.173148385012362382e+01
9.354320726949106302e+01
9.325532805625282151e+01
9.699362061956348668e+01
8.933483996204626010e+01
9.363501074486823939e+01
9.616238027001521971e+01
9.128625293700606846e+01
9.625457095235137217e+01
9.821778091007848843e+01
9.133848795281546984e+01
9.620714341932381330e+01
9.113920518523318037e+01
9.667321760498191452e+01
9.443730781245929506e+01
9.442576004466303630e+01
9.872321752061928635e+01
9.549495655652273740e+01
9.626969979824882273e+01
9.330948376013218137e+01
9.789311176952465132e+01
9.682122032979596327e+01
9.434434644927057434e+01
9.873046596851686729e+01
9.726725179021877921e+01
9.842015061261973585e+01
9.414380200276028177e+01
9.823263319051446274e+01
9.977245800626813832e+01
9.488187136754173423e+01
9.885231363225210544e+01
1.011548682510952517e+02
9.581042575924391258e+01
9.908700395610576095e+01
1.021240892261640170e+02
9.515293251287012311e+01
1.002174012041871833e+02
1.029217881688077227e+02
9.780200790532025223e+01
1.013942316990513319e+02
9.553340815129512009e+01
9.888850713837369710e+01
1.014334468982264923e+02
9.499798097696751142e+01
9.947500524660951271e+01
1.026392299710130658e+02
1.012029681639689898e+02
9.803299892656779946e+01
1.021479534886741902e+02
1.036158877851553086e+02
9.698598987707923413e+01
1.009223509610525014e+02
1.051584295455834450e+02
1.028690791570995628e+02
9.954579078355266120e+01
1.046244914931721013e+02
1.044793064201569450e+02
1.014711281051636149e+02
1.020890266408295304e+02
1.072264023084128155e+02
1.009790531917614231e+02
1.055802150256635770e+02
1.081182312625004300e+02
1.015285011253428564e+02
1.072183147456683230e+02
1.006978760322435988e+02
1.062897278245841051e+02
1.042216094652500686e+02
1.037010372353372958e+02
1.092808127674954051e+02
1.065632568342988122e+02
1.087081618181792635e+02
1.111480648037991728e+02
1.049896707836537644e+02
1.109811635733144328e+02
1.037756711118072985e+02
1.094617298221970003e+02
1.088568181980841700e+02
1.084937938509818167e+02
1.044851603061137411e+02
1.102090318671602489e+02
1.097846710633150877e+02
1.060399985873634279e+02
1.100494522110786022e+02
1.120509744134409971e+02
1.051495925507370544e+02
1.104801026345505761e+02
1.142815906471109173e+02
1.079235427244963716e+02
1.127963462398837038e+02
1.072052595510540556e+02
1.112326110774087198e+02
1.145856658372549930e+02
1.084439805524855842e+02
1.125692370406896003e+02
1.154360050999169403e+02
1.090258723877006020e+02
1.135018743071037619e+02
1.171808462046785877e+02
1.103337574497505642e+02
1.150848016055370948e+02
1.170021711363960293e+02
1.124321392642660413e+02
1.162579838733068129e+02
1.103780350237551744e+02
1.145393267455229704e+02
1.162342040240296086e+02
1.114953473988606305e+02
1.146083875104383196e+02
1.192769007445294420e+02
1.156045182515300098e+02
1.169191998110570836e+02
1.221082558607254072e+02
1.145075194687300382e+02
1.199903148365884533e+02
1.211095372937504635e+02
1.179236608862913442e+02
1.189035999379756419e+02
1.245676540837282573e+02
1.188557224686808098e+02
1.252793011075346072e+02
1.174966815500326049e+02
1.227584665278988894e+02
1.218124581959868067e+02
1.213181170993930351e+02
1.201952601572799466e+02
1.251486009900355896e+02
1.198328352268788564e+02
1.258708669677976673e+02
1.282531139374619045e+02
1.200342517529239643e+02
1.266504910855510673e+02
1.198602814971021076e+02
1.257117987273354487e+02
1.251691367385818410e+02
1.245701648930097605e+02
1.297335692151998501e+02
1.254374227641112896e+02
1.283010192609900457e+02
1.239405248908900177e+02
1.290420211552467435e+02
1.268465088827966269e+02
1.242702260757254749e+02
1.290053764459487695e+02
1.322899862592509805e+02
1.252416960111859225e+02
1.306490420306417093e+02
1.336229120908613197e+02
1.266061380408681032e+02
1.326687198165424206e+02
1.355928113078055333e+02
1.294824282451655222e+02
1.341528988145325911e+02
1.289748815938966970e+02
1.328202633721397774e+02
1.372425395051146211e+02
1.288810430458640042e+02
1.360248756686444551e+02
1.370619284952957457e+02
1.308484179532916016e+02
1.350486494390605969e+02
1.409437758692145337e+02
1.316998324219581207e+02
1.397085847947613786e+02
1.397251877462223888e+02
1.369663579674779044e+02
1.390453550337336424e+02
1.343865213510546539e+02
1.377186822666249384e+02
1.432203926768725921e+02
1.343493884003715380e+02
1.412908018046321956e+02
1.414058384880736696e+02
1.395361450568988175e+02
1.402914667399618054e+02
1.462947418201446510e+02
1.376811329554417682e+02
1.455871782341947096e+02
1.366560878850336280e+02
1.446538517356567866e+02
1.432649704093500986e+02
1.427721558586378308e+02
1.478962069368731136e+02
1.465728936656993540e+02
1.462859338619162486e+02
1.451096789453842746e+02
1.502449756779918459e+02
