0.000000000000000000e+00
4.915665219929469032e+01
-1.966296175928361833e+01
1.921104752678849792e+01
-1.215682253251045886e+01
1.674182236066895157e+01
-8.866842666277952034e+00
8.862961655706726560e+00
-6.972407464523141307e+00
6.689923724287150542e+00
3.653330371144995758e-02
-1.709818800294795826e+00
3.521908765649582218e+00
-1.859613554033957339e+00
2.755209800613517945e+00
-1.699085226353706846e+00
2.427147858797617630e+00
-1.392349444424163307e+00
2.347852024650074032e+00
-1.064222076880151358e+00
2.371567207949008882e+00
-7.464623126416392029e-01
3.121990007889088758e+00
-5.941033651061807808e-01
3.412883449674700476e+00
-4.148939787753065378e-01
3.716163622599931049e+00
-2.031625614420941583e-01
4.028837387983713825e+00
3.567444553127671059e-01
4.256191489853350163e+00
5.056600207291335192e-01
4.462977530549820493e+00
7.112922002988415482e-01
4.803261085622542836e+00
9.639220138371716873e-01
5.149959014813472180e+00
1.245034012450656258e+00
5.513532291797174523e+00
1.547042206649124507e+00
5.894722210168136911e+00
1.866617246814394893e+00
6.289146315634835283e+00
2.200870614374512257e+00
6.806813173897287683e+00
9.045022609078365861e+00
1.070310887659228882e+01
8.112767147177194715e+00
1.175761140172868657e+01
8.686328632559227714e+00
1.220977715747210013e+01
9.087438631412712908e+00
1.263815635449407893e+01
9.469967858002505068e+00
1.304591559044008697e+01
9.836595112907549066e+00
1.344367470688939825e+01
1.019677088664099252e+01
1.383542097336149546e+01
1.055280218359417610e+01
1.422426979087290100e+01
1.090686340401193988e+01
1.461119188463068497e+01
1.125953036959059261e+01
1.499677921289533344e+01
1.161106266395782782e+01
1.538105403526792969e+01
1.196134755795491422e+01
1.576389785780821917e+01
1.231015003497913440e+01
1.614504979094512649e+01
1.265714440415924713e+01
1.652420444577295555e+01
1.300196836586096261e+01
1.690102417063581086e+01
1.334423815988971462e+01
1.744049833244904946e+01
1.989601986887033291e+01
2.287889009264491591e+01
1.912080813751181196e+01
2.382726503922284778e+01
1.953858549229481056e+01
2.418478876939146716e+01
1.988330600196016817e+01
2.452593694153651072e+01
2.021291762978465911e+01
2.484842473681249686e+01
2.052560384748995403e+01
2.515451096501152151e+01
2.082285937922912211e+01
2.480906562864215559e+01
2.113637945664265771e+01
2.512874271421200234e+01
2.143975803450477002e+01
2.541578476152630728e+01
2.171632230047103107e+01
2.568279372305051567e+01
2.197510962481165109e+01
2.608376462723838785e+01
2.894388145853808325e+01
3.030724294048608414e+01
2.989405331362848628e+01
2.924772446212698185e+01
3.134244712654955478e+01
2.911112741075675459e+01
3.123407699537492022e+01
2.931038443223682322e+01
3.164260452786249544e+01
2.952543235877773853e+01
3.175182734776371518e+01
2.896775182650928926e+01
3.179841050944311220e+01
2.914094351703642261e+01
3.185230934955267657e+01
2.931317407783561890e+01
3.190223975741930218e+01
2.948395319397447878e+01
3.245736410204740707e+01
3.630304429008738509e+01
3.899327707313392466e+01
3.590675678591527031e+01
3.908048046570495870e+01
3.602437716576163496e+01
3.901407482980808084e+01
3.575391082246734697e+01
3.892880108657214322e+01
3.589698309031600587e+01
3.893591058268614802e+01
3.563889423806792678e+01
3.897878417624521319e+01
3.584169265356354117e+01
3.895951062274544796e+01
4.194650141344922645e+01
4.380069539901732867e+01
4.131068129751083973e+01
4.377070748131959732e+01
4.111553408827826672e+01
4.253816609703940799e+01
4.082315860259814144e+01
4.461779512531777669e+01
3.975475559876177556e+01
4.520733589811359110e+01
3.921809297877594958e+01
4.401165072681600066e+01
3.893761678049720842e+01
4.420010159243901171e+01
3.874071753031942222e+01
4.411176215185192007e+01
4.441566011634616729e+01
4.913359464452603476e+01
4.262482645772705325e+01
4.951377715127488699e+01
4.198238319187598933e+01
4.983327731646535597e+01
4.128799231070398434e+01
4.930250018157124714e+01
4.051568279906729231e+01
4.886350437872928154e+01
4.194055163818516974e+01
4.589656657076881174e+01
4.248545904238179105e+01
4.839714013449187036e+01
4.925187845436461487e+01
5.108624253058087561e+01
4.967845396535740576e+01
4.907279794483856961e+01
4.923013074506498299e+01
4.858480558593437593e+01
4.875367881163970196e+01
4.806064895306115403e+01
4.821441428018391662e+01
4.754013315585321919e+01
4.768227308891659533e+01
5.259718965535664381e+01
5.252864385289056770e+01
5.240285018827358954e+01
5.201673377795843578e+01
5.163493611989822796e+01
5.138238244109908237e+01
5.097158030385342187e+01
5.090091699042966411e+01
5.044156343073358073e+01
5.017706051935426359e+01
4.971912269543581431e+01
4.952762043108609902e+01
5.447627003650358546e+01
5.263600996984185798e+01
5.599205089839605876e+01
5.114042528065692750e+01
5.633581145137384283e+01
4.950597483546910382e+01
5.529208970833025205e+01
4.908618118159576937e+01
5.461250043963838152e+01
4.866158732127370001e+01
5.395877963574675817e+01
5.746185453205890070e+01
5.363907706560391375e+01
5.746144601904348548e+01
5.144239260327697849e+01
5.686661772770964518e+01
5.040555164154231704e+01
5.583680558738366528e+01
5.067988565433208237e+01
5.533149558757872910e+01
4.888885819502123553e+01
5.422156386201324807e+01
5.776867360538742702e+01
5.343169231299976474e+01
5.797197597024617721e+01
5.170552720322557150e+01
5.683003700179128259e+01
5.067003041707969402e+01
5.577564515723297944e+01
5.069628317510529314e+01
5.513986885737618593e+01
4.828347451845577609e+01
5.395154249056518836e+01
5.733350903404262766e+01
5.221232644830920577e+01
5.764906744307633346e+01
5.183610872053711915e+01
5.653041976258683832e+01
5.113567144843351286e+01
5.552391538745073518e+01
4.911060368023359501e+01
5.428516252364294559e+01
5.732929941252628936e+01
5.476571830653429629e+01
5.791357824960979173e+01
5.178375561469093924e+01
5.736453929888379832e+01
5.105621484341538974e+01
5.581936060840499891e+01
5.007985062174613233e+01
5.455147170356038089e+01
5.697022592144263342e+01
5.643379356159223192e+01
5.447747281140835440e+01
5.662986528578585421e+01
5.336245658260462221e+01
5.500177635601880866e+01
5.183908933375673911e+01
5.381072547729159794e+01
5.058768120760179698e+01
5.221012278149122210e+01
5.531511116702741759e+01
5.658644846934279116e+01
5.312885457900496533e+01
5.511156224352168920e+01
5.173760537295282091e+01
5.384398716640924221e+01
5.034169343963471732e+01
5.231868566766495832e+01
4.874035202140026257e+01
5.177265483871735796e+01
5.306698455913630852e+01
5.502308110216998216e+01
5.095644856975376058e+01
5.377211583538648654e+01
4.932540803731813384e+01
5.212277901794350754e+01
4.770412465164574201e+01
5.025616325119562333e+01
5.266328782083182602e+01
5.433284726114477792e+01
5.151843089399519471e+01
5.399304492409579126e+01
4.835869680014596383e+01
5.199235199181433131e+01
4.691187970005711350e+01
4.998465122189212195e+01
5.177740504889024464e+01
5.360302092120400630e+01
4.879301536457212762e+01
5.164340126681742760e+01
4.688576948861808091e+01
4.991618984558269290e+01
4.577561986036099029e+01
4.837083676171085500e+01
5.048551995346971921e+01
5.183354075489486945e+01
4.947875543826783229e+01
5.116098048110666241e+01
4.579704800219726479e+01
4.871573852945819993e+01
4.554367950707825941e+01
4.729918917227399078e+01
4.977315686918628046e+01
5.050325034011878955e+01
4.867024731560365325e+01
4.956971604463932835e+01
4.599696494802833513e+01
4.737800880179531049e+01
4.500651628880910948e+01
4.608884708514693784e+01
4.913207861391623510e+01
4.900829611848992329e+01
4.693577478797556779e+01
4.728052614619601002e+01
4.607763511967223025e+01
4.628328393835301569e+01
4.366069247760407279e+01
4.406521414141337800e+01
4.758851197161831692e+01
4.680108389357675946e+01
4.614208261671598166e+01
4.581743404030885358e+01
4.410065772373240378e+01
4.381066780991897502e+01
4.348433376111808712e+01
4.295720270888732273e+01
4.669997391371434503e+01
4.600939438822713612e+01
4.434539011451307999e+01
4.354053502551028032e+01
4.471993132730879239e+01
4.301669358623932737e+01
4.146278205696322772e+01
4.058392179797620969e+01
4.455347423162992015e+01
4.493604591303543572e+01
4.172595984635496791e+01
4.103348242060949502e+01
4.301195764149762368e+01
3.977601824336988301e+01
4.075299127512513309e+01
4.375963643199126807e+01
4.261880784575700432e+01
4.256449942735413572e+01
4.071795845999983499e+01
4.160104070548246824e+01
3.955588525975755232e+01
3.891452398144939906e+01
4.226529722025691882e+01
4.061289081046557925e+01
4.421860370224947445e+01
3.684044039873653276e+01
4.123338635142908970e+01
3.744404195470733754e+01
3.965034618038469461e+01
4.244316961397208132e+01
4.092131526600780944e+01
4.229322734154689556e+01
3.878682620364715206e+01
3.911748548690538030e+01
3.660291430695020409e+01
3.798781194414706874e+01
3.491549171241501170e+01
3.824634442096036224e+01
3.768201807754333288e+01
4.031958525231790702e+01
3.292861595592683699e+01
3.843106847692534700e+01
3.083690547824274830e+01
3.630430130087725615e+01
3.874254876875686904e+01
3.778463342778525913e+01
3.656356043387439314e+01
3.867848479001145989e+01
3.169111442856543448e+01
3.631105542811279463e+01
3.873047566903001382e+01
3.773174315972337212e+01
3.714110940093511459e+01
3.521412111262375788e+01
3.596930512465161200e+01
3.065786021774946235e+01
3.452090435478288555e+01
3.651413653004080118e+01
3.779435586071431175e+01
3.408097656959379407e+01
3.635780919352134788e+01
3.190224200153166478e+01
3.339684423840920857e+01
3.133809375242957174e+01
3.341225553971551676e+01
3.529108126217835917e+01
3.555749466476833476e+01
3.233025800010715045e+01
3.479811694666859267e+01
2.988436634652671131e+01
3.188776590277860734e+01
3.376333120432066437e+01
3.535052971594837601e+01
3.382012928176946787e+01
3.376947793576857748e+01
2.983927330617050089e+01
3.247032667639943782e+01
3.389081841687882246e+01
3.587396469736389548e+01
3.232103807287267472e+01
3.520230477874644492e+01
2.951697109929325791e+01
3.256289436597595000e+01
2.716410000036168526e+01
3.011914206465139188e+01
3.109830546133522233e+01
3.351445164541985378e+01
3.243797798367531726e+01
3.018993820452428523e+01
3.114589844108716932e+01
3.398892470818189082e+01
3.394448560306341989e+01
3.165739239537778715e+01
3.208047116336122428e+01
3.152276166100086385e+01
3.138067369392484096e+01
2.842190298315774655e+01
3.075716752736775916e+01
3.071469725642267434e+01
3.407267730749525469e+01
2.768404403861062946e+01
3.238531092041588266e+01
2.627940860297097458e+01
3.104532841740378402e+01
3.083048949977937525e+01
3.431087605496004045e+01
2.692967624891585388e+01
3.255171049606755673e+01
2.617132629392401810e+01
3.135832462618147076e+01
3.320935702460334227e+01
3.158641289166202171e+01
3.180658826138699169e+01
3.094579776149675254e+01
2.949691537294964050e+01
3.261768361024547147e+01
3.190385849674522589e+01
3.491635361257373660e+01
2.988458388371849495e+01
3.309819650742362995e+01
2.838647275591862496e+01
3.179640642968514541e+01
3.482969761562884514e+01
3.238915371804523602e+01
3.222364383552846334e+01
3.075263535424288719e+01
3.172211238906643160e+01
3.499341833126167955e+01
3.446338264697365616e+01
3.445831258910598649e+01
3.221545458621822888e+01
3.229637164593356147e+01
3.011431228105881175e+01
3.397616483369719020e+01
3.488394331723611685e+01
3.331704601554119449e+01
3.351657571170271410e+01
3.121374940742633797e+01
3.255248921380554350e+01
3.604943253594950647e+01
3.569041267325764721e+01
3.449858623212395514e+01
3.348828070207785146e+01
3.399850753807142922e+01
3.093789046272435783e+01
3.440429455807374381e+01
3.470149536917936217e+01
3.674494395037093852e+01
3.254643847731324513e+01
3.539310140475480182e+01
2.862432214896730187e+01
3.319856395313393449e+01
3.563808643828225087e+01
3.650346310777342040e+01
3.289176902484388165e+01
3.500976238529604245e+01
3.118747063262287611e+01
3.396529217502483533e+01
3.550743153832691945e+01
3.705049256230618937e+01
3.373301608814254138e+01
3.590647079334024738e+01
3.166095898869953018e+01
3.484289544145345019e+01
3.653703391499541908e+01
3.774687426169231941e+01
3.479506272545535239e+01
3.719218218613364968e+01
3.214677928270662477e+01
3.539607670786327276e+01
3.714010324088824433e+01
3.919423995900944391e+01
3.358116352100940105e+01
3.680446909769771935e+01
3.853631467357168816e+01
4.069206015073596916e+01
3.948453489653058313e+01
3.826064011788830044e+01
3.907951203643899163e+01
3.445163451607837146e+01
3.710979038253662310e+01
3.949814716680407400e+01
4.044746716179340496e+01
3.741850965173401988e+01
3.890117002310366701e+01
4.163959462672522704e+01
4.214238056165473267e+01
4.065395230932143278e+01
4.140709032702525860e+01
3.801231719541831922e+01
3.952759685222458330e+01
4.262850013672468208e+01
4.317486930255822841e+01
4.055886789139533022e+01
4.107742674540847361e+01
4.186459928051589685e+01
3.855639292263028750e+01
4.249097991642791072e+01
4.379708025479146727e+01
4.223537712480805340e+01
4.234806417686503721e+01
4.027504492111518175e+01
4.429118418734285711e+01
4.314657916056253839e+01
4.685578397404993467e+01
4.061167945102531718e+01
4.507667286089820635e+01
4.798737135102665263e+01
4.576190870992495974e+01
4.601550187882256182e+01
4.488489000721899913e+01
4.384828045679908826e+01
4.289052276248573037e+01
4.689107688174870248e+01
4.886722286126491355e+01
4.312316917042129916e+01
4.796558125354086854e+01
4.087391573144990531e+01
4.594331605825272646e+01
4.924199011747347754e+01
4.549984482560559940e+01
4.719874961791356327e+01
4.596200943790230298e+01
4.567742086607784557e+01
4.884754113522536301e+01
4.975169607173071995e+01
4.706541590002937880e+01
4.849385777027359978e+01
4.582929461022463613e+01
4.902248997915101114e+01
5.012932221979011871e+01
4.945508363574764132e+01
4.982111742668013221e+01
4.696879337654893760e+01
4.832815095010629847e+01
5.139155729361611691e+01
5.238690400360590615e+01
4.695088860632372274e+01
5.082063326639407563e+01
4.507846872954168305e+01
4.924286614112449456e+01
5.089954540988443910e+01
5.251410240172769761e+01
4.874491015340084488e+01
5.049016717973059087e+01
5.325755246870168946e+01
5.417117964483384185e+01
5.110085605419660482e+01
5.332176702127163281e+01
4.894231705608390115e+01
5.106546927951605142e+01
5.313035539216916447e+01
5.532684978078953719e+01
5.006219561496868664e+01
5.247328746677182920e+01
4.958513057354077347e+01
5.197268490097251714e+01
5.364372551828987667e+01
5.524783502229079346e+01
5.019388791436072950e+01
5.339236532131708657e+01
5.471018427109106597e+01
5.720027813751892154e+01
5.244585076454674066e+01
5.549282192229210153e+01
5.024029347370549914e+01
5.334225834443947889e+01
5.452640775656310268e+01
5.703147913879578113e+01
5.402682048655636038e+01
5.592683209277843304e+01
5.874862153778948226e+01
5.849392342615503537e+01
5.446926284056523571e+01
5.624171940354640498e+01
5.339099263127892669e+01
5.534203449484359538e+01
5.596776937429554977e+01
5.904018834984501041e+01
5.552812640002139233e+01
5.821192092674615992e+01
6.116248845108446375e+01
5.862849310806190317e+01
5.955332882396812266e+01
5.829530252643643706e+01
5.496850367657344094e+01
5.800325978487198597e+01
5.915530463220439117e+01
5.980403076153746156e+01
5.539112828119456822e+01
5.929809389770366579e+01
6.259860487786764338e+01
5.990947003064673737e+01
5.954705766071769091e+01
5.832445136093301130e+01
5.790167108989868439e+01
6.192343423367724142e+01
5.937029248191780084e+01
6.278144458858578503e+01
5.492637909182811029e+01
6.059015347233253834e+01
6.354070792979733540e+01
6.002753515694941200e+01
6.084453583990528358e+01
5.851642765827428150e+01
5.867801736215666608e+01
6.254299992055710788e+01
5.993911905718656641e+01
6.205426563957285424e+01
5.829759518142704877e+01
6.016212669882804676e+01
6.272597393165769120e+01
6.462746904919634972e+01
5.719850904805852565e+01
6.194356339469918282e+01
5.782047141617483987e+01
6.080932205483886577e+01
6.190524714106511084e+01
6.145750187823593791e+01
6.123482086585062945e+01
5.779839634664207892e+01
6.028605790800182263e+01
6.118998345925394489e+01
6.333624183607749814e+01
5.769354023496011763e+01
6.108537045189883941e+01
6.250116403942916321e+01
6.444975204481293929e+01
5.775198199747415373e+01
6.189774101031223807e+01
5.645102139025628674e+01
5.959846378581563897e+01
6.066060238867449783e+01
6.276581171328820830e+01
5.668033600278997142e+01
6.014563129204654501e+01
6.147357267848342843e+01
6.309343863095278948e+01
5.843203948280181237e+01
6.136334837115964547e+01
6.286768291470946224e+01
6.413359539956404376e+01
5.979515809897559109e+01
6.183605204969780544e+01
5.847565781507492488e+01
5.967524596542012461e+01
6.165057109052084883e+01
6.231255868278390153e+01
5.939018621444703427e+01
6.089731690038872358e+01
6.333475599046531102e+01
6.342724527105180243e+01
6.186723834904703523e+01
6.188455589194166606e+01
5.767494810412097905e+01
5.900421144893099523e+01
6.160765420499333800e+01
6.122292313373783657e+01
5.842315574896618813e+01
5.894155011573582215e+01
6.173559774744932582e+01
6.116157853541339762e+01
6.080848376423270452e+01
5.996732983777722126e+01
5.716182618241386848e+01
5.779964308105677162e+01
6.093513129301538100e+01
5.933024170625619576e+01
6.006475761331127927e+01
6.312437000844975898e+01
6.076143505726686556e+01
6.297780013977474312e+01
5.907262168563120497e+01
6.144948211281140971e+01
6.426416369268940798e+01
5.989685078756890135e+01
6.269981633585258152e+01
5.636486829127913722e+01
6.038571889527604242e+01
6.302130080910502130e+01
5.942015280096926944e+01
5.968096256860042104e+01
5.705854512742053686e+01
5.795045147299935451e+01
6.114234125971033507e+01
5.824258174900504770e+01
5.929262328741440058e+01
5.615385763981755929e+01
5.945595928036481581e+01
5.900131188201993382e+01
6.059284348423117450e+01
5.658661063597371310e+01
5.814223891647565523e+01
6.016668618201744323e+01
6.166762666217897504e+01
5.742723814961620121e+01
5.817989695112502346e+01
5.422367483934604593e+01
5.648686324188361141e+01
5.709532811489416559e+01
5.904168357908247344e+01
5.382230712581103660e+01
5.636413608961527899e+01
5.725265751651795654e+01
5.909105131410063905e+01
5.284360307736390894e+01
5.603678137296567741e+01
5.721400033296701793e+01
5.854470851780418883e+01
5.405648908156645405e+01
5.610811522585461830e+01
5.759938757464574621e+01
5.847239128899699523e+01
5.484677368116706475e+01
5.628545346734472332e+01
5.131847282590835135e+01
5.396194997094960399e+01
5.454368678168684426e+01
5.639925217619341424e+01
5.361549523671219220e+01
5.502416011525383510e+01
5.539718335699939900e+01
5.761464950681132535e+01
5.247873334780484811e+01
5.428047995720158525e+01
5.574576842998636295e+01
5.543392583304873256e+01
5.454821212265182595e+01
5.445502247314326638e+01
4.969007322747211930e+01
5.104410464607795461e+01
5.340919038522378770e+01
5.275867113438249589e+01
5.334987358923594059e+01
5.463797252453584008e+01
5.391061483065807636e+01
5.457907831419883848e+01
5.273057719034581226e+01
4.994691228239142333e+01
5.205756461014188829e+01
5.102125505542468176e+01
5.406003224895786019e+01
5.000613699377055354e+01
5.251694674061315027e+01
5.482441212996813817e+01
5.172518841791011823e+01
5.180212492422072756e+01
4.974564755147797968e+01
5.285607285938058908e+01
5.369618412672183894e+01
5.016923016443929839e+01
5.040855774978776793e+01
5.352487777447509387e+01
5.091407496014036838e+01
5.290911855519939877e+01
4.653779040314321236e+01
5.077665663182711597e+01
5.303926419713708640e+01
4.887759955134341538e+01
5.226024372144158292e+01
4.387672998093617593e+01
4.912439423310851794e+01
5.045187295355069068e+01
5.236069728823181890e+01
4.467925563717624726e+01
4.910965660121033949e+01
5.116429050321686844e+01
5.160466554130032790e+01
4.781944008473099927e+01
4.832173032815336455e+01
5.049123844872865874e+01
5.205136882685575728e+01
4.513107729185395556e+01
4.887184387130074015e+01
4.303622153813638107e+01
4.636293413997617563e+01
4.692034899157785333e+01
4.861340628293427102e+01
4.459111715517640562e+01
4.680401002177165282e+01
4.777725053998708660e+01
4.908497813849986358e+01
4.512220796296085723e+01
4.650680863933373388e+01
4.784931480903185275e+01
4.921757466458551988e+01
4.429895151753409976e+01
4.592085970466278866e+01
4.713261201903326736e+01
4.804035487039374175e+01
4.807458124809047462e+01
4.359170774489165012e+01
4.627194833973931054e+01
4.666975366898251565e+01
4.856323648739705590e+01
4.565662598920438597e+01
4.705256626785216412e+01
4.714350463362942634e+01
4.930126828580466025e+01
4.453363698760034595e+01
4.755367000092103780e+01
4.785593284738013864e+01
4.996881134304170757e+01
4.529047301650946622e+01
4.848287895910269185e+01
4.021323841085837358e+01
4.487016821351125628e+01
4.453538421134886960e+01
4.741382262451799079e+01
4.400527869929127434e+01
4.728437782842711101e+01
4.802864453631942609e+01
4.480408287040613402e+01
4.758154928119083849e+01
5.000215129448397278e+01
4.739670234687194750e+01
4.663928421388357037e+01
4.508789524856298669e+01
4.438772202005900880e+01
4.792685153044315172e+01
4.521239935380432229e+01
4.835632532122120608e+01
4.168126210208410498e+01
4.517749701922947025e+01
4.785296419346814645e+01
4.467311182178024609e+01
4.524076105806335590e+01
4.310281775680416416e+01
4.549943981682116600e+01
4.637698115510024621e+01
4.717673448595748908e+01
4.163937713799822404e+01
4.427969919434038815e+01
4.662786384239552717e+01
4.827886571996187115e+01
4.279805177784117376e+01
4.557033614662680066e+01
4.773098033383380567e+01
4.773727259923744981e+01
4.369550322473411086e+01
4.527418736086672624e+01
4.768250689318389846e+01
4.819630979570749929e+01
4.474130911680668277e+01
4.609109241677050051e+01
4.821175576113385830e+01
4.938303345694468049e+01
4.395228967019277633e+01
4.669082785344086517e+01
4.791108905380534111e+01
4.934454889654020349e+01
4.621159792646851372e+01
4.786921794668783292e+01
4.944616420341660046e+01
5.032541550701866839e+01
4.646247830358647946e+01
4.804540871797869528e+01
4.366970157314327849e+01
4.541471990820564031e+01
4.716704803208258312e+01
4.811443245831093662e+01
4.386630127871121942e+01
4.562264888572880750e+01
4.751883322920617303e+01
4.806994030145050800e+01
4.739897480242480299e+01
4.801400976544823607e+01
5.037104522636013115e+01
4.990419826218224131e+01
4.582538368045045019e+01
4.699629912001985588e+01
4.958061636150262075e+01
4.904979149432116259e+01
4.873386989532958324e+01
4.825772134434066629e+01
5.111177963223174459e+01
5.088005222719642973e+01
4.869949822708348819e+01
4.836163559670362844e+01
5.147317016080423713e+01
5.224238993434321543e+01
4.571910595807538868e+01
5.058155809197432262e+01
5.308251944358322305e+01
5.069306514159690380e+01
5.235881258191121645e+01
4.807945104693842353e+01
5.198776109001636314e+01
5.452673289627860242e+01
4.729712415744054965e+01
5.216956951617192573e+01
4.575420299999888840e+01
5.041934874860606897e+01
5.303465996643167557e+01
4.833726007871867836e+01
5.188602666290117327e+01
5.447423034966397637e+01
5.060645486749148603e+01
5.318738987484879743e+01
4.989259829046326189e+01
5.245436661919889332e+01
5.286857047666450171e+01
5.172845485760907280e+01
5.191309555744846449e+01
5.447831143372092555e+01
5.596344292263535181e+01
4.967994174941258478e+01
5.316826655817107650e+01
4.779757437042145085e+01
5.108462174041196846e+01
5.208831755985945478e+01
5.414934640887190653e+01
4.688130609054734776e+01
5.120511146291864435e+01
5.273793214359104553e+01
5.356873729567692521e+01
5.075128329338042477e+01
5.259131100815916682e+01
5.440508334647196875e+01
5.384174616849819728e+01
5.203765050881021637e+01
5.390794752371807874e+01
5.513581491003721879e+01
5.607328219799306623e+01
5.080027056799504948e+01
5.305157070679024400e+01
5.400029644007106100e+01
5.576987725443576238e+01
5.285821072329382275e+01
5.556079573322168841e+01
5.608534564420411073e+01
5.754740794019097905e+01
5.150762514209328913e+01
5.391573447488794102e+01
5.463126189514191111e+01
5.677614558553281654e+01
5.551740464351762938e+01
5.125445934838042206e+01
5.248878969705810960e+01
5.489763489761583770e+01
5.446589402756967502e+01
5.389108449416697511e+01
5.465575880685026533e+01
5.728330010940550210e+01
5.590421038763154371e+01
5.298544724233429548e+01
5.395678066975376908e+01
5.688796989441915741e+01
5.515689454296833105e+01
5.611301038474601199e+01
5.922421325069500853e+01
5.677181342585367929e+01
5.804899256453511214e+01
5.543939843078045726e+01
5.884970785813008121e+01
5.916365389571640776e+01
5.577484422919928164e+01
5.604768890411784810e+01
5.937416589008802958e+01
5.625094234672811666e+01
5.899613355299774753e+01
5.305130736643359768e+01
5.648584190602340982e+01
5.891839829252587180e+01
5.543231214801308226e+01
5.762057233833987624e+01
5.393500895851548194e+01
5.728005333637747754e+01
5.629306363857958928e+01
5.766770726531000690e+01
5.951888087303438368e+01
6.126748457044070761e+01
5.524225143972475394e+01
5.830077364542209040e+01
5.343492014389287448e+01
5.600318988080351801e+01
5.684364164369016947e+01
5.854279288914361956e+01
5.243621829052128192e+01
5.546262794545213382e+01
5.692646105737333784e+01
5.786071592265658836e+01
5.360070610332255114e+01
5.537046713040732726e+01
5.696321587886158966e+01
5.788213949746796061e+01
5.310619578463158774e+01
5.561631662524401065e+01
5.687667008706683447e+01
5.793859024562648585e+01
5.386872990992595334e+01
5.524153536985608071e+01
5.667388954947239199e+01
5.739272151864250304e+01
5.623815929591233242e+01
5.833363458196878781e+01
5.831209865710859219e+01
5.891295573568067567e+01
5.441982020268689979e+01
5.720121538116525528e+01
5.699807324621768601e+01
5.939754669357301253e+01
5.449061013330568670e+01
5.726660575385693619e+01
5.659463559712967395e+01
5.928255352417706092e+01
5.527940250049702087e+01
5.789201025989708427e+01
5.715463576307744376e+01
5.959564546963400034e+01
5.433690582548078396e+01
5.680487844884774518e+01
5.898298868653346716e+01
5.704092691643715085e+01
5.627598760876945505e+01
5.933067343231688540e+01
5.704035037303960110e+01
6.007597134644515080e+01
5.363346625978515192e+01
5.680850981610983297e+01
5.924019692307782492e+01
5.637986866295893407e+01
5.674905058631794219e+01
5.428153340544827188e+01
5.737564157397626730e+01
5.801999092177702266e+01
5.523217399188594356e+01
5.458936284312493115e+01
5.777366758837705873e+01
5.554031412658513744e+01
5.820237843311443271e+01
6.059677408837323043e+01
5.606262985328935144e+01
5.911001063138776601e+01
5.238746700119571642e+01
5.643837836020550469e+01
5.757350689306606739e+01
5.901197292465310085e+01
5.424860029969261888e+01
5.515097454884792683e+01
5.717286457500080843e+01
5.890507238588892136e+01
5.186521256453499973e+01
5.572235621026005248e+01
5.716315851475646781e+01
5.805272841667128603e+01
5.380272251265252947e+01
5.519179483131892994e+01
5.643988433597120036e+01
5.766273236927602852e+01
5.426077857297184437e+01
5.599426964868739987e+01
5.691405561642228861e+01
5.842572360346479599e+01
5.265366772508239990e+01
5.484850591225907834e+01
5.542479689264973786e+01
5.704331239595980207e+01
5.681460437014650466e+01
5.210328195901106341e+01
5.349968626118049286e+01
5.515700433607286612e+01
5.550042854197351261e+01
5.296945363448224953e+01
5.453574241728681216e+01
5.652430173348957965e+01
5.590924331409317460e+01
5.208299271103324202e+01
5.288078922003118976e+01
5.526056457811493772e+01
5.460564034231335739e+01
5.566370313820289795e+01
5.654951667918705738e+01
5.682297364573529563e+01
5.532777781436185194e+01
5.421699066546154455e+01
5.689480770326701986e+01
5.919904105134405370e+01
5.158641924403211476e+01
5.594106917771261323e+01
5.825667154834658845e+01
5.585350259620987856e+01
5.719640912857107651e+01
5.267718488607305716e+01
5.644926734987493688e+01
5.857146054877447483e+01
5.091969190870494089e+01
5.582194306163911079e+01
5.829914730856749117e+01
5.522147122941159125e+01
5.543798046574115546e+01
5.857118165945298216e+01
5.786629445224888713e+01
5.793161891978989786e+01
5.488113814195616413e+01
5.448714700142789980e+01
5.777295403965581500e+01
5.463484244255894140e+01
5.675057917370231308e+01
5.840456191056962609e+01
6.029273110920131984e+01
5.411915458070410523e+01
5.709639885304864748e+01
5.865449755575466639e+01
5.958378506965947707e+01
5.525272790572497428e+01
5.675007669652242015e+01
5.828527659037001740e+01
5.957148338492130790e+01
5.457817596949199412e+01
5.609841808544270236e+01
5.752727474605440960e+01
5.876420596714532962e+01
5.681254774924117612e+01
5.683457049024243446e+01
5.853282807861085502e+01
5.939885534444312754e+01
5.485279247239689226e+01
5.714150287998884181e+01
5.796175192310168001e+01
5.968671583837890893e+01
5.508123467045398058e+01
5.727912887870605374e+01
5.799557266679973111e+01
5.999050448308975803e+01
5.563018216488983114e+01
5.808865659068353438e+01
5.851844276751101859e+01
5.998604951308637823e+01
5.539554790576949728e+01
5.836219953008396999e+01
5.829254217384841752e+01
6.077482490326885767e+01
5.476563078977536492e+01
5.785130685941451389e+01
5.851362092629531730e+01
5.894871699548965438e+01
5.656046646619898866e+01
5.600552803233871657e+01
5.880962591387480387e+01
6.095193891035220446e+01
5.344792131708601346e+01
5.749478597956819925e+01
5.997029129429142102e+01
5.764370961409209571e+01
5.969640971426492371e+01
5.359580343941479441e+01
5.773768732430382045e+01
5.985530207462633712e+01
5.621485108652389329e+01
5.693796672378348234e+01
6.005405214621597310e+01
5.693371644017116751e+01
5.835876790634925015e+01
6.118544927906695818e+01
6.006129089550108802e+01
5.912898669331435286e+01
5.616236435821009820e+01
5.945623158153775734e+01
5.985649633990738039e+01
6.087809375349726793e+01
5.298694475043365060e+01
5.729439604525825303e+01
5.939538150976311925e+01
6.146901567310571579e+01
5.361963014799363947e+01
5.756703062437498630e+01
5.945036612427031741e+01
6.065389685595278735e+01
5.623038679041309251e+01
5.763434568574416517e+01
5.905913447856160303e+01
5.978703895707301541e+01
5.517865346707149854e+01
5.716251323289074548e+01
5.849999069440570310e+01
5.949119557040788209e+01
5.500448894893021645e+01
5.734304814061434286e+01
5.896072734227576717e+01
5.936992268620886648e+01
5.552432790711398525e+01
5.672405673530830228e+01
5.823364977440058254e+01
5.892927745832099617e+01
6.069783312881230586e+01
6.107620390888349249e+01
6.100054399225123802e+01
5.669403686091861516e+01
5.934299032053817058e+01
5.949268395284895661e+01
6.160997402420095170e+01
5.655855051497725583e+01
5.943013396011603788e+01
5.889751800689433026e+01
6.131828635489844714e+01
5.772564764492024381e+01
6.029852552632160467e+01
5.980248657742329499e+01
6.192237075102022459e+01
5.574684862717454337e+01
5.892110173807020601e+01
5.905514278746144186e+01
6.030660783114937828e+01
5.658807033081478011e+01
5.985180321977716744e+01
6.237584844793706651e+01
5.733594434384395555e+01
6.015513870494483939e+01
6.257348638353766290e+01
5.928618374042481065e+01
5.872541999438142568e+01
5.630876578652561193e+01
5.944293030206913642e+01
6.161645352537046705e+01
5.545712707858969992e+01
5.855709878281084002e+01
6.085580160512128600e+01
5.934110001424058822e+01
5.922049353119768966e+01
6.228545100484044639e+01
5.844433035595790926e+01
6.024753371847504724e+01
5.617362744551198261e+01
5.903828636365228988e+01
5.834171365565935474e+01
6.028518526208853245e+01
5.622999392245781536e+01
5.846689736340345434e+01
5.874629575598353881e+01
6.031029989737945840e+01
5.506748657750778619e+01
5.724202014876919975e+01
5.832448598565392928e+01
5.949127620422323304e+01
5.404003656509443232e+01
5.638992618303167603e+01
5.752320257783816260e+01
5.868736739181813533e+01
5.491159409741427311e+01
5.647689485959688938e+01
5.730294159664467912e+01
5.873161981477819182e+01
5.928115024893524065e+01
6.075952800079615912e+01
5.878134994407475489e+01
5.647490556575170473e+01
5.732950250965784278e+01
5.931316657742026166e+01
5.910490638499805272e+01
5.459884453756022538e+01
5.770922957529273134e+01
5.729956520833659539e+01
5.958587884105747889e+01
5.561296580350118290e+01
5.805386995182898602e+01
5.715221931689052326e+01
5.946439476032750804e+01
5.440376886696517289e+01
5.705525282735953851e+01
5.599916860983552880e+01
5.855191390904321480e+01
5.457919392078188281e+01
5.714277572952480710e+01
5.774610464314019964e+01
5.635410502135972166e+01
5.927978214757934694e+01
6.112053032260297414e+01
5.458034899738349566e+01
5.767667715056413869e+01
6.007139415911103697e+01
5.718109143247662729e+01
5.828135429888384778e+01
5.553814970798107709e+01
5.816857955504892885e+01
5.824195878423328310e+01
5.526243934351926868e+01
5.461810567369356306e+01
5.764142874183738030e+01
5.630036764172572106e+01
5.787396456317792826e+01
5.353919177767677695e+01
5.659490282327715249e+01
5.643827166914500282e+01
5.449409105724340918e+01
5.746795528454862279e+01
5.696601806845108484e+01
5.737603459661458771e+01
5.380875825178572569e+01
5.553979750229639478e+01
5.587303253525784896e+01
5.752953684405746770e+01
5.245160795435032952e+01
5.468119140897038477e+01
5.527986524217758557e+01
5.663584436384252285e+01
5.244048013650641593e+01
5.438016660258908530e+01
5.579648241727032598e+01
5.579457552577809309e+01
5.285481283194599911e+01
5.460200549558530270e+01
5.561770938858671087e+01
5.519861608345251369e+01
5.361524694264516455e+01
5.549727258814767339e+01
5.628003528122578558e+01
5.173420303881879079e+01
5.283716097884805407e+01
5.452713263859031656e+01
5.479682147566663275e+01
5.570487700091164385e+01
5.567164506218723830e+01
5.774508816715706416e+01
5.539391040864235549e+01
5.351936499303121053e+01
5.463189207738086850e+01
5.669520405845575084e+01
5.561435139751150558e+01
5.172599065749358971e+01
5.290250111353191897e+01
5.538374503276962457e+01
5.388422997663303704e+01
5.652135534831555219e+01
5.715862861349823731e+01
5.545926306324863475e+01
5.329748834112266564e+01
5.652624027202687529e+01
5.419093561762249323e+01
5.726199804304263807e+01
5.262809486158914041e+01
5.622930316979666543e+01
5.833396362439327021e+01
5.144987006948575470e+01
5.587202618663103948e+01
5.823957943247251734e+01
5.485416471529053695e+01
5.499254895826559419e+01
5.803647086072973593e+01
5.730322844186386533e+01
5.724253571043737310e+01
5.384894216410857837e+01
5.692518288775327306e+01
5.578461821482859051e+01
5.618538617280451319e+01
5.292780948157167842e+01
5.557485450329113519e+01
5.655698074225791316e+01
5.579382383419264357e+01
5.517746482927561402e+01
5.732080286485822285e+01
5.883824802768659623e+01
5.180768649321105102e+01
5.547466844184692292e+01
5.694691249511788556e+01
5.786663003584487086e+01
5.298021131028962571e+01
5.479145934664605733e+01
5.620980371081699900e+01
5.703760440752330396e+01
5.528927929590607704e+01
5.691979696898995655e+01
5.813301743039265546e+01
5.668808221331403274e+01
5.328462576172471898e+01
5.555245005727422836e+01
5.590378102821650685e+01
5.760280677751710243e+01
5.297827601743255599e+01
5.555744543030365890e+01
5.590132015806879906e+01
5.703325253182110544e+01
5.220607177562463619e+01
5.530244194930242685e+01
5.534106549847203382e+01
5.749461346909684067e+01
5.816770635744217088e+01
5.929076119849221982e+01
5.714165605811228943e+01
5.701238949917805598e+01
5.751251985687832047e+01
6.002972482378657304e+01
5.734583446886079372e+01
5.546716768471813452e+01
5.676154598327190115e+01
5.925711733683076687e+01
5.698402964834374984e+01
5.601176591251972070e+01
5.887925172985477218e+01
5.641233875830879896e+01
5.939555472641797707e+01
6.204961341570167832e+01
5.847114408140756581e+01
5.867907491235912687e+01
5.627709979120212580e+01
5.944796294878200626e+01
6.027313073981103742e+01
5.691193034448930632e+01
5.633735976897529696e+01
5.964180140083795578e+01
5.860929548971947156e+01
6.022091518924707287e+01
5.391619029778169647e+01
5.813591105434675654e+01
6.023002865022351671e+01
5.298866288740281050e+01
5.680218560528835070e+01
5.886582840771804825e+01
6.112201093538599395e+01
5.321876873739756775e+01
5.711591013346794909e+01
5.897452520999385683e+01
6.032617804621327195e+01
5.597975291415097132e+01
5.723235136553968516e+01
5.869388826172308171e+01
5.941846992557479012e+01
5.611790927639103899e+01
5.780346991246400989e+01
5.890017693650713682e+01
5.996514206061512198e+01
6.158795650240301001e+01
6.207164717373805729e+01
5.864449216540122478e+01
5.981984965732552695e+01
6.133898994246735725e+01
6.196577681425482353e+01
5.756833312883163245e+01
5.893107797141132664e+01
6.065161290475361966e+01
6.095349058461397362e+01
5.984036838564319538e+01
6.020791223096716038e+01
6.231169688843277044e+01
6.192721030975689445e+01
5.736185279443130725e+01
6.008777314879988296e+01
5.910828042811452576e+01
6.156109354532066646e+01
5.930097494577290718e+01
6.210706331300115579e+01
6.186921778827569796e+01
5.886344917880709460e+01
6.054989985863311119e+01
6.260379344485333064e+01
6.037272059327769824e+01
6.116849144684378814e+01
6.365108371750412175e+01
6.102513642974588493e+01
6.296327093409471587e+01
5.891467278559059650e+01
6.189525094762984736e+01
6.401403131317809425e+01
5.871024262174933739e+01
6.156522338342238498e+01
6.392805640602054496e+01
6.026160230522087602e+01
6.033188799733494534e+01
5.747209045614030032e+01
6.049808577137258681e+01
6.197215373746956857e+01
5.701515515796040745e+01
6.063071465708017627e+01
6.257264322976227078e+01
5.896824295128483584e+01
5.941407805112348228e+01
6.216681374639765778e+01
6.241436242949939128e+01
5.854213237965961270e+01
5.960218438319265744e+01
6.134091147455333015e+01
6.292682319574373651e+01
5.736796605330924592e+01
5.992787976505965020e+01
6.134838952128102108e+01
6.213708431650383801e+01
5.763120524645826492e+01
5.925953203093489918e+01
6.036267582668267551e+01
6.133282556559447585e+01
5.817069488503492636e+01
5.968151666570662428e+01
6.055877941755449712e+01
6.133594368494188132e+01
5.672369971865781224e+01
5.833836514521573946e+01
5.890125827643380063e+01
6.038935304374725632e+01
6.076797165439793247e+01
6.238527464937026679e+01
6.178414522210123749e+01
5.668762905758529058e+01
5.963429365141958982e+01
5.920983506143988251e+01
6.122632058024178292e+01
5.938788181683856493e+01
6.219904628478711572e+01
6.106144181399334769e+01
5.791472852919786618e+01
5.824705562820511773e+01
6.078312349370233392e+01
5.945952783694251309e+01
6.041368962527207742e+01
6.135632165641064262e+01
6.078575370525314980e+01
6.197985753188556401e+01
5.602929934212237129e+01
5.912041435368240627e+01
6.007391115265878767e+01
5.826409769038924225e+01
6.114626905238642252e+01
6.334706514337538863e+01
5.715847103904783921e+01
6.036298806736467526e+01
6.267345663154004143e+01
5.952003765148403858e+01
5.938664430140481443e+01
5.649937309150134013e+01
5.944113670113020476e+01
6.103580867763807305e+01
5.515779988456864658e+01
5.925686858307313543e+01
6.124967896587461524e+01
5.842575667477608903e+01
6.020713396305659870e+01
6.267085147874823292e+01
5.664853689973494966e+01
6.092706442668175981e+01
5.506560142924956125e+01
5.743302438762889039e+01
5.868602257579159698e+01
5.966093889647434878e+01
5.503481102076246145e+01
5.661302684362019022e+01
5.777957695104154112e+01
5.849968077445059578e+01
6.026776629455909529e+01
6.097245997503613779e+01
5.703243528629678849e+01
5.856669941658037004e+01
5.969413184988917465e+01
6.068474501314184977e+01
5.694456246060466498e+01
5.850825328139640646e+01
5.971525092973938342e+01
6.014787050404153490e+01
5.584098372053438908e+01
5.818837941184633422e+01
5.858037583017932803e+01
6.012220149245047196e+01
5.662023348674793510e+01
5.903366408426503398e+01
5.881695467187219606e+01
6.000650838895253969e+01
5.353658751624981704e+01
5.611023410055823035e+01
5.578878748939948196e+01
5.809647242523562483e+01
5.689867447476208184e+01
5.939794628566199464e+01
5.838457843054132468e+01
5.555183982620767580e+01
5.831727992391937221e+01
5.637904526161748464e+01
5.929091483818631048e+01
5.643547308488217595e+01
5.928667672462848515e+01
6.116968802187661680e+01
5.335515261432877310e+01
5.778409858536520005e+01
6.017045049081675501e+01
5.728843124635312023e+01
5.901803419177880272e+01
6.168821616883966641e+01
5.807255680551820376e+01
5.874055502958108121e+01
5.587570349055746988e+01
5.870200075494692271e+01
5.780817508828166496e+01
5.697252893108584715e+01
6.011027332802409973e+01
6.097877617006473372e+01
5.694876290832836219e+01
5.708428272212035637e+01
5.996789560535189878e+01
6.070627560144023960e+01
5.572791676769882940e+01
5.851085712741584643e+01
6.002689539925481910e+01
6.067108870135827914e+01
5.629534239138797602e+01
5.807212628723239334e+01
5.915647469523204194e+01
6.002515261134092839e+01
5.520965006186485624e+01
5.696923742586688633e+01
5.834813605036445949e+01
5.948401420005272655e+01
5.332022928488396474e+01
5.613540621513014628e+01
5.697420677521563448e+01
5.824783395712574219e+01
5.940740716924171494e+01
6.010661518230364209e+01
6.064631220381158982e+01
5.612592026405216217e+01
5.713654395252798679e+01
5.895605703893431837e+01
5.911443254170958284e+01
5.848377294503529100e+01
6.060737097706912380e+01
6.026912634252987999e+01
5.711642996043561737e+01
5.754640385554700543e+01
5.997940839825932358e+01
5.915274509517092127e+01
5.933917005773566444e+01
5.867187707375337880e+01
6.141081538293418873e+01
5.960356031221992623e+01
5.668746959579475941e+01
5.853701477281470744e+01
5.869887600572585740e+01
5.972428103871621374e+01
5.689261972240124265e+01
6.004210002356214915e+01
6.228374771017936240e+01
5.529447443010605667e+01
5.948264143104505308e+01
6.210728459207363983e+01
5.898205342208570556e+01
5.904235837146924837e+01
6.220039123865920061e+01
5.897381556628884880e+01
6.170689533290559581e+01
6.399066401766110346e+01
6.083091864185512065e+01
6.298918820594345647e+01
5.712892425101454563e+01
6.113997497007051152e+01
6.295918786354626207e+01
5.580999989447625609e+01
6.031180278402211314e+01
6.148696277389525022e+01
6.367719037238529012e+01
5.588173273403763375e+01
5.959607453535081589e+01
6.140868997881736391e+01
6.284772883419505263e+01
5.767571724217904716e+01
5.936691493854024770e+01
6.083813945432180503e+01
6.169300298357558887e+01
5.711589179072912259e+01
5.943258774251111731e+01
6.035509113210096643e+01
6.114378568549008719e+01
5.757079878477431834e+01
5.994937708215157812e+01
6.099271712281017699e+01
6.162672248856841151e+01
6.295747622216662620e+01
6.372843468669042721e+01
5.812794050986092742e+01
6.001382556879087815e+01
6.053282461483340171e+01
6.231501573929815407e+01
6.222969817089962419e+01
5.674098608300750612e+01
5.954106624274660220e+01
5.947066544357885931e+01
6.130066707703117146e+01
6.250005600165378183e+01
6.161029382102675811e+01
6.356821483168184272e+01
5.761095053000159538e+01
6.030184407286419912e+01
6.040043149433861203e+01
6.245067847827981922e+01
6.445791485590753211e+01
6.239795867831827536e+01
6.310962623163556628e+01
6.102529773338535080e+01
6.398785898480971923e+01
6.417663687694825114e+01
5.855302592581590204e+01
6.175547978707592733e+01
6.417074474715984422e+01
6.110231521156325840e+01
6.173729753375692297e+01
6.459394703857199715e+01
6.138597021108429885e+01
6.328439497343125453e+01
5.938606327414391473e+01
6.203750067769568943e+01
6.322802243523570098e+01
5.918189215537913839e+01
6.272100242827874439e+01
6.369731477493102290e+01
6.205724274397167761e+01
6.181526781618738653e+01
6.456796810553763066e+01
6.108239522558966428e+01
6.238580341063999413e+01
5.828101403917265344e+01
6.020087073769342823e+01
6.074426707002358938e+01
6.232509783836649575e+01
5.742225505055176171e+01
5.940336276109032809e+01
6.014843571655863030e+01
6.145700541578285225e+01
6.285011127867283420e+01
6.371957163435970983e+01
5.890289161700425780e+01
6.026273020640179112e+01
6.121819654979999825e+01
6.229349713005669997e+01
6.153769855364932795e+01
5.725695652142947267e+01
5.890008334079011831e+01
5.949406956887726494e+01
6.065182373847721919e+01
6.221604343044095486e+01
6.211294335511418296e+01
6.168867419448229583e+01
5.655944450003986645e+01
5.870438276626390461e+01
5.845376417268651181e+01
6.063348901360501486e+01
6.077213521589040823e+01
6.270727952062206612e+01
6.136572274023163942e+01
5.752337485216784074e+01
5.816577392818676628e+01
6.053082433664675222e+01
5.914633336817242082e+01
6.061829719238453151e+01
6.262870145650002485e+01
6.045730411097899548e+01
5.972748909004076268e+01
6.232392362629198601e+01
5.985578456536487835e+01
6.265730709572190449e+01
5.630784426913032803e+01
5.939784541779000193e+01
6.145586410910888020e+01
5.840938502414073241e+01
5.908600702368709534e+01
6.176787876664057819e+01
5.848397536114378426e+01
5.967585726642385424e+01
6.218161942141007614e+01
6.047206275034599088e+01
5.985245726569174707e+01
5.682029694867058822e+01
5.950485254006409974e+01
6.126047794351280373e+01
5.395732700121903491e+01
5.821849193877903872e+01
6.004850715298875485e+01
6.021343749818091595e+01
5.577062480475510853e+01
5.772504499003488831e+01
5.855448557487988381e+01
5.998797505421521947e+01
5.398044369830289213e+01
5.701354831827983816e+01
5.835916708600446157e+01
5.917088161784308653e+01
6.072829998904467885e+01
6.144692229214558665e+01
5.699803373280615659e+01
5.823260376390819459e+01
5.941615540482695934e+01
6.045070168244399156e+01
5.765897174025776906e+01
5.846204833228001263e+01
5.955817448489089827e+01
6.022535621441531362e+01
5.448419975380021896e+01
5.670369572026160654e+01
5.717185311744666620e+01
5.881830788121888531e+01
5.853813898122894699e+01
6.057883365242533813e+01
6.018078319830569001e+01
5.538462663746298631e+01
5.812834810280995868e+01
5.746223758883370181e+01
5.972760909361587522e+01
5.818356937466586487e+01
6.075930555491627416e+01
5.946066273323325646e+01
5.689542349970398760e+01
5.622662443618320083e+01
5.878330075998832882e+01
5.924408685195111701e+01
5.739763003078302006e+01
6.022559666329318873e+01
6.195548189689385765e+01
5.426826384454068375e+01
5.855869936093758099e+01
6.093361109979621659e+01
5.804520795968958424e+01
5.987326993746372494e+01
5.317398597871851251e+01
5.746310032533067869e+01
5.972845068494911658e+01
5.566851149714562297e+01
5.873981381914362032e+01
5.952821049601061532e+01
5.911980214550388268e+01
5.285762133021760434e+01
5.781867066177668590e+01
5.987836074405088738e+01
5.456488250843500509e+01
5.812822371301442814e+01
5.829808882707338569e+01
5.990419145199961548e+01
5.579249371780803557e+01
5.765948430458485063e+01
5.940351973760805038e+01
5.790745039460989574e+01
5.825826742024433003e+01
5.995463005137875712e+01
6.004212587588594374e+01
5.496272715464015590e+01
5.673186912475826915e+01
5.827478667613171126e+01
5.896838968935582415e+01
5.717667580838261188e+01
5.886305060044526982e+01
6.004258560603148709e+01
5.512517937613155539e+01
5.755535321937176718e+01
5.877402921182350326e+01
5.934864074618686658e+01
5.925551058625702439e+01
6.108081982005831634e+01
6.118318607616669169e+01
5.792431802802499874e+01
5.861133083074376771e+01
6.068824311343296785e+01
6.031313957265859926e+01
5.670829129617301589e+01
5.721054691205120690e+01
5.960109148733600648e+01
5.877587137824060903e+01
6.021258004599447844e+01
5.916829950602731714e+01
6.188078408837612443e+01
5.883313513691708607e+01
5.869622414127997700e+01
5.961613466364129721e+01
6.081403966275741624e+01
5.884057133038904652e+01
6.178247259102535338e+01
6.373024629073237435e+01
5.621134958910216284e+01
6.040510997565131390e+01
6.302865901090570588e+01
5.994653510262459406e+01
6.095614590319373605e+01
6.382533662807734487e+01
6.048689371024214267e+01
6.130224222064277484e+01
5.828868337615519124e+01
6.128294431768000550e+01
6.066207664136832278e+01
5.919338313018727860e+01
6.242450828869187518e+01
6.329957594395565934e+01
5.947980510334541293e+01
5.958934184627896258e+01
6.251081309698967914e+01
6.324467605524191072e+01
5.892364359232703919e+01
6.112117575144940673e+01
6.263401934748232947e+01
6.417057654632277774e+01
5.860420070780413226e+01
6.057813242254746910e+01
6.188777347896027692e+01
6.269325633474403503e+01
5.781075937602022918e+01
5.961924066882342998e+01
6.081675647560526698e+01
6.171979824650417612e+01
5.902467106301555333e+01
6.053445021709355700e+01
6.154968365113077056e+01
6.216141254887416068e+01
6.353457311316343237e+01
6.369615394903012628e+01
6.051364570182464320e+01
6.142781393285167724e+01
6.316979594639619933e+01
6.334006723516503712e+01
5.912961717137431350e+01
6.029289215284015313e+01
6.223702054857974986e+01
6.200361630059006046e+01
6.171041886219651929e+01
6.392108667436610148e+01
6.299495146852915184e+01
5.998942362422825170e+01
5.995077287241036146e+01
6.253954852038904733e+01
6.124968411854479911e+01
6.277323635036734117e+01
6.353627804601026696e+01
6.328720072763183424e+01
6.301132883893868097e+01
6.036377202137767028e+01
6.335376999855422042e+01
6.540174343224867926e+01
5.846052338872473086e+01
6.177517408218230344e+01
6.414162020611253467e+01
6.103511811409077126e+01
6.219485345351582595e+01
6.489321503682013770e+01
6.155094079691361486e+01
6.234957167946154044e+01
5.924470342526822719e+01
6.213616935854651757e+01
6.211782490623411945e+01
6.005699274519911768e+01
6.301238601113185922e+01
6.280534324775975819e+01
6.127328237531431654e+01
6.123640264750417117e+01
6.405969311956816625e+01
6.054598003065966338e+01
6.279871342975098969e+01
6.401736363579203726e+01
6.489966373143195710e+01
6.042625181298236470e+01
6.146005279769191532e+01
6.297388323183242420e+01
6.418700570314936726e+01
5.879438571132160973e+01
6.106385255103169385e+01
6.247505897163220823e+01
6.308843003654813231e+01
5.915753557583716571e+01
6.067842941061913820e+01
6.174678878625164202e+01
6.240166330694324159e+01
5.894419021263288272e+01
6.089766620512273221e+01
6.121641429713716320e+01
6.259159595832326062e+01
6.279194901020358799e+01
6.474618652400613428e+01
5.968189830250594241e+01
6.125791368867855624e+01
6.266158803533778610e+01
6.220048315332716271e+01
5.860222507495934963e+01
5.897098063079971553e+01
6.150995931104568371e+01
6.044191520972533738e+01
6.218731523210440315e+01
6.264591385313134708e+01
6.269288448426964777e+01
5.986585739972312581e+01
5.934063093649449883e+01
6.181702745501748097e+01
6.380250821712648701e+01
5.765252895076697115e+01
6.025683352038972629e+01
6.240082760463588585e+01
5.986535654521276939e+01
6.081678813056050359e+01
6.336834095010163281e+01
6.041365962263098055e+01
6.122164624847185621e+01
5.828426696354660663e+01
6.110349691190314303e+01
6.131381484054749365e+01
5.812507861767860362e+01
6.091500419132483302e+01
6.045802344554344643e+01
5.994189788563046761e+01
5.882402960606556519e+01
6.158495638989680998e+01
6.092944196917692068e+01
5.864694418807102494e+01
5.776995479998379324e+01
6.037321058826580611e+01
5.994025711964810199e+01
5.648207666309966157e+01
5.826267778254673857e+01
5.937536155997184295e+01
6.045536189949807238e+01
5.400728120143421052e+01
5.699848884512787350e+01
5.834149466769215309e+01
5.918026905622183165e+01
6.068214880800677236e+01
6.140179209438177566e+01
5.730163192196611988e+01
5.867624035344909572e+01
5.965513760021202927e+01
6.080178164064521695e+01
5.624431093251192237e+01
5.800379974421502993e+01
5.868230407621704359e+01
5.987398782383664297e+01
5.713108646193524010e+01
5.936140294513482019e+01
5.958895468082535984e+01
5.758755403003774376e+01
5.809481004373912327e+01
6.002052545502648684e+01
5.963642144144117196e+01
5.585992708889169478e+01
5.663048703887645985e+01
5.875522073658159172e+01
5.792611035722570278e+01
5.873359384673489814e+01
5.813481369552498990e+01
6.057444871459402691e+01
5.771589370438282884e+01
6.029737445556683895e+01
6.132460185692356447e+01
5.700439616211861704e+01
5.986493320185854117e+01
6.233324426718037614e+01
5.940920086648905851e+01
5.822013793704601170e+01
6.144316085131440985e+01
5.855389562852781182e+01
6.146960161594389405e+01
5.292270439730457809e+01
5.802878522284264307e+01
6.032725200910685714e+01
5.696078851901001627e+01
5.791900512152372471e+01
6.055552582470550504e+01
5.842754729389707080e+01
5.888386718249681451e+01
6.167244299340256219e+01
5.829098305610145303e+01
5.915884488252992668e+01
5.524451659729663788e+01
5.825338680840641103e+01
5.752026356056999390e+01
5.931610473085445534e+01
6.105140079385643048e+01
6.235396854107082731e+01
5.550481672015108359e+01
5.905359670237427139e+01
6.031378944612593074e+01
6.143556685276611518e+01
5.634120343625369287e+01
5.767480336454205769e+01
5.930114855746893454e+01
6.004236542074086458e+01
5.665827061431397738e+01
5.838356940478127655e+01
5.967221887786410406e+01
5.976821176645014333e+01
5.540718695549814754e+01
5.733670461582275379e+01
5.831140729188624761e+01
5.954645732382964951e+01
5.981431040895743934e+01
6.154836038101194617e+01
6.001728401748783881e+01
5.617370690797901744e+01
5.693245511379458179e+01
5.895897822473521899e+01
5.860180834363490732e+01
6.093091069168434615e+01
6.019138940276340577e+01
6.199112624571040442e+01
5.709127922035264646e+01
6.025490241681231396e+01
5.913324643254698287e+01
6.163716515043717692e+01
5.594442230354675871e+01
5.932451933069133077e+01
5.960320612667305795e+01
5.993253653304492445e+01
6.269612049568226553e+01
6.093515982468311876e+01
5.923122602094712619e+01
5.763632228642552491e+01
6.062592907135373821e+01
6.296225770502556429e+01
5.807305639343255166e+01
6.145391262529551568e+01
6.372013915929660044e+01
5.714497296384202940e+01
6.118874853040909301e+01
6.342821091397403421e+01
5.945758626844496320e+01
6.224249319409989312e+01
6.482780487840219052e+01
6.084245277447463707e+01
6.182147440090092516e+01
5.820070176942293472e+01
6.107614805529015456e+01
6.034647909503721763e+01
6.222156242996144471e+01
5.818604131052084938e+01
5.997263066809444609e+01
6.066488780905373090e+01
6.208496031789595548e+01
6.334083410481827769e+01
6.448763965663702891e+01
5.937750192487073519e+01
6.079655234519357521e+01
6.208896773615812492e+01
6.354193617550549078e+01
5.817559553996144928e+01
6.004175935363308980e+01
6.101139222854857991e+01
6.174396267491580659e+01
6.211319431407749647e+01
6.346806131260385797e+01
6.373392278349015072e+01
5.986449510690646036e+01
6.074139713459872070e+01
6.245551348254665669e+01
6.265044736350206733e+01
5.949435906845344846e+01
6.264736534646353050e+01
6.217166196741906958e+01
6.400333714169460109e+01
5.833407581893190752e+01
6.084785644537129201e+01
6.042675197544595278e+01
6.262283844068539196e+01
6.457253900792369450e+01
6.276892982437639290e+01
6.333692607534030117e+01
6.161883874285896923e+01
6.453360749560323484e+01
6.287256428229500926e+01
6.039739439536659660e+01
6.367828534331499668e+01
6.110273461585578048e+01
6.414583916200645319e+01
6.077486895886889329e+01
6.394323136987781453e+01
6.571046372213710640e+01
5.894541215024576530e+01
6.227507681788127769e+01
6.462150796314251977e+01
6.122826704730528036e+01
6.182721497655140297e+01
6.458334550005272945e+01
6.304862738292737134e+01
6.451332642227565373e+01
5.988445825186920501e+01
6.248356032831019746e+01
6.367179117941854116e+01
5.953411682268390592e+01
6.218244675727821402e+01
6.163198702119667161e+01
6.414418694658171205e+01
5.861278092546932328e+01
6.078993128966608595e+01
6.212749202085915812e+01
6.291373091690449826e+01
5.755672149970383344e+01
5.989919595266420060e+01
6.102384704724130415e+01
6.212013951206326823e+01
6.313563277217707537e+01
6.422762624179539159e+01
6.002250702897520540e+01
6.145345626517044479e+01
6.250795144628036581e+01
6.331255256870699100e+01
6.007621461559790532e+01
6.214550483820946880e+01
6.249496205081117495e+01
6.304146157253698846e+01
5.821458546287978919e+01
5.975728378686751796e+01
6.092367189555683638e+01
6.097400631463363396e+01
6.308984498569296306e+01
6.262087605562741999e+01
6.392936555337412585e+01
5.650326029637518843e+01
6.016932117871634489e+01
5.930649049993112243e+01
6.185804914090062567e+01
6.326551711706063941e+01
6.169143914972839582e+01
6.359756425983467665e+01
5.823415432028448180e+01
6.122139751947776887e+01
6.135369056726855064e+01
6.157187888710731727e+01
5.677465696894928726e+01
6.024402596888807437e+01
6.214552210428118428e+01
5.943825869401977968e+01
6.223540930936317750e+01
6.429712676488060197e+01
5.791960853568086520e+01
6.096349421061469798e+01
6.322411567195802462e+01
5.996112048982525522e+01
6.020804503515265793e+01
6.292466046056605933e+01
6.130060124857593706e+01
6.184442222994753990e+01
5.817650470697324749e+01
6.116769826809166943e+01
6.093672469592770113e+01
5.835806313156518144e+01
6.125404950658064251e+01
6.091302847451991909e+01
6.175857789155667632e+01
5.740119187003482182e+01
5.924080513104534873e+01
5.965123135824975265e+01
6.115029387001068528e+01
5.601519036339912105e+01
5.810400761328050123e+01
5.871443357375736838e+01
6.047854247794636962e+01
6.110718281340972879e+01
6.229559273453995871e+01
5.686867648355853788e+01
5.868647607199154947e+01
5.950525741737555308e+01
6.062941932386016930e+01
5.700859683159771407e+01
5.840507395175276173e+01
5.964534536645292206e+01
5.992191108002661082e+01
6.137144475653275322e+01
6.160385493126504741e+01
5.948484827257424712e+01
5.988881350639565682e+01
6.183396759763773076e+01
6.151219361022832999e+01
5.844166467853118263e+01
5.878644128895019350e+01
6.090882672711064316e+01
6.054708786322366620e+01
5.980854469373417714e+01
6.026026482170006204e+01
6.241783458819907793e+01
6.038283040882316044e+01
5.707851055669699036e+01
5.883279457763774190e+01
5.825606959727208078e+01
6.092007262108646160e+01
5.760286160370415587e+01
6.048045676025503070e+01
6.016511581206911075e+01
5.779619328296764280e+01
6.141498328061436496e+01
5.879561890809969071e+01
6.154692418675600152e+01
5.281130735579794333e+01
5.791895642397466304e+01
6.022602325634257170e+01
5.699908872271990390e+01
5.983630612927457548e+01
6.106373823701192549e+01
5.777112773017833547e+01
6.189621722722330333e+01
6.312382867377675666e+01
5.755431932587346466e+01
6.060012934285562380e+01
6.169575161134845587e+01
6.251904914157372417e+01
5.840310095925607925e+01
5.893453736424714862e+01
6.073119364297681244e+01
6.236143316792853852e+01
5.552163516030574186e+01
5.898114475435647108e+01
6.034367232239840462e+01
6.121154159023947017e+01
5.633808953026798605e+01
5.836338814767065486e+01
5.921266287767922876e+01
6.039200466399574196e+01
6.127900328327690005e+01
6.252560143271432480e+01
5.784890555772093279e+01
5.934403351500672841e+01
6.074260810318912007e+01
6.109471077271832229e+01
6.148340667909729973e+01
5.654504819033014940e+01
5.773077517284015414e+01
5.945338321999971498e+01
5.951416890535105608e+01
6.153007426971401372e+01
6.123845132792746426e+01
6.116925448545062238e+01
6.023189776126643835e+01
6.277640686440346940e+01
6.177389478989737626e+01
5.827240195484250762e+01
5.861252857760204904e+01
6.125707279127618676e+01
5.983336433994731607e+01
6.160510064922799955e+01
6.104817351557360894e+01
6.365095265119934709e+01
5.960031165764648620e+01
6.136080353509946406e+01
6.419990528208546721e+01
6.129773256738046427e+01
5.981257040288939208e+01
6.319294199735476525e+01
6.016494651345133349e+01
6.332488769999270062e+01
5.605273850715731498e+01
6.026878930597163730e+01
6.259091137736979960e+01
5.900416143255170454e+01
6.202437400426179437e+01
6.290354164545157545e+01
6.033044408069834219e+01
5.990268537067694865e+01
6.298678469455173001e+01
6.149221359080697624e+01
6.315942605203515825e+01
6.534943505270609876e+01
5.887275983774578236e+01
6.256324757616793164e+01
5.919761276975225428e+01
6.142763396023701716e+01
6.186819857594666416e+01
6.260299035895000941e+01
6.420272024612286543e+01
6.459504877545670354e+01
6.047209545482239434e+01
6.292818481189876678e+01
6.395232123839650029e+01
6.514293258863528990e+01
5.934849799614693922e+01
6.144361543635654499e+01
6.241510682738005045e+01
6.322115290126895815e+01
6.017434875465185229e+01
6.255888864418380280e+01
6.303210565599388104e+01
6.406292356067801563e+01
6.441097731361946899e+01
6.616914843028558835e+01
6.142956792462250348e+01
6.358460039840399958e+01
6.462909227573970838e+01
6.384553005994051489e+01
6.169599558182603971e+01
6.172099758942322012e+01
6.386976441088881273e+01
6.324512381610179546e+01
6.214362848805453865e+01
6.255581113939911120e+01
6.483341792667424386e+01
6.316718846994243819e+01
5.986290618880391179e+01
6.050308307750874803e+01
6.316590937292586005e+01
6.107191795046529847e+01
6.402030831646884224e+01
6.563558813625593302e+01
6.132397495398599574e+01
6.403608561542374389e+01
6.635026773611373585e+01
6.258014534462314060e+01
6.263707702552737544e+01
5.999124128333915706e+01
6.297545873983259668e+01
6.469794936744419545e+01
5.872598145411168247e+01
6.163387488937222969e+01
6.380733051585536231e+01
6.103213823456847820e+01
6.410187014219420121e+01
6.401189642556727222e+01
6.289890142949585794e+01
6.289172933980140101e+01
6.546454476466554695e+01
6.246044026190365628e+01
6.487890451964032934e+01
6.540499166301407286e+01
6.606266428365520937e+01
6.037687482184557553e+01
6.262944608109164335e+01
6.403818854584989140e+01
6.484732938360022558e+01
6.039690081714013559e+01
6.216449439973731472e+01
6.294662278241811038e+01
6.395837477950522754e+01
6.011188638278617447e+01
6.166777791692299360e+01
6.266538059897149537e+01
6.305457542375165758e+01
5.980427248372861726e+01
6.175641822406418413e+01
6.211586275119549327e+01
6.305552383672992534e+01
6.469168647716513476e+01
6.449338429604669898e+01
6.029601388261175998e+01
6.122882943821624480e+01
6.325581643589841008e+01
6.274663592456553118e+01
6.189625512961110587e+01
6.057417127336025686e+01
6.317491080946827964e+01
6.191050696791136687e+01
5.859124470695527265e+01
5.943585995212047379e+01
6.173518735012945768e+01
6.027920201311097514e+01
6.177972496984460804e+01
6.264771906792319811e+01
6.129383751959544924e+01
5.974491085128413914e+01
6.258303936657588196e+01
6.012716843156755431e+01
6.297024493627555586e+01
5.859909033535038958e+01
6.135274029167726439e+01
6.310498611200210206e+01
5.845322470304202511e+01
6.100899657499779494e+01
6.317422126553251616e+01
5.890209060650151685e+01
6.105072981795370879e+01
6.319305464144225937e+01
6.028680833076482770e+01
6.258111870947322330e+01
6.445472154011642374e+01
5.809788147879682896e+01
6.189279639174421987e+01
5.609007330182220130e+01
5.918854598290218405e+01
6.053425725097239507e+01
5.974163712593824727e+01
6.148812622510822479e+01
6.299939406262929253e+01
5.756035531154900298e+01
6.049012751184852021e+01
6.180208054547205165e+01
6.254963055473528755e+01
5.777979648034281723e+01
5.930623915250168210e+01
6.033229833954364096e+01
6.098197122306788032e+01
5.726241249326512417e+01
5.872954578595879127e+01
5.963433651297813043e+01
6.063675315310025127e+01
5.535209862295032934e+01
5.683695952198727497e+01
5.752922707539823222e+01
5.876429617145164030e+01
5.920304166302399551e+01
6.080469928026118254e+01
6.072536616200940074e+01
5.519053429533857269e+01
5.757657002792721102e+01
5.706282684370410152e+01
5.902417263148941373e+01
5.812576105204446719e+01
6.038118681926505360e+01
5.946871282533359704e+01
5.635349631634263545e+01
5.698274188679110352e+01
5.925480601075928178e+01
5.788118239974829748e+01
6.042220731038611348e+01
6.060987261721960806e+01
6.030348073777971507e+01
5.498422979352716311e+01
5.888823436318244120e+01
5.826497695029240731e+01
6.069335715484513116e+01
6.300620913604799256e+01
6.006038580098040569e+01
6.053574767233974541e+01
5.791437810464968550e+01
6.071744434901876275e+01
6.037192680071903794e+01
5.760180230344774799e+01
5.733556402903094806e+01
6.030220274108564382e+01
5.816053348514480348e+01
5.948126919440300497e+01
6.216237765904391921e+01
5.843193291371787268e+01
5.946679578335462679e+01
5.552233242686561709e+01
5.774008610362720617e+01
5.815697695412050194e+01
5.980696779455958989e+01
6.139982431457097078e+01
6.198478995106563616e+01
5.758262775061264449e+01
5.941604485494368504e+01
6.037599085367907747e+01
6.125015050909509284e+01
5.638912054307068900e+01
5.835190014115583068e+01
5.956693632977650310e+01
6.018466308635268547e+01
5.689365267689578332e+01
5.862936566617788969e+01
5.983254274382804994e+01
5.937334598489086090e+01
5.792650993228604506e+01
5.992079920050773012e+01
6.043618470551326993e+01
5.880790374367814621e+01
6.066396456427507644e+01
6.082904102694533321e+01
6.099044409962458957e+01
6.095845262536805365e+01
6.306886195510922022e+01
6.013432793171017465e+01
6.054175499787034198e+01
6.009008006045892358e+01
6.250454065552343508e+01
5.942568709376640612e+01
5.997943086633268450e+01
5.942580174231742518e+01
6.207525764257092504e+01
5.897655012432878863e+01
6.191648905683467774e+01
6.284439603886010417e+01
5.820795502045679370e+01
6.161201713347754350e+01
6.419926499559200295e+01
6.090926390452694505e+01
6.018775479958319607e+01
6.347314455054321058e+01
6.042202673143824398e+01
6.354807084610735757e+01
5.574589392331640880e+01
6.006678478158837464e+01
6.244109790619083356e+01
5.887679574100804558e+01
5.988843992917380632e+01
6.267643402490813287e+01
5.947862195658065332e+01
5.975677499707943241e+01
6.294064663326748388e+01
6.014977219900082872e+01
6.292871408789583398e+01
6.506711299697468576e+01
5.984416562127906758e+01
6.324047904076628157e+01
5.916744206633959635e+01
6.138157833626435433e+01
6.131785641513100416e+01
6.289516310119231690e+01
5.783215286573779679e+01
5.978489295451952756e+01
6.086643460689921881e+01
6.201867349734585844e+01
6.315137930011853484e+01
6.458157880513471127e+01
5.897985848553288690e+01
6.092008523482842719e+01
6.198147410354459907e+01
6.260038326407040188e+01
6.267120201378756406e+01
6.341557955144993741e+01
6.499774112366192469e+01
6.055548530065517099e+01
6.279101541404561004e+01
6.299099561644797518e+01
6.481731485778476554e+01
5.977621410187157380e+01
6.268375151805034307e+01
6.229324430666586920e+01
6.426889119509088744e+01
5.925737441650908011e+01
6.213919273972044266e+01
6.168784524981001027e+01
6.395667682457673919e+01
5.851798286515222713e+01
6.151857573397017376e+01
6.100717028251678897e+01
6.356991505043592383e+01
6.560683402053945201e+01
6.319285479194328303e+01
6.145321295804970418e+01
6.404399862495453988e+01
6.167397690967937507e+01
6.480824320943702332e+01
6.053003768004815299e+01
6.354107530725798370e+01
6.590494795760426427e+01
6.064101662789160940e+01
6.356905883445018191e+01
6.598225481774521484e+01
6.151131433970181206e+01
6.331704255737504639e+01
6.595612077588791067e+01
6.308097642178769604e+01
6.335269235981348857e+01
5.987277432567304203e+01
6.296676614425437890e+01
6.463291429506293184e+01
5.879489977123486000e+01
6.227562179271153298e+01
6.414768358134408288e+01
6.244489592458350558e+01
5.906243977763431019e+01
6.130643516651377212e+01
6.297781933882983907e+01
6.346705179334426816e+01
6.484241226677526981e+01
6.575252762518751126e+01
6.123422768295104390e+01
6.308937519043348630e+01
6.409630155955848352e+01
6.524918324501560107e+01
6.075101158166094706e+01
6.240432637516809677e+01
6.352547520857529406e+01
6.450206211092596220e+01
5.916895478504162753e+01
6.091464296717381899e+01
6.181809202172610185e+01
6.340860731010356233e+01
6.111155057553942527e+01
6.333454015663302528e+01
6.360526088825437085e+01
6.182300099290604578e+01
6.469496797407639122e+01
6.424654433658888308e+01
6.331144524615698543e+01
6.234024134784012006e+01
6.519284877476442830e+01
6.376075814705694000e+01
6.013498761456506969e+01
6.102159873979989868e+01
6.361833401194910209e+01
6.223094588177900732e+01
6.258847096179121650e+01
6.269598676735601828e+01
6.530359856401639718e+01
6.138955172057779919e+01
6.466330312934853453e+01
6.555802849320035364e+01
6.123139596605949464e+01
6.420147166039024000e+01
6.667320719446914268e+01
6.248288832795783065e+01
6.448391007981298628e+01
6.713591542035986492e+01
6.304416362280964847e+01
6.461108817213093403e+01
6.039881636559331923e+01
6.337043163633431675e+01
6.436597590933544666e+01
6.079948756379206287e+01
6.356326044723309110e+01
6.278450761028472726e+01
6.438212164209993205e+01
6.065124115880396261e+01
6.327908554730684898e+01
6.266112028310786286e+01
6.339108132695801601e+01
6.587217502804078606e+01
6.391279459944779262e+01
6.175235158246483280e+01
6.372808083028689907e+01
6.508799394149207274e+01
6.587375143730247373e+01
5.976385291784682607e+01
6.204547466540606138e+01
6.387695415509261210e+01
6.431134632602608292e+01
5.937049242592180320e+01
6.077323695166430895e+01
6.223873389996013117e+01
6.345029937393415764e+01
5.902110082608975716e+01
6.116190377914112020e+01
6.197078461598511012e+01
6.316954451147412897e+01
6.357078063426193637e+01
6.533293866799060368e+01
6.166816069363616037e+01
6.381720790673652033e+01
6.384643615623251378e+01
6.595076006719882855e+01
5.993448420507474594e+01
6.263581907781158975e+01
6.221945865700075728e+01
6.471996185815382319e+01
6.137115767384144505e+01
6.418863965645240910e+01
6.311842983698694809e+01
6.336370809566826523e+01
6.436324735999534141e+01
6.502890584734728918e+01
6.307155030972045040e+01
6.095507946544978495e+01
6.377948913402520503e+01
6.132965866429393031e+01
6.458849851832081868e+01
6.724418166065953528e+01
6.456474002143171731e+01
6.419206554655040975e+01
6.188847931744214037e+01
6.504527809959154183e+01
6.593696684664425334e+01
6.237441723281820316e+01
6.168802029107407492e+01
6.512274767118438490e+01
6.176639909715613186e+01
6.481932472392824707e+01
6.704793813889740761e+01
6.205030142494907608e+01
6.624790969193740864e+01
6.844566761085006590e+01
6.189399126560429920e+01
6.629275536540819758e+01
5.774265795049209515e+01
6.282692607536338869e+01
6.402564513435984850e+01
6.614035183650689476e+01
6.755792679001891088e+01
6.711219675919491578e+01
6.488460451409348195e+01
6.407478425979343228e+01
6.591649483007672927e+01
6.732932087896068651e+01
6.253573113751987478e+01
6.457258742164066234e+01
6.585648369319598316e+01
6.717643268707892901e+01
6.179894540100626443e+01
6.416279615060058461e+01
6.510706441482632556e+01
6.681422314623468139e+01
6.159115174188517727e+01
6.423593283913004370e+01
6.459699058418800632e+01
6.656164424009433844e+01
6.778811325187658099e+01
6.742466763853205691e+01
6.569143780912872899e+01
6.591236890057402320e+01
6.849459850633471092e+01
6.756660941463087511e+01
6.387839530512011521e+01
6.454000043019313182e+01
6.737478946716599637e+01
6.610167701180199629e+01
6.475018942919656695e+01
6.480105879050360329e+01
6.784665173470000354e+01
6.586868075350932372e+01
6.918882025669370250e+01
7.134423322447098315e+01
6.356753257222614195e+01
6.771864746083359421e+01
7.041945897044986680e+01
6.751605608850526608e+01
6.828048323300532729e+01
7.159865968003977343e+01
6.811122470779457672e+01
6.927081931658948122e+01
6.608723319192193912e+01
6.941589867017195559e+01
6.848669470319617858e+01
6.541523953156730897e+01
6.837307373661603549e+01
7.077041599624169521e+01
6.416120827919222336e+01
6.926134960416328568e+01
7.168398436347654012e+01
6.520332872379852063e+01
7.011049087988627093e+01
7.176919441874061079e+01
7.096814038079166664e+01
6.870195208108418683e+01
6.907671288771490481e+01
7.116519624952437084e+01
7.243647891827380647e+01
6.609488108786692351e+01
6.906849207667973189e+01
7.087271678571534039e+01
7.037600203164862478e+01
6.759130941580340846e+01
6.986588870660231976e+01
7.118983355136501245e+01
7.046941398223715680e+01
6.565566069485230116e+01
6.820682382703741098e+01
6.908696867105800266e+01
7.086421812248821084e+01
7.228744265598085406e+01
7.204694079901544512e+01
6.804284123923883953e+01
6.908565579354134911e+01
7.184145880307511334e+01
7.142305980612023575e+01
6.796932900902754682e+01
6.883707795558977693e+01
7.142630848691101164e+01
7.091968332679996934e+01
6.810935454776482345e+01
6.940351701438943621e+01
7.195412109625847563e+01
7.040106007333933746e+01
7.364382747680116381e+01
7.320373128734296131e+01
6.972251831815376022e+01
6.890253116900078112e+01
7.247431380520738742e+01
7.234947468730945275e+01
6.917685251304732219e+01
7.332644396301706990e+01
7.061007912340132009e+01
7.394569940219761861e+01
6.739466345420028404e+01
7.155618941314061487e+01
7.416597879756122325e+01
6.949545267082802980e+01
7.126104024983240492e+01
7.433094626940787464e+01
7.015725665088891105e+01
7.067329646392460063e+01
7.396437411199941891e+01
7.106363077966693709e+01
7.290535116859469156e+01
6.869209185969741327e+01
7.196668515813315992e+01
7.188226667109130119e+01
6.927081180674559846e+01
7.266196588495974140e+01
7.317199999793935206e+01
7.043739201659705884e+01
7.247228979415385197e+01
7.412833474345826801e+01
7.425473458389177495e+01
6.870232726510434418e+01
7.099507280082042371e+01
7.294079074121820838e+01
7.256508958389987640e+01
6.882850367616327958e+01
7.145983626453848103e+01
7.274666983672346987e+01
6.932742661656489247e+01
7.116227405339630252e+01
7.312698436154781234e+01
7.320273775042214481e+01
6.836416539315084151e+01
7.021525562989822333e+01
7.257098014992098456e+01
7.266029012402569265e+01
6.765783560272933528e+01
7.059706704676831635e+01
7.081625334113020642e+01
7.283251777579290831e+01
7.433066228353625604e+01
7.332267124373258582e+01
7.115049877969602221e+01
7.149940203172326392e+01
7.467258496885702357e+01
7.267227118807038266e+01
6.974173587379516448e+01
7.045647479268119184e+01
7.381326404705004052e+01
7.171894767735092557e+01
7.098699072759933415e+01
7.134668435422220512e+01
7.438451356197323605e+01
7.170089496452844458e+01
7.508754938365876797e+01
7.563745854058177542e+01
7.030406916770539283e+01
7.334023279609122881e+01
7.632776797908174160e+01
7.183751726337683863e+01
7.423125792353422980e+01
7.708961867466373974e+01
7.124985820160370054e+01
7.481500906740222945e+01
6.800849313853673550e+01
7.173154935310971325e+01
7.431443954301491317e+01
6.946692629223018400e+01
7.276509201491943202e+01
7.345279275514408823e+01
7.361853628394355553e+01
6.777976745728710739e+01
7.217162829661808132e+01
7.425050704498332266e+01
6.757189104703861915e+01
7.199722669382785512e+01
7.383389809637063195e+01
7.313269920421602421e+01
6.937816423641061192e+01
7.192127426648397659e+01
7.264313039410062345e+01
7.453247898387245129e+01
7.612035333056120123e+01
7.466128447465460738e+01
7.448025203136620576e+01
6.953128928655137031e+01
7.155726383106338062e+01
7.282377225505240403e+01
7.391732895240656376e+01
6.986164673635721556e+01
7.199925933091208208e+01
7.224975836293512543e+01
7.432388318416589357e+01
7.476918905693895567e+01
7.696208809233257853e+01
7.070800582481558649e+01
7.211393457678639152e+01
7.473327647502171089e+01
7.419268797544128802e+01
7.041219348003785683e+01
7.077750159463806767e+01
7.384773448336937918e+01
7.288936361875970249e+01
7.128729350177982838e+01
7.106809628352249320e+01
7.438431433134240933e+01
7.272063075414834543e+01
7.599740881193514497e+01
7.762637097479498038e+01
7.012802563749966112e+01
7.378600751128983859e+01
7.679370737569931293e+01
7.410684003688807309e+01
7.347746490603311997e+01
7.690777521311083831e+01
7.354675956427180950e+01
7.666066376904876734e+01
6.929250520502367294e+01
7.391257249902213289e+01
7.685694980319053116e+01
7.161949881673521645e+01
7.542567964623637522e+01
7.669584910013674062e+01
7.275782915300533205e+01
7.304270687419982266e+01
7.642800933128079066e+01
7.429643780527308650e+01
7.525649638493392501e+01
7.852511753512884241e+01
7.373258945951948817e+01
7.612060807251839378e+01
7.025088235584975394e+01
7.381656455173080644e+01
7.424636995287319507e+01
7.684450555510966296e+01
7.839751276138260039e+01
7.501424824739216035e+01
7.771530227755367548e+01
7.211144680506710358e+01
7.441392171679007106e+01
7.582363212294912103e+01
7.713480614332145535e+01
7.925438560633322993e+01
7.914501597124895227e+01
7.375168141935317578e+01
7.642122512640140997e+01
7.686256331728509394e+01
7.970568468907913484e+01
7.292719996047677000e+01
7.478979200235714586e+01
7.742451203313119379e+01
7.751816525532984770e+01
7.222190576026031295e+01
7.588432770273078631e+01
7.551259112539977991e+01
7.843096980244925476e+01
7.263510894423478703e+01
7.619410851408649421e+01
7.559652004874203612e+01
7.852544011201327123e+01
8.107521277099306189e+01
7.685877501692021951e+01
8.024270196585339932e+01
7.239195748621328619e+01
7.668199264101789936e+01
7.623231649430948664e+01
7.927254941362771490e+01
8.222089166715565511e+01
7.828911816371550003e+01
7.907906059850915881e+01
7.614101555953031664e+01
7.994460216931608443e+01
7.917646701014119515e+01
7.600908620270189431e+01
7.996291544806449281e+01
7.974844290035912309e+01
7.602544168632580579e+01
7.800110408642245829e+01
8.144846662466343901e+01
7.718753061164191820e+01
7.842958308509125231e+01
8.179703168831100868e+01
7.834059445244460562e+01
8.025169046359282277e+01
7.582069509902628113e+01
7.916786403543729023e+01
8.006265721678711600e+01
7.566224998155132653e+01
7.928209055454424004e+01
8.047369416234491268e+01
8.009367748162443945e+01
7.495176861708728211e+01
7.924443071974742736e+01
8.066777973114174927e+01
7.769097645716497880e+01
8.074020467928328060e+01
8.206709884756887163e+01
8.025705280598211289e+01
7.899158345925856395e+01
8.070913380389575309e+01
8.324935230825695953e+01
7.712412385695260753e+01
7.966078201748166521e+01
8.141833395873105417e+01
8.133668097879706238e+01
7.658184353869100391e+01
7.862563037834129887e+01
8.192754883152768741e+01
8.153156790609064331e+01
7.575572731313307884e+01
7.859235441230191554e+01
8.099113234421957941e+01
8.027887677989279780e+01
8.350439953908285418e+01
8.348620721953260215e+01
7.911255504187866450e+01
8.015056676211025888e+01
8.360104858973545561e+01
8.227177572741864253e+01
7.965449959269008673e+01
8.006063615999235594e+01
8.364104652236494530e+01
8.115648475426969810e+01
7.974146725742895114e+01
8.042106479855729617e+01
8.421583048015342854e+01
8.072459195181994573e+01
8.503883142514671079e+01
8.439502320438309368e+01
8.107068274364502258e+01
8.115531757643103106e+01
8.485994616127260315e+01
8.047986026553431316e+01
8.421486848987107976e+01
8.727424760948561300e+01
8.134516246140671569e+01
8.517678203297440120e+01
7.811836395606800920e+01
8.252596035622202919e+01
8.530004882873150507e+01
7.869908068802727996e+01
8.279414528841958543e+01
8.529388022885083842e+01
8.041698901345294814e+01
8.478307664077232175e+01
8.696988657487752050e+01
8.114461889676398698e+01
8.453674626520273705e+01
8.635941607159561784e+01
8.650148127600898817e+01
8.160224884544186352e+01
8.480974043014509789e+01
8.648012970235643593e+01
8.648550433681910476e+01
8.085118668099865147e+01
8.388701846442194210e+01
8.588535782922305373e+01
8.430344890263728530e+01
8.323604267710628335e+01
8.472511793803990088e+01
8.761194930203193110e+01
8.167312037190737328e+01
8.430903475578996620e+01
8.708136591321802200e+01
8.653748185507049584e+01
8.146408850242239907e+01
8.440653790035814552e+01
8.464140179873351144e+01
8.727511271493828815e+01
8.059507417963395426e+01
8.506382769809327726e+01
8.410405030277419769e+01
8.713770959220192935e+01
8.666699924461897808e+01
8.955354879977562632e+01
8.359064033914171432e+01
8.483811756577394192e+01
8.869718186588600872e+01
8.500913118010041103e+01
8.472684504451463283e+01
8.588165656098652789e+01
8.925554893469983142e+01
8.545148645881008065e+01
8.481709218264110461e+01
8.547227338045716749e+01
8.893418516741427027e+01
8.493379552856251280e+01
8.897184644212686067e+01
8.876362742672132811e+01
8.519789785308928742e+01
8.639294366420661220e+01
8.980378635839545609e+01
8.562023355379018597e+01
8.767472727640392804e+01
9.100409561489981058e+01
8.613848339522688491e+01
8.800694101158073579e+01
8.355024752149029155e+01
8.714145659095889584e+01
8.813344982119015469e+01
8.348096435289699002e+01
8.681946542467630934e+01
8.882107896654554224e+01
8.672522213635066635e+01
8.784774984295407307e+01
9.030058599692937094e+01
8.587786261806238031e+01
8.949105364067031587e+01
9.130883400589760868e+01
8.842671848872804219e+01
9.088410166672390744e+01
8.433487103417090225e+01
8.744306149986067567e+01
8.899485925481455695e+01
8.474037258710339415e+01
8.706783534618536180e+01
8.985053329943309564e+01
8.988440294181177137e+01
8.453376638357119077e+01
8.671648231311067434e+01
9.005563169890602637e+01
8.969805569529559364e+01
8.417778281701558285e+01
8.797792153695662876e+01
8.801788392589725163e+01
9.063667899490600632e+01
9.138981254935428922e+01
9.281467420073613539e+01
8.421218907211816429e+01
8.940351185012410440e+01
9.143466220567830760e+01
8.851671080175876227e+01
8.766398609058603597e+01
8.827235655638476430e+01
9.187226053109483814e+01
8.967926942320568173e+01
8.815000709400072765e+01
8.787791648161702085e+01
9.159099794531509531e+01
8.907137231123628851e+01
9.284930947589195682e+01
9.332488357981297611e+01
9.022844821067526766e+01
8.934215116693201253e+01
9.216428513435140246e+01
8.910766466981975498e+01
9.209482711283050094e+01
9.506907584981721016e+01
9.121769452304054937e+01
9.280425154474644955e+01
8.873957173410472876e+01
9.215244377863554348e+01
9.339312618695905144e+01
8.880495661685512232e+01
9.166255610619869287e+01
9.454756539456626285e+01
8.754904407080310591e+01
9.220534576550720374e+01
9.467560619290973989e+01
9.023708055186455113e+01
9.427288536822118203e+01
9.641793248272216488e+01
9.078552956482783998e+01
9.428565087343928042e+01
8.754925591599376844e+01
9.149629893824213411e+01
9.341725447006417937e+01
9.311812599658767908e+01
8.769923102593396891e+01
9.136891066340332657e+01
9.375025888300886834e+01
9.320554636642005164e+01
9.631340636514471498e+01
9.549030795870318400e+01
8.998150904937253358e+01
9.270173123056821396e+01
9.628719483756026420e+01
9.554786040209263831e+01
8.982210617707022493e+01
9.474064359428305693e+01
9.438315865647467717e+01
9.655495968268253648e+01
8.802969038870338636e+01
9.329781642808282527e+01
9.318820069407382789e+01
9.698827629679657036e+01
9.641892394777816833e+01
9.810578678312903378e+01
9.590616535368445739e+01
9.009946892510643579e+01
9.565107903662250521e+01
9.446916127825008402e+01
9.798385265937282895e+01
9.999317430714837940e+01
9.369225434651470152e+01
9.776218521354833513e+01
9.328999378054017200e+01
9.733540915443357733e+01
9.968645363164661433e+01
9.222589327073760046e+01
9.657158623632392391e+01
1.000014105881523676e+02
9.540489546154928746e+01
9.712283224678913029e+01
9.819791976106117204e+01
9.878365343906141050e+01
9.272377757770738071e+01
9.757990052604628772e+01
1.005392749400376999e+02
9.351647443721292063e+01
9.808249307837351694e+01
1.008803852969831070e+02
9.486733168125762461e+01
9.937109687747629039e+01
1.017235061391547646e+02
9.632773952967248476e+01
1.004118731497398613e+02
9.392945964040406182e+01
9.777686842772919817e+01
9.995104384652138663e+01
9.462758440528570247e+01
9.806790225153073948e+01
1.002680738884773319e+02
9.795426806609715698e+01
9.948448947348610716e+01
1.029458753759726619e+02
9.723556355655487948e+01
1.010567947097778898e+02
9.498902080733330422e+01
9.818804805798804125e+01
9.911665291243227216e+01
1.006390757018961892e+02
1.038933195038473087e+02
9.915940783451431173e+01
1.037108005754989506e+02
9.683451827013141155e+01
1.008723874282809589e+02
1.005647237818946707e+02
9.871723848190714534e+01
1.037037405621296955e+02
1.023431123240985556e+02
9.898879118727882087e+01
9.958422123432360706e+01
1.034601032029273284e+02
1.020289993435534939e+02
9.976656616621147577e+01
9.940268171980879686e+01
1.040552573330685959e+02
1.009144781765986778e+02
1.008325780527405726e+02
1.048789470412132943e+02
1.021572753449810733e+02
1.016144681368353986e+02
1.057679697449460292e+02
1.026562983193958729e+02
1.052130874863661916e+02
9.943162929463831290e+01
1.038975586037591654e+02
1.051319219898475126e+02
9.773377863960914169e+01
1.026247854325768003e+02
1.060396446929919136e+02
1.006005764788041574e+02
1.046611836687697092e+02
1.072475452906926563e+02
1.010391354340553249e+02
1.056360009503477073e+02
1.076744473114739833e+02
1.018892801214341119e+02
1.056394378830221541e+02
9.928615395337621408e+01
1.037990461299935987e+02
1.062625266269811419e+02
1.004709511409448055e+02
1.042182549414973067e+02
1.064850321845558767e+02
1.032898957366314789e+02
1.061248850951342746e+02
1.082474559177963016e+02
1.030036794977386165e+02
1.060828350690754007e+02
1.092181836100731260e+02
1.066961635877306804e+02
1.066609878230395623e+02
1.017680379614940733e+02
1.053145810496412622e+02
1.067375200948618925e+02
1.042632086514180969e+02
1.054221892837038865e+02
1.092114047594899233e+02
1.062773908756821299e+02
1.056078269928261761e+02
1.065156344825910821e+02
1.105497970120068061e+02
1.034992311013887729e+02
1.067493369532653134e+02
1.106668453442449191e+02
1.072294787824071136e+02
1.072480623081305282e+02
1.098696314959231017e+02
1.085109042581448477e+02
1.067226621350809239e+02
1.062084394066231994e+02
1.108987593375857301e+02
1.075252369213038719e+02
1.097742418736082897e+02
1.101072396757347605e+02
1.106844205591062007e+02
1.079290341489790706e+02
1.127433520117844665e+02
1.087980738695419092e+02
1.112220452161964204e+02
1.060803479082994301e+02
1.103464042169103010e+02
1.137730246242723950e+02
1.079938552746875189e+02
1.107265660412847126e+02
1.140662117344854209e+02
1.083264603637894794e+02
1.122505276300890102e+02
1.155833320596379821e+02
1.098621838852218389e+02
1.135112527003583267e+02
1.075434824012072852e+02
1.120970525236014339e+02
1.146690838851481686e+02
1.082542636226410764e+02
1.125994715230155947e+02
1.146922654205332606e+02
1.093784937547524834e+02
1.131668748883377162e+02
1.154359372919396378e+02
1.104909018501135876e+02
1.144023165686818544e+02
1.175971576903890536e+02
1.115655548143248978e+02
1.152290508309857842e+02
1.093525317381828472e+02
1.134112176280074209e+02
1.151105886375340930e+02
1.108023517471390420e+02
1.137280003052108412e+02
1.178092570365108713e+02
1.116601389465484999e+02
1.152839837234106568e+02
1.185270657998084118e+02
1.151657761925482362e+02
1.180561888948464428e+02
1.183712007152572596e+02
1.155994275225837953e+02
1.167438319793108690e+02
1.129569166510376732e+02
1.146551465455256675e+02
1.190590381680242160e+02
1.172414814502315465e+02
1.128850840635699200e+02
1.179457148105910136e+02
1.169094058648999521e+02
1.196044581846769006e+02
1.210889640825601958e+02
1.168110184649146674e+02
1.195842741821298034e+02
1.128882450231896541e+02
1.177096014181247625e+02
1.213078490493591062e+02
1.169777772557352051e+02
1.224809739508492328e+02
1.189864967448574760e+02
1.232770818762401746e+02
1.161561810471674079e+02
1.212967952946388124e+02
1.207043255046942818e+02
1.205292386585716287e+02
1.249050046033089956e+02
1.213744839935755380e+02
1.231113435999746173e+02
1.195318789725308619e+02
1.234946070897116215e+02
1.239915998419814827e+02
1.190178804400214290e+02
1.236691150932527279e+02
1.264010857697078336e+02
1.193751440037355849e+02
1.245264579396006326e+02
1.273498741847500497e+02
1.221778398267775714e+02
1.256159065009409943e+02
1.284822985473442714e+02
1.227674293161585695e+02
1.266707928682251492e+02
1.209718186234213562e+02
1.252750032764082704e+02
1.269715277997683813e+02
1.232154743308969103e+02
1.261395691924166300e+02
1.302444415363397070e+02
1.237540804184230296e+02
1.272555231024941236e+02
1.299929568811365925e+02
1.265445535340527101e+02
1.312633732838881144e+02
1.312241955863753162e+02
1.284771205962514671e+02
1.301809092282876463e+02
1.257723210057237253e+02
1.300204228125258226e+02
1.301454550986848915e+02
1.278161244076924845e+02
1.291281560215651609e+02
1.339539099766806771e+02
1.281522124957679694e+02
1.335645150796792677e+02
1.333496966858721464e+02
1.316300902756520088e+02
1.315776038589997938e+02
1.288005315205118961e+02
1.337201937535534455e+02
1.318754835372158425e+02
1.321879334644518735e+02
1.359410886238050011e+02
1.339735451294897928e+02
1.342153765195464530e+02
1.322615701833989021e+02
1.371609376908140803e+02
1.329059821572424198e+02
1.383423100587512806e+02
1.401235421531704617e+02
1.337824460319912703e+02
1.388124329596726056e+02
1.323514169770578235e+02
1.376321529019712102e+02
1.398277133748850076e+02
1.337385705403825682e+02
1.384413042802039229e+02
1.419569532434998678e+02
1.349515395909122617e+02
1.404583246503656255e+02
1.437194650574269872e+02
1.370379056881973838e+02
1.421852343819074633e+02
1.453555089445461306e+02
1.400483121390828956e+02
1.437627070059520236e+02
1.377298333002290462e+02
1.423224121452162478e+02
1.454956142744280498e+02
1.396918036171955748e+02
1.438640111079864141e+02
1.463230581230565122e+02
1.421048175363765722e+02
1.448807231066649877e+02
1.494869825090937638e+02
1.421426762579957028e+02
1.481048995212722446e+02
1.484834592703260796e+02
1.496841932883370987e+02
1.437063852116603755e+02
1.504575012182085061e+02
