0.000000000000000000e+00
-3.772775403169872277e+01
2.305843609829383567e+01
-2.365141981322948084e+01
1.064295968097377454e+01
-1.645128359433669729e+01
2.747088301424799539e+00
-5.446689721433237708e+00
3.468659640185815185e+00
-4.098629108622835915e+00
2.587348278686856240e+00
-3.191180372040945734e+00
2.573038292339788313e+00
-2.527152339574012974e+00
2.325891827091331354e+00
-1.977564307034759938e+00
2.284839288983147476e+00
-1.503438893557464073e+00
2.333106858759075752e+00
-1.082476699410669596e+00
2.427342758848516358e+00
-7.435787728978708877e-01
3.238657975882401896e+00
-5.244176995791369755e-01
3.558955001955682373e+00
-3.193725778515871805e-01
3.893491884150716675e+00
2.402462757879228472e-01
4.128757491049112716e+00
3.962875601852954843e-01
4.337822220853746025e+00
6.021036307307693347e-01
4.677582642026432147e+00
8.536503315091412691e-01
5.022951032207907396e+00
1.133148647486086569e+00
5.385610019989980124e+00
1.433554162166605250e+00
5.765691729050542946e+00
1.751577918600266015e+00
6.159128279192001898e+00
2.084414446562850021e+00
5.433283925089236632e+00
2.448222346266624605e+00
7.121320967672177815e+00
9.340110242728998813e+00
1.084474400212541667e+01
8.335716911870648005e+00
1.209445216409558554e+01
8.967848777814028338e+00
1.251332928079279583e+01
9.343960000529028420e+00
1.294870163358014281e+01
9.736811635137447851e+00
1.335859973899400899e+01
1.010503872387366542e+01
1.376149523324339974e+01
1.047038550257794931e+01
1.415786648200786502e+01
1.083113184370523818e+01
1.455224370838369730e+01
1.119023555363152411e+01
1.494436422209827597e+01
1.154759618881042726e+01
1.533505080321777037e+01
1.190351915846991027e+01
1.572407995326626740e+01
1.225777619210230718e+01
1.611136363116284542e+01
1.261012356225452002e+01
1.649659803058622387e+01
1.296021340631233443e+01
1.687948417943098178e+01
1.330767703905602772e+01
1.725968263925129875e+01
1.365212401974276446e+01
1.780568317569194647e+01
2.022911352583906108e+01
2.319113968200080222e+01
1.941810924844477171e+01
2.413827218971024990e+01
1.983975213781409508e+01
2.449916575391136320e+01
2.018765255822866322e+01
2.484325598995339845e+01
2.051966559303327031e+01
2.516809399517922685e+01
2.083420733958695337e+01
2.483941284999244914e+01
2.116490347668383265e+01
2.517672100598264606e+01
2.148363445104062208e+01
2.547934224532978220e+01
2.177385239213828072e+01
2.576035357839142392e+01
2.204507609935859236e+01
2.601960733212261090e+01
2.229751617644583916e+01
2.641721069620748708e+01
2.925872039705402372e+01
3.062861017651353635e+01
3.017297511347507921e+01
2.963115040764424535e+01
3.169575585726433786e+01
2.946907469426458093e+01
3.156176475754715938e+01
2.964785964573913191e+01
3.195221150755267203e+01
2.918216728088324174e+01
3.209253676846479664e+01
2.932894920383238713e+01
3.212681435668929453e+01
2.949343039568769242e+01
3.217023605932961061e+01
2.964918668394757262e+01
3.220264029379886495e+01
2.981111214915709695e+01
3.279724906396599948e+01
3.661747102605369264e+01
3.928906302215737867e+01
3.624762032404873935e+01
3.936755405610401226e+01
3.635771491715904347e+01
3.928993514372979945e+01
3.610043003521700200e+01
3.841507996126737368e+01
3.294977211022079899e+01
3.845308705611299160e+01
3.556763579169472678e+01
3.853496121527496854e+01
3.542093385368345793e+01
3.856096303755500543e+01
4.142717733106197642e+01
4.256832185533420443e+01
4.144285990747911796e+01
4.288092641077538048e+01
4.148631020703828653e+01
4.288701221939895447e+01
4.127165685961308128e+01
4.275485219983393392e+01
4.101920261766653653e+01
4.256860742081441629e+01
4.075414405929191020e+01
4.235712648970903160e+01
4.047112703183430682e+01
4.199560789313621001e+01
4.068833888827544598e+01
4.475043768313809522e+01
4.556091712655717174e+01
4.997923538296056023e+01
4.335103339196317762e+01
5.054125390345930668e+01
4.265939124980059205e+01
5.013187197868301581e+01
4.188020469140885638e+01
4.988433714587716139e+01
4.324711675585790971e+01
4.520868784756857650e+01
4.601790699228497061e+01
4.564392970386484194e+01
4.451739411666068946e+01
5.051200999432565908e+01
4.881700738287050712e+01
5.315688862732233844e+01
4.649834438301934370e+01
5.346606705026979256e+01
4.552208734331261297e+01
5.246144327778208805e+01
4.527663450023810299e+01
5.176072888402593009e+01
4.435482077111941379e+01
5.100642833569941104e+01
4.378569223814162825e+01
4.985469024582830144e+01
5.267039212414010763e+01
5.122368428313611588e+01
5.352406501361495827e+01
5.128197558348106355e+01
5.156233156718742805e+01
5.109561166747095484e+01
5.076299538466784611e+01
5.033060123653249462e+01
5.024047071697020783e+01
4.975737654643940999e+01
4.952057983175998146e+01
5.445118982838174304e+01
5.263059030577229436e+01
5.614082697561039481e+01
5.075528884008789277e+01
5.619699874270099826e+01
4.941975734646597118e+01
5.521168104223250594e+01
4.952602746190560623e+01
5.471489151139383722e+01
4.803747340732195426e+01
5.371437125256309031e+01
5.741444584521666883e+01
5.380875547289988248e+01
5.667470776092780937e+01
5.293458174807673089e+01
5.695511490363949036e+01
5.092810673456221338e+01
5.626304080651220119e+01
4.982646110910832249e+01
5.516878618725860406e+01
4.993867692714003681e+01
5.460158010798588890e+01
5.784437965399497017e+01
5.277187341511564256e+01
5.755767169241027403e+01
5.148642188947714970e+01
5.657621057813671683e+01
5.151581677002012327e+01
5.595948255128205062e+01
4.920422786518429348e+01
5.482819272573120628e+01
4.977509839815411397e+01
5.419330787028857088e+01
5.741151186972795983e+01
5.238815980530934269e+01
5.764674808054842714e+01
5.232927419020208504e+01
5.669604916841765885e+01
5.017411254775279872e+01
5.544071158719390269e+01
4.830523909602789701e+01
5.454205119214296360e+01
5.731510109443172496e+01
5.466055764854995402e+01
5.812215612036808920e+01
5.308263521313341471e+01
5.712632967866520062e+01
5.106106565820311260e+01
5.576119512534083356e+01
4.855150276728308256e+01
5.455529323531916930e+01
5.668551630876058312e+01
5.707877723373711376e+01
5.442637764613235163e+01
5.636931051124253855e+01
5.290598292350133391e+01
5.500233290297463640e+01
5.175331961977536110e+01
5.360912973666675896e+01
5.012105025906154054e+01
5.203713479382180651e+01
5.507978600524685220e+01
5.635928361716439383e+01
5.283683931293646907e+01
5.588316465245977582e+01
5.130081551938091877e+01
5.327429407674172523e+01
5.009805840476847294e+01
5.216305356748448929e+01
4.879300672276987427e+01
5.098456032450675224e+01
5.289952355773304760e+01
5.527552966797060208e+01
5.067954092921321063e+01
5.331446735490916211e+01
4.927981233389947135e+01
5.213314231616924133e+01
4.763102699892334613e+01
5.020042195415443587e+01
5.257365382644006502e+01
5.422423717685646949e+01
5.132614767060069028e+01
5.383230487080005844e+01
4.816102219161172826e+01
5.180598803455074375e+01
4.673623200944609835e+01
4.979661490160659554e+01
5.158001929411199171e+01
5.340863760035907148e+01
4.866244092668647170e+01
5.148591519529023941e+01
4.677300634521355960e+01
4.979150605437329347e+01
4.562521484882856271e+01
4.821566327434432253e+01
5.032811727532487822e+01
5.167652417065287551e+01
4.939301669594969013e+01
5.105076072724958891e+01
4.567701598032383004e+01
4.858975275359235013e+01
4.537136382580137450e+01
4.713230352662748146e+01
4.960435641544516017e+01
5.033601422303727446e+01
4.859018621624072409e+01
4.947121023284477559e+01
4.585337811411445585e+01
4.723585731441787061e+01
4.485989412305468704e+01
4.594095184073343319e+01
4.898390095286938362e+01
4.886043958656262021e+01
4.679420229371838502e+01
4.713628414908553310e+01
4.592926558902568956e+01
4.613456536909913552e+01
4.352414752950752330e+01
4.392260275304911943e+01
4.744642481957874480e+01
4.665858104603072576e+01
4.599816466075255761e+01
4.567388227745906448e+01
4.395824627679405694e+01
4.366766487847687017e+01
4.334051973903566335e+01
4.281384951105039249e+01
4.655784128784471676e+01
4.587686446654115002e+01
4.420840591071318215e+01
4.340326327679407825e+01
4.459413855952185912e+01
4.286927765603198992e+01
4.132163580670082581e+01
4.044362325138160230e+01
4.441679957082684638e+01
4.478350125806179705e+01
4.165913679298650152e+01
4.091473571507390261e+01
4.288832760226357976e+01
3.964802394027289978e+01
4.063327354216842480e+01
4.364204487090754725e+01
4.248040327170821939e+01
4.242591917687176561e+01
4.058140502768169711e+01
4.145263327183633351e+01
3.941386066153347656e+01
3.877850458919637333e+01
4.213373262605522029e+01
4.049417316969115177e+01
4.410112995753666354e+01
3.671800512089649970e+01
4.112224932176343373e+01
3.731824697024566717e+01
3.957702198789380077e+01
4.235748852546577581e+01
4.056525849241062076e+01
4.253664145362676408e+01
3.838648383570271960e+01
3.996211884297038353e+01
3.695073474153631565e+01
3.701609518863917003e+01
3.447957324716859517e+01
3.810039737856406106e+01
3.744371866474478594e+01
3.957967259938258309e+01
3.504375283805759267e+01
3.814558783641109585e+01
3.078678538796658160e+01
3.621329115700540768e+01
3.863755921798698267e+01
3.768480747946006915e+01
3.655002867170709635e+01
3.851172656858798860e+01
3.152720014732374665e+01
3.614979227781436322e+01
3.854277692849787940e+01
3.789656405812228002e+01
3.640718351424216337e+01
3.776942836648625246e+01
3.372420546076131131e+01
3.518894378399720324e+01
3.120012871327797654e+01
3.435636227922951491e+01
3.478949767781551117e+01
3.737814809595058563e+01
3.169730073861273212e+01
3.492145231398258431e+01
2.951786637154456727e+01
3.283906058302057573e+01
3.375890214282338775e+01
3.600163095881823949e+01
3.299592626702256126e+01
3.559525111243408446e+01
2.938738481583246909e+01
3.308068400852646818e+01
2.842761095308249963e+01
3.078710214517925436e+01
3.215300032618587522e+01
3.392935211441565713e+01
3.210256005349202724e+01
3.381227633319442560e+01
2.913039548446781879e+01
3.128749497653486600e+01
3.319122105577516635e+01
3.439524267588203088e+01
3.075909880569583876e+01
3.274717750226790969e+01
2.880259989255082687e+01
3.067815943529249267e+01
3.296419196511295269e+01
3.371034616820674756e+01
3.314582618351404619e+01
3.354641393431153773e+01
2.952447479072164427e+01
3.095352027908688797e+01
3.380349656938495428e+01
3.380818353702973411e+01
3.226854999948682945e+01
3.269076585527456302e+01
3.049778074553821128e+01
3.096165166864108542e+01
2.855652479114180764e+01
3.098881030278491977e+01
3.103151787452594945e+01
3.439968633456181379e+01
2.766774288485986588e+01
3.244900108971837227e+01
2.681593961024570660e+01
3.150027651425177311e+01
3.114100206208711441e+01
3.471422307451521760e+01
2.680247469014018691e+01
3.260253357047398026e+01
2.673126178867445191e+01
3.176023647808314365e+01
3.354209771548717356e+01
3.210775454630541503e+01
3.144252202138536489e+01
3.074853251657832942e+01
3.005664862068050525e+01
3.320420146620841706e+01
3.239485541634148547e+01
3.526949608379666046e+01
3.009732710568581382e+01
3.325212310689176576e+01
2.900878774070354282e+01
3.221001121491750752e+01
3.523363228461741414e+01
3.199029779157392994e+01
3.326494066071444422e+01
3.160005615298237558e+01
3.096508292504478987e+01
2.948186441554353010e+01
3.272463689980305190e+01
3.465053990101196035e+01
3.213684537269027430e+01
3.438297559545935655e+01
2.856282590185895742e+01
3.256276549733761527e+01
3.555214891302638591e+01
3.230569090633694884e+01
3.672491443129298005e+01
2.880777176226293435e+01
3.439580266274626297e+01
3.713941230722117126e+01
3.301418704152931838e+01
3.744061055463818377e+01
3.175188257632848732e+01
3.578614422441457776e+01
2.828601389964203605e+01
3.352623921908059401e+01
3.594840936231611295e+01
3.636029885430679087e+01
3.291039913191364974e+01
3.448814911870820055e+01
3.112955484422161589e+01
3.445128041434944777e+01
3.487015994510646522e+01
3.726657724435830232e+01
3.346703143863685881e+01
3.651207425364605541e+01
2.976129709097607190e+01
3.373151832033074982e+01
3.604633355445253784e+01
3.737961450300382182e+01
3.417400354857157652e+01
3.641313261268052059e+01
3.208411690671774608e+01
3.510793825685014014e+01
3.691902382336741084e+01
3.817291684911786831e+01
3.516234311843884797e+01
3.780483784061271990e+01
3.249405492462303613e+01
3.557350492307939760e+01
3.749388280988574706e+01
3.958386368509556519e+01
3.395469037173808857e+01
3.715852262099362235e+01
3.890422581727167994e+01
4.105859427720603350e+01
4.009453416544106830e+01
3.831367462018336312e+01
3.961155393691755933e+01
3.484052705629911628e+01
3.747584058687757391e+01
3.987823630972120270e+01
4.084059847129172027e+01
3.801669542560153303e+01
3.949329577837883676e+01
4.224870847932653817e+01
4.272867984614264003e+01
4.083598544536109642e+01
4.165923680050590860e+01
3.878726686442413296e+01
4.019899760948818823e+01
4.330745251722134981e+01
4.396939953163271753e+01
4.112464712013323265e+01
4.164495197632827228e+01
4.208675672307546733e+01
3.971556153440941728e+01
4.330470241082255001e+01
4.528547026193377434e+01
4.008315635438911784e+01
4.382471466563130491e+01
4.100312220783482076e+01
4.494262777264805919e+01
4.669998960532823418e+01
4.099608455755564052e+01
4.543702579346386017e+01
4.154799473851306146e+01
4.614364439576327470e+01
4.897140066106327083e+01
4.241831957867617575e+01
4.711465842314584762e+01
4.153092496903771291e+01
4.676159424907491768e+01
4.985822760136333898e+01
4.480353401526273416e+01
4.910901542284731391e+01
4.207403762367719224e+01
4.707189516207776592e+01
5.019407450329133979e+01
4.724095688997103082e+01
4.834374349792231129e+01
4.651766971204459367e+01
4.633990229463471877e+01
4.462270775249910315e+01
4.754143386712305386e+01
5.052285734901528258e+01
4.454742710127548122e+01
4.840383854776713690e+01
4.592755060304535419e+01
4.921212963140349927e+01
5.179003720377417608e+01
4.628361612651322332e+01
5.026991821752455536e+01
4.580605075636206180e+01
4.927412611519569197e+01
5.194504289301737998e+01
5.190896188212131079e+01
4.877009318022936668e+01
5.061505732515963274e+01
4.729701807979627404e+01
4.994582840667710855e+01
5.165427798639588985e+01
5.281573962489527929e+01
4.893534977394342178e+01
5.094991748593210446e+01
5.368801618233042205e+01
5.460643520666917539e+01
5.047242542225991713e+01
5.292447618555712552e+01
4.876068197328982023e+01
5.153817440279501483e+01
5.276646601865651576e+01
5.484609635399403516e+01
5.110706937766956059e+01
5.341244166014981687e+01
5.495070606124927082e+01
5.658234188331017123e+01
5.263053282183914661e+01
5.531461663694561537e+01
5.069685641524007735e+01
5.315175312419443543e+01
5.546208981921231640e+01
5.690123177444306179e+01
5.188544012483281875e+01
5.467199690418829761e+01
4.971450978582544877e+01
5.274684080896451377e+01
5.494576745580501154e+01
5.588386688370439970e+01
5.347161174130980754e+01
5.516073521913386912e+01
5.794858571036786543e+01
5.817575134384117774e+01
5.445317256116968707e+01
5.611926072010704303e+01
5.386376662132536808e+01
5.588079090671716642e+01
5.678953006884690069e+01
5.952519873301969255e+01
5.404796035996267989e+01
5.797449637742489870e+01
5.885596066395565629e+01
6.154051869565153510e+01
5.456529480864995207e+01
5.906403523348812001e+01
5.581122906139904671e+01
5.953929273522130217e+01
6.003714305572862031e+01
5.809750887915092932e+01
5.774219441354919979e+01
5.791765202887764019e+01
6.116524255577885327e+01
5.905600000351296330e+01
6.118199512494290815e+01
5.628575166010924136e+01
6.054762733292174204e+01
6.350469885081717791e+01
5.920279263730201791e+01
6.286264233619182562e+01
5.497790363582989670e+01
6.062715162878345154e+01
6.356724415756035995e+01
5.991730706785868676e+01
6.108276284971077530e+01
5.864666188358233256e+01
5.846243833664288303e+01
6.238938315843810045e+01
5.986906410067682316e+01
6.281135814162408337e+01
5.628124592408290994e+01
6.132431346733511646e+01
6.385678279018071635e+01
5.941922315035883884e+01
6.250251626052890686e+01
5.909999972751866437e+01
5.986672372561661604e+01
6.248837609453241981e+01
6.457369931633246551e+01
5.849992949622624394e+01
6.226536689323139484e+01
5.638072843647696430e+01
6.012149297258514480e+01
6.210408700482692268e+01
6.291376507348089575e+01
5.886227493977476399e+01
6.064643262839138060e+01
6.290686323497988042e+01
6.394330973942321350e+01
5.967339917212880351e+01
6.232480173638494136e+01
5.544448133126942224e+01
5.944548938260089699e+01
6.069100383416525801e+01
6.263726877464613807e+01
5.658180091842738335e+01
6.005302096018901636e+01
6.138401501541019201e+01
6.297036651011514152e+01
5.856956547576508143e+01
6.133830252516525405e+01
6.273082567930123332e+01
6.398931092931335485e+01
5.971595178803549686e+01
6.173962092308103422e+01
5.694775581254619823e+01
6.046591087005382548e+01
6.091131750024565150e+01
6.308923079790142907e+01
6.028396136609683253e+01
6.173479829295749965e+01
6.207837739749613348e+01
6.458045206400386462e+01
6.047912862146737467e+01
6.283536972712909119e+01
5.648931724976470292e+01
5.939767698282823005e+01
6.063245649957383421e+01
6.163174353661868565e+01
5.801078268995685505e+01
6.167410161248067624e+01
6.267113561935328647e+01
6.269494196023967447e+01
5.932515641751767532e+01
5.939870333980090322e+01
5.806830681740303390e+01
5.922088107575254412e+01
6.191213933471974684e+01
6.011291613136678791e+01
5.887410175069361173e+01
6.187413472553508598e+01
5.951112310299490815e+01
6.304137693199660930e+01
5.775128222330069150e+01
6.086195502475601415e+01
6.351859123111153593e+01
6.047625036266514797e+01
6.003669802749043072e+01
5.786250083990110937e+01
5.909602168633500696e+01
6.235779965376588052e+01
5.911336892976297008e+01
5.976816587119987645e+01
5.705940183694648482e+01
5.716509795238385294e+01
6.054340434677045835e+01
5.774334724841322952e+01
6.041101692259017142e+01
5.556967276347757689e+01
5.873675062892215237e+01
6.057542316755461087e+01
5.738427333036123201e+01
5.970484057725205673e+01
5.554049676564259386e+01
5.775048579569629226e+01
5.932127558603572481e+01
5.815045797538019201e+01
5.735461342001890017e+01
5.371717474632238520e+01
5.611500404478766768e+01
5.687258532442287873e+01
5.876870074240375885e+01
5.321136930984240365e+01
5.597800275432555850e+01
5.754545057529374930e+01
5.846028569918882312e+01
5.311492516984407786e+01
5.626120541168338463e+01
5.740005247999373239e+01
5.873013429911232208e+01
5.365830133352506692e+01
5.574701896516889121e+01
5.724325222688218417e+01
5.811070852676351706e+01
5.515615245438572600e+01
5.654282427771648400e+01
5.111983364245718775e+01
5.320408770844626645e+01
5.480819010914525791e+01
5.532956840397236675e+01
5.538870222172116797e+01
5.121100433759223591e+01
5.370116503544686992e+01
5.393189750398051530e+01
5.571048493596928353e+01
4.877617432113709839e+01
5.241178354910846338e+01
5.248967694351229341e+01
5.486874444142182483e+01
5.390199604089711016e+01
4.972485051795506195e+01
5.071977559332077590e+01
5.312606396809024289e+01
5.250131899218676779e+01
5.335824241937080359e+01
5.069231348323567943e+01
5.340487389128326612e+01
5.270925130500108935e+01
5.196145042178654450e+01
5.103027262770184080e+01
5.393355101223447434e+01
5.424217998598017232e+01
4.908551921155000741e+01
4.998520658449324827e+01
5.297186571705623948e+01
5.529151951693631162e+01
5.044108418973411290e+01
5.372119694542783463e+01
4.652283658735295546e+01
5.044366352748494364e+01
5.290828542873075691e+01
5.021613513973274934e+01
5.113167872753971466e+01
4.781319406942920835e+01
5.096418504160889995e+01
5.176570075777644320e+01
4.870238142871480136e+01
4.822345137157599737e+01
5.160850645082376786e+01
4.987275852064659176e+01
5.198761591747657462e+01
4.770990408094289137e+01
4.824089372075287230e+01
5.052755609975285012e+01
5.228871995848025733e+01
4.449140273090768005e+01
4.896502596640436877e+01
5.104154964472782297e+01
5.222517928980680324e+01
4.741721706070306652e+01
4.831956244091148989e+01
5.048861324325813627e+01
5.208687967276096487e+01
4.516258687070909161e+01
4.893130990011948711e+01
4.316015922863171284e+01
4.647771727473617887e+01
4.702089974053749444e+01
4.873388889943061031e+01
4.465041991929955856e+01
4.688971458204183307e+01
4.787361078114046364e+01
4.919272882820212800e+01
4.526501536680979854e+01
4.667022168312536934e+01
4.800278286720538290e+01
4.896861898907061317e+01
4.663722821193646695e+01
4.732208259143930462e+01
4.897706992258710557e+01
4.969032873791615401e+01
4.502432398745369824e+01
4.645116994267888089e+01
4.822374682770038135e+01
4.864330124606432548e+01
4.885067443583159275e+01
4.429340257577149487e+01
4.694306214047932713e+01
4.711531866611784380e+01
4.928632721270388828e+01
4.561636191162997278e+01
4.819385339771859122e+01
4.811715563246661276e+01
5.020892468399217989e+01
4.441968662537635026e+01
4.803237971859852706e+01
4.160982816058476885e+01
4.553168481811520962e+01
4.490707433059508702e+01
4.781874747725046149e+01
4.271283756469210147e+01
4.649997422009062831e+01
4.761695028226266402e+01
4.640393903205041681e+01
4.424681863176353147e+01
4.797915133853558700e+01
4.572813914080172992e+01
4.903328302743188516e+01
4.178664502734975628e+01
4.687810178167625708e+01
4.943370568135531329e+01
4.646584044232167088e+01
4.639864667695491107e+01
4.436296107135370193e+01
4.766218919897007567e+01
4.701553468967445326e+01
4.623695445575515350e+01
4.536145675870181293e+01
4.294778576223757938e+01
4.650636825998922319e+01
4.773898435437886434e+01
4.361752651485269183e+01
4.806920985895251874e+01
5.017919901536777161e+01
4.574769044687396757e+01
4.839217265862746586e+01
4.384894825397800844e+01
4.634466129951558599e+01
4.817117011327324150e+01
4.463299770116324083e+01
4.863846819876683014e+01
4.885372788448372461e+01
5.088117466004682399e+01
4.388007974393728716e+01
4.826034779001489738e+01
4.091956157399533112e+01
4.511059362614544455e+01
4.659720814203625139e+01
4.759113969758713125e+01
4.388877248795418495e+01
4.560068394537341163e+01
4.734841680656200680e+01
4.846297206299247051e+01
4.469442014681062858e+01
4.686366958687266049e+01
4.797275305460955508e+01
4.965577210566672051e+01
4.446979239639983206e+01
4.686494284897603535e+01
4.770488205659779624e+01
4.965162582290913917e+01
4.801410803229415336e+01
4.706299116138477245e+01
4.928514972355804247e+01
4.941036043440975334e+01
4.729541781245165311e+01
4.831287305326073778e+01
5.062472914269174851e+01
5.053929179753724554e+01
4.701943422781949522e+01
4.797663080852328221e+01
5.056887231271272043e+01
5.010757863757381614e+01
5.051780235392736529e+01
4.962050896423582458e+01
4.580131590520085894e+01
4.719167753257941200e+01
4.996052493765223090e+01
4.896247304072421969e+01
4.929754864480943155e+01
5.220595084681222886e+01
5.026084270335483239e+01
5.220703860848051647e+01
4.686148306530368046e+01
5.082236510884911951e+01
5.206365934059360256e+01
5.051262206406980226e+01
4.901283417419762145e+01
5.285781427171954761e+01
5.012760849587645851e+01
5.366896923453505508e+01
4.592137454384185702e+01
5.093855446988732893e+01
5.361931548046546681e+01
5.049492436163842513e+01
5.078847353411425303e+01
4.833246546436846103e+01
5.190400492962044154e+01
5.145172807823799843e+01
5.205127353259990031e+01
4.852005261654023371e+01
5.138701267635548930e+01
5.383529828788344673e+01
5.198916430296175406e+01
5.223236799801284747e+01
5.478678952898945198e+01
5.553504757807083791e+01
4.879885772262777266e+01
5.288888286543323147e+01
4.830314692009357458e+01
5.122013002777873680e+01
5.173872103914285248e+01
5.397652903108200206e+01
4.773448133344163580e+01
5.141957163286647869e+01
5.216558110749935651e+01
5.446480906814176137e+01
4.768558147177370188e+01
5.133122733878484922e+01
5.242504924118323117e+01
5.423941536250449502e+01
4.891499149146142145e+01
5.130001584019583305e+01
5.276340783973058990e+01
5.399699514254162125e+01
5.482733153637114043e+01
5.660651788694722342e+01
5.733337413338757926e+01
5.207662726281013477e+01
5.395477560011604368e+01
5.587595507830372554e+01
5.637376837669598473e+01
5.653302557317343258e+01
5.339935174312295629e+01
5.634054833601830836e+01
5.642132160727013002e+01
5.615563350297737344e+01
5.600069156719944630e+01
5.852177731747096345e+01
5.796379063780078411e+01
5.445554585434669548e+01
5.488820438613696240e+01
5.381078453036966636e+01
5.390081890492626115e+01
5.675654311423374310e+01
5.546219800770854391e+01
5.325662629348976651e+01
5.619611208513297385e+01
5.432243497681438527e+01
5.763578244478631518e+01
5.370547661937785477e+01
5.732828999638724810e+01
5.939248518558404299e+01
5.380017088806564374e+01
5.694721108010291744e+01
5.959665208576124229e+01
5.675924125636467465e+01
5.667298914837035539e+01
5.441253117893921143e+01
5.773487566355793632e+01
5.972763854147755325e+01
5.383598259663129681e+01
5.732189692026399541e+01
5.976468568020189309e+01
5.842958446544783158e+01
5.739183516938595631e+01
5.462982716801518279e+01
5.544088741244097918e+01
5.861933147076488382e+01
5.603603385133295234e+01
5.684403188648970939e+01
5.328502705759663627e+01
5.572560270900071089e+01
5.764633542514837217e+01
5.620185779143635330e+01
5.602160628593305347e+01
5.771034886275153752e+01
5.886997607812425315e+01
5.467103038953791128e+01
5.581735719860655109e+01
5.780461389873708811e+01
5.920216615034308916e+01
5.384565413511935361e+01
5.686084662669299661e+01
5.824308721970809444e+01
5.920453832192114874e+01
5.470839141590050758e+01
5.659020187170347072e+01
5.798759770959950544e+01
5.890806123422367335e+01
5.548587386719589176e+01
5.686949752097292077e+01
5.832253643570045654e+01
5.904655970974316403e+01
5.568327603241033330e+01
5.731598786534316048e+01
5.935037377518926149e+01
5.927422022710017302e+01
5.603892941389223381e+01
5.677693900202299915e+01
5.915118874651236780e+01
5.873380456739297983e+01
5.534056675422093008e+01
5.611051703115050771e+01
5.871084211902987704e+01
5.788429662338357673e+01
5.855164267392249400e+01
5.640794293411787663e+01
5.927997144947434549e+01
5.832178754891214112e+01
5.615735184424246995e+01
5.548814587995905612e+01
5.822495635678770043e+01
5.912120122277585210e+01
5.644850023277108164e+01
5.728543321477668115e+01
6.001316594338992871e+01
5.765530446078627591e+01
5.857234543605797228e+01
5.608276182442407531e+01
5.431952116581894785e+01
5.769030750870945923e+01
5.488016682898255993e+01
5.804651920504288398e+01
6.047408993081077000e+01
5.719084202612275902e+01
5.740103281775338218e+01
5.455333712360882714e+01
5.419653933361094289e+01
5.737517210568554304e+01
5.500241971618901715e+01
5.787365998417104862e+01
6.018678467859274406e+01
5.580551076969143054e+01
5.880198749233444744e+01
5.286905995009304604e+01
5.643388341452928358e+01
5.781086718006540792e+01
5.687011365470988977e+01
5.575263875208794673e+01
5.723513336853832101e+01
5.894253818502819087e+01
5.375632978286613195e+01
5.727049526059011697e+01
5.030582927839425622e+01
5.405094356974882430e+01
5.530418060389854418e+01
5.641859974735567818e+01
5.185219508602716587e+01
5.306478512898519995e+01
5.449209542037129950e+01
5.598075583614058814e+01
5.109114128673604682e+01
5.272580546820391589e+01
5.415415095826602254e+01
5.512044665371890773e+01
5.507849431577160715e+01
5.672515367500950134e+01
5.742816185024813791e+01
5.241422588433713514e+01
5.385644383268480340e+01
5.548702417394051167e+01
5.590496773998836488e+01
5.577121230570214294e+01
5.188340488661198435e+01
5.470473828685825879e+01
5.482225150217286114e+01
5.665007187329450744e+01
5.153558498358403739e+01
5.449588463952423467e+01
5.404016784872258938e+01
5.650047744937805305e+01
5.201064398871943695e+01
5.517957565159286304e+01
5.477792868157373363e+01
5.687381440335737892e+01
5.157549944761649385e+01
5.496519751428877498e+01
5.556209998636266079e+01
5.533157982038171951e+01
5.192106483787531346e+01
5.587665475406629412e+01
5.383234238499856872e+01
5.699141232305972693e+01
5.949737902030609149e+01
5.662739825490647405e+01
5.633530515820169882e+01
5.421446708788388236e+01
5.386790594107258556e+01
5.717134671166721205e+01
5.415688674657383217e+01
5.697125548833195552e+01
5.930904111547476987e+01
5.610476835842153776e+01
5.805793630030942865e+01
5.341129719796484920e+01
5.716104111245660135e+01
5.693663929185257189e+01
5.530517671859430351e+01
5.710754067459697580e+01
5.874371395238173932e+01
5.972833280450895899e+01
5.559283158392823765e+01
5.603991911286875904e+01
5.811095403710659468e+01
5.983345001342086533e+01
5.255727883836028269e+01
5.658309502658850931e+01
5.814165867334585869e+01
5.905669886359643073e+01
5.421814774544478155e+01
5.653206726955526307e+01
5.740789421096656042e+01
5.872012143741843460e+01
5.455570631128412629e+01
5.662579821378133005e+01
5.744507448968425933e+01
5.893602437111002246e+01
5.533529742637327331e+01
5.727504748571098503e+01
5.818041645183026844e+01
5.988111117448093523e+01
5.430955977947929370e+01
5.677394958211519338e+01
5.750443464937457350e+01
5.829673835606825349e+01
5.647711102839064523e+01
5.674237997182708426e+01
5.905006732029826821e+01
5.872808405836884305e+01
5.461205949603303367e+01
5.538536976682200930e+01
5.788588407451477025e+01
5.721451997212339080e+01
5.793667847025788831e+01
5.626922726730972357e+01
5.911900618189757495e+01
5.810136580832696040e+01
5.509393100696514267e+01
5.475504226935699137e+01
5.767338828210134238e+01
5.869994152815421984e+01
5.686645692892543025e+01
5.561410947526778159e+01
5.883710777431442551e+01
5.658048063144494222e+01
5.962515942639861777e+01
5.203966041779033702e+01
5.667713600334340640e+01
5.904968425996959525e+01
5.600498933473240015e+01
5.667186155985618967e+01
5.979584182053421415e+01
5.664064196877416180e+01
5.828708795037110946e+01
6.103376989826012533e+01
5.977143010185510263e+01
5.884389430060198833e+01
5.589967779969047967e+01
5.919672998052465118e+01
5.978141907715087910e+01
5.877829476616857818e+01
5.793326958536382421e+01
6.030402874059858220e+01
6.209553994365225549e+01
5.661656999770884369e+01
5.935960024213111552e+01
6.131158372951153979e+01
5.903652161752229688e+01
6.081142785481198842e+01
5.395421231963700848e+01
5.749035804956248086e+01
5.902787603239035263e+01
5.985009620788265039e+01
5.502377683953066878e+01
5.694799603601444460e+01
5.823902478915398717e+01
5.929172948933837972e+01
5.595904030910823934e+01
5.725486059696958563e+01
5.866579632943577849e+01
5.947772687926569546e+01
5.514333829643344131e+01
5.637962048358443923e+01
5.788129055807694101e+01
5.855146327672808582e+01
6.030314688708182302e+01
6.070244612763941916e+01
6.158754035561158702e+01
5.570394125386737727e+01
5.785363498696182205e+01
5.820656533077058725e+01
6.029193649218710505e+01
5.928605476985844547e+01
6.186662951263676291e+01
6.106151326119510969e+01
5.750239839402578923e+01
5.768422159572384089e+01
6.025167086004712758e+01
5.975891093334752213e+01
6.184975979898420206e+01
5.566941904316335155e+01
5.884931984093746848e+01
5.900213857450837907e+01
6.022362135231646363e+01
5.645915181493706569e+01
5.974084490158173821e+01
6.227894673025092942e+01
5.735226848273975975e+01
6.020044934549987659e+01
6.261895855233774455e+01
5.920733776959129813e+01
5.878729025125667107e+01
5.635949730428552584e+01
5.949119516841834354e+01
6.161065645581086869e+01
5.544279522708549024e+01
5.853598986862568410e+01
6.083882330920908288e+01
5.933935592307787488e+01
5.920470882023622039e+01
6.227891791798528942e+01
5.844039703931536422e+01
6.026659663419216173e+01
5.615133104307439282e+01
5.904793214829395254e+01
5.834653823201630729e+01
6.029542076403734541e+01
5.624773302938616837e+01
5.848814632020320659e+01
5.877510662222361049e+01
6.033979246776402761e+01
5.508401426121083944e+01
5.727099469256447151e+01
5.839737413281943645e+01
5.952655893263093390e+01
5.408544821448608531e+01
5.643412585598365183e+01
5.757294054821043261e+01
5.873342079610296196e+01
5.498533734082788271e+01
5.657310892441327610e+01
5.739563092881292050e+01
5.884676257657647369e+01
5.933720632288509478e+01
6.111211248676025320e+01
5.755091987571431389e+01
5.954251817300639260e+01
5.968095791719802179e+01
6.169188445890803507e+01
5.611336311507431418e+01
5.781485530640130577e+01
5.920785388739202659e+01
5.869577583128842235e+01
5.658751626318905892e+01
5.664184066413410079e+01
5.913297728693669342e+01
5.814520752788027380e+01
5.869047943368877895e+01
5.646262992192151842e+01
5.918862201277700308e+01
5.799879163164389695e+01
5.603617872447099302e+01
5.517020025877670264e+01
5.777043376768145322e+01
5.842509106513738715e+01
5.543229628414605514e+01
5.848981855069306590e+01
6.065320767028793369e+01
5.607531554139259100e+01
5.871875723011751802e+01
6.103809391332659118e+01
5.774950478006629595e+01
5.774263944118746394e+01
5.516335316518043186e+01
5.807892299303350825e+01
5.867639284646701725e+01
5.568116129380558021e+01
5.484747412836966163e+01
5.784438964527804927e+01
5.634595092121974602e+01
5.827779643779106067e+01
6.062706817018619176e+01
5.549244458584662709e+01
5.891216995181834193e+01
5.071498830087653431e+01
5.534062649399042044e+01
5.648687168530568670e+01
5.808545521721984528e+01
5.124290467380691894e+01
5.509439986693269020e+01
5.678270373332818366e+01
5.731960634764350004e+01
5.275327522614870901e+01
5.462196925469697106e+01
5.532029460225498951e+01
5.662585811361831389e+01
5.182643059670377284e+01
5.427358856483035510e+01
5.539335698474665293e+01
5.659145453454181762e+01
5.760487685362537746e+01
5.873206348551070732e+01
5.347223026088791897e+01
5.495844940164572989e+01
5.604995501865155916e+01
5.668758488247598848e+01
5.776764593378077706e+01
5.144451909008189716e+01
5.400139174706387735e+01
5.448612690571950168e+01
5.619929836096719100e+01
5.514081539491794359e+01
5.739968931726939871e+01
5.707308137285729543e+01
5.335187229633748274e+01
5.387657727402599050e+01
5.615403055258338583e+01
5.542195228316635536e+01
5.623170687298082981e+01
5.314984440338349003e+01
5.577479666305026029e+01
5.494703797497624720e+01
5.513989117195903589e+01
5.716243907664598112e+01
5.516462600901643754e+01
5.748604778279832317e+01
5.086417079536618502e+01
5.487971340111334229e+01
5.727189746162213879e+01
5.471936659091596056e+01
5.466034820933649030e+01
5.772647428114329671e+01
5.487836433530251412e+01
5.742634436424326339e+01
4.850104370131415266e+01
5.403260962156115710e+01
5.641922754921836258e+01
5.314772412249538291e+01
5.374418549513414689e+01
5.674710451863155924e+01
5.487500175004848302e+01
5.467372007783011867e+01
5.793869748198387271e+01
5.440729902491453629e+01
5.749478320850387547e+01
4.859701782402219550e+01
5.317747420642093914e+01
5.522259235097914143e+01
5.696931887941448025e+01
4.975100604481036726e+01
5.396608863676593160e+01
5.576164582167748307e+01
5.637879435854644328e+01
5.174382753909712562e+01
5.379795597491816750e+01
5.456536648464626893e+01
5.596007359498808142e+01
5.107222714955182141e+01
5.380216128963493105e+01
5.497363467370311696e+01
5.592607551929583565e+01
5.726035046037659981e+01
5.807456167713112904e+01
5.613691851249366493e+01
5.633357752868561619e+01
5.806305875001385886e+01
5.863192049665834560e+01
5.346767124635147184e+01
5.619208114097600060e+01
5.651981453539093536e+01
5.849166138600006093e+01
5.554179763406496306e+01
5.804741670307098644e+01
5.785952636326288001e+01
5.872562546025449137e+01
5.577244929858613176e+01
5.857675352028203264e+01
5.780006776795714529e+01
5.820490719759542486e+01
5.677809306402033940e+01
5.971597385462367669e+01
5.824129874383356054e+01
5.531397600971857287e+01
5.486040929491172591e+01
5.772965288331430145e+01
5.871691742338191489e+01
5.668954263394455495e+01
5.564850094447687923e+01
5.875122609880082081e+01
5.644107758194726898e+01
5.938356333089049599e+01
6.202700572525175460e+01
5.828278921883391916e+01
5.889627637935145543e+01
5.636078324358003044e+01
5.951477916935573376e+01
5.944005349913604874e+01
5.663775998775006570e+01
5.625424356630078648e+01
5.951149648101358025e+01
5.829584814457427910e+01
6.066198746876168713e+01
6.295430171662496122e+01
5.513943643109333692e+01
6.028508062310094573e+01
5.449948319769237770e+01
5.743080802518529282e+01
5.920366256806768490e+01
5.957520850780933586e+01
5.571044749550569719e+01
5.785730410683395775e+01
5.861635083738639906e+01
6.027589691111560910e+01
5.390327183698575197e+01
5.729135126215365403e+01
5.896937666215222151e+01
5.952710785929009774e+01
6.071578884754283933e+01
6.183450413726181694e+01
5.893455535740566376e+01
6.069911152883388894e+01
6.160167357467392435e+01
6.309284613871177783e+01
5.762643279407912900e+01
5.941051459741601803e+01
6.066021169232597998e+01
6.088104371002728499e+01
5.922094927971726008e+01
5.972367896070714011e+01
6.157454568362823721e+01
6.175526700321471196e+01
5.677963175223305825e+01
5.936574273309834382e+01
5.904026778851390844e+01
6.113381920417337057e+01
5.971695017292584140e+01
6.232213142105759829e+01
6.156728131761731504e+01
5.799835755195574905e+01
5.812054227593861810e+01
6.066299817687679052e+01
6.016489853347042072e+01
6.229717990856006082e+01
5.614279443359811950e+01
5.927375979705551146e+01
5.920600597870561899e+01
6.128156228935319660e+01
6.348655571374467144e+01
6.107593658805156167e+01
6.119275718782004247e+01
5.901309589699182823e+01
6.213808818299667536e+01
6.395431397262153439e+01
5.720677298573004066e+01
6.066958136622147180e+01
6.307896148024165228e+01
5.976055418222455984e+01
6.016557393648114527e+01
5.723247790481737951e+01
6.022397208043511085e+01
6.092477366712902409e+01
5.876440986303431657e+01
6.170044201587345611e+01
6.116981562595475452e+01
6.029506451337230288e+01
6.055580492689536243e+01
6.306064841449005343e+01
5.975898740389089170e+01
6.045554026806181014e+01
5.728675155558453724e+01
5.919006952782620345e+01
5.975209814476745152e+01
6.128417410485990757e+01
6.260789981101110158e+01
6.348027388173540686e+01
5.876241249060445426e+01
6.052819337504664077e+01
6.143179294581244676e+01
6.246697689945026610e+01
5.876512127246807182e+01
6.044937590582620146e+01
6.152201360119784823e+01
6.225069063830208194e+01
5.704876828780689380e+01
5.852129187840525049e+01
5.960202618676764530e+01
6.018935809465007480e+01
6.061386272381017903e+01
6.205315818307534670e+01
6.174469051265055697e+01
5.939016627569761653e+01
5.974772885721115756e+01
6.196471305101375293e+01
6.121842241836484533e+01
5.711525802228753435e+01
5.759116325117086888e+01
6.013086370582213647e+01
5.913588704338330615e+01
6.097697067693435002e+01
6.164334912839763803e+01
6.130245347382972909e+01
5.989774029479921325e+01
5.889821240027016103e+01
6.148839460254219347e+01
6.153395488492578380e+01
5.608452846419891813e+01
5.748142727721730694e+01
6.013385520853627497e+01
6.026549593028139640e+01
5.647229442862423099e+01
6.098856607711730504e+01
6.190179128307251943e+01
5.849165919307101547e+01
5.931210840936417128e+01
6.198806479307587836e+01
5.873922652182027804e+01
5.913343533437686261e+01
5.611785345585287388e+01
5.902198031429038849e+01
5.944609723551577929e+01
5.708042523450198047e+01
5.999755215103250094e+01
5.910078030022748408e+01
5.998450009165352981e+01
5.618855340422302191e+01
5.874530775462405785e+01
5.802710744977306945e+01
5.977326902042350554e+01
5.540291063125671656e+01
5.724140237320587943e+01
5.835228604200318614e+01
5.902771298424483604e+01
5.281380405092378538e+01
5.586320053340264735e+01
5.724391588571296552e+01
5.809916446055652983e+01
5.976038724458656759e+01
6.027686936673436691e+01
5.652001140068140472e+01
5.811604199980929053e+01
5.914914348349564222e+01
6.016336424613859180e+01
5.506943951505386536e+01
5.629250481863135747e+01
5.741569532741158355e+01
5.822684855375314328e+01
5.549303454840680416e+01
5.679537755004883337e+01
5.827939940461838830e+01
5.843865559715410285e+01
5.379213621019015079e+01
5.465804072982192707e+01
5.656221809139714196e+01
5.634028538741785752e+01
5.781299570190503800e+01
5.776806263711124956e+01
5.989404099896132294e+01
5.556112023980990955e+01
5.859190390736002740e+01
5.776440213913865307e+01
5.981845838271385674e+01
5.421172987945464428e+01
5.739850804152104047e+01
5.787785488863026018e+01
5.734304367116333623e+01
5.432201975207268418e+01
5.770894863546855191e+01
5.538617977247505308e+01
5.837787678400131597e+01
6.079114797046469931e+01
5.793362482133625235e+01
6.007651032563894944e+01
5.249960466932270009e+01
5.714200897842473381e+01
5.947485420449045534e+01
5.605805987327391193e+01
5.614815273361681136e+01
5.911869968849926238e+01
5.749111874246617049e+01
5.770994447872467958e+01
6.078753869233563023e+01
5.706170185582171683e+01
5.981759110291695691e+01
5.106432235965684185e+01
5.628931390474365770e+01
5.746482941926430499e+01
5.916835133679484215e+01
5.209277688336008083e+01
5.611502454504736903e+01
5.787019659618075451e+01
5.855178484119340965e+01
5.387177940075039118e+01
5.579156219141948014e+01
5.662736726382307495e+01
5.789860708280615142e+01
5.946211427025944829e+01
6.027237719198772226e+01
5.619899403543332284e+01
5.791008321678219062e+01
5.927481919860520776e+01
6.032768944066749128e+01
5.559202117302978507e+01
5.745533700817463085e+01
5.864468000052618635e+01
5.922252526152338703e+01
5.632088118513836150e+01
5.924207892650230178e+01
5.928777671496425228e+01
6.086898987966608843e+01
5.451901841139055449e+01
5.735451519980387758e+01
5.728117496077678084e+01
5.949973106524314659e+01
5.767125756551939730e+01
6.005759111033837172e+01
5.918272250772564291e+01
5.703774210765601538e+01
5.712536187744482419e+01
5.985074701773947226e+01
5.841635565930312879e+01
5.784946172774052542e+01
5.870630484960361173e+01
6.104787526979407630e+01
5.866997412375290111e+01
5.761164220773231648e+01
6.040901356464280525e+01
5.793153089664406963e+01
6.088825376720354399e+01
6.350513643907244443e+01
6.001653250275548146e+01
5.987672049738073810e+01
5.749361070068577817e+01
6.063915735114025551e+01
6.215743675558981352e+01
5.601325175669149559e+01
6.008235819898968799e+01
6.231414966003963229e+01
5.894451252532221730e+01
6.199908736326442238e+01
6.409816559989060636e+01
5.705259597003495031e+01
6.157761929685131008e+01
5.518526156289959772e+01
5.898135589675936075e+01
6.001076957008847046e+01
6.145988826719601406e+01
6.292087151046056448e+01
6.418744853720730248e+01
5.970166246714110514e+01
6.042374369262727640e+01
6.215598399595046430e+01
6.355690703215080362e+01
5.775883631894078007e+01
6.039656582915344529e+01
6.158597577834409265e+01
6.283712812529716274e+01
5.836559743491876873e+01
6.008267723562730112e+01
6.094338518087565149e+01
6.251426737767527442e+01
5.773295219893640962e+01
5.977722405362838742e+01
6.041524890876981146e+01
6.179318365171994287e+01
5.653463292435406373e+01
5.886899570931109338e+01
5.906084458556735939e+01
6.084418592532616543e+01
6.072872281042377551e+01
6.278703544761785338e+01
6.251703817502792759e+01
5.881168128534975637e+01
6.062514090868484118e+01
6.103866557830733797e+01
6.268214073656942276e+01
5.676104195338592007e+01
5.951574135672357357e+01
6.145849408428352234e+01
5.971102260824532948e+01
6.255113573121752069e+01
6.448544432631138079e+01
6.114557466177935652e+01
6.149687936575446656e+01
6.414480934912886312e+01
6.148978004944763853e+01
6.368243323991696059e+01
5.897329403947134097e+01
6.185297286698003916e+01
6.388437255963267347e+01
5.975603182538819169e+01
6.296936925761406201e+01
6.505903822006938242e+01
5.895053705278194656e+01
6.195244463005043656e+01
6.420449992462955890e+01
6.269272220249471417e+01
6.240525231446992649e+01
5.903979148189749537e+01
6.194038809536872492e+01
6.244417672034994382e+01
5.938286073229791384e+01
6.216440237317000594e+01
6.155842277433810494e+01
6.331267190770412867e+01
5.916159805735465227e+01
6.132657454253000395e+01
6.140959247939814958e+01
6.288818683586942626e+01
5.806501104100293986e+01
5.981781938326741965e+01
6.048878870466185731e+01
6.186843877327065400e+01
6.296520371008024597e+01
6.413515401570197128e+01
5.964143369788565252e+01
6.093794341278613302e+01
6.215145723045595361e+01
6.308277200136750196e+01
6.055525293748498683e+01
6.242251765881056969e+01
6.285657508529868664e+01
6.365572098057669592e+01
5.810507166978010929e+01
5.986169685251407913e+01
5.998555109954700981e+01
6.158956992790987073e+01
6.037124607631830031e+01
6.283783048400610483e+01
6.209804956129604392e+01
5.803180489800372754e+01
5.848936253524485807e+01
6.102269643498084406e+01
5.998786455217603475e+01
6.181286335469995663e+01
6.235864642831860749e+01
6.221315090062208242e+01
6.005991032455777656e+01
5.925807348494305415e+01
6.179263832216288677e+01
6.319952986141805695e+01
5.668016103268178796e+01
5.934363825245040402e+01
6.185652524373297467e+01
5.937892821706273594e+01
6.150406101817464588e+01
6.394323609176166201e+01
6.069256682387842972e+01
5.996402070647788918e+01
5.751152662241044311e+01
6.038754689222312066e+01
6.242676297883540570e+01
5.564311620204634323e+01
5.914918134078673972e+01
6.131758990115746144e+01
5.872140480272332042e+01
5.871015794336030069e+01
6.162017731347037852e+01
5.837465733604687301e+01
6.117662221095645947e+01
6.292983060637534010e+01
6.047590513532244216e+01
5.862715525914939718e+01
6.038680793271784353e+01
6.186471907541067594e+01
6.229828901411679709e+01
5.766716167490532996e+01
5.947758506996605377e+01
6.054430219963091275e+01
6.136946895291589499e+01
5.667264928475700003e+01
5.838365298219051880e+01
5.914574821915977765e+01
6.031366351022337824e+01
5.428629934765109510e+01
5.680851388179751638e+01
5.771758822385996268e+01
5.862268088816427536e+01
5.977637711931745912e+01
6.046392131366010858e+01
5.980122223960898964e+01
5.948696508060258026e+01
6.129982278321877942e+01
6.139141335099457564e+01
5.613243578108540532e+01
5.703656446031477145e+01
5.887616730639757634e+01
5.865659495275925650e+01
6.020246091990636472e+01
5.492127056610761571e+01
5.761139690629346433e+01
5.696243023552207063e+01
5.924808880890390839e+01
5.987396030452500639e+01
5.969771584372726636e+01
6.032341023788972478e+01
5.462787761774558959e+01
5.775047503541579630e+01
5.871878645705562860e+01
5.717176008328900139e+01
6.000831561242802792e+01
6.219141359287708326e+01
5.589797455264938009e+01
5.988550494215390785e+01
6.216614707910737536e+01
5.905170933313359427e+01
5.863536695708545210e+01
5.631754318025168971e+01
5.919294036454923003e+01
6.058729137464720083e+01
5.417291990417063374e+01
5.834277921085526231e+01
6.048292177309017603e+01
5.670542536850535953e+01
5.972171329872541179e+01
6.172767795894458942e+01
5.477479427844303927e+01
5.964438170522825544e+01
6.153878937154568973e+01
6.053941632610602142e+01
5.730223722225386496e+01
5.915949235837483400e+01
6.036252167059413409e+01
6.100655146717549115e+01
5.670274511825971331e+01
5.848321358931208636e+01
5.954267777945058526e+01
6.040182291398254932e+01
5.579062506619619199e+01
5.793908188018126992e+01
5.880175140779274301e+01
6.000845835501538517e+01
5.383159803503507845e+01
5.659962165627142383e+01
5.741431670911388352e+01
5.858765256229107621e+01
5.994754413861818421e+01
6.034307349189952419e+01
6.167217803193540959e+01
5.541894833757005756e+01
5.768246353872150678e+01
5.804850693160314279e+01
5.989803913662079538e+01
5.837899962315530900e+01
6.084594473346987797e+01
6.047651402323067771e+01
5.697452850356329179e+01
5.744595026411189309e+01
5.983822116122033918e+01
5.900519963299370119e+01
6.024505438992786566e+01
5.923323752261264730e+01
6.194420711328828588e+01
5.917648482318772807e+01
5.784367676911271872e+01
5.899060355335810613e+01
6.098664451628705763e+01
5.859031109415256111e+01
6.152843695842592098e+01
6.373826291985926673e+01
5.630632275976150680e+01
6.048583438554481972e+01
6.311026339494829074e+01
6.003205572977159221e+01
6.121645145562651180e+01
6.402822334633884793e+01
6.066031573234683094e+01
6.114689265071384483e+01
5.822769660407826109e+01
6.124246263212356212e+01
6.129174802424142143e+01
5.904509727991401746e+01
6.226599035331943810e+01
6.187809603065914388e+01
6.127328674368943240e+01
6.059351259989402649e+01
6.347187587243630702e+01
6.233485030393485715e+01
6.071951582576535600e+01
5.935486022728956357e+01
6.185279696177310171e+01
6.357692909217121269e+01
5.866432895528853209e+01
6.009775678503336849e+01
6.171166345935521491e+01
6.296659796206400728e+01
5.713084777247670587e+01
5.964588973812298889e+01
6.116207644687519007e+01
6.188486411866951187e+01
5.770864257390508811e+01
5.939347739107235924e+01
6.071432101283926386e+01
6.159359266743542349e+01
6.222620802678181207e+01
6.347452782581965636e+01
5.869820615417415155e+01
6.030833133439273297e+01
6.229361579912684732e+01
6.224419138247193217e+01
6.285914988240782719e+01
6.268867500303012008e+01
6.473725873622913696e+01
6.198520832885321852e+01
6.075022147758696889e+01
6.081526884077184292e+01
6.304302938466227602e+01
6.202152724676633255e+01
5.835174225852281182e+01
5.854453127969691195e+01
6.108514999348940222e+01
5.978409182767260432e+01
6.261235645015533180e+01
6.415440628855742489e+01
6.078206410984751074e+01
6.195734667633701775e+01
6.441815319402458329e+01
6.189574127904247547e+01
6.249473798208262565e+01
6.533736893088462239e+01
6.226205077817965616e+01
6.459557500200796198e+01
5.865317167943885579e+01
6.219857494110904383e+01
6.446615018692369858e+01
6.030028711455305057e+01
6.106691830778333951e+01
6.380495230538652152e+01
6.113968547627978012e+01
6.184437145158943139e+01
6.457283299115498210e+01
6.201653837469846309e+01
6.350726572848057572e+01
5.952288325715643680e+01
6.222613099246258628e+01
6.157883133374432560e+01
6.278087228106357998e+01
5.839305110325430093e+01
6.021570533302586625e+01
6.078030640450622712e+01
6.224938408933302725e+01
6.352951794380946637e+01
6.436655186430880349e+01
5.962461228787762479e+01
6.132901633987567891e+01
6.214342495159876023e+01
6.316188257738395606e+01
5.942966820220789259e+01
6.105189131094729760e+01
6.207083805542924182e+01
6.225388994096881135e+01
5.954931901671321981e+01
6.152026996657368585e+01
6.190188462781740952e+01
6.231701467368060321e+01
5.713994545442683659e+01
5.910303087532621191e+01
5.928167091531673094e+01
6.077817331982310378e+01
6.121682220371270944e+01
6.280922307007460859e+01
6.103226276348238599e+01
5.814446827276742624e+01
5.839679506434969625e+01
6.073623072554242697e+01
5.960238844624142729e+01
6.221164664875650629e+01
6.090497854585591853e+01
6.248075782170082704e+01
5.856274272858652807e+01
6.098524967713585454e+01
6.162455178053869531e+01
5.997228613442735679e+01
6.264953007039961363e+01
6.483999931433066877e+01
5.837522507907719671e+01
6.115375921701076578e+01
6.344326922327910978e+01
6.049767843634567299e+01
6.158690841343472755e+01
5.869202810288472705e+01
6.119995488199074174e+01
6.166988372355822889e+01
5.825212919794056177e+01
6.109382548416382974e+01
6.050143744153474046e+01
6.007958482010771917e+01
5.881226431436058277e+01
6.160161197721684800e+01
6.158935634628046074e+01
5.686869917544239428e+01
6.032245446143415535e+01
6.095063562753597353e+01
6.084592306871811473e+01
5.510082053659694878e+01
5.844246614933967265e+01
6.009751411677726196e+01
6.116922188558017126e+01
6.227410167746013059e+01
6.304361516833044021e+01
5.827836397951965353e+01
5.986522451316701421e+01
6.099295894876461688e+01
6.150922631857365275e+01
5.796826691879977744e+01
5.943180321193816695e+01
6.045916659032847207e+01
6.137381162826451231e+01
5.624554086842616840e+01
5.735156359446413177e+01
5.871234401037264661e+01
5.918563817278751316e+01
5.588956312954644545e+01
5.721252937347951217e+01
5.861442920611902707e+01
5.874211220896408747e+01
6.063556840551601823e+01
6.037100201057634052e+01
6.074698978643831282e+01
5.614993115113301059e+01
5.887534312631873945e+01
5.821957822391659931e+01
6.047203790520239153e+01
5.562952868715422738e+01
5.859072281346387712e+01
5.751969297523682911e+01
5.991699590726008040e+01
6.227168782761913235e+01
6.016053929346448115e+01
5.882712556247235369e+01
5.736322068181963374e+01
6.027349873853437145e+01
5.986146766397266106e+01
5.753569046136117748e+01
6.115394221497147953e+01
5.838451008165557710e+01
6.126676334488220732e+01
5.257678778242126327e+01
5.771302457813199283e+01
6.003045696724144165e+01
5.678864690535997539e+01
5.776131424524297842e+01
6.039311428014438121e+01
5.911465592525912882e+01
5.902863470518524025e+01
6.193136927162910155e+01
5.820918599529306192e+01
5.922840652123966976e+01
5.530659339631024807e+01
5.751570528796586501e+01
5.791420707887569819e+01
5.958432094159851999e+01
6.119857857635079057e+01
6.179389867107268230e+01
5.742426948873049497e+01
5.924916890558055371e+01
6.022825755502366007e+01
6.108020942517050145e+01
5.629501641512039356e+01
5.829323277004093029e+01
5.950002764137050093e+01
6.011112264173454633e+01
5.686742206812219536e+01
5.861210217775655451e+01
5.981346640364893830e+01
5.936007185137543019e+01
5.797081719012231815e+01
5.995067444013712077e+01
6.047130821559503033e+01
5.820396269071427753e+01
6.066927285550754334e+01
6.083858069737775054e+01
6.133137453477499434e+01
5.536297492913927698e+01
5.810373100091291576e+01
5.799309702336472583e+01
6.015665121217794820e+01
5.828131461501311605e+01
6.104121690210056528e+01
6.009674875019045714e+01
5.718122313376342447e+01
5.740326439236866918e+01
6.006575090598504119e+01
5.862244256427920419e+01
6.146670761113175274e+01
6.230923067075221411e+01
6.026925693601452139e+01
5.800364410807058135e+01
6.128768717476414452e+01
5.897622372017512760e+01
6.198337647661240624e+01
5.801866842213103581e+01
6.117607996662496816e+01
6.340681882253740298e+01
5.598623390398149269e+01
6.024574806898490920e+01
6.263548478982355761e+01
5.918008843744628678e+01
5.982568058006815193e+01
6.270562916152374555e+01
6.118179782351941043e+01
6.262307773957076762e+01
6.511734123227694226e+01
5.902995245611938202e+01
6.293294656219016048e+01
5.513798554824017373e+01
5.952937229852703638e+01
6.070202614934257213e+01
6.246892581331864847e+01
5.567298401486254278e+01
5.929403233886320379e+01
6.102019752528556040e+01
6.184307060815218193e+01
6.337885410691449550e+01
6.451804253129634503e+01
5.867132405276159091e+01
6.122952069680013665e+01
6.224031315982403356e+01
6.330536519635344916e+01
5.961869781431885684e+01
6.138611811738696389e+01
6.227105515748159803e+01
6.367269633357101100e+01
5.811609608187377063e+01
5.979032133445483055e+01
6.039179610353579619e+01
6.185156364252178207e+01
5.973515385721230331e+01
6.230284388922778760e+01
6.222499643885019083e+01
6.181314649009878792e+01
6.196144502130157861e+01
6.397615246742881112e+01
6.257326879680397980e+01
6.510665512166369240e+01
6.456989995939720473e+01
6.166425514903874472e+01
6.151023095426892695e+01
6.407934293751330301e+01
6.329564175826894257e+01
6.372029711070654656e+01
6.073475558571337984e+01
6.380709601920451490e+01
6.324122929087631206e+01
6.082335618804835775e+01
6.390402915454230737e+01
6.132181180386327668e+01
6.431227623975800611e+01
5.984140963216012210e+01
6.272047263325993782e+01
6.492890727004625262e+01
6.033917882799168098e+01
6.278737587937842335e+01
6.523116214561244419e+01
6.090133864236571526e+01
6.242476743530306038e+01
6.495104396050140849e+01
6.332607634377046679e+01
6.344249771775969293e+01
5.994554593372714635e+01
6.271912265656226282e+01
6.213332918880929157e+01
6.035219073055338157e+01
6.337737222707706763e+01
6.385687450108361674e+01
6.048832451280632228e+01
6.119296669315673398e+01
6.296766765103915020e+01
6.456142265733305408e+01
5.963002834857099543e+01
6.151616287330548971e+01
6.232282420579620208e+01
6.357309024234759676e+01
5.845388316920376326e+01
6.030488981845817165e+01
6.128254465531511386e+01
6.258708394201731551e+01
6.344940134575247015e+01
6.461570499372503207e+01
5.909211782589218132e+01
6.070042455714426666e+01
6.186412575726556184e+01
6.231571622029676405e+01
6.324720917038909818e+01
6.488409874890766105e+01
6.466875426481340128e+01
6.033075305174020997e+01
6.121663083680252981e+01
6.326136099311625571e+01
6.278070073037777377e+01
6.261797997922607095e+01
5.935060689146411050e+01
6.224387953720198396e+01
6.114796816441861438e+01
6.188712516829559007e+01
6.223627791274734733e+01
6.397648638189819792e+01
6.054098521798901089e+01
6.227122626566094965e+01
6.444178119863337884e+01
6.230069884538467306e+01
5.966966365249290050e+01
6.157058305160882838e+01
6.119702157689782496e+01
6.226926524735154800e+01
5.915207144748908519e+01
6.184160287322072236e+01
6.389676228470632680e+01
5.750615558089612023e+01
6.054658525727538176e+01
6.279650829108934573e+01
5.957451472717789898e+01
5.981693447311018730e+01
6.252591499778397832e+01
6.123917498123246617e+01
6.278416660247003023e+01
5.582480048077380275e+01
5.943863220955575599e+01
6.141089643603031334e+01
5.729960700862555711e+01
5.987626867085658233e+01
5.940484300847066379e+01
6.194289515847893313e+01
5.562776168459096482e+01
5.808140063884742688e+01
5.963535074677565717e+01
6.011328940904908080e+01
5.567694215982217543e+01
5.748748725746330734e+01
5.813876168140581058e+01
5.988471543199177205e+01
6.042406747928458799e+01
6.169243788822869590e+01
5.627723122625278052e+01
5.825504117122645908e+01
5.903903490918368391e+01
6.014416685373706883e+01
5.681185683576385514e+01
5.794585423279171721e+01
5.933641913121542188e+01
5.974380370147743946e+01
6.125621298296903916e+01
6.149696177991059187e+01
5.850692314774133962e+01
5.916048514823353344e+01
6.103240194916333650e+01
6.071446345539069966e+01
5.849889719067472527e+01
5.854204313764014245e+01
6.073595894616945401e+01
5.990164604093509837e+01
5.834943216844581571e+01
5.828767586108432397e+01
6.075143490359258891e+01
5.933756466882709901e+01
5.723891380018160646e+01
5.829561738688947514e+01
6.012916199666582884e+01
5.786668132502673245e+01
5.800822864905148890e+01
6.051886678456095581e+01
5.810520392410113999e+01
6.058951717314985075e+01
6.304264836718036946e+01
5.932288983856720677e+01
6.006462938004757035e+01
5.727409646001076027e+01
6.009311832880680271e+01
5.967638129594360663e+01
5.693639376347213243e+01
5.973061374800830237e+01
6.021904266564505548e+01
5.821557612611032084e+01
5.785335399048285865e+01
6.096136253927807758e+01
5.744153662037961539e+01
6.034428009753141708e+01
6.129551482047978084e+01
6.257907338413268405e+01
5.816610121518831278e+01
5.844594234833858337e+01
6.030982411723756798e+01
6.194355228102293864e+01
5.516249384895404972e+01
5.869052982263565355e+01
6.027810633583879962e+01
6.056362515994348428e+01
5.556097556917844571e+01
5.688774238274016426e+01
5.852318045706400795e+01
5.939098805102633349e+01
5.624511092451006533e+01
5.802542657298896955e+01
5.926487823956271939e+01
5.940953968873201774e+01
6.029902793513758752e+01
6.164884202938764446e+01
6.053119276135576854e+01
6.270719437005083563e+01
6.284374845695789702e+01
5.900657425509940168e+01
6.178016690423324064e+01
6.166286378833022752e+01
6.372428822303531604e+01
5.747612205663073581e+01
6.016811306648063606e+01
6.044892247340202118e+01
6.224800918689558671e+01
5.657282978107222959e+01
5.961394332369594196e+01
6.037555495832777552e+01
5.996500066841881704e+01
6.116602961362656288e+01
6.181926490855558143e+01
6.226793715576219768e+01
5.699873420123257262e+01
6.117057998997577073e+01
6.370396601919962620e+01
6.077182263703493703e+01
5.987667990572901289e+01
6.312165661033203179e+01
6.008223401339370184e+01
6.318467423096500823e+01
5.546330629291870906e+01
5.973909669385468391e+01
6.208597276988181335e+01
5.854998937736075959e+01
6.157878964241719189e+01
6.284747742472799814e+01
5.856033196052734269e+01
6.249436667150215641e+01
6.363738372717552494e+01
6.123427155244293374e+01
6.204999230274690092e+01
6.463700439060541214e+01
6.042135446545083965e+01
6.356058259396825605e+01
5.592136372436669944e+01
5.949736986366055902e+01
6.124534381615784895e+01
6.253649252384106916e+01
6.381835399217385429e+01
6.477605174764116214e+01
5.976040982191813811e+01
6.157439877801743933e+01
6.261485051140165581e+01
6.380732202878793657e+01
5.951002637414677565e+01
6.120392997820071201e+01
6.244092653153127515e+01
6.330329464411440910e+01
5.962985254180635053e+01
6.179989928358024542e+01
6.227053107447030555e+01
6.363554759690445195e+01
5.800259251450924580e+01
6.013199878461382042e+01
6.023127989618613043e+01
6.185848950861906559e+01
6.209659313451867746e+01
6.403681490165901380e+01
6.347513215260526209e+01
5.809302752431030115e+01
6.126533998252313040e+01
6.076928731180182552e+01
6.274916248055485113e+01
6.447801182933319808e+01
6.269731052024782514e+01
6.391861957544045936e+01
6.128812383135601749e+01
6.430523292115631762e+01
6.342643464405567499e+01
6.110744389094797668e+01
6.389647982994212327e+01
6.135975631455553980e+01
6.435194717649758900e+01
6.031509222437367868e+01
6.312726936062203720e+01
6.533909720568649959e+01
6.036523675144523082e+01
6.310959635846899118e+01
6.536708669300000452e+01
6.100076912538798268e+01
6.274412325003374491e+01
6.519999333812987174e+01
6.351424193274515773e+01
6.355444478226564797e+01
6.007201069315333086e+01
6.284745784702548121e+01
6.235299327932775526e+01
6.039767961642682792e+01
6.341196223254785735e+01
6.370728061888311089e+01
6.103753563981922525e+01
6.187569054661534551e+01
6.362993465154721662e+01
6.506959298419714344e+01
6.000356419384964823e+01
6.182087000829076828e+01
6.266895573019590415e+01
6.381073226213133864e+01
5.825073479345932981e+01
6.036593146549771660e+01
6.146800187172500785e+01
6.262615220186514620e+01
6.346077767646766432e+01
6.462148091529596172e+01
5.883162836260967765e+01
6.080587650978196024e+01
6.200878103187150003e+01
6.246386237457869584e+01
6.278223679345796171e+01
5.842274736488639064e+01
5.907243117266514787e+01
6.089082764581001328e+01
6.073882815700452653e+01
6.284149774853377579e+01
6.236603071674259269e+01
6.366017504826821494e+01
5.622651116614951405e+01
5.987343393527686430e+01
5.902507250618980095e+01
6.156024230211618686e+01
6.296905332810153766e+01
6.138655790160460413e+01
6.333415774984696611e+01
5.788845319304284942e+01
6.085937907247562606e+01
6.097479695441683134e+01
6.122547835661670490e+01
6.364919601131681048e+01
6.284538434240118931e+01
6.157242684182031667e+01
5.965479741112685730e+01
6.243581308701060806e+01
6.411343508280485537e+01
5.757898682382370481e+01
6.063085312039842734e+01
6.289448101112104439e+01
5.954695850763255294e+01
6.013509174177647054e+01
6.275828674767314652e+01
6.091674493856817918e+01
6.108612614686174425e+01
6.390896871908874033e+01
6.037700420815389180e+01
6.275476824692364630e+01
5.494273813526194772e+01
5.903319858070742043e+01
6.084198286981018811e+01
6.078825704776535588e+01
6.227225089653845203e+01
6.353164387265533009e+01
5.803895624709652878e+01
6.108616113527970271e+01
6.217272146078247630e+01
6.342194811383463815e+01
5.837158702967388280e+01
5.925011972236932678e+01
6.079750479362298421e+01
6.161638667217287235e+01
5.704403750506360637e+01
5.815358979737311529e+01
5.928837859575573077e+01
6.016087468228757018e+01
5.859449843306207839e+01
6.053710652827405880e+01
6.098725516725583873e+01
5.682925992631219714e+01
5.775738443416221202e+01
5.923710460064335592e+01
5.946382963001609312e+01
5.781667309584066317e+01
5.847884793778789003e+01
6.035206534886935259e+01
5.987033078929960084e+01
6.203787522683744271e+01
6.125876084533071264e+01
5.922677953504943815e+01
5.883267458011433604e+01
6.123903287055750866e+01
6.009158412158118523e+01
5.909186459755129306e+01
6.124472561109141111e+01
5.925534083101987903e+01
6.182833872173845435e+01
5.635710413165735844e+01
5.974083410633498659e+01
6.168491293443202039e+01
5.880816257283109394e+01
5.821246465025404149e+01
6.128561952443714489e+01
5.838273330532167193e+01
6.117337046914245491e+01
6.341354089312156361e+01
5.850386412487146259e+01
6.157781803730033232e+01
5.273298438643344355e+01
5.799720233318384999e+01
6.019954192698707374e+01
5.764896413594576075e+01
6.034905033966402499e+01
5.975866852903980231e+01
6.040484304247394221e+01
5.579709129937091916e+01
5.935357323756359449e+01
5.907274446796025558e+01
6.025896502114358810e+01
6.188823577291869071e+01
6.319353438406044177e+01
5.822385980543863582e+01
5.908649184325911818e+01
6.065522889691209940e+01
6.201437711315227119e+01
5.694768316755120452e+01
5.986245755112341982e+01
6.041462508755766692e+01
6.172682891647164638e+01
5.564856979370835433e+01
5.773753223909983490e+01
5.894501081405580578e+01
6.010160673911970264e+01
5.810526983089491893e+01
6.017676110603329676e+01
6.069897570885743221e+01
6.034624986436022454e+01
6.214637052741046830e+01
6.223687177671879311e+01
5.909934960367521484e+01
5.970426481415341868e+01
6.174812113372563260e+01
6.134095823434746819e+01
5.766179627228179072e+01
5.810997572203122985e+01
6.047241100883242382e+01
5.962466648799024682e+01
6.120209342972119515e+01
6.003911380230225348e+01
6.271027104784856476e+01
5.929581963739614281e+01
6.220550685181130746e+01
6.414952031958739553e+01
5.791987394874077921e+01
6.133334310412628554e+01
6.396980395798439645e+01
6.147938809390052484e+01
6.187810195188792051e+01
6.480128333339636981e+01
6.172752233072537109e+01
6.348626342157206892e+01
5.879571073964535799e+01
6.216387747929985608e+01
6.430993240577858217e+01
5.685576425253794497e+01
6.103315615025508123e+01
6.333797969698003527e+01
6.047493835344011615e+01
6.057724726795692760e+01
6.369705700692612993e+01
6.032434907059883500e+01
6.351233562543848876e+01
6.555596885618774650e+01
6.141349204187112321e+01
6.412695483453077827e+01
5.986548525760541395e+01
6.216531486122845251e+01
6.220128748348422931e+01
6.349782393349858722e+01
5.827784332654432831e+01
6.046668620540055628e+01
6.117568764421532279e+01
6.261470006460299942e+01
6.382781265769967405e+01
6.504549804824971204e+01
6.027139427229825941e+01
6.201024129810944174e+01
6.321899234598299699e+01
6.414980077964774807e+01
6.048187816808071204e+01
6.302421994975633623e+01
6.351149424355000406e+01
6.400733617982274382e+01
5.937145684767988740e+01
6.035181868215017431e+01
6.211683845380598967e+01
6.233877689413863266e+01
6.436887530923669942e+01
6.422512682678986096e+01
6.505678291558191972e+01
5.907351421428220561e+01
6.166839477951526760e+01
6.131794735967014986e+01
6.361554347911378926e+01
6.145574503865212534e+01
6.431928255967200414e+01
6.347591966862820811e+01
6.113153951147860710e+01
6.254772447494707421e+01
6.479744594447878114e+01
6.235142010147175995e+01
6.541556932852581951e+01
6.759390147641009605e+01
6.064491052487601763e+01
6.414923543033117426e+01
6.663774809769654439e+01
6.344368724892748190e+01
6.382433784434253710e+01
6.107247176162798041e+01
6.426319634647190071e+01
6.565603870281785248e+01
6.059206949260508424e+01
6.343428631133139106e+01
6.569005541951004545e+01
5.996791430185533045e+01
6.359910884491404204e+01
6.576077383673366228e+01
6.321883182472070217e+01
6.469369460006461736e+01
6.720473991218086951e+01
6.100202543706023306e+01
6.520646277098209964e+01
5.949297982460385015e+01
6.256928434695785057e+01
6.238323654026108755e+01
6.413869110854842859e+01
6.573902501682434263e+01
6.687665680125705592e+01
6.180631224947410374e+01
6.309496976576915017e+01
6.443501380885949459e+01
6.591170355289131066e+01
6.037856212855096771e+01
6.224297955784312819e+01
6.328284816982289129e+01
6.439839819293528933e+01
5.797015910687248663e+01
6.079019802129501215e+01
6.191169346311686894e+01
6.247617029194790206e+01
6.285218986996708423e+01
6.492882557725722847e+01
6.475738216335463449e+01
6.054912479049571772e+01
6.140946416013183295e+01
6.374387214984906080e+01
6.325424111677616423e+01
6.141198973044232190e+01
6.432241214514294825e+01
6.345701216641223397e+01
6.028178534122010745e+01
6.046691038680562258e+01
6.346020641287658037e+01
6.195630668101183147e+01
6.377837772896122459e+01
6.587569284918035351e+01
6.362141728632960280e+01
6.227614421895041374e+01
6.503372466238785421e+01
6.255151544930290441e+01
6.551005527941369166e+01
6.000833942363385631e+01
6.323086254522124960e+01
6.520037465128835663e+01
6.175473342877280203e+01
6.459013878883851589e+01
6.655588041941869903e+01
5.997629999008619706e+01
6.342776098048121725e+01
6.582890951125015988e+01
6.265694671794773285e+01
6.303468978977853254e+01
6.608510724446905726e+01
6.288410369037427472e+01
6.528538556766896761e+01
6.056731299695469062e+01
6.332200441135738345e+01
6.284703666090521068e+01
6.398285621142402135e+01
6.645734257955686530e+01
6.349820009900759032e+01
6.478736689927583825e+01
5.993666681662622864e+01
6.202830978625394920e+01
6.304698496896334348e+01
6.431221085229782375e+01
5.842241272587911283e+01
6.172334659552154079e+01
6.219894319949855088e+01
6.378379641333964400e+01
6.500041808013328648e+01
6.581677729820425782e+01
5.920864307981725005e+01
6.215680856462326176e+01
6.359002601981054426e+01
6.441684157852026260e+01
5.921340350772621974e+01
6.114647791052939851e+01
6.261696753295889550e+01
6.296006403576816268e+01
6.302028703130926601e+01
6.514573190935519165e+01
6.488874229841037788e+01
6.069019200292619587e+01
6.139360849821920141e+01
6.383814983682071187e+01
6.320940100355900171e+01
6.268167648545541937e+01
6.233695787457960336e+01
6.508833614578564664e+01
6.332721964479288346e+01
6.626264770440845098e+01
6.763543353197042052e+01
5.992946013772116487e+01
6.368091025108397218e+01
6.661371699733514617e+01
6.412285890014453571e+01
6.491637335576169221e+01
6.769153816552322667e+01
6.484510014017477886e+01
6.622577789354052413e+01
6.229563275460153449e+01
6.558049886594665168e+01
6.679056289933201640e+01
6.220292788400264783e+01
6.405775539953485520e+01
6.692627872123473765e+01
6.243838613757813505e+01
6.436939375977857480e+01
6.717277229109556913e+01
6.430629742995135700e+01
6.610941874980503030e+01
5.872190622657596037e+01
6.380445146406900392e+01
6.587177309214538923e+01
5.873477869596864309e+01
6.369608127676927722e+01
6.572831170373603982e+01
6.439220898712895291e+01
6.659741560214150979e+01
6.840396234235140582e+01
6.306702724967330909e+01
6.603852753025155664e+01
6.801018299047647986e+01
6.658080225539264063e+01
6.617249580242892648e+01
6.132195267290179430e+01
6.368354770933881781e+01
6.505742871364505220e+01
6.627720826907442131e+01
6.807311814921570203e+01
6.863159792211418164e+01
6.362198467082011888e+01
6.657238763035232409e+01
6.711824221612017993e+01
6.934704926235049527e+01
6.313281800887592254e+01
6.622678564671433321e+01
6.641539243690412775e+01
6.864433659233067431e+01
6.162034411545634072e+01
6.497212583222933802e+01
6.501393395836497291e+01
6.776349158153337271e+01
6.523909794680632501e+01
6.820031918418770545e+01
6.713582525491474939e+01
6.428178154756986373e+01
6.614038090407102288e+01
6.820457710385909422e+01
6.593400249286986536e+01
6.940425769392810196e+01
7.206396342497403396e+01
6.556227272218643520e+01
6.974912655067008416e+01
7.236704133832624564e+01
6.868919487684551939e+01
6.862550139115830916e+01
7.239518774549148361e+01
6.890039389483892762e+01
7.197347396096242278e+01
6.398089062336205046e+01
6.890423196731136102e+01
7.167498669779608633e+01
6.684635305582466458e+01
6.875425546828971335e+01
7.185289530193929863e+01
6.797921392890879133e+01
7.092093981190842555e+01
7.306151817529851655e+01
6.693941365936085219e+01
7.201010734578154882e+01
6.473723032104736319e+01
6.904251131843851397e+01
7.027149253817606223e+01
7.155073331171543316e+01
7.324307876317895705e+01
7.360015878369189579e+01
6.853659018380645307e+01
7.067804138487464627e+01
7.208891772550244070e+01
7.384367117982618822e+01
6.762444168265614053e+01
7.025229970682653402e+01
7.203556232208393340e+01
7.085128883760779672e+01
7.159160088020979629e+01
7.305924691516736402e+01
7.469969024957052284e+01
6.806142347430802886e+01
7.108957704689026968e+01
7.164960928581851363e+01
7.398524149805992067e+01
6.898292831304378581e+01
7.207268914322324349e+01
7.196633607276316980e+01
7.407557511512337101e+01
6.750774600973566919e+01
7.145353377677417939e+01
7.083145217822033146e+01
7.367479349588586501e+01
7.468302040684034182e+01
7.507807251479320598e+01
6.925722957035169713e+01
7.367626023934531077e+01
7.278178316430329176e+01
7.601432901492306371e+01
7.060158239850781570e+01
7.389927460829640893e+01
7.494794006443861178e+01
7.217235522275150572e+01
7.631106560709125120e+01
7.838176232406779320e+01
7.136830384782892622e+01
7.570897513731117101e+01
7.895289971355923342e+01
7.349293889009601344e+01
7.724601160954669865e+01
6.983859849106617901e+01
7.427977924475750626e+01
7.690387736862143697e+01
7.118493658945961045e+01
7.546090017402151773e+01
7.692155678750579284e+01
7.252487014309294011e+01
7.334796238710016780e+01
7.689242580198398969e+01
7.402634254727877305e+01
7.558668899233251182e+01
7.891946192598653909e+01
7.375809260277503654e+01
7.637499957880439183e+01
7.138998602077231226e+01
7.333705662729350649e+01
7.624108333914755065e+01
7.273748248841862107e+01
7.562260179969807439e+01
7.748674178990559369e+01
7.713317465287548202e+01
7.201969311552728925e+01
7.456446438062536686e+01
7.662413068398251426e+01
7.397884245159157501e+01
7.590069409431988845e+01
7.741273459920142841e+01
7.917295731909622702e+01
7.256596850092093121e+01
7.567838769060176674e+01
7.647125351570583973e+01
7.854806555619383346e+01
7.195694223202168871e+01
7.562735031058018365e+01
7.579528839374316362e+01
7.823397853235317712e+01
7.867123735315701083e+01
8.113460570632440749e+01
7.433322234997548605e+01
7.639704114216907271e+01
8.000596349412975883e+01
7.863257517929858409e+01
7.490473107942615627e+01
7.680129826164871076e+01
7.991124423328376736e+01
7.790245840094432594e+01
8.179350405716343175e+01
8.047156323733393890e+01
7.649718637839241353e+01
7.593965000514857877e+01
7.982748372653946944e+01
8.236900517837266023e+01
7.545385204482282404e+01
7.945605900612993366e+01
8.261604912248165533e+01
7.833056202126665823e+01
7.921024566134778411e+01
8.288745130807066630e+01
7.886115439685721640e+01
8.051601877489544279e+01
7.679319675017404734e+01
8.060633836804915120e+01
8.040939967086949025e+01
7.648920084944612086e+01
8.030902357836272643e+01
8.126834389290797844e+01
7.735089610723517239e+01
7.921109076768635759e+01
8.240507839039985072e+01
7.839037401180567599e+01
8.073151475451565773e+01
8.369391998597581050e+01
7.929244591876930315e+01
8.190807732978346678e+01
7.633208120849685940e+01
7.856981805214613246e+01
8.132697324259865468e+01
7.728657462273557144e+01
8.100949206818236803e+01
8.246266340356977764e+01
8.271491398717044774e+01
7.674363863000263564e+01
7.989132159664221433e+01
8.126631843281042222e+01
8.305572811794354493e+01
8.549044092926010308e+01
8.291658208730444812e+01
8.170495185075346001e+01
8.270010658609166398e+01
8.564286952938554975e+01
8.308428051197928710e+01
8.069564009108297853e+01
8.114224153602455658e+01
8.476797806884405873e+01
8.201762587111782921e+01
8.065341513454266931e+01
8.100342453784854513e+01
8.434875307144648104e+01
8.271890516014043726e+01
8.657064292423459051e+01
8.502088813696369130e+01
8.285185277762870726e+01
8.201886695886571488e+01
8.586766986101953592e+01
8.556602956394854687e+01
7.987752511582712600e+01
8.420567887895525416e+01
8.759944805489983821e+01
8.399436066780957333e+01
8.378825092731639756e+01
8.761812621403913681e+01
8.460627943680694329e+01
8.491292315099425991e+01
8.199160488780860589e+01
8.584225946343913449e+01
8.737581722715601984e+01
8.254132892663045595e+01
8.649024970342664176e+01
8.702557181407070175e+01
8.285214819287497789e+01
8.542887488301185783e+01
8.878155480408437938e+01
8.242047652442005301e+01
8.686808657893550389e+01
8.855062498542109495e+01
8.541108927103663007e+01
8.772076408871855335e+01
8.243892117673171072e+01
8.613159192858333313e+01
8.760456534764902869e+01
8.227083662507463657e+01
8.580803013953892844e+01
8.763779013709107346e+01
8.720141052924948610e+01
8.303837185751959282e+01
8.679125555340607434e+01
8.882444896911771082e+01
8.427757323542323320e+01
8.723431278779762010e+01
8.941720045607317502e+01
8.691654149312086020e+01
8.698766041502894097e+01
8.847938756432377261e+01
9.093081578236952112e+01
8.445992064129531229e+01
8.794275274285546118e+01
8.833132447052025782e+01
9.184724219441022797e+01
8.318718326153619103e+01
8.912223212721650611e+01
8.875128884182873890e+01
9.130603044878185415e+01
8.396420371829475471e+01
8.795831758826558655e+01
8.775859140410487669e+01
9.165172497685392727e+01
9.098277692101629555e+01
9.289087823251618659e+01
8.998285584344698407e+01
8.717266734510617709e+01
8.761725318060415191e+01
9.156816293110688321e+01
8.927367756998924619e+01
9.341758306471805895e+01
9.285808368616432062e+01
9.032904959862761984e+01
8.957280061653119674e+01
9.030589827001966796e+01
9.408977094091835625e+01
8.962588389571097025e+01
9.418236241171814527e+01
9.453318752125146318e+01
9.068533054430935181e+01
9.178504044273429940e+01
9.450502318726603335e+01
9.021141057924644713e+01
9.291784861028885700e+01
9.639633584776214548e+01
9.183787415704904333e+01
9.432577140669735627e+01
8.935529375446006384e+01
9.361807834825410168e+01
9.494116469547924453e+01
8.966331233714885229e+01
9.343572941318191738e+01
9.600422241227029474e+01
8.966013005985780637e+01
9.451472025036727587e+01
9.690093036115136726e+01
9.240370496524668908e+01
9.643049832361369056e+01
9.028677816971048742e+01
9.364827880628891421e+01
9.596086800662308747e+01
9.021070661191920692e+01
9.407714668809363445e+01
9.592911097964582723e+01
9.388330562320702199e+01
9.587762319608474115e+01
9.910301677618231508e+01
9.290540770415938709e+01
9.694783412713991311e+01
9.751523653319941332e+01
1.010533015863352801e+02
9.405160173711099958e+01
9.638042508576549494e+01
1.000869733572710913e+02
9.739176181787482278e+01
9.660003808384908552e+01
9.938664481364953929e+01
9.837235602960419101e+01
9.547956056964828520e+01
9.612444012262669446e+01
1.008857221465322880e+02
9.819916543133149389e+01
9.643832337049271075e+01
9.630805318320685160e+01
1.012242846712556599e+02
9.646977130328923522e+01
9.793485287790414873e+01
1.021927084217956150e+02
9.944022241273017926e+01
9.927224958941204136e+01
1.036632032202555251e+02
1.004528743017576176e+02
1.016945369640501013e+02
9.903351621680803873e+01
1.031550465845176632e+02
9.856814924508398690e+01
9.957649008426274406e+01
1.037412950075553795e+02
1.022373822872563380e+02
9.981646074145696446e+01
1.015528781986410394e+02
1.044563400297030142e+02
9.919286922667951956e+01
1.024375969988774671e+02
1.058528727922741695e+02
9.994557827861538613e+01
1.039908191583583488e+02
9.808622075533264706e+01
1.026581512224443031e+02
1.048788769221690274e+02
9.823653879549335954e+01
1.026606926880430422e+02
1.054766542101354361e+02
1.005645549703847905e+02
1.044516182777277606e+02
1.069772304740240116e+02
1.018042090872295375e+02
1.070213799712062865e+02
1.000067941622881165e+02
1.039823259324735432e+02
1.059048127225039906e+02
1.008456461674392841e+02
1.036611088155890457e+02
1.070252831571462764e+02
1.065558220085663379e+02
1.001940481430335126e+02
1.052201996894341960e+02
1.059964101694427825e+02
1.063535453218220539e+02
1.093320736715452597e+02
1.069113060950891594e+02
1.054548789889043832e+02
1.063625020413106483e+02
1.111306810427809353e+02
1.046556608661660448e+02
1.099537725320114134e+02
1.112771828548892330e+02
1.071449264920898656e+02
1.070451153846802583e+02
1.072725037809982211e+02
1.099126555325768777e+02
1.081586748201678461e+02
1.074184805846557964e+02
1.072746544658816674e+02
1.123250976603738422e+02
1.085217378806731858e+02
1.096084277212685407e+02
1.140218122005749137e+02
1.107132060259017123e+02
1.107500963681703752e+02
1.104731321080925142e+02
1.149581313600599941e+02
1.091137321583355231e+02
1.139672786922158849e+02
1.168267743291624043e+02
1.105969189003950959e+02
1.141361866681473742e+02
1.175556454798500994e+02
1.117266431271243903e+02
1.156239501347173331e+02
1.094416743946372890e+02
1.140163114540604852e+02
1.171539354405526296e+02
1.114334106627373586e+02
1.153607179220789476e+02
1.173139981853417169e+02
1.120806807506045857e+02
1.156181730434159505e+02
1.188595606941777163e+02
1.122321672496161682e+02
1.170111879487074873e+02
1.191999076525149377e+02
1.160537733772948883e+02
1.192677494085495198e+02
1.143608055302912021e+02
1.171195506455589026e+02
1.212965128953235308e+02
1.140004775467942011e+02
1.178561210762250226e+02
1.213593111251792322e+02
1.149944056401776749e+02
1.199930089367319823e+02
1.210577392420230609e+02
1.180336895899057197e+02
1.199773471034462773e+02
1.153166468793436508e+02
1.181781760338708125e+02
1.223749790974620026e+02
1.162796797926661583e+02
1.224926347797351696e+02
1.221397675637125104e+02
1.196111172009759969e+02
1.203535819394725337e+02
1.257455951012860424e+02
1.197303361887045412e+02
1.260847585285518306e+02
1.252000016858761171e+02
1.240791300779094257e+02
1.234771004150676674e+02
1.200758630047265711e+02
1.259118106166553446e+02
1.246587291026629316e+02
1.241815449953311372e+02
1.248296163081895713e+02
1.298228536408994955e+02
1.223475564776113060e+02
1.278600677516474775e+02
1.314193795310186772e+02
1.240600820573085912e+02
1.296225057782619672e+02
1.334873730413734165e+02
1.264470161741349443e+02
1.315121600990990771e+02
1.246577734217241584e+02
1.303629590607639273e+02
1.311541291738866164e+02
1.249399747605833113e+02
1.302540173935713597e+02
1.340643091136848568e+02
1.276267297985867089e+02
1.325297972433127711e+02
1.361999607810173245e+02
1.301489536968593370e+02
1.349003296713432576e+02
1.375897695488984027e+02
1.324557460345570234e+02
1.361981425270187458e+02
1.309411768716446716e+02
1.347679843540534250e+02
1.391915013760709599e+02
1.315392883432956239e+02
1.380513209037845286e+02
1.390875960446359727e+02
1.336899457245719134e+02
1.377756982606445888e+02
1.435957937479366535e+02
1.350845809848383965e+02
1.421709476061208761e+02
1.419246910673197419e+02
1.396518473282657169e+02
1.416151490676271294e+02
1.375170685655477030e+02
1.424927999454797032e+02
1.422210331038456559e+02
1.396299700144569726e+02
1.410530072677568398e+02
1.474965820653083881e+02
1.392562037276306626e+02
1.462956563003682220e+02
1.456806911222095380e+02
1.444613751144829052e+02
1.446841163583071932e+02
1.429924407052152731e+02
1.452651732759383947e+02
1.508962901492878359e+02
